98,80,0.5,2,1000, .1 
0,0.489918,125724.99826,1.49974e+06,282.94,0.0999997
1,0.824538,43247.993145,1972.34,5.14785,0.0993092
2,0.98879,2763.00272942,15.5933,0.598891,0.0986234
3,0.997919,512.992658615,0.258448,0.0879563,0.0979424
4,0.998746,309.003224373,0.0614025,0.0543023,0.0972661
5,0.99899,249.003739357,0.0368633,0.0441444,0.0965944
6,0.998933,263.004598618,0.0458759,0.0474743,0.0959274
7,0.999034,237.999916077,0.0363244,0.0432195,0.095265
8,0.998888,273.993730545,0.0391076,0.0495219,0.0946072
9,0.999006,244.993000031,0.0375995,0.0439468,0.0939539
10,0.999034,237.999916077,0.0366478,0.046152,0.0933051
11,0.999107,220.003008842,0.0275342,0.0404433,0.0926608
12,0.998937,262.005586624,0.0390933,0.0486957,0.092021
13,0.99899,249.003739357,0.0332499,0.0451386,0.0913856
14,0.99903,238.99892807,0.0329374,0.0432614,0.0907545
15,0.99903,238.99892807,0.0388959,0.0457109,0.0901278
16,0.998953,257.994847298,0.034973,0.0473789,0.0895055
17,0.998941,261.006574631,0.037941,0.0460207,0.0888874
18,0.999038,237.000904083,0.0335658,0.0454752,0.0882736
19,0.999124,216.006960869,0.0293474,0.0393138,0.0876641
20,0.99916,207.001161575,0.0310226,0.0389443,0.0870587
21,0.99918,202.006101608,0.025503,0.0403217,0.0864576
22,0.999071,228.994116783,0.0283376,0.0399101,0.0858606
23,0.998998,247.00571537,0.0403566,0.0466502,0.0852677
24,0.999026,239.997940063,0.0309707,0.0434867,0.0846789
25,0.999172,204.004125595,0.0233609,0.0396284,0.0840941
26,0.999148,209.998197556,0.0271534,0.0415594,0.0835134
27,0.999128,214.993257523,0.0273845,0.0392755,0.0829368
28,0.999043,236.00189209,0.0344669,0.0455859,0.0823641
29,0.999103,221.002020836,0.031022,0.0416099,0.0817953
30,0.999124,216.006960869,0.0280228,0.0423618,0.0812305
31,0.999107,220.003008842,0.0248122,0.0412163,0.0806696
32,0.999193,198.994374275,0.0231659,0.0391367,0.0801125
33,0.999172,204.004125595,0.0221251,0.0379521,0.0795593
34,0.999071,228.994116783,0.0308866,0.0439355,0.07901
35,0.99914,211.996221542,0.028738,0.0394851,0.0784644
36,0.999322,166.99660778,0.0215483,0.0351309,0.0779225
37,0.999156,208.000173569,0.0244652,0.0379033,0.0773845
38,0.999286,176.002407074,0.0206602,0.0333816,0.0768501
39,0.999258,182.995491028,0.0223362,0.0364803,0.0763194
40,0.999306,170.992655754,0.0194961,0.0348008,0.0757924
41,0.999176,203.005113602,0.023264,0.0380402,0.0752691
42,0.999164,206.002149582,0.0244098,0.0395346,0.0747493
43,0.999262,181.996479034,0.0190354,0.0340893,0.0742332
44,0.999241,187.006230354,0.0227391,0.0388041,0.0737206
45,0.999189,199.993386269,0.0235032,0.0385409,0.0732115
46,0.999258,182.995491028,0.0217946,0.034227,0.0727059
47,0.999282,177.001419067,0.0185653,0.032231,0.0722039
48,0.999197,197.995362282,0.0210843,0.0376586,0.0717053
49,0.999302,172.0063591,0.0186127,0.0330609,0.0712102
50,0.999306,170.992655754,0.019901,0.0360049,0.0707184
51,0.99931,169.993643761,0.0183078,0.0335476,0.0702301
52,0.999245,186.007218361,0.02145,0.0360268,0.0697451
53,0.999237,188.005242348,0.0210183,0.0379226,0.0692635
54,0.999241,187.006230354,0.0228893,0.0371982,0.0687853
55,0.999347,161.00253582,0.0183737,0.0346866,0.0683103
56,0.999343,162.001547813,0.0167452,0.0336182,0.0678386
57,0.99927,179.998455048,0.0175644,0.0341701,0.0673701
58,0.999359,158.00549984,0.0151623,0.0297138,0.0669049
59,0.9994,148.000688553,0.0166012,0.031266,0.0664429
60,0.999391,149.99871254,0.0146838,0.0290987,0.0659841
61,0.99927,179.998455048,0.0192606,0.0353613,0.0655285
62,0.999404,147.001676559,0.0147011,0.0324244,0.065076
63,0.999314,168.994631767,0.0202597,0.0360808,0.0646266
64,0.999331,164.998583794,0.016523,0.0339042,0.0641804
65,0.9994,148.000688553,0.0149066,0.0294542,0.0637372
66,0.999306,170.992655754,0.0183372,0.0345634,0.063297
67,0.999359,158.00549984,0.0130489,0.0291794,0.06286
68,0.999286,176.002407074,0.0174457,0.0343908,0.0624259
69,0.999395,148.999700546,0.0111305,0.0278234,0.0619948
70,0.999294,174.004383087,0.0188226,0.0371181,0.0615667
71,0.999355,159.004511833,0.0158192,0.0329497,0.0611416
72,0.999416,144.004640579,0.0136573,0.030253,0.0607194
73,0.999327,165.997595787,0.018447,0.0335283,0.0603001
74,0.999347,161.00253582,0.0162528,0.0320518,0.0598837
75,0.99944,137.995877266,0.0124263,0.0283442,0.0594702
76,0.999444,136.996865273,0.0121632,0.0301377,0.0590596
77,0.999485,127.006745338,0.0109565,0.0274431,0.0586517
78,0.99946,133.000817299,0.0116325,0.0255389,0.0582467
79,0.999395,148.999700546,0.0157914,0.0310054,0.0578445
80,0.999485,127.006745338,0.0118087,0.0273479,0.0574451
81,0.999387,150.997724533,0.0121749,0.0304113,0.0570484
82,0.999456,133.999829292,0.012918,0.0266701,0.0566545
83,0.999521,118.000946045,0.00887373,0.0244963,0.0562633
84,0.999501,122.996006012,0.0116894,0.0264044,0.0558748
85,0.99944,137.995877266,0.0131504,0.028703,0.0554889
86,0.999469,131.002793312,0.0102139,0.0306063,0.0551058
87,0.9994,148.000688553,0.0132767,0.0298134,0.0547252
88,0.999497,123.995018005,0.0106949,0.0283932,0.0543473
89,0.999537,114.004898071,0.0105757,0.0260126,0.0539721
90,0.999509,120.997982025,0.0101664,0.0261919,0.0535994
91,0.999477,129.004769325,0.0116552,0.0258281,0.0532293
92,0.999489,125.993041992,0.00922859,0.0268449,0.0528617
93,0.999493,124.994029999,0.0106862,0.0268408,0.0524967
94,0.999521,118.000946045,0.00864594,0.0251738,0.0521342
95,0.999505,121.996994019,0.0115246,0.0276367,0.0517742
96,0.999497,123.995018005,0.0107367,0.0269022,0.0514166
97,0.99955,110.993170738,0.00814498,0.02445,0.0510616
98,0.99955,110.993170738,0.00866295,0.0247231,0.050709
99,0.999537,114.004898071,0.00807119,0.0228976,0.0503589
100,0.999562,107.996134758,0.00869053,0.0235821,0.0500111
101,0.999582,103.001074791,0.00767072,0.0227371,0.0496658
102,0.999529,116.002922058,0.00858174,0.0248209,0.0493228
103,0.999533,115.003910065,0.00948761,0.0254827,0.0489822
104,0.999501,122.996006012,0.0100137,0.0268035,0.048644
105,0.999493,124.994029999,0.00971224,0.0284085,0.0483081
106,0.999477,129.004769325,0.0099716,0.0274931,0.0479745
107,0.999566,106.997122765,0.00794911,0.0231667,0.0476432
108,0.999586,102.002062798,0.00775198,0.0246952,0.0473142
109,0.999513,119.998970032,0.00797942,0.0249613,0.0469875
110,0.999529,116.002922058,0.00859906,0.0253571,0.0466631
111,0.999619,93.9952754974,0.00623793,0.0214159,0.0463408
112,0.999554,109.994158745,0.00773087,0.0246843,0.0460208
113,0.99957,105.998110771,0.007369,0.023214,0.0457031
114,0.999627,91.9972515106,0.00687804,0.022338,0.0453875
115,0.999602,98.0060148239,0.00771999,0.0242175,0.0450741
116,0.999586,102.002062798,0.00700978,0.0229904,0.0447628
117,0.999594,100.004038811,0.0072229,0.0218546,0.0444537
118,0.99955,110.993170738,0.00676344,0.0232413,0.0441467
119,0.999623,92.996263504,0.00642129,0.0223946,0.0438419
120,0.999485,127.006745338,0.00926152,0.029077,0.0435392
121,0.999611,95.9932994843,0.00565584,0.0210493,0.0432385
122,0.999598,99.0050268173,0.00801499,0.0236813,0.0429399
123,0.999659,84.0051555634,0.00726267,0.0226476,0.0426434
124,0.999562,107.996134758,0.00783876,0.0234167,0.042349
125,0.999574,104.999098778,0.00775187,0.0251677,0.0420565
126,0.999647,87.0021915436,0.00515008,0.021473,0.0417661
127,0.99959,101.003050804,0.00764111,0.0240344,0.0414777
128,0.999615,94.9942874908,0.0062473,0.0239413,0.0411913
129,0.999562,107.996134758,0.00678178,0.0222161,0.0409069
130,0.999651,86.0031795502,0.00558999,0.0210172,0.0406244
131,0.999631,90.9982395172,0.00659433,0.0221473,0.0403439
132,0.999688,76.9973802567,0.00443254,0.02093,0.0400653
133,0.999655,85.0041675568,0.00554185,0.0213213,0.0397886
134,0.999675,79.9944162369,0.00486084,0.0206294,0.0395139
135,0.999663,83.0061435699,0.00474427,0.0199755,0.039241
136,0.999647,87.0021915436,0.00587763,0.0236628,0.03897
137,0.999574,104.999098778,0.00636468,0.0242638,0.0387009
138,0.999692,75.9983682632,0.00531788,0.0213031,0.0384337
139,0.9997,74.0003442764,0.00500883,0.0201738,0.0381683
140,0.999639,89.0002155304,0.00500986,0.0205356,0.0379047
141,0.999602,98.0060148239,0.00595572,0.0234717,0.037643
142,0.999675,79.9944162369,0.00461869,0.0189103,0.0373831
143,0.999692,75.9983682632,0.00449633,0.0189637,0.0371249
144,0.999728,67.0072603226,0.00337477,0.0166948,0.0368686
145,0.999696,74.9993562698,0.00474722,0.0190523,0.036614
146,0.999712,71.0033082962,0.00412315,0.0199888,0.0363612
147,0.999671,80.9934282303,0.00450566,0.0215745,0.0361101
148,0.99972,69.0052843094,0.00356227,0.0175071,0.0358607
149,0.999704,73.001332283,0.00448311,0.018809,0.0356131
150,0.999692,75.9983682632,0.00416528,0.0195939,0.0353672
151,0.99972,69.0052843094,0.0042409,0.0191532,0.035123
152,0.999704,73.001332283,0.00363785,0.0180036,0.0348804
153,0.999675,79.9944162369,0.00444381,0.0202633,0.0346396
154,0.999663,83.0061435699,0.00514306,0.0200863,0.0344004
155,0.999704,73.001332283,0.00402052,0.0185897,0.0341628
156,0.999712,71.0033082962,0.00404573,0.0187441,0.0339269
157,0.999716,70.0042963028,0.00366819,0.0177239,0.0336926
158,0.99972,69.0052843094,0.0036303,0.0187666,0.03346
159,0.999753,60.9984970093,0.00299147,0.0162664,0.0332289
160,0.999684,77.9963922501,0.00421921,0.0211234,0.0329995
161,0.99974,63.9955329895,0.00268078,0.0167891,0.0327716
162,0.999748,61.9975090027,0.00365917,0.0154564,0.0325453
163,0.999753,60.9984970093,0.0040129,0.0180885,0.0323206
164,0.999716,70.0042963028,0.00386879,0.0187622,0.0320974
165,0.999785,53.006401062,0.00363844,0.0178287,0.0318758
166,0.999692,75.9983682632,0.00392111,0.0196814,0.0316556
167,0.999744,62.9965209961,0.00301477,0.0159482,0.0314371
168,0.999753,60.9984970093,0.00304864,0.01557,0.03122
169,0.999748,61.9975090027,0.00216133,0.0170529,0.0310044
170,0.999777,55.0044250488,0.00220289,0.015216,0.0307903
171,0.999765,58.0014610291,0.00217314,0.0160817,0.0305777
172,0.999769,57.0024490356,0.00235269,0.0160132,0.0303665
173,0.999769,57.0024490356,0.00231361,0.0155243,0.0301568
174,0.999757,59.9994850159,0.00255978,0.0173244,0.0299486
175,0.999789,51.9926977158,0.00197828,0.0149828,0.0297418
176,0.999797,49.9946737289,0.00188204,0.0143047,0.0295364
177,0.999797,49.9946737289,0.0021478,0.0155055,0.0293325
178,0.999789,51.9926977158,0.0023102,0.0157651,0.0291299
179,0.999797,49.9946737289,0.00203592,0.0142247,0.0289288
180,0.999765,58.0014610291,0.00277097,0.0152849,0.028729
181,0.999769,57.0024490356,0.00259426,0.0162872,0.0285306
182,0.999797,49.9946737289,0.00177724,0.0156827,0.0283336
183,0.999777,55.0044250488,0.00202686,0.0151175,0.028138
184,0.999789,51.9926977158,0.0019634,0.0150064,0.0279437
185,0.999785,53.006401062,0.0021385,0.0155371,0.0277507
186,0.999838,40.0045537949,0.00138628,0.013009,0.0275591
187,0.999801,48.9956617355,0.00206994,0.0175235,0.0273688
188,0.999817,44.9996137619,0.00126672,0.0132549,0.0271798
189,0.999805,47.9966497421,0.0017079,0.0138752,0.0269921
190,0.999789,51.9926977158,0.00174634,0.0157232,0.0268057
191,0.999858,34.994802475,0.0012726,0.0112798,0.0266206
192,0.999826,43.0015897751,0.00125729,0.0132459,0.0264368
193,0.999813,45.9986257553,0.00165756,0.0139908,0.0262542
194,0.999805,47.9966497421,0.00167584,0.0134349,0.0260729
195,0.99985,36.9928264618,0.00144069,0.0139502,0.0258929
196,0.99985,36.9928264618,0.00121837,0.013506,0.0257141
197,0.999801,48.9956617355,0.00175907,0.015024,0.0255365
198,0.999826,43.0015897751,0.00180325,0.0133461,0.0253602
199,0.999842,39.0055418015,0.0012815,0.0127926,0.0251851
200,0.999846,38.006529808,0.00125707,0.0133836,0.0250112
201,0.999838,40.0045537949,0.00156059,0.0134736,0.0248385
202,0.99989,27.0027065277,0.0010296,0.0117341,0.024667
203,0.999862,33.9957904816,0.00122446,0.0118112,0.0244966
204,0.999846,38.006529808,0.0015562,0.0124383,0.0243275
205,0.999862,33.9957904816,0.00102237,0.012086,0.0241595
206,0.999899,25.0046825409,0.000734457,0.0121165,0.0239927
207,0.999842,39.0055418015,0.00154562,0.0133905,0.023827
208,0.99983,42.0025777817,0.00136604,0.0137338,0.0236624
209,0.999878,29.9997425079,0.000999606,0.0116975,0.023499
210,0.99989,27.0027065277,0.0010715,0.0114877,0.0233368
211,0.999899,25.0046825409,0.000637145,0.0106715,0.0231756
212,0.999854,35.9938144684,0.000982523,0.0115719,0.0230156
213,0.99985,36.9928264618,0.00115755,0.0136422,0.0228567
214,0.999842,39.0055418015,0.00120053,0.0134733,0.0226988
215,0.999878,29.9997425079,0.000863925,0.0109702,0.0225421
216,0.999882,29.0007305145,0.000641795,0.0105215,0.0223864
217,0.99989,27.0027065277,0.000839358,0.0107952,0.0222319
218,0.99983,42.0025777817,0.00116038,0.0132775,0.0220783
219,0.999866,32.9967784882,0.000882111,0.0125044,0.0219259
220,0.999886,28.0017185211,0.00075888,0.0126553,0.0217745
221,0.999927,17.9969072342,0.00045437,0.0082235,0.0216241
222,0.999903,24.0056705475,0.000753418,0.0114785,0.0214748
223,0.999894,26.0036945343,0.000622467,0.00950286,0.0213265
224,0.999886,28.0017185211,0.000757159,0.0111857,0.0211792
225,0.999842,39.0055418015,0.000974302,0.0123378,0.021033
226,0.99987,31.9977664948,0.000783122,0.0119217,0.0208878
227,0.999907,23.0066585541,0.000531172,0.00990231,0.0207435
228,0.999927,17.9969072342,0.000568867,0.00942294,0.0206003
229,0.999907,23.0066585541,0.000759465,0.0094992,0.020458
230,0.999923,18.9959192276,0.000653476,0.00882033,0.0203168
231,0.999919,19.994931221,0.000438478,0.00869678,0.0201765
232,0.999899,25.0046825409,0.000696081,0.00959182,0.0200371
233,0.999927,17.9969072342,0.000376826,0.00903486,0.0198988
234,0.999915,20.9939432144,0.000509602,0.00936884,0.0197614
235,0.999923,18.9959192276,0.000402979,0.00816863,0.0196249
236,0.999935,15.9988832474,0.00029877,0.00599597,0.0194894
237,0.999915,20.9939432144,0.000460866,0.00918486,0.0193548
238,0.999947,13.0018472672,0.000289579,0.00650357,0.0192212
239,0.999935,15.9988832474,0.000397033,0.00783834,0.0190884
240,0.999972,6.99308395386,9.68107e-05,0.00580061,0.0189566
241,0.999984,3.99604797363,7.41997e-05,0.00443278,0.0188257
242,0.999963,9.00579929352,0.000108157,0.00594902,0.0186957
243,0.999968,8.00678730011,0.000232993,0.00517636,0.0185666
244,0.999959,10.0048112869,0.000204618,0.00753772,0.0184384
245,0.999927,17.9969072342,0.000466744,0.00969431,0.0183111
246,0.999919,19.994931221,0.000359112,0.00890173,0.0181847
247,0.999923,18.9959192276,0.000278475,0.00846783,0.0180591
248,0.999899,25.0046825409,0.000635276,0.0108807,0.0179344
249,0.999943,14.0008592606,0.000324147,0.0067329,0.0178106
250,0.999959,10.0048112869,0.000111077,0.00522033,0.0176876
251,0.999972,6.99308395386,0.000201895,0.00592653,0.0175654
252,0.999939,14.999871254,0.000254337,0.00750071,0.0174441
253,0.999947,13.0018472672,0.000350361,0.00758493,0.0173237
254,0.999951,12.0028352737,0.000227185,0.00670453,0.0172041
255,0.999955,11.0038232803,0.00016277,0.00541255,0.0170853
256,0.999963,9.00579929352,0.000124763,0.00527793,0.0169673
257,0.999976,5.99407196045,6.38233e-05,0.00283937,0.0168501
258,0.999992,1.99802398682,1.82921e-05,0.0015459,0.0167338
259,0.999984,3.99604797363,2.2969e-05,0.00306394,0.0166182
260,0.999976,5.99407196045,9.17044e-05,0.00451333,0.0165035
261,0.99998,4.99505996704,6.93887e-05,0.00443414,0.0163895
262,0.999972,6.99308395386,9.34095e-05,0.00420296,0.0162763
263,0.999988,2.99703598022,6.62753e-05,0.00366691,0.0161639
264,0.99998,4.99505996704,6.69069e-05,0.00453848,0.0160523
265,0.999955,11.0038232803,0.000160676,0.00526377,0.0159415
266,0.999976,5.99407196045,8.38448e-05,0.00456523,0.0158314
267,0.99998,4.99505996704,4.86938e-05,0.00559668,0.0157221
268,0.99998,4.99505996704,4.52307e-05,0.00261739,0.0156135
269,0.99998,4.99505996704,7.76535e-05,0.00440144,0.0155057
270,0.999984,3.99604797363,6.31333e-05,0.00234216,0.0153986
271,1.0,0.0,1.99841e-06,0.000893752,0.0152923
1.0,1.99841e-06,1048.557374715805,0.552963,0.0107329956171,0.000802131877173
