44,80,0.4,2,1000, .1 
0,0.484368,127092.998271,1.95865e+06,323.823,0.0999996
1,0.905071,23398.0068111,1006.97,4.83925,0.0990878
2,0.993874,1510.00662804,4.56062,0.298269,0.0981843
3,0.998211,441.005029678,0.222564,0.0936701,0.0972891
4,0.998722,314.997296333,0.0893713,0.0717016,0.096402
5,0.999103,221.002020836,0.0494757,0.0534528,0.095523
6,0.998965,254.997811317,0.0602003,0.0579342,0.094652
7,0.998965,254.997811317,0.0680307,0.0602375,0.0937889
8,0.99888,276.006445885,0.0658525,0.0632479,0.0929338
9,0.998965,254.997811317,0.0667112,0.0626919,0.0920864
10,0.998852,282.999529839,0.0659459,0.0656775,0.0912467
11,0.999091,223.999056816,0.0494734,0.052913,0.0904147
12,0.999006,244.993000031,0.0525704,0.0549698,0.0895903
13,0.999055,233.00485611,0.054989,0.0567337,0.0887734
14,0.999148,209.998197556,0.0495074,0.0560716,0.087964
15,0.99912,217.005972862,0.0458186,0.0532267,0.0871619
16,0.99899,249.003739357,0.0469679,0.0574351,0.0863672
17,0.999116,218.004984856,0.0480426,0.0538311,0.0855797
18,0.99912,217.005972862,0.0495517,0.0521563,0.0847993
19,0.999103,221.002020836,0.0456663,0.0540853,0.0840261
20,0.999051,234.003868103,0.0475851,0.057741,0.08326
21,0.999087,224.99806881,0.0518968,0.0560319,0.0825008
22,0.999136,212.995233536,0.0457272,0.0516491,0.0817485
23,0.99914,211.996221542,0.047648,0.053828,0.0810032
24,0.99901,243.993988037,0.0557317,0.0618476,0.0802646
25,0.999067,229.993128777,0.0536038,0.0590661,0.0795327
26,0.99912,217.005972862,0.0510243,0.0564603,0.0788075
27,0.999156,208.000173569,0.041023,0.0521261,0.0780889
28,0.999193,198.994374275,0.0388366,0.0501668,0.0773769
29,0.999128,214.993257523,0.0484871,0.0530433,0.0766714
30,0.999205,195.997338295,0.0410668,0.0515365,0.0759723
31,0.99916,207.001161575,0.0451006,0.0523436,0.0752796
32,0.999241,187.006230354,0.0314379,0.0432493,0.0745931
33,0.999099,222.001032829,0.0498752,0.0583481,0.073913
34,0.999164,206.002149582,0.0434811,0.0506996,0.0732391
35,0.999168,205.003137589,0.043275,0.0496613,0.0725712
36,0.999278,178.000431061,0.0355376,0.0445873,0.0719095
37,0.999124,216.006960869,0.0409851,0.0514458,0.0712539
38,0.999249,184.993515015,0.0331576,0.0459193,0.0706042
39,0.999278,178.000431061,0.0348775,0.0456853,0.0699604
40,0.999225,191.002278328,0.037793,0.0484419,0.0693225
41,0.999249,184.993515015,0.0325801,0.0487599,0.0686904
42,0.999379,152.99574852,0.0262259,0.0400363,0.0680641
43,0.999233,189.004254341,0.0356614,0.0505635,0.0674434
44,0.999343,162.001547813,0.0259709,0.0405838,0.0668285
45,0.999282,177.001419067,0.0297188,0.0497137,0.0662191
46,0.99914,211.996221542,0.0360907,0.0524357,0.0656153
47,0.999229,190.003266335,0.0333007,0.0469315,0.0650171
48,0.999331,164.998583794,0.029436,0.0446592,0.0644242
49,0.999229,190.003266335,0.0319138,0.0451141,0.0638368
50,0.999322,166.99660778,0.0284804,0.0460754,0.0632547
51,0.999355,159.004511833,0.026593,0.0411081,0.062678
52,0.999314,168.994631767,0.0278821,0.0428188,0.0621065
53,0.999322,166.99660778,0.0283538,0.043966,0.0615402
54,0.999404,147.001676559,0.0237609,0.0399447,0.060979
55,0.99946,133.000817299,0.0200489,0.0360256,0.060423
56,0.999424,142.006616592,0.0204925,0.0374844,0.0598721
57,0.999318,167.995619774,0.0265195,0.0411762,0.0593262
58,0.999363,157.006487846,0.0254283,0.0412015,0.0587852
59,0.999335,163.9995718,0.0267615,0.0446904,0.0582492
60,0.999379,152.99574852,0.0238948,0.0383446,0.0577181
61,0.999387,150.997724533,0.0231024,0.0395496,0.0571918
62,0.999404,147.001676559,0.019939,0.037073,0.0566703
63,0.99942,143.005628586,0.0195048,0.0401799,0.0561536
64,0.999375,153.994760513,0.0262238,0.0400779,0.0556416
65,0.999473,130.003781319,0.0170567,0.0343769,0.0551342
66,0.999428,140.992913246,0.019505,0.0384931,0.0546315
67,0.999448,135.997853279,0.0199376,0.0370959,0.0541334
68,0.999428,140.992913246,0.0202559,0.0391234,0.0536398
69,0.999395,148.999700546,0.0209225,0.0380687,0.0531507
70,0.999493,124.994029999,0.0190191,0.0364327,0.0526661
71,0.999493,124.994029999,0.0161076,0.0332203,0.0521858
72,0.999493,124.994029999,0.0168617,0.0365916,0.05171
73,0.999517,118.999958038,0.0158014,0.031698,0.0512385
74,0.999436,138.994889259,0.0192934,0.0398865,0.0507713
75,0.999464,132.001805305,0.0161647,0.0339051,0.0503084
76,0.999456,133.999829292,0.0186043,0.0374526,0.0498497
77,0.99946,133.000817299,0.015357,0.0355425,0.0493951
78,0.999546,112.006874084,0.0137816,0.0321246,0.0489447
79,0.999436,138.994889259,0.0191552,0.0385154,0.0484984
80,0.999546,112.006874084,0.0143839,0.0307853,0.0480562
81,0.999497,123.995018005,0.01492,0.0366075,0.0476181
82,0.99955,110.993170738,0.0136926,0.0306688,0.0471839
83,0.999582,103.001074791,0.0133668,0.0310572,0.0467536
84,0.999525,117.001934052,0.0171857,0.0328885,0.0463273
85,0.999651,86.0031795502,0.00785027,0.0235964,0.0459049
86,0.999517,118.999958038,0.0151647,0.0329364,0.0454863
87,0.999473,130.003781319,0.0152027,0.0352177,0.0450716
88,0.999493,124.994029999,0.0151966,0.034417,0.0446606
89,0.999501,122.996006012,0.0163553,0.0331513,0.0442534
90,0.999521,118.000946045,0.0133281,0.0323287,0.0438499
91,0.99959,101.003050804,0.0113741,0.029978,0.0434501
92,0.999529,116.002922058,0.0129743,0.0324281,0.0430539
93,0.999578,104.000086784,0.0124635,0.0302264,0.0426613
94,0.999578,104.000086784,0.00964537,0.0265786,0.0422723
95,0.999582,103.001074791,0.0115089,0.0280362,0.0418869
96,0.999521,118.000946045,0.0128797,0.0317402,0.041505
97,0.99959,101.003050804,0.0105561,0.0286315,0.0411265
98,0.99959,101.003050804,0.00945962,0.0276096,0.0407515
99,0.999675,79.9944162369,0.00920255,0.0250834,0.0403799
100,0.999631,90.9982395172,0.0100633,0.026563,0.0400117
101,0.999623,92.996263504,0.00962919,0.0281011,0.0396469
102,0.999586,102.002062798,0.0107796,0.0269593,0.0392854
103,0.999615,94.9942874908,0.0087959,0.0288694,0.0389272
104,0.999631,90.9982395172,0.00953494,0.0262647,0.0385723
105,0.999619,93.9952754974,0.00960715,0.0253433,0.0382206
106,0.999708,72.0023202896,0.00731383,0.0240199,0.0378721
107,0.999675,79.9944162369,0.00631641,0.0250724,0.0375267
108,0.99968,78.9954042435,0.00688316,0.0240398,0.0371846
109,0.99959,101.003050804,0.0101362,0.0279855,0.0368455
110,0.999671,80.9934282303,0.00818277,0.025487,0.0365096
111,0.999663,83.0061435699,0.0081995,0.023351,0.0361766
112,0.999732,65.9935569763,0.00692312,0.0243019,0.0358468
113,0.999688,76.9973802567,0.00664441,0.0245828,0.0355199
114,0.999659,84.0051555634,0.00731402,0.0251623,0.0351961
115,0.999728,67.0072603226,0.00598341,0.0215714,0.0348751
116,0.999724,68.006272316,0.00557796,0.0219989,0.0345571
117,0.999659,84.0051555634,0.00803979,0.0260988,0.034242
118,0.99974,63.9955329895,0.00560791,0.0219428,0.0339298
119,0.999744,62.9965209961,0.00513351,0.0204668,0.0336204
120,0.999667,82.0071315765,0.00656087,0.0238566,0.0333139
121,0.999716,70.0042963028,0.00648435,0.0233098,0.0330101
122,0.999708,72.0023202896,0.00511947,0.02408,0.0327091
123,0.99972,69.0052843094,0.00543649,0.0243303,0.0324109
124,0.999692,75.9983682632,0.00691768,0.0240146,0.0321154
125,0.999748,61.9975090027,0.00471684,0.0194838,0.0318225
126,0.999692,75.9983682632,0.00613086,0.0227371,0.0315324
127,0.999724,68.006272316,0.00501657,0.0219052,0.0312449
128,0.999789,51.9926977158,0.00365681,0.0190938,0.03096
129,0.999744,62.9965209961,0.00413371,0.0207906,0.0306777
130,0.999785,53.006401062,0.00419557,0.0183846,0.0303979
131,0.99974,63.9955329895,0.00555701,0.0215495,0.0301208
132,0.999728,67.0072603226,0.0059983,0.0211487,0.0298461
133,0.999712,71.0033082962,0.00512002,0.0231747,0.029574
134,0.999826,43.0015897751,0.00222811,0.015631,0.0293043
135,0.999785,53.006401062,0.00288536,0.0174971,0.0290371
136,0.999777,55.0044250488,0.00271882,0.0192253,0.0287724
137,0.999761,59.0004730225,0.00370207,0.0190683,0.02851
138,0.999801,48.9956617355,0.00426584,0.020157,0.0282501
139,0.999773,56.0034370422,0.00351355,0.0190369,0.0279925
140,0.999744,62.9965209961,0.00400699,0.0207149,0.0277372
141,0.999753,60.9984970093,0.00418834,0.0200405,0.0274843
142,0.99985,36.9928264618,0.00153244,0.0145121,0.0272337
143,0.999801,48.9956617355,0.0028031,0.0171393,0.0269854
144,0.999805,47.9966497421,0.00354083,0.0213124,0.0267393
145,0.999781,54.0054130554,0.00333601,0.0201936,0.0264955
146,0.999777,55.0044250488,0.00294841,0.019211,0.0262539
147,0.999744,62.9965209961,0.00296456,0.0195026,0.0260146
148,0.999878,29.9997425079,0.00143164,0.0138328,0.0257774
149,0.999805,47.9966497421,0.00242886,0.0176642,0.0255423
150,0.999785,53.006401062,0.00270339,0.0196308,0.0253094
151,0.999846,38.006529808,0.00209144,0.0164835,0.0250786
152,0.99985,36.9928264618,0.00188468,0.0140533,0.02485
153,0.99987,31.9977664948,0.00195749,0.0139485,0.0246234
154,0.999886,28.0017185211,0.00099632,0.0119567,0.0243989
155,0.999858,34.994802475,0.00205594,0.0148615,0.0241764
156,0.999854,35.9938144684,0.0024222,0.0167759,0.023956
157,0.999854,35.9938144684,0.00169076,0.0158072,0.0237375
158,0.999854,35.9938144684,0.00142943,0.0152255,0.0235211
159,0.999821,44.0006017685,0.00203714,0.0175357,0.0233066
160,0.999834,41.0035657883,0.00212273,0.0166794,0.0230941
161,0.999862,33.9957904816,0.00138121,0.0137007,0.0228835
162,0.999854,35.9938144684,0.00136845,0.0138115,0.0226749
163,0.99989,27.0027065277,0.00122569,0.0139475,0.0224681
164,0.999866,32.9967784882,0.00131234,0.0130659,0.0222633
165,0.999899,25.0046825409,0.0010364,0.0106668,0.0220603
166,0.999963,9.00579929352,0.000256952,0.0072618,0.0218591
167,0.999899,25.0046825409,0.00113634,0.0116001,0.0216598
168,0.999955,11.0038232803,0.000264735,0.00627374,0.0214623
169,0.999951,12.0028352737,0.000230348,0.00915176,0.0212666
170,0.999943,14.0008592606,0.000394493,0.00849842,0.0210727
171,0.999935,15.9988832474,0.000584209,0.0111132,0.0208805
172,0.999935,15.9988832474,0.00056327,0.00919822,0.0206902
173,0.999915,20.9939432144,0.000888777,0.0111846,0.0205015
174,0.999931,16.9978952408,0.000670203,0.00933479,0.0203146
175,0.999939,14.999871254,0.000407695,0.00802451,0.0201293
176,0.999935,15.9988832474,0.000643393,0.0122414,0.0199458
177,0.999927,17.9969072342,0.000734274,0.0123856,0.0197639
178,0.999955,11.0038232803,0.000268562,0.00642189,0.0195837
179,0.99998,4.99505996704,0.000111179,0.00571878,0.0194051
180,0.999984,3.99604797363,0.000253303,0.00614992,0.0192282
181,0.999951,12.0028352737,0.000423486,0.0074258,0.0190529
182,0.999955,11.0038232803,0.000506243,0.00974969,0.0188792
183,0.999935,15.9988832474,0.000510736,0.00860202,0.018707
184,0.999955,11.0038232803,0.000270983,0.00751279,0.0185364
185,0.999972,6.99308395386,0.000100249,0.00534083,0.0183674
186,0.999988,2.99703598022,7.59958e-05,0.00394108,0.0182
187,0.999988,2.99703598022,5.92067e-05,0.00407627,0.018034
188,0.999951,12.0028352737,0.000187558,0.00758208,0.0178696
189,0.999943,14.0008592606,0.000346771,0.00822209,0.0177066
190,0.999947,13.0018472672,0.000471869,0.00760911,0.0175452
191,0.999947,13.0018472672,0.000322656,0.00870241,0.0173852
192,0.999955,11.0038232803,0.00039198,0.00799463,0.0172267
193,0.999984,3.99604797363,7.47814e-05,0.00490644,0.0170696
194,0.999996,0.999011993408,1.57134e-05,0.00215518,0.016914
195,0.999984,3.99604797363,0.000160633,0.00463057,0.0167597
196,0.999992,1.99802398682,4.23185e-05,0.00234111,0.0166069
197,1.0,0.0,0.0,0.0,0.0164555
1.0,0.0,675.18567943573,1.13086,0.0110585742249,0.000908816775758
