8,80,0.8,2,1000, .1 
0,0.494551,124583.002675,1.634e+06,292.481,0.0999999
1,0.883905,28614.9943542,1461.43,5.41348,0.0997771
2,0.994028,1472.00009823,6.46214,0.380117,0.0995548
3,0.998629,338.003954887,0.145329,0.0766664,0.0993329
4,0.998884,274.992742538,0.0697738,0.0646602,0.0991116
5,0.998746,309.003224373,0.0767978,0.0715325,0.0988908
6,0.998884,274.992742538,0.0700194,0.0672718,0.0986704
7,0.998836,286.995577812,0.0674873,0.0683995,0.0984505
8,0.998803,295.002365112,0.0826055,0.0709702,0.0982312
9,0.998783,299.997425079,0.0829448,0.0709539,0.0980123
10,0.99871,317.994332314,0.0964236,0.0769939,0.0977939
11,0.998718,315.996308327,0.103229,0.0765784,0.097576
12,0.998848,283.998541832,0.0693753,0.0650215,0.0973586
13,0.998771,302.99446106,0.0896045,0.0784739,0.0971416
14,0.998791,297.999401093,0.0842798,0.0734035,0.0969252
15,0.998653,331.995191574,0.0989243,0.0825213,0.0967092
16,0.998783,299.997425079,0.0838034,0.0727043,0.0964937
17,0.998819,291.006317139,0.0758352,0.0682044,0.0962787
18,0.998754,307.005200386,0.086863,0.0771958,0.0960642
19,0.998844,284.997553825,0.0776723,0.071178,0.0958501
20,0.998828,288.993601799,0.0740142,0.0691688,0.0956365
21,0.998799,296.001377106,0.088646,0.071528,0.0954235
22,0.998803,295.002365112,0.0816312,0.0729578,0.0952108
23,0.998803,295.002365112,0.0880482,0.0737534,0.0949987
24,0.998921,266.001634598,0.0674036,0.0643797,0.094787
25,0.998913,267.999658585,0.06867,0.0655061,0.0945758
26,0.998929,264.003610611,0.0709128,0.0659977,0.0943651
27,0.998994,248.004727364,0.0673563,0.0634604,0.0941548
28,0.998848,283.998541832,0.0685045,0.0672606,0.093945
29,0.99888,276.006445885,0.0726686,0.0660409,0.0937357
30,0.998872,278.004469872,0.0794215,0.070043,0.0935268
31,0.998868,279.003481865,0.0814049,0.0689514,0.0933184
32,0.99888,276.006445885,0.0767711,0.0694441,0.0931105
33,0.998742,310.002236366,0.0920426,0.0791058,0.092903
34,0.998795,297.000389099,0.0757157,0.0718037,0.092696
35,0.998953,257.994847298,0.0638861,0.0597888,0.0924894
36,0.999006,244.993000031,0.0538449,0.0611744,0.0922833
37,0.998913,267.999658585,0.065186,0.0643799,0.0920777
38,0.998868,279.003481865,0.0735177,0.0716789,0.0918726
39,0.998917,267.000646591,0.0619132,0.0625439,0.0916678
40,0.998986,250.00275135,0.0585906,0.0586304,0.0914636
41,0.998957,256.995835304,0.0634996,0.0637808,0.0912598
42,0.998998,247.00571537,0.061775,0.0606945,0.0910564
43,0.998864,280.002493858,0.080366,0.0707295,0.0908535
44,0.99888,276.006445885,0.0775765,0.0677418,0.0906511
45,0.998868,279.003481865,0.0679545,0.065887,0.0904491
46,0.998905,269.997682571,0.0696665,0.0632271,0.0902476
47,0.998795,297.000389099,0.0786856,0.0689921,0.0900465
48,0.999067,229.993128777,0.0519612,0.0576675,0.0898458
49,0.998872,278.004469872,0.0741774,0.0699025,0.0896456
50,0.998941,261.006574631,0.0686036,0.0645639,0.0894459
51,0.999059,232.005844116,0.0532757,0.0589427,0.0892466
52,0.999018,241.99596405,0.0541458,0.0580475,0.0890477
53,0.998896,271.995706558,0.0679752,0.0652801,0.0888493
54,0.998913,267.999658585,0.0641186,0.0656767,0.0886513
55,0.998957,256.995835304,0.0631591,0.0607707,0.0884538
56,0.998982,251.001763344,0.0614748,0.0616226,0.0882567
57,0.998925,265.002622604,0.0699691,0.0671472,0.08806
58,0.998965,254.997811317,0.0555102,0.0588846,0.0878638
59,0.999047,235.002880096,0.055732,0.0612803,0.087668
60,0.999006,244.993000031,0.0629567,0.0635201,0.0874727
61,0.998872,278.004469872,0.0702155,0.0712189,0.0872778
62,0.998872,278.004469872,0.0736043,0.0676542,0.0870833
63,0.998819,291.006317139,0.0729561,0.0668395,0.0868893
64,0.998953,257.994847298,0.0629617,0.0619091,0.0866957
65,0.998998,247.00571537,0.0608794,0.057483,0.0865025
66,0.999067,229.993128777,0.0586508,0.0586131,0.0863097
67,0.998949,258.993859291,0.0582292,0.0644647,0.0861174
68,0.998949,258.993859291,0.064987,0.0689243,0.0859255
69,0.998969,253.998799324,0.0606692,0.0656863,0.0857341
70,0.998982,251.001763344,0.0605243,0.0635276,0.085543
71,0.998896,271.995706558,0.0667804,0.0679137,0.0853524
72,0.998888,273.993730545,0.0715968,0.0692161,0.0851622
73,0.998933,263.004598618,0.0673453,0.0656841,0.0849725
74,0.998986,250.00275135,0.0529977,0.0610558,0.0847831
75,0.998949,258.993859291,0.057886,0.0649618,0.0845942
76,0.998978,252.000775337,0.0578997,0.0645068,0.0844057
77,0.998953,257.994847298,0.0625303,0.0617551,0.0842177
78,0.998998,247.00571537,0.0542364,0.0642923,0.08403
79,0.998965,254.997811317,0.0621508,0.0642042,0.0838428
80,0.999197,197.995362282,0.0460696,0.0505744,0.0836559
81,0.998949,258.993859291,0.0629221,0.0666135,0.0834695
82,0.999002,246.006703377,0.0497346,0.0610323,0.0832835
83,0.998953,257.994847298,0.0644471,0.0627523,0.083098
84,0.998998,247.00571537,0.0587966,0.0628105,0.0829128
85,0.998994,248.004727364,0.0556716,0.0612743,0.0827281
86,0.998953,257.994847298,0.0662299,0.0647497,0.0825437
87,0.999026,239.997940063,0.0583739,0.0611985,0.0823598
88,0.998986,250.00275135,0.0569093,0.0604596,0.0821763
89,0.998921,266.001634598,0.0641782,0.0650901,0.0819932
90,0.999018,241.99596405,0.0580706,0.0599542,0.0818105
91,0.999176,203.005113602,0.041174,0.0533616,0.0816282
92,0.999002,246.006703377,0.0591555,0.063771,0.0814463
93,0.999063,231.006832123,0.0554241,0.0551579,0.0812648
94,0.999071,228.994116783,0.0509941,0.0565654,0.0810837
95,0.999006,244.993000031,0.0617246,0.0626086,0.0809031
96,0.999107,220.003008842,0.0462526,0.0544363,0.0807228
97,0.999176,203.005113602,0.0435321,0.0508348,0.0805429
98,0.99916,207.001161575,0.0379676,0.0474515,0.0803635
99,0.998998,247.00571537,0.0559313,0.063423,0.0801844
100,0.999111,219.003996849,0.048023,0.056469,0.0800057
101,0.999221,192.001290321,0.0334389,0.0495734,0.0798275
102,0.999059,232.005844116,0.0453867,0.054294,0.0796496
103,0.999063,231.006832123,0.0618151,0.0633478,0.0794721
104,0.999002,246.006703377,0.0588862,0.0631805,0.079295
105,0.999095,223.000044823,0.0521129,0.0561299,0.0791183
106,0.998986,250.00275135,0.0606698,0.0623082,0.078942
107,0.999071,228.994116783,0.0514099,0.0572942,0.0787661
108,0.99901,243.993988037,0.0487482,0.057724,0.0785906
109,0.998994,248.004727364,0.0565775,0.0629691,0.0784155
110,0.999059,232.005844116,0.0488117,0.0608736,0.0782408
111,0.998982,251.001763344,0.0537885,0.0658005,0.0780664
112,0.999055,233.00485611,0.0436153,0.0527409,0.0778925
113,0.999172,204.004125595,0.0392369,0.0478987,0.0777189
114,0.999075,227.99510479,0.0437906,0.052236,0.0775458
115,0.999075,227.99510479,0.0456563,0.0566724,0.077373
116,0.99901,243.993988037,0.0529375,0.0615274,0.0772006
117,0.998957,256.995835304,0.0513618,0.0627495,0.0770285
118,0.999197,197.995362282,0.0453696,0.0509042,0.0768569
119,0.999172,204.004125595,0.0384644,0.0499054,0.0766857
120,0.998998,247.00571537,0.0507453,0.0613516,0.0765148
121,0.998957,256.995835304,0.0610622,0.0663367,0.0763443
122,0.998986,250.00275135,0.0645607,0.0657238,0.0761742
123,0.999116,218.004984856,0.0436703,0.0518036,0.0760044
124,0.999144,210.997209549,0.0435914,0.0546072,0.0758351
125,0.999144,210.997209549,0.0427012,0.0543588,0.0756661
126,0.99903,238.99892807,0.0472356,0.0613851,0.0754975
127,0.998986,250.00275135,0.0616071,0.0647875,0.0753293
128,0.999095,223.000044823,0.045355,0.0551083,0.0751614
129,0.999136,212.995233536,0.0387954,0.0520376,0.074994
130,0.999091,223.999056816,0.044913,0.0584806,0.0748269
131,0.99912,217.005972862,0.0426573,0.0570675,0.0746601
132,0.999213,193.999314308,0.0397881,0.0470438,0.0744938
133,0.999209,194.998326302,0.0382083,0.0519245,0.0743278
134,0.999249,184.993515015,0.0350673,0.0486768,0.0741622
135,0.99914,211.996221542,0.0400324,0.0529772,0.0739969
136,0.99918,202.006101608,0.0434557,0.0535355,0.073832
137,0.999091,223.999056816,0.0447435,0.0586991,0.0736675
138,0.999209,194.998326302,0.0346689,0.0485721,0.0735034
139,0.999047,235.002880096,0.0459349,0.0555216,0.0733396
140,0.999213,193.999314308,0.0387378,0.0489633,0.0731762
141,0.999205,195.997338295,0.0362656,0.0521396,0.0730131
142,0.999111,219.003996849,0.0392079,0.0560591,0.0728504
143,0.999262,181.996479034,0.0305981,0.0484379,0.0726881
144,0.999282,177.001419067,0.0318078,0.0452658,0.0725261
145,0.999156,208.000173569,0.0381715,0.0527152,0.0723645
146,0.999152,208.999185562,0.0426891,0.055152,0.0722033
147,0.999282,177.001419067,0.0334792,0.0442534,0.0720424
148,0.999075,227.99510479,0.043778,0.0569075,0.0718819
149,0.999156,208.000173569,0.0401785,0.0505078,0.0717217
150,0.999152,208.999185562,0.0416265,0.0556368,0.0715619
151,0.999132,213.994245529,0.0420218,0.0537729,0.0714024
152,0.99912,217.005972862,0.0437883,0.0519586,0.0712433
153,0.999193,198.994374275,0.035107,0.0488639,0.0710846
154,0.99916,207.001161575,0.0401325,0.0523434,0.0709262
155,0.999116,218.004984856,0.0443528,0.0534958,0.0707682
156,0.999002,246.006703377,0.0573263,0.0644628,0.0706105
157,0.999205,195.997338295,0.040156,0.0495126,0.0704531
158,0.999156,208.000173569,0.0449,0.0525141,0.0702961
159,0.999189,199.993386269,0.038173,0.0522112,0.0701395
160,0.999189,199.993386269,0.0359495,0.0504158,0.0699832
161,0.999249,184.993515015,0.0309015,0.0480479,0.0698273
162,0.999152,208.999185562,0.0349196,0.0509553,0.0696717
163,0.999213,193.999314308,0.0334385,0.0506066,0.0695164
164,0.999172,204.004125595,0.0350734,0.0513444,0.0693616
165,0.999172,204.004125595,0.0402298,0.0510761,0.069207
166,0.999314,168.994631767,0.032659,0.044552,0.0690528
167,0.999189,199.993386269,0.0365373,0.0500593,0.0688989
168,0.999249,184.993515015,0.03165,0.04588,0.0687454
169,0.999152,208.999185562,0.0390648,0.0523514,0.0685922
170,0.999221,192.001290321,0.0319142,0.0466373,0.0684394
171,0.999201,196.996350288,0.0382159,0.0483008,0.0682869
172,0.999229,190.003266335,0.0375334,0.0485208,0.0681347
173,0.999205,195.997338295,0.040895,0.0503233,0.0679829
174,0.999156,208.000173569,0.0379141,0.0514652,0.0678314
175,0.999132,213.994245529,0.0423509,0.0554438,0.0676803
176,0.999156,208.000173569,0.041225,0.0516052,0.0675295
177,0.999237,188.005242348,0.0351462,0.0501353,0.067379
178,0.999282,177.001419067,0.0271499,0.0445175,0.0672289
179,0.999233,189.004254341,0.0305576,0.0462295,0.0670791
180,0.999339,163.000559807,0.0281126,0.0435959,0.0669296
181,0.99929,175.003395081,0.0317035,0.0444852,0.0667805
182,0.999184,201.007089615,0.0406432,0.0536902,0.0666317
183,0.999221,192.001290321,0.0320314,0.0468397,0.0664832
184,0.999355,159.004511833,0.0210541,0.0384749,0.0663351
185,0.999148,209.998197556,0.0461837,0.0544053,0.0661872
186,0.999124,216.006960869,0.0421405,0.0545348,0.0660398
187,0.999217,193.000302315,0.0332655,0.0488159,0.0658926
188,0.999189,199.993386269,0.0315681,0.0476762,0.0657458
189,0.999237,188.005242348,0.0326166,0.046614,0.0655993
190,0.999363,157.006487846,0.026799,0.0409145,0.0654531
191,0.999262,181.996479034,0.0282317,0.0463004,0.0653073
192,0.999436,138.994889259,0.0195481,0.0380506,0.0651618
193,0.999278,178.000431061,0.0305205,0.0491649,0.0650166
194,0.999209,194.998326302,0.0340461,0.0530467,0.0648717
195,0.999193,198.994374275,0.0322544,0.0500102,0.0647271
196,0.999132,213.994245529,0.0440104,0.0550507,0.0645829
197,0.999266,180.997467041,0.0317992,0.0472863,0.064439
198,0.999294,174.004383087,0.0271868,0.0452411,0.0642954
199,0.999258,182.995491028,0.0308205,0.0496808,0.0641522
200,0.999116,218.004984856,0.0425996,0.0548515,0.0640092
201,0.999209,194.998326302,0.0349756,0.0491296,0.0638666
202,0.999347,161.00253582,0.0214657,0.0398614,0.0637243
203,0.99927,179.998455048,0.0318362,0.045794,0.0635823
204,0.999335,163.9995718,0.0247305,0.0409287,0.0634406
205,0.999343,162.001547813,0.0238657,0.0417036,0.0632993
206,0.999331,164.998583794,0.0309188,0.0446209,0.0631582
207,0.999343,162.001547813,0.0277904,0.0413052,0.0630175
208,0.999217,193.000302315,0.0356949,0.0514634,0.0628771
209,0.999282,177.001419067,0.0292832,0.046426,0.062737
210,0.999201,196.996350288,0.0328909,0.0538599,0.0625972
211,0.999221,192.001290321,0.034695,0.0515019,0.0624577
212,0.999278,178.000431061,0.0286437,0.0465868,0.0623185
213,0.999327,165.997595787,0.0260696,0.0450955,0.0621797
214,0.999282,177.001419067,0.0278947,0.0449668,0.0620411
215,0.999424,142.006616592,0.0205061,0.0384312,0.0619029
216,0.999322,166.99660778,0.0294153,0.0457759,0.0617649
217,0.999233,189.004254341,0.0329369,0.0472967,0.0616273
218,0.999278,178.000431061,0.0293577,0.047252,0.06149
219,0.999363,157.006487846,0.0279816,0.0425298,0.061353
220,0.999339,163.000559807,0.0286547,0.0434228,0.0612163
221,0.999233,189.004254341,0.0286227,0.0468694,0.0610799
222,0.999347,161.00253582,0.0252548,0.0433692,0.0609438
223,0.99942,143.005628586,0.0223774,0.0392061,0.060808
224,0.999473,130.003781319,0.0172715,0.0340593,0.0606725
225,0.999286,176.002407074,0.0296384,0.0421751,0.0605373
226,0.999266,180.997467041,0.0306139,0.0485885,0.0604024
227,0.999343,162.001547813,0.0257754,0.040365,0.0602678
228,0.999335,163.9995718,0.0215965,0.0433362,0.0601335
229,0.999254,183.994503021,0.0299279,0.0461393,0.0599995
230,0.999298,173.005371094,0.030354,0.0447468,0.0598658
231,0.999327,165.997595787,0.0261508,0.0464939,0.0597324
232,0.999314,168.994631767,0.0254052,0.0446957,0.0595993
233,0.999298,173.005371094,0.029551,0.0453748,0.0594665
234,0.999339,163.000559807,0.0270903,0.0438005,0.059334
235,0.999258,182.995491028,0.0305707,0.0494975,0.0592018
236,0.999331,164.998583794,0.0232164,0.0427441,0.0590699
237,0.999274,178.999443054,0.0264828,0.0419538,0.0589383
238,0.999335,163.9995718,0.0264122,0.0454065,0.058807
239,0.999395,148.999700546,0.024564,0.0394661,0.0586759
240,0.999359,158.00549984,0.024115,0.0402554,0.0585452
241,0.999408,146.002664566,0.023615,0.0403009,0.0584147
242,0.999262,181.996479034,0.0270716,0.0492492,0.0582846
243,0.999355,159.004511833,0.0236319,0.0402234,0.0581547
244,0.999327,165.997595787,0.025313,0.0402242,0.0580251
245,0.999363,157.006487846,0.0229531,0.0431632,0.0578958
246,0.999456,133.999829292,0.0184625,0.0378298,0.0577668
247,0.999408,146.002664566,0.0187885,0.0420024,0.0576381
248,0.999371,154.993772507,0.0216319,0.0423509,0.0575097
249,0.99931,169.993643761,0.0290027,0.0444434,0.0573815
250,0.999432,139.993901253,0.0203625,0.0372554,0.0572537
251,0.999456,133.999829292,0.0160469,0.038183,0.0571261
252,0.999383,151.996736526,0.0256389,0.0430931,0.0569988
253,0.999359,158.00549984,0.0262432,0.0431613,0.0568718
254,0.999262,181.996479034,0.0275922,0.0459486,0.0567451
255,0.999327,165.997595787,0.0242093,0.045048,0.0566186
256,0.999383,151.996736526,0.0223993,0.0445132,0.0564925
257,0.999351,160.003523827,0.0256867,0.0427885,0.0563666
258,0.999432,139.993901253,0.0206203,0.0381037,0.056241
259,0.999363,157.006487846,0.0240049,0.0412677,0.0561157
260,0.999383,151.996736526,0.0193771,0.0399276,0.0559906
261,0.999408,146.002664566,0.0200838,0.0389027,0.0558659
262,0.9994,148.000688553,0.0220231,0.041955,0.0557414
263,0.999359,158.00549984,0.024285,0.0422544,0.0556172
264,0.999375,153.994760513,0.0184368,0.0412972,0.0554933
265,0.999387,150.997724533,0.0220191,0.0406918,0.0553696
266,0.999379,152.99574852,0.0199231,0.042598,0.0552462
267,0.999375,153.994760513,0.0231172,0.0428352,0.0551231
268,0.99942,143.005628586,0.0210716,0.0369817,0.0550003
269,0.99946,133.000817299,0.0160251,0.0368649,0.0548778
270,0.999428,140.992913246,0.0182773,0.0370892,0.0547555
271,0.999343,162.001547813,0.0211287,0.0432015,0.0546335
272,0.999428,140.992913246,0.0179466,0.0389929,0.0545117
273,0.999452,134.998841286,0.0217976,0.0379521,0.0543903
274,0.999436,138.994889259,0.0191892,0.0362315,0.0542691
275,0.999335,163.9995718,0.022405,0.0433726,0.0541481
276,0.9994,148.000688553,0.0207055,0.0402599,0.0540275
277,0.999363,157.006487846,0.0221259,0.0451626,0.0539071
278,0.999436,138.994889259,0.0204095,0.0402248,0.053787
279,0.99927,179.998455048,0.0262201,0.0445429,0.0536671
280,0.999456,133.999829292,0.0194618,0.0389448,0.0535476
281,0.999424,142.006616592,0.0184465,0.039555,0.0534282
282,0.999404,147.001676559,0.0202865,0.0417174,0.0533092
283,0.999497,123.995018005,0.0157438,0.0373006,0.0531904
284,0.999558,108.995146751,0.0140696,0.0338817,0.0530719
285,0.999404,147.001676559,0.0203869,0.0404487,0.0529536
286,0.9994,148.000688553,0.022138,0.0393703,0.0528356
287,0.999387,150.997724533,0.0207813,0.041982,0.0527179
288,0.999477,129.004769325,0.0175465,0.0373734,0.0526004
289,0.999322,166.99660778,0.0236431,0.0446432,0.0524832
290,0.999347,161.00253582,0.0213246,0.0415916,0.0523663
291,0.999383,151.996736526,0.0182446,0.0410265,0.0522496
292,0.999432,139.993901253,0.0177008,0.0354084,0.0521332
293,0.999327,165.997595787,0.0228689,0.0445916,0.052017
294,0.99946,133.000817299,0.0153605,0.0357456,0.0519011
295,0.999408,146.002664566,0.0177122,0.0387932,0.0517855
296,0.999404,147.001676559,0.0164983,0.0400348,0.0516701
297,0.999448,135.997853279,0.0181947,0.0360248,0.0515549
298,0.999444,136.996865273,0.0178371,0.0376762,0.0514401
299,0.9994,148.000688553,0.0186103,0.0416538,0.0513254
300,0.999464,132.001805305,0.0167316,0.0378443,0.0512111
301,0.999436,138.994889259,0.0160842,0.0365639,0.051097
302,0.999412,145.003652573,0.0193161,0.041131,0.0509831
303,0.999408,146.002664566,0.0190829,0.0379566,0.0508695
304,0.9994,148.000688553,0.021828,0.0424537,0.0507562
305,0.999424,142.006616592,0.0194512,0.0387466,0.0506431
306,0.999383,151.996736526,0.0205483,0.0396073,0.0505302
307,0.999477,129.004769325,0.0199249,0.039019,0.0504176
308,0.999485,127.006745338,0.0174796,0.0381034,0.0503053
309,0.999473,130.003781319,0.0163983,0.0329071,0.0501932
310,0.999574,104.999098778,0.0133233,0.0320623,0.0500814
311,0.999525,117.001934052,0.014995,0.0342889,0.0499698
312,0.999387,150.997724533,0.0192538,0.0411713,0.0498584
313,0.999444,136.996865273,0.0178289,0.0398112,0.0497473
314,0.999444,136.996865273,0.0176635,0.0404553,0.0496365
315,0.999473,130.003781319,0.017413,0.0389461,0.0495259
316,0.999521,118.000946045,0.0146308,0.0330724,0.0494155
317,0.999481,128.005757332,0.0147686,0.0396469,0.0493054
318,0.999542,113.005886078,0.014195,0.0327976,0.0491956
319,0.999537,114.004898071,0.0135747,0.0314485,0.0490859
320,0.999489,125.993041992,0.0161926,0.0347675,0.0489766
321,0.999525,117.001934052,0.0126645,0.0331001,0.0488674
322,0.999416,144.004640579,0.0193301,0.0419626,0.0487585
323,0.999456,133.999829292,0.0188638,0.037453,0.0486499
324,0.999525,117.001934052,0.0127023,0.0317745,0.0485415
325,0.999424,142.006616592,0.0176464,0.0404824,0.0484333
326,0.999509,120.997982025,0.0155975,0.0334019,0.0483254
327,0.999432,139.993901253,0.0191987,0.0414947,0.0482177
328,0.99946,133.000817299,0.0167881,0.035922,0.0481103
329,0.999408,146.002664566,0.0199939,0.0418455,0.0480031
330,0.999615,94.9942874908,0.011293,0.0309538,0.0478961
331,0.999542,113.005886078,0.0127384,0.0309424,0.0477894
332,0.999489,125.993041992,0.0154197,0.034152,0.0476829
333,0.99946,133.000817299,0.0156171,0.0362835,0.0475767
334,0.999489,125.993041992,0.0150891,0.0363419,0.0474707
335,0.999485,127.006745338,0.0141507,0.0385431,0.0473649
336,0.999537,114.004898071,0.0146813,0.0336248,0.0472593
337,0.999525,117.001934052,0.0109571,0.0332918,0.047154
338,0.999542,113.005886078,0.0123111,0.0336245,0.047049
339,0.999501,122.996006012,0.0163656,0.0369478,0.0469441
340,0.999464,132.001805305,0.0146598,0.0361896,0.0468395
341,0.99957,105.998110771,0.0103236,0.0302921,0.0467352
342,0.999501,122.996006012,0.0139793,0.0341637,0.046631
343,0.99944,137.995877266,0.0158361,0.0400699,0.0465271
344,0.999501,122.996006012,0.0153944,0.0360097,0.0464234
345,0.999428,140.992913246,0.0149891,0.0378269,0.04632
346,0.99955,110.993170738,0.0123524,0.0325463,0.0462168
347,0.999546,112.006874084,0.0129069,0.0327449,0.0461138
348,0.999505,121.996994019,0.0131042,0.0337897,0.0460111
349,0.999521,118.000946045,0.0127465,0.0350178,0.0459085
350,0.999477,129.004769325,0.0144327,0.0366484,0.0458062
351,0.999509,120.997982025,0.0121903,0.031685,0.0457042
352,0.999586,102.002062798,0.00919281,0.0267698,0.0456023
353,0.999517,118.999958038,0.0151166,0.0356751,0.0455007
354,0.999533,115.003910065,0.0141545,0.0358477,0.0453993
355,0.999554,109.994158745,0.0109591,0.0331759,0.0452982
356,0.999505,121.996994019,0.0146618,0.0372512,0.0451972
357,0.999513,119.998970032,0.0145773,0.0391994,0.0450965
358,0.999639,89.0002155304,0.00901239,0.0255756,0.044996
359,0.999513,119.998970032,0.0131969,0.031161,0.0448958
360,0.999517,118.999958038,0.0123443,0.0356526,0.0447957
361,0.99946,133.000817299,0.0145195,0.0346064,0.0446959
362,0.999485,127.006745338,0.0135417,0.0346991,0.0445963
363,0.999521,118.000946045,0.0138469,0.0382696,0.044497
364,0.999635,89.9992275238,0.00992445,0.025975,0.0443978
365,0.999525,117.001934052,0.0138353,0.033775,0.0442989
366,0.999546,112.006874084,0.0105515,0.0317424,0.0442002
367,0.999452,134.998841286,0.0151593,0.0391038,0.0441017
368,0.999481,128.005757332,0.0153843,0.0389941,0.0440034
369,0.999525,117.001934052,0.0157569,0.036009,0.0439054
370,0.999501,122.996006012,0.0122626,0.0366458,0.0438075
371,0.999525,117.001934052,0.0137042,0.0359629,0.0437099
372,0.999509,120.997982025,0.0131371,0.036403,0.0436125
373,0.999505,121.996994019,0.0108521,0.0347535,0.0435154
374,0.999513,119.998970032,0.0127707,0.0345156,0.0434184
375,0.999586,102.002062798,0.0114164,0.02911,0.0433217
376,0.999606,97.0070028305,0.0103422,0.0319094,0.0432251
377,0.999615,94.9942874908,0.00972664,0.0278984,0.0431288
378,0.999582,103.001074791,0.0120186,0.0339038,0.0430327
379,0.999615,94.9942874908,0.0105895,0.0291669,0.0429368
380,0.999582,103.001074791,0.0144887,0.0313742,0.0428411
381,0.999598,99.0050268173,0.0133131,0.0332889,0.0427457
382,0.99955,110.993170738,0.0115246,0.0352831,0.0426504
383,0.999611,95.9932994843,0.00953222,0.026292,0.0425554
384,0.99968,78.9954042435,0.00628941,0.0239441,0.0424606
385,0.999606,97.0070028305,0.00965151,0.0290487,0.042366
386,0.999574,104.999098778,0.010359,0.0329917,0.0422716
387,0.999521,118.000946045,0.0117817,0.032939,0.0421774
388,0.999574,104.999098778,0.0116903,0.0328912,0.0420834
389,0.999635,89.9992275238,0.00852646,0.0268799,0.0419896
390,0.999611,95.9932994843,0.0086571,0.0282095,0.0418961
391,0.999574,104.999098778,0.00988782,0.0314672,0.0418027
392,0.999611,95.9932994843,0.00915594,0.030345,0.0417096
393,0.999558,108.995146751,0.00953038,0.0326012,0.0416166
394,0.999501,122.996006012,0.0140153,0.0378404,0.0415239
395,0.999643,88.001203537,0.00937836,0.0278099,0.0414314
396,0.999598,99.0050268173,0.00952603,0.0310712,0.0413391
397,0.999546,112.006874084,0.0112286,0.0330514,0.0412469
398,0.999558,108.995146751,0.0109744,0.0296425,0.041155
399,0.999566,106.997122765,0.0108497,0.0318655,0.0410633
400,0.999615,94.9942874908,0.0085865,0.0261821,0.0409718
401,0.999623,92.996263504,0.00907516,0.027721,0.0408805
402,0.999635,89.9992275238,0.00738632,0.0258652,0.0407895
403,0.999606,97.0070028305,0.00941816,0.0277124,0.0406986
404,0.999635,89.9992275238,0.00843683,0.0271545,0.0406079
405,0.999639,89.0002155304,0.00835309,0.0308852,0.0405174
406,0.999704,73.001332283,0.00673577,0.024733,0.0404271
407,0.999655,85.0041675568,0.00864211,0.0263304,0.040337
408,0.999594,100.004038811,0.0102484,0.0296388,0.0402471
409,0.999554,109.994158745,0.0104556,0.0335314,0.0401575
410,0.999643,88.001203537,0.00746156,0.0270948,0.040068
411,0.999663,83.0061435699,0.00696448,0.0251953,0.0399787
412,0.99968,78.9954042435,0.00722254,0.0244326,0.0398896
413,0.999582,103.001074791,0.0103885,0.034388,0.0398007
414,0.999598,99.0050268173,0.0108864,0.0317036,0.0397121
415,0.999582,103.001074791,0.00927149,0.0313913,0.0396236
416,0.999521,118.000946045,0.00955924,0.0335207,0.0395353
417,0.999578,104.000086784,0.0084844,0.0293688,0.0394472
418,0.999639,89.0002155304,0.00703239,0.028185,0.0393593
419,0.999655,85.0041675568,0.00774016,0.0258209,0.0392716
420,0.999521,118.000946045,0.0120695,0.0353126,0.0391841
421,0.99959,101.003050804,0.00971821,0.0321527,0.0390968
422,0.999659,84.0051555634,0.00870033,0.0299675,0.0390097
423,0.999586,102.002062798,0.00856586,0.0298157,0.0389227
424,0.999647,87.0021915436,0.00662446,0.0259428,0.038836
425,0.999708,72.0023202896,0.00538696,0.0216633,0.0387495
426,0.999663,83.0061435699,0.00773219,0.025794,0.0386631
427,0.999606,97.0070028305,0.00738222,0.0291371,0.038577
428,0.999586,102.002062798,0.00921845,0.0310918,0.038491
429,0.999667,82.0071315765,0.00624397,0.0247055,0.0384053
430,0.99955,110.993170738,0.00927574,0.0326871,0.0383197
431,0.999651,86.0031795502,0.00791859,0.0279535,0.0382343
432,0.999647,87.0021915436,0.00730187,0.0269576,0.0381491
433,0.999606,97.0070028305,0.00822667,0.0297839,0.0380641
434,0.999647,87.0021915436,0.0070892,0.0258175,0.0379793
435,0.999647,87.0021915436,0.00719506,0.0247103,0.0378946
436,0.999692,75.9983682632,0.00600478,0.025883,0.0378102
437,0.999696,74.9993562698,0.00617629,0.0240565,0.037726
438,0.999671,80.9934282303,0.00785695,0.0264409,0.0376419
439,0.999712,71.0033082962,0.00592402,0.0223772,0.037558
440,0.999688,76.9973802567,0.00668479,0.0269275,0.0374743
441,0.999635,89.9992275238,0.00825006,0.0277214,0.0373908
442,0.999667,82.0071315765,0.00732744,0.0247067,0.0373075
443,0.999724,68.006272316,0.00483332,0.0224043,0.0372244
444,0.9997,74.0003442764,0.00503301,0.0220254,0.0371414
445,0.999704,73.001332283,0.00641315,0.0250354,0.0370587
446,0.9997,74.0003442764,0.00662839,0.0226086,0.0369761
447,0.999647,87.0021915436,0.00700464,0.0272335,0.0368937
448,0.999708,72.0023202896,0.00553938,0.0237672,0.0368115
449,0.999647,87.0021915436,0.00691597,0.0275574,0.0367295
450,0.999684,77.9963922501,0.00534853,0.0248086,0.0366477
451,0.999716,70.0042963028,0.00509707,0.0224194,0.036566
452,0.999659,84.0051555634,0.0079028,0.0294848,0.0364845
453,0.999712,71.0033082962,0.00710499,0.0232318,0.0364032
454,0.999704,73.001332283,0.00537038,0.022829,0.0363221
455,0.999611,95.9932994843,0.00890277,0.0300841,0.0362412
456,0.999615,94.9942874908,0.00701685,0.0271397,0.0361604
457,0.999639,89.0002155304,0.00850444,0.0277759,0.0360798
458,0.999623,92.996263504,0.00801139,0.0283088,0.0359994
459,0.999635,89.9992275238,0.00786961,0.0287381,0.0359192
460,0.999663,83.0061435699,0.00545741,0.0248305,0.0358392
461,0.999631,90.9982395172,0.00725708,0.0285744,0.0357593
462,0.999736,64.9945449829,0.00458386,0.0178636,0.0356797
463,0.999708,72.0023202896,0.00643141,0.025626,0.0356002
464,0.999602,98.0060148239,0.00974866,0.0297775,0.0355208
465,0.999647,87.0021915436,0.00849582,0.0277103,0.0354417
466,0.999744,62.9965209961,0.0050899,0.0184531,0.0353627
467,0.999732,65.9935569763,0.00418961,0.0219152,0.0352839
468,0.999667,82.0071315765,0.00701084,0.0277461,0.0352053
469,0.999663,83.0061435699,0.00866012,0.0278834,0.0351268
470,0.999688,76.9973802567,0.00675512,0.0235073,0.0350486
471,0.999688,76.9973802567,0.00529594,0.0220171,0.0349705
472,0.999761,59.0004730225,0.00392855,0.0217024,0.0348926
473,0.999643,88.001203537,0.00815843,0.0270278,0.0348148
474,0.999663,83.0061435699,0.00727575,0.0277332,0.0347372
475,0.999639,89.0002155304,0.00733989,0.0301999,0.0346598
476,0.999663,83.0061435699,0.00698702,0.0273101,0.0345826
477,0.999671,80.9934282303,0.00640425,0.0270608,0.0345055
478,0.999744,62.9965209961,0.00432264,0.020384,0.0344287
479,0.999619,93.9952754974,0.00634878,0.0279801,0.0343519
480,0.9997,74.0003442764,0.00642159,0.0234769,0.0342754
481,0.999675,79.9944162369,0.00739787,0.0280002,0.034199
482,0.9997,74.0003442764,0.00606953,0.0234049,0.0341228
483,0.999663,83.0061435699,0.00621425,0.0240763,0.0340468
484,0.99972,69.0052843094,0.00409562,0.0217075,0.0339709
485,0.999684,77.9963922501,0.00477939,0.0269702,0.0338952
486,0.999748,61.9975090027,0.00418572,0.0199943,0.0338197
487,0.999692,75.9983682632,0.00477693,0.0224099,0.0337443
488,0.999688,76.9973802567,0.0059595,0.0257871,0.0336692
489,0.99974,63.9955329895,0.00420461,0.018923,0.0335941
490,0.999712,71.0033082962,0.00577329,0.0243972,0.0335193
491,0.99974,63.9955329895,0.00443516,0.0234653,0.0334446
492,0.999761,59.0004730225,0.00376684,0.0195878,0.0333701
493,0.999748,61.9975090027,0.00528349,0.022441,0.0332957
494,0.999708,72.0023202896,0.00509548,0.0225662,0.0332215
495,0.999712,71.0033082962,0.00509545,0.0221679,0.0331475
496,0.999761,59.0004730225,0.00408806,0.0200404,0.0330736
497,0.99972,69.0052843094,0.00560566,0.0249986,0.0329999
498,0.999732,65.9935569763,0.00465792,0.0216361,0.0329264
499,0.999736,64.9945449829,0.00522563,0.0208716,0.032853
500,0.999748,61.9975090027,0.00327683,0.0189766,0.0327798
501,0.999659,84.0051555634,0.00752784,0.0263037,0.0327068
502,0.999696,74.9993562698,0.00527158,0.0270186,0.0326339
503,0.999704,73.001332283,0.00588615,0.0244486,0.0325612
504,0.999704,73.001332283,0.0047336,0.0237502,0.0324887
505,0.999761,59.0004730225,0.00479883,0.0221637,0.0324163
506,0.999753,60.9984970093,0.00430826,0.0210961,0.032344
507,0.999732,65.9935569763,0.00495299,0.0219948,0.032272
508,0.999809,46.9976377487,0.00341516,0.0162687,0.0322
509,0.999769,57.0024490356,0.00413392,0.02007,0.0321283
510,0.999724,68.006272316,0.00400493,0.0225426,0.0320567
511,0.999797,49.9946737289,0.00280731,0.0190854,0.0319853
512,0.999748,61.9975090027,0.0034576,0.0206948,0.031914
513,0.999732,65.9935569763,0.00438357,0.024312,0.0318429
514,0.999748,61.9975090027,0.00386787,0.0209784,0.031772
515,0.999744,62.9965209961,0.00522099,0.0230613,0.0317012
516,0.999724,68.006272316,0.00452833,0.0230271,0.0316305
517,0.999781,54.0054130554,0.00276723,0.0157279,0.03156
518,0.999716,70.0042963028,0.00585822,0.0232852,0.0314897
519,0.999696,74.9993562698,0.00496187,0.0228619,0.0314195
520,0.999757,59.9994850159,0.00426866,0.0200278,0.0313495
521,0.999692,75.9983682632,0.00517292,0.0223128,0.0312797
522,0.999761,59.0004730225,0.00440246,0.021597,0.03121
523,0.999696,74.9993562698,0.00523036,0.0248414,0.0311404
524,0.999765,58.0014610291,0.00495028,0.0214275,0.0310711
525,0.999757,59.9994850159,0.00469364,0.0198795,0.0310018
526,0.999744,62.9965209961,0.00365199,0.0182634,0.0309327
527,0.999765,58.0014610291,0.00375508,0.0198653,0.0308638
528,0.999716,70.0042963028,0.00423326,0.0214622,0.030795
529,0.999809,46.9976377487,0.00230158,0.0136754,0.0307264
530,0.999797,49.9946737289,0.00264373,0.0146081,0.030658
531,0.999789,51.9926977158,0.00342639,0.0156895,0.0305896
532,0.999793,50.9936857224,0.00336169,0.0195422,0.0305215
533,0.999797,49.9946737289,0.00314948,0.01761,0.0304535
534,0.999765,58.0014610291,0.00307679,0.0192,0.0303856
535,0.999773,56.0034370422,0.00321259,0.0206111,0.0303179
536,0.999785,53.006401062,0.00293077,0.0174763,0.0302504
537,0.999797,49.9946737289,0.00367033,0.0174875,0.030183
538,0.999757,59.9994850159,0.00413835,0.021448,0.0301157
539,0.999765,58.0014610291,0.00431575,0.0209443,0.0300486
540,0.999797,49.9946737289,0.00385526,0.0189816,0.0299816
541,0.999781,54.0054130554,0.00280052,0.0178867,0.0299148
542,0.999696,74.9993562698,0.00445596,0.021421,0.0298482
543,0.999744,62.9965209961,0.00383524,0.0214145,0.0297817
544,0.999736,64.9945449829,0.00460758,0.0218655,0.0297153
545,0.999769,57.0024490356,0.00431099,0.0210301,0.0296491
546,0.999736,64.9945449829,0.0038652,0.0226278,0.029583
547,0.999724,68.006272316,0.00412051,0.023025,0.0295171
548,0.999692,75.9983682632,0.00565639,0.0257278,0.0294513
549,0.999724,68.006272316,0.00412812,0.0231199,0.0293857
550,0.999716,70.0042963028,0.00450976,0.0237949,0.0293202
551,0.999781,54.0054130554,0.00294126,0.0201077,0.0292549
552,0.999781,54.0054130554,0.00319024,0.0181103,0.0291897
553,0.999724,68.006272316,0.0037195,0.0205526,0.0291247
554,0.999765,58.0014610291,0.00371887,0.0197157,0.0290598
555,0.999813,45.9986257553,0.00217699,0.0171579,0.028995
556,0.999736,64.9945449829,0.00465995,0.0234275,0.0289304
557,0.999761,59.0004730225,0.00371478,0.0200648,0.028866
558,0.999736,64.9945449829,0.00367565,0.0188439,0.0288016
559,0.999769,57.0024490356,0.00401835,0.0193925,0.0287375
560,0.999793,50.9936857224,0.00285353,0.0169976,0.0286734
561,0.999834,41.0035657883,0.00233262,0.0135185,0.0286095
562,0.99983,42.0025777817,0.00211584,0.0139745,0.0285458
563,0.999773,56.0034370422,0.00397251,0.0194836,0.0284822
564,0.999769,57.0024490356,0.00310138,0.0206214,0.0284187
565,0.999797,49.9946737289,0.00346277,0.0188181,0.0283554
566,0.999753,60.9984970093,0.00440007,0.0231059,0.0282922
567,0.999797,49.9946737289,0.00370464,0.0191129,0.0282292
568,0.999813,45.9986257553,0.00206274,0.0157641,0.0281663
569,0.999801,48.9956617355,0.00319565,0.0175659,0.0281035
570,0.999797,49.9946737289,0.00282668,0.0174956,0.0280409
571,0.999753,60.9984970093,0.00314604,0.020811,0.0279784
572,0.999773,56.0034370422,0.00375579,0.0181431,0.0279161
573,0.999773,56.0034370422,0.00271299,0.0194933,0.0278539
574,0.999781,54.0054130554,0.00262558,0.018857,0.0277918
575,0.999809,46.9976377487,0.00311669,0.0168287,0.0277299
576,0.99985,36.9928264618,0.00204797,0.0141557,0.0276681
577,0.999809,46.9976377487,0.00333973,0.0177256,0.0276064
578,0.999874,30.9987545013,0.00122935,0.0123883,0.0275449
579,0.999834,41.0035657883,0.00247708,0.0136422,0.0274836
580,0.999813,45.9986257553,0.00318224,0.0190943,0.0274223
581,0.999801,48.9956617355,0.00245193,0.0193854,0.0273612
582,0.999789,51.9926977158,0.0028794,0.0171801,0.0273002
583,0.999777,55.0044250488,0.00308129,0.0199388,0.0272394
584,0.999765,58.0014610291,0.00337168,0.019964,0.0271787
585,0.999793,50.9936857224,0.00241065,0.0174157,0.0271182
586,0.999793,50.9936857224,0.00348442,0.0173786,0.0270577
587,0.99983,42.0025777817,0.00255903,0.0157092,0.0269974
588,0.999777,55.0044250488,0.00294603,0.0189094,0.0269373
589,0.999842,39.0055418015,0.00226902,0.0144392,0.0268773
590,0.999817,44.9996137619,0.00252349,0.0175017,0.0268174
591,0.999834,41.0035657883,0.00185264,0.0153128,0.0267576
592,0.999834,41.0035657883,0.00200229,0.0158232,0.026698
593,0.99985,36.9928264618,0.0017968,0.0146295,0.0266385
594,0.999846,38.006529808,0.00193017,0.0144465,0.0265791
595,0.999813,45.9986257553,0.00277746,0.0162979,0.0265199
596,0.999817,44.9996137619,0.00244109,0.0156735,0.0264608
597,0.999805,47.9966497421,0.00286838,0.0159685,0.0264019
598,0.999854,35.9938144684,0.00190128,0.0125143,0.026343
599,0.999846,38.006529808,0.00178777,0.0134545,0.0262843
600,0.999862,33.9957904816,0.00167554,0.0142772,0.0262258
601,0.99983,42.0025777817,0.0024458,0.0174698,0.0261673
602,0.999866,32.9967784882,0.00229604,0.0156287,0.026109
603,0.999781,54.0054130554,0.00201696,0.0178585,0.0260509
604,0.99983,42.0025777817,0.00215664,0.0173519,0.0259928
605,0.999805,47.9966497421,0.00266791,0.017448,0.0259349
606,0.999834,41.0035657883,0.00264018,0.0160183,0.0258771
607,0.999821,44.0006017685,0.00173088,0.0162314,0.0258194
608,0.999809,46.9976377487,0.002271,0.0165321,0.0257619
609,0.999793,50.9936857224,0.00327969,0.0176697,0.0257045
610,0.999781,54.0054130554,0.00268691,0.0178192,0.0256472
611,0.999842,39.0055418015,0.00166874,0.0136456,0.0255901
612,0.99985,36.9928264618,0.00183688,0.0143473,0.0255331
613,0.999842,39.0055418015,0.00205008,0.0151071,0.0254762
614,0.999862,33.9957904816,0.00169145,0.0145326,0.0254194
615,0.999821,44.0006017685,0.00267356,0.0146069,0.0253628
616,0.999854,35.9938144684,0.00150658,0.0129969,0.0253062
617,0.999826,43.0015897751,0.00272713,0.0175324,0.0252499
618,0.999834,41.0035657883,0.00172538,0.0150192,0.0251936
619,0.999817,44.9996137619,0.00295133,0.0158011,0.0251375
620,0.999781,54.0054130554,0.0025277,0.0184346,0.0250814
621,0.999866,32.9967784882,0.00136072,0.0121875,0.0250256
622,0.999874,30.9987545013,0.00107014,0.0123907,0.0249698
623,0.999821,44.0006017685,0.00265278,0.0158457,0.0249142
624,0.999817,44.9996137619,0.00164611,0.0153218,0.0248586
625,0.999882,29.0007305145,0.00152462,0.0131085,0.0248033
626,0.999886,28.0017185211,0.00160646,0.0133978,0.024748
627,0.999834,41.0035657883,0.00199776,0.0168503,0.0246928
628,0.999846,38.006529808,0.0018513,0.01356,0.0246378
629,0.999842,39.0055418015,0.00191746,0.0133886,0.0245829
630,0.999821,44.0006017685,0.00232851,0.0172319,0.0245281
631,0.999838,40.0045537949,0.00186467,0.0150748,0.0244735
632,0.999842,39.0055418015,0.00214042,0.015189,0.024419
633,0.999862,33.9957904816,0.00168585,0.0138924,0.0243645
634,0.999854,35.9938144684,0.00156392,0.0137854,0.0243103
635,0.999842,39.0055418015,0.00146143,0.0142591,0.0242561
636,0.99985,36.9928264618,0.00198727,0.0141256,0.024202
637,0.999854,35.9938144684,0.00156274,0.0129011,0.0241481
638,0.999834,41.0035657883,0.00219266,0.0167233,0.0240943
639,0.99987,31.9977664948,0.001207,0.0116412,0.0240406
640,0.999903,24.0056705475,0.000881508,0.00958169,0.0239871
641,0.999882,29.0007305145,0.00121155,0.0115167,0.0239336
642,0.999903,24.0056705475,0.00110107,0.0116119,0.0238803
643,0.999878,29.9997425079,0.00101087,0.0123921,0.0238271
644,0.999834,41.0035657883,0.00177028,0.0156275,0.023774
645,0.99985,36.9928264618,0.0015255,0.0142751,0.023721
646,0.999809,46.9976377487,0.00195856,0.0170075,0.0236681
647,0.99985,36.9928264618,0.00199276,0.0149682,0.0236154
648,0.99989,27.0027065277,0.000934763,0.0107874,0.0235628
649,0.999874,30.9987545013,0.00189289,0.0128035,0.0235103
650,0.999858,34.994802475,0.00186037,0.014171,0.0234579
651,0.999842,39.0055418015,0.00129525,0.014227,0.0234056
652,0.99983,42.0025777817,0.00213774,0.0140166,0.0233535
653,0.999878,29.9997425079,0.00144374,0.0131981,0.0233014
654,0.99985,36.9928264618,0.00186801,0.0162633,0.0232495
655,0.99987,31.9977664948,0.00179861,0.0140101,0.0231977
656,0.999817,44.9996137619,0.00224972,0.0173913,0.023146
657,0.999874,30.9987545013,0.00096343,0.011696,0.0230944
658,0.99987,31.9977664948,0.00151923,0.0134409,0.023043
659,0.999842,39.0055418015,0.00180938,0.0148275,0.0229916
660,0.999878,29.9997425079,0.00102404,0.0110714,0.0229404
661,0.999894,26.0036945343,0.00137114,0.0145521,0.0228893
662,0.999899,25.0046825409,0.00123232,0.0112263,0.0228383
663,0.999821,44.0006017685,0.00273826,0.0173279,0.0227874
664,0.999866,32.9967784882,0.00122824,0.0120458,0.0227366
665,0.999915,20.9939432144,0.00060195,0.0111761,0.022686
666,0.99989,27.0027065277,0.000984277,0.0112979,0.0226354
667,0.99989,27.0027065277,0.00112001,0.0120985,0.022585
668,0.999858,34.994802475,0.00146614,0.015925,0.0225347
669,0.999878,29.9997425079,0.00110574,0.0123005,0.0224844
670,0.999882,29.0007305145,0.00108955,0.011868,0.0224343
671,0.999907,23.0066585541,0.000983996,0.0111641,0.0223844
672,0.99987,31.9977664948,0.0010133,0.0121265,0.0223345
673,0.999882,29.0007305145,0.00106161,0.00992019,0.0222847
674,0.999874,30.9987545013,0.00150891,0.0118485,0.0222351
675,0.999854,35.9938144684,0.00174726,0.0136613,0.0221855
676,0.999911,21.9929552078,0.000830375,0.0101896,0.0221361
677,0.999846,38.006529808,0.00196019,0.0171789,0.0220868
678,0.999866,32.9967784882,0.000932829,0.0114797,0.0220375
679,0.999915,20.9939432144,0.000897615,0.0110453,0.0219884
680,0.999907,23.0066585541,0.000710048,0.0100585,0.0219394
681,0.999878,29.9997425079,0.00123414,0.0127235,0.0218906
682,0.999874,30.9987545013,0.00136374,0.0141182,0.0218418
683,0.99983,42.0025777817,0.00182444,0.0169617,0.0217931
684,0.99989,27.0027065277,0.00100478,0.00966341,0.0217445
685,0.99987,31.9977664948,0.00141749,0.0129995,0.0216961
686,0.999894,26.0036945343,0.00130781,0.0118461,0.0216477
687,0.999907,23.0066585541,0.000928336,0.00931911,0.0215995
688,0.999939,14.999871254,0.000492613,0.00770629,0.0215514
689,0.999911,21.9929552078,0.000980132,0.011474,0.0215034
690,0.99987,31.9977664948,0.00126921,0.0131967,0.0214554
691,0.999915,20.9939432144,0.000682293,0.00973445,0.0214076
692,0.999899,25.0046825409,0.00105951,0.0118673,0.0213599
693,0.999899,25.0046825409,0.000788323,0.0101886,0.0213123
694,0.999894,26.0036945343,0.000854625,0.0116029,0.0212649
695,0.999854,35.9938144684,0.00159794,0.0123552,0.0212175
696,0.999882,29.0007305145,0.00111534,0.0106107,0.0211702
697,0.999899,25.0046825409,0.00083972,0.0114188,0.021123
698,0.999907,23.0066585541,0.000960713,0.010764,0.021076
699,0.999894,26.0036945343,0.00122288,0.0132326,0.021029
700,0.999878,29.9997425079,0.000904236,0.0119597,0.0209821
701,0.999899,25.0046825409,0.000917068,0.0117019,0.0209354
702,0.999903,24.0056705475,0.000751599,0.010985,0.0208887
703,0.999923,18.9959192276,0.000475754,0.00938876,0.0208422
704,0.999862,33.9957904816,0.00109245,0.0134064,0.0207957
705,0.999899,25.0046825409,0.00116374,0.0117462,0.0207494
706,0.999915,20.9939432144,0.000736877,0.00988448,0.0207032
707,0.999907,23.0066585541,0.000803386,0.0125253,0.020657
708,0.999874,30.9987545013,0.00179981,0.0119062,0.020611
709,0.999907,23.0066585541,0.000620853,0.0107082,0.0205651
710,0.999886,28.0017185211,0.00115623,0.0128747,0.0205193
711,0.999911,21.9929552078,0.000852735,0.0097053,0.0204735
712,0.999894,26.0036945343,0.00120965,0.0112684,0.0204279
713,0.999911,21.9929552078,0.00113626,0.0109505,0.0203824
714,0.999882,29.0007305145,0.000741097,0.0124655,0.020337
715,0.999894,26.0036945343,0.000891651,0.0118875,0.0202917
716,0.999927,17.9969072342,0.000537908,0.00941792,0.0202465
717,0.999939,14.999871254,0.000391502,0.00855494,0.0202013
718,0.99989,27.0027065277,0.00142616,0.0105728,0.0201563
719,0.999935,15.9988832474,0.000593128,0.00755341,0.0201114
720,0.999911,21.9929552078,0.000581647,0.00903559,0.0200666
721,0.999927,17.9969072342,0.000322163,0.00813234,0.0200219
722,0.999915,20.9939432144,0.00097222,0.0107712,0.0199773
723,0.999943,14.0008592606,0.000507729,0.00812245,0.0199328
724,0.999959,10.0048112869,0.000197104,0.00701049,0.0198884
725,0.999963,9.00579929352,0.000216528,0.00511237,0.019844
726,0.999943,14.0008592606,0.000362493,0.00819838,0.0197998
727,0.999915,20.9939432144,0.00104714,0.0112339,0.0197557
728,0.999951,12.0028352737,0.00056417,0.00714448,0.0197117
729,0.999963,9.00579929352,0.000214377,0.00554325,0.0196678
730,0.999943,14.0008592606,0.000432121,0.00918031,0.0196239
731,0.999915,20.9939432144,0.000600155,0.0094292,0.0195802
732,0.999943,14.0008592606,0.000484141,0.00742749,0.0195366
733,0.999947,13.0018472672,0.000663919,0.00935031,0.0194931
734,0.999951,12.0028352737,0.000287638,0.00809783,0.0194496
735,0.999919,19.994931221,0.000548337,0.0097685,0.0194063
736,0.999919,19.994931221,0.000541564,0.0102672,0.019363
737,0.999919,19.994931221,0.00045729,0.012497,0.0193199
738,0.999894,26.0036945343,0.000823956,0.0127265,0.0192768
739,0.999935,15.9988832474,0.00058554,0.00757494,0.0192339
740,0.999935,15.9988832474,0.000315584,0.00734668,0.019191
741,0.999927,17.9969072342,0.000490955,0.00875174,0.0191483
742,0.999951,12.0028352737,0.000332173,0.00740961,0.0191056
743,0.999899,25.0046825409,0.000848847,0.0115015,0.019063
744,0.999951,12.0028352737,0.000295307,0.00707718,0.0190206
745,0.999935,15.9988832474,0.000559975,0.00897368,0.0189782
746,0.999943,14.0008592606,0.000744823,0.00805205,0.0189359
747,0.999931,16.9978952408,0.000397724,0.00799755,0.0188937
748,0.999927,17.9969072342,0.000434827,0.00939351,0.0188516
749,0.999939,14.999871254,0.000271259,0.00711419,0.0188096
750,0.999963,9.00579929352,0.000399533,0.00638684,0.0187677
751,0.999972,6.99308395386,0.000138976,0.00620726,0.0187259
752,0.999947,13.0018472672,0.000482873,0.00916346,0.0186841
753,0.999947,13.0018472672,0.000316712,0.00848574,0.0186425
754,0.999947,13.0018472672,0.000159235,0.00704518,0.018601
755,0.999951,12.0028352737,0.000276718,0.00796421,0.0185595
756,0.999959,10.0048112869,0.000140856,0.00639089,0.0185182
757,0.999963,9.00579929352,0.000212446,0.00645432,0.0184769
758,0.999919,19.994931221,0.00065697,0.00998492,0.0184357
759,0.999935,15.9988832474,0.000396295,0.00778314,0.0183946
760,0.999927,17.9969072342,0.00063445,0.00951559,0.0183537
761,0.999955,11.0038232803,0.000321374,0.00656332,0.0183128
762,0.999947,13.0018472672,0.000354492,0.00820431,0.018272
763,0.999943,14.0008592606,0.000462839,0.009124,0.0182312
764,0.999931,16.9978952408,0.000335974,0.0104928,0.0181906
765,0.999903,24.0056705475,0.000752619,0.0112856,0.0181501
766,0.999943,14.0008592606,0.000284799,0.00810189,0.0181096
767,0.999943,14.0008592606,0.000274286,0.00593957,0.0180693
768,0.999959,10.0048112869,0.000244051,0.00672349,0.018029
769,0.999968,8.00678730011,0.000330565,0.00665562,0.0179889
770,0.999968,8.00678730011,0.000233965,0.00600525,0.0179488
771,0.999951,12.0028352737,0.000331374,0.00868952,0.0179088
772,0.999955,11.0038232803,0.000452282,0.00704838,0.0178689
773,0.999984,3.99604797363,0.000132831,0.00469483,0.0178291
774,0.999959,10.0048112869,0.000408882,0.00767529,0.0177893
775,0.999935,15.9988832474,0.000321899,0.00850279,0.0177497
776,0.999907,23.0066585541,0.000799339,0.00931819,0.0177101
777,0.999939,14.999871254,0.000459327,0.00724616,0.0176707
778,0.999955,11.0038232803,0.000132599,0.00741408,0.0176313
779,0.99998,4.99505996704,6.72885e-05,0.00442305,0.017592
780,0.999992,1.99802398682,1.88365e-05,0.0025011,0.0175528
781,0.99998,4.99505996704,0.000258441,0.00479801,0.0175137
782,0.999963,9.00579929352,0.000173583,0.00709648,0.0174747
783,0.999988,2.99703598022,8.21795e-05,0.00451369,0.0174357
784,0.999951,12.0028352737,0.000324033,0.00651272,0.0173969
785,0.999935,15.9988832474,0.000510142,0.00908418,0.0173581
786,0.999947,13.0018472672,0.000391992,0.00826454,0.0173195
787,0.999947,13.0018472672,0.00032899,0.00705026,0.0172809
788,0.999907,23.0066585541,0.000821838,0.0107327,0.0172424
789,0.999939,14.999871254,0.000465608,0.00838002,0.0172039
790,0.999951,12.0028352737,0.000361148,0.00867688,0.0171656
791,0.999951,12.0028352737,0.000192981,0.00685043,0.0171274
792,0.999976,5.99407196045,7.10452e-05,0.00588089,0.0170892
793,0.999959,10.0048112869,0.000218836,0.00571724,0.0170511
794,0.999976,5.99407196045,0.000122003,0.00602102,0.0170131
795,0.999955,11.0038232803,0.00034958,0.00762411,0.0169752
796,0.999955,11.0038232803,0.000159142,0.00680116,0.0169374
797,0.999955,11.0038232803,0.000251888,0.00716345,0.0168996
798,0.999947,13.0018472672,0.000356788,0.0081466,0.016862
799,0.999955,11.0038232803,0.000248094,0.0074571,0.0168244
800,0.999959,10.0048112869,0.000366722,0.00732324,0.0167869
801,0.999968,8.00678730011,0.000233979,0.00823769,0.0167495
802,0.999955,11.0038232803,0.000337737,0.00631289,0.0167122
803,0.999963,9.00579929352,0.000163685,0.00662694,0.016675
804,0.99998,4.99505996704,5.02247e-05,0.00440946,0.0166378
805,0.999984,3.99604797363,6.99428e-05,0.00415351,0.0166007
806,0.999992,1.99802398682,1.54658e-05,0.0040937,0.0165637
807,0.999992,1.99802398682,4.37567e-05,0.00321094,0.0165268
808,0.99998,4.99505996704,8.46155e-05,0.00432979,0.01649
809,0.999984,3.99604797363,3.12575e-05,0.00436049,0.0164533
810,0.999959,10.0048112869,0.000323754,0.00706398,0.0164166
811,0.99998,4.99505996704,0.000191965,0.00470701,0.01638
812,0.999984,3.99604797363,7.66713e-05,0.0053505,0.0163435
813,0.999988,2.99703598022,8.60586e-05,0.00497782,0.0163071
814,0.999988,2.99703598022,9.81067e-05,0.00317323,0.0162708
815,0.999984,3.99604797363,6.3241e-05,0.00433682,0.0162345
816,0.999992,1.99802398682,5.45795e-05,0.00424113,0.0161983
817,0.999943,14.0008592606,0.00028934,0.00855973,0.0161623
818,0.999963,9.00579929352,0.000153198,0.00581884,0.0161262
819,0.999976,5.99407196045,0.000216262,0.00386688,0.0160903
820,0.999968,8.00678730011,0.000278082,0.00616756,0.0160545
821,0.999988,2.99703598022,3.64564e-05,0.00415202,0.0160187
822,0.999988,2.99703598022,8.83732e-05,0.0028316,0.015983
823,0.99998,4.99505996704,7.9526e-05,0.00483846,0.0159474
824,0.999976,5.99407196045,6.68574e-05,0.00480168,0.0159118
825,0.999992,1.99802398682,3.07177e-05,0.00517925,0.0158764
826,0.999976,5.99407196045,0.000134776,0.00548664,0.015841
827,0.999968,8.00678730011,0.000128326,0.00579458,0.0158057
828,0.999976,5.99407196045,0.00030996,0.00700613,0.0157705
829,0.999963,9.00579929352,0.000223942,0.0071489,0.0157353
830,0.999959,10.0048112869,0.000180434,0.00866455,0.0157003
831,0.999992,1.99802398682,6.6586e-05,0.00257112,0.0156653
832,0.99998,4.99505996704,4.47918e-05,0.00341454,0.0156304
833,0.999996,0.999011993408,4.1324e-06,0.00143969,0.0155956
834,0.999992,1.99802398682,1.75142e-05,0.00252272,0.0155608
835,1.0,0.0,3.15378e-06,0.00293385,0.0155261
1.0,3.15378e-06,2774.653688430786,0.335938,0.007456917345,0.000610907462819
