4,80,0.3,2,1000, .1 
0,0.510082,120755.00174,1.43416e+06,278.245,0.0999995
1,0.935792,15825.9954071,2066.12,6.03401,0.0988032
2,0.993829,1520.99575996,30.8075,0.738387,0.0976211
3,0.998122,462.997984886,0.896256,0.171178,0.0964532
4,0.998896,271.995706558,0.278473,0.115831,0.0952993
5,0.998953,257.994847298,0.227761,0.111827,0.0941591
6,0.998945,259.992871284,0.235068,0.111163,0.0930326
7,0.999067,229.993128777,0.178179,0.0957819,0.0919196
8,0.999103,221.002020836,0.172292,0.103591,0.0908199
9,0.998969,253.998799324,0.214628,0.11634,0.0897334
10,0.999055,233.00485611,0.160783,0.0946114,0.0886598
11,0.999144,210.997209549,0.139786,0.0912857,0.0875992
12,0.998986,250.00275135,0.189918,0.10757,0.0865511
13,0.998994,248.004727364,0.183933,0.100034,0.0855157
14,0.999075,227.99510479,0.15592,0.0944896,0.0844926
15,0.999018,241.99596405,0.177268,0.0975187,0.0834818
16,0.999083,225.997080803,0.167204,0.0921683,0.082483
17,0.999111,219.003996849,0.153364,0.0912819,0.0814962
18,0.999237,188.005242348,0.112823,0.0825089,0.0805212
19,0.999266,180.997467041,0.137172,0.0838586,0.0795579
20,0.999099,222.001032829,0.150078,0.0921516,0.0786061
21,0.99918,202.006101608,0.122813,0.083533,0.0776656
22,0.999172,204.004125595,0.134343,0.0878555,0.0767365
23,0.999249,184.993515015,0.116911,0.0838459,0.0758184
24,0.999209,194.998326302,0.130745,0.0898229,0.0749114
25,0.999156,208.000173569,0.131738,0.0927938,0.0740152
26,0.999266,180.997467041,0.0976876,0.0790117,0.0731297
27,0.999217,193.000302315,0.122962,0.0826709,0.0722548
28,0.999201,196.996350288,0.126368,0.0832262,0.0713903
29,0.999339,163.000559807,0.0933008,0.0744008,0.0705362
30,0.999278,178.000431061,0.0969046,0.0778913,0.0696924
31,0.999197,197.995362282,0.134575,0.0889744,0.0688586
32,0.99929,175.003395081,0.0882234,0.0750633,0.0680348
33,0.999286,176.002407074,0.0934704,0.078004,0.0672208
34,0.999314,168.994631767,0.0869356,0.0705082,0.0664166
35,0.999266,180.997467041,0.094611,0.0772333,0.065622
36,0.999254,183.994503021,0.104791,0.0756805,0.064837
37,0.999262,181.996479034,0.0945611,0.0791753,0.0640613
38,0.999221,192.001290321,0.104947,0.0846236,0.0632949
39,0.99929,175.003395081,0.0905419,0.0767694,0.0625376
40,0.999314,168.994631767,0.0775831,0.077177,0.0617894
41,0.999343,162.001547813,0.0727754,0.0748197,0.0610502
42,0.999294,174.004383087,0.0888614,0.0731251,0.0603198
43,0.999436,138.994889259,0.0733336,0.0702326,0.0595982
44,0.999347,161.00253582,0.0863786,0.0740129,0.0588852
45,0.999432,139.993901253,0.0713094,0.0674477,0.0581807
46,0.999432,139.993901253,0.0614527,0.0666281,0.0574846
47,0.99946,133.000817299,0.0614818,0.067029,0.0567969
48,0.999456,133.999829292,0.0697808,0.067247,0.0561174
49,0.999391,149.99871254,0.0854135,0.076441,0.055446
50,0.999542,113.005886078,0.0478461,0.0594328,0.0547827
51,0.999371,154.993772507,0.0689973,0.0779774,0.0541273
52,0.999501,122.996006012,0.0529124,0.0633373,0.0534797
53,0.999505,121.996994019,0.0520419,0.0584119,0.0528399
54,0.999473,130.003781319,0.0532697,0.0688023,0.0522078
55,0.999424,142.006616592,0.0480306,0.0656445,0.0515832
56,0.999598,99.0050268173,0.0339422,0.0506082,0.050966
57,0.99944,137.995877266,0.0560922,0.0643995,0.0503563
58,0.999537,114.004898071,0.0488843,0.0585636,0.0497538
59,0.999456,133.999829292,0.065681,0.0694825,0.0491586
60,0.999509,120.997982025,0.0539687,0.0574254,0.0485705
61,0.999456,133.999829292,0.0519733,0.0651773,0.0479894
62,0.999505,121.996994019,0.0525287,0.0658786,0.0474153
63,0.999513,119.998970032,0.0366374,0.0536053,0.046848
64,0.999509,120.997982025,0.0516017,0.0601777,0.0462875
65,0.999558,108.995146751,0.0455036,0.0618153,0.0457338
66,0.99955,110.993170738,0.0380386,0.055895,0.0451866
67,0.99946,133.000817299,0.0541887,0.0694669,0.044646
68,0.999578,104.000086784,0.0378484,0.0538297,0.0441119
69,0.999619,93.9952754974,0.0323174,0.0519105,0.0435842
70,0.999639,89.0002155304,0.0302252,0.0475297,0.0430627
71,0.999529,116.002922058,0.0427935,0.0629762,0.0425475
72,0.99955,110.993170738,0.0436986,0.0595725,0.0420385
73,0.999562,107.996134758,0.0335694,0.060802,0.0415356
74,0.999594,100.004038811,0.0343,0.0550041,0.0410387
75,0.999606,97.0070028305,0.0286292,0.0500712,0.0405477
76,0.999659,84.0051555634,0.0278288,0.0473399,0.0400626
77,0.999647,87.0021915436,0.0286759,0.0485423,0.0395833
78,0.999667,82.0071315765,0.0205674,0.0406931,0.0391097
79,0.999586,102.002062798,0.0385818,0.0560797,0.0386418
80,0.99968,78.9954042435,0.0225087,0.0448467,0.0381795
81,0.999675,79.9944162369,0.0257014,0.0411139,0.0377228
82,0.999667,82.0071315765,0.0279382,0.0491541,0.0372715
83,0.999647,87.0021915436,0.0242343,0.0492825,0.0368256
84,0.9997,74.0003442764,0.0200044,0.0451704,0.036385
85,0.9997,74.0003442764,0.0222437,0.0468659,0.0359497
86,0.999716,70.0042963028,0.022945,0.0461863,0.0355196
87,0.999675,79.9944162369,0.0223833,0.0463035,0.0350947
88,0.999684,77.9963922501,0.0259581,0.0471133,0.0346748
89,0.999667,82.0071315765,0.0240038,0.0487429,0.03426
90,0.999684,77.9963922501,0.0199703,0.0468047,0.0338501
91,0.999688,76.9973802567,0.0175903,0.0413567,0.0334451
92,0.999757,59.9994850159,0.0142706,0.0386953,0.033045
93,0.999692,75.9983682632,0.0227031,0.0501144,0.0326496
94,0.999781,54.0054130554,0.0136788,0.040315,0.032259
95,0.999757,59.9994850159,0.0122132,0.0392822,0.0318731
96,0.999769,57.0024490356,0.0121459,0.0328904,0.0314918
97,0.999769,57.0024490356,0.0193289,0.0392565,0.031115
98,0.999728,67.0072603226,0.0169203,0.0398225,0.0307428
99,0.999736,64.9945449829,0.0186434,0.0395954,0.030375
100,0.999769,57.0024490356,0.0141665,0.0387189,0.0300116
101,0.999797,49.9946737289,0.0106476,0.035115,0.0296525
102,0.999781,54.0054130554,0.012998,0.0447155,0.0292978
103,0.999793,50.9936857224,0.0108621,0.0336995,0.0289473
104,0.999748,61.9975090027,0.0145563,0.0390003,0.028601
105,0.999712,71.0033082962,0.0160737,0.0447662,0.0282588
106,0.999801,48.9956617355,0.010527,0.041463,0.0279207
107,0.999797,49.9946737289,0.00965278,0.0337052,0.0275867
108,0.999744,62.9965209961,0.0129266,0.0404672,0.0272566
109,0.999785,53.006401062,0.0108201,0.0338881,0.0269305
110,0.999813,45.9986257553,0.00676303,0.0322644,0.0266084
111,0.999838,40.0045537949,0.00770169,0.0319241,0.02629
112,0.999813,45.9986257553,0.00998771,0.0323298,0.0259755
113,0.999862,33.9957904816,0.00393558,0.0281849,0.0256647
114,0.999862,33.9957904816,0.0084407,0.0331716,0.0253577
115,0.999874,30.9987545013,0.00518873,0.0264977,0.0250543
116,0.999842,39.0055418015,0.00755981,0.0309356,0.0247546
117,0.999821,44.0006017685,0.0079512,0.030695,0.0244584
118,0.999817,44.9996137619,0.00612514,0.0310273,0.0241658
119,0.999858,34.994802475,0.00597632,0.027629,0.0238767
120,0.99985,36.9928264618,0.00687977,0.0298065,0.023591
121,0.999882,29.0007305145,0.00420694,0.022184,0.0233088
122,0.999894,26.0036945343,0.00331611,0.0248963,0.0230299
123,0.999907,23.0066585541,0.00324088,0.022011,0.0227544
124,0.999907,23.0066585541,0.00455887,0.0263363,0.0224822
125,0.999878,29.9997425079,0.00503663,0.0332071,0.0222132
126,0.999911,21.9929552078,0.00274653,0.0165471,0.0219475
127,0.999927,17.9969072342,0.00333724,0.021392,0.0216849
128,0.999878,29.9997425079,0.00394684,0.0245127,0.0214255
129,0.999854,35.9938144684,0.00505848,0.0275075,0.0211691
130,0.999842,39.0055418015,0.00480458,0.0287616,0.0209159
131,0.999907,23.0066585541,0.00375664,0.0229308,0.0206656
132,0.999894,26.0036945343,0.00413806,0.025065,0.0204184
133,0.999947,13.0018472672,0.00196049,0.0202511,0.0201741
134,0.999882,29.0007305145,0.00335399,0.0243333,0.0199328
135,0.999947,13.0018472672,0.00118902,0.0130461,0.0196943
136,0.999915,20.9939432144,0.00219137,0.0207828,0.0194587
137,0.999943,14.0008592606,0.00167194,0.0177439,0.0192259
138,0.999939,14.999871254,0.00209122,0.0198235,0.0189959
139,0.999911,21.9929552078,0.00353556,0.0212586,0.0187686
140,0.999947,13.0018472672,0.00133635,0.0168067,0.0185441
141,0.999939,14.999871254,0.00157159,0.017443,0.0183222
142,0.999968,8.00678730011,0.000711209,0.0106541,0.018103
143,0.999968,8.00678730011,0.000690063,0.0143152,0.0178864
144,0.999947,13.0018472672,0.000489505,0.0143115,0.0176725
145,0.999919,19.994931221,0.00207005,0.0197032,0.017461
146,0.999947,13.0018472672,0.00134892,0.0176996,0.0172521
147,0.999951,12.0028352737,0.00157866,0.0167519,0.0170457
148,0.999972,6.99308395386,0.000424033,0.0118046,0.0168418
149,0.999984,3.99604797363,0.000255686,0.00672204,0.0166403
150,0.999992,1.99802398682,0.000103215,0.00656164,0.0164412
151,0.999984,3.99604797363,6.16765e-05,0.00615878,0.0162445
152,0.999992,1.99802398682,6.65305e-05,0.00618009,0.0160502
153,1.0,0.0,0.0,0.0,0.0158582
1.0,0.0,510.5494532585144,2.8595,0.00823411566141,0.000790319637479
