34,80,0.8,2,1000, .1 
0,0.496969,123986.996527,1.81766e+06,310.183,0.0999999
1,0.952872,11615.997262,2317.84,5.85279,0.0997771
2,0.992681,1803.9952898,48.1937,0.913035,0.0995548
3,0.997765,550.999188423,2.22364,0.22192,0.0993329
4,0.998576,351.005802155,0.434179,0.141829,0.0991116
5,0.998767,303.993473053,0.316516,0.134894,0.0988908
6,0.998649,332.994203568,0.343775,0.147858,0.0986704
7,0.998596,345.996050835,0.393085,0.141947,0.0984505
8,0.998722,314.997296333,0.336819,0.144074,0.0982312
9,0.998722,314.997296333,0.333323,0.138128,0.0980123
10,0.998775,301.995449066,0.313411,0.133766,0.0977939
11,0.998815,292.005329132,0.309357,0.130411,0.097576
12,0.998779,300.996437073,0.25731,0.129322,0.0973586
13,0.998612,342.000002861,0.3885,0.144654,0.0971416
14,0.998763,305.007176399,0.321977,0.143141,0.0969252
15,0.99875,308.004212379,0.367454,0.139756,0.0967092
16,0.998742,310.002236366,0.296095,0.136429,0.0964937
17,0.998694,322.00507164,0.324806,0.134926,0.0962787
18,0.998779,300.996437073,0.286303,0.129809,0.0960642
19,0.998556,356.000862122,0.380289,0.151601,0.0958501
20,0.998888,273.993730545,0.306179,0.127422,0.0956365
21,0.998746,309.003224373,0.300485,0.135888,0.0954235
22,0.998783,299.997425079,0.289663,0.136074,0.0952108
23,0.998706,318.993344307,0.327847,0.14479,0.0949987
24,0.998803,295.002365112,0.261332,0.130504,0.094787
25,0.998758,306.006188393,0.336584,0.134041,0.0945758
26,0.998832,287.994589806,0.284545,0.127998,0.0943651
27,0.998669,327.9991436,0.345507,0.134957,0.0941548
28,0.998905,269.997682571,0.27501,0.12399,0.093945
29,0.998828,288.993601799,0.268963,0.127372,0.0937357
30,0.998852,282.999529839,0.291004,0.129045,0.0935268
31,0.998673,327.000131607,0.348693,0.144505,0.0933184
32,0.998718,315.996308327,0.346038,0.136797,0.0931105
33,0.998803,295.002365112,0.300177,0.12913,0.092903
34,0.998775,301.995449066,0.290978,0.130975,0.092696
35,0.998803,295.002365112,0.291207,0.138418,0.0924894
36,0.998819,291.006317139,0.289902,0.130075,0.0922833
37,0.998754,307.005200386,0.318427,0.138894,0.0920777
38,0.998746,309.003224373,0.281303,0.13124,0.0918726
39,0.999006,244.993000031,0.215436,0.116851,0.0916678
40,0.998856,282.000517845,0.294064,0.13185,0.0914636
41,0.998961,255.996823311,0.225426,0.119633,0.0912598
42,0.998823,290.007305145,0.291358,0.130986,0.0910564
43,0.998856,282.000517845,0.279289,0.129548,0.0908535
44,0.998791,297.999401093,0.304008,0.133916,0.0906511
45,0.998828,288.993601799,0.292843,0.132057,0.0904491
46,0.998791,297.999401093,0.281604,0.131069,0.0902476
47,0.998791,297.999401093,0.300465,0.135152,0.0900465
48,0.998783,299.997425079,0.298595,0.134171,0.0898458
49,0.998718,315.996308327,0.326784,0.137595,0.0896456
50,0.998706,318.993344307,0.327754,0.143025,0.0894459
51,0.998815,292.005329132,0.3057,0.127548,0.0892466
52,0.999038,237.000904083,0.227039,0.116074,0.0890477
53,0.998811,293.004341125,0.245765,0.132546,0.0888493
54,0.998969,253.998799324,0.236782,0.11887,0.0886513
55,0.998754,307.005200386,0.312202,0.132427,0.0884538
56,0.998722,314.997296333,0.312228,0.143036,0.0882567
57,0.998722,314.997296333,0.307961,0.138692,0.08806
58,0.998844,284.997553825,0.267854,0.124241,0.0878638
59,0.998763,305.007176399,0.279796,0.134999,0.087668
60,0.998795,297.000389099,0.280009,0.12907,0.0874727
61,0.998953,257.994847298,0.230284,0.110993,0.0872778
62,0.998978,252.000775337,0.246889,0.112586,0.0870833
63,0.998896,271.995706558,0.218108,0.122219,0.0868893
64,0.998937,262.005586624,0.23933,0.120407,0.0866957
65,0.999002,246.006703377,0.241727,0.114552,0.0865025
66,0.99873,312.999272346,0.289266,0.132094,0.0863097
67,0.998823,290.007305145,0.283787,0.126932,0.0861174
68,0.998868,279.003481865,0.237768,0.121426,0.0859255
69,0.998974,252.999787331,0.228554,0.104125,0.0857341
70,0.999014,242.994976044,0.20413,0.109903,0.085543
71,0.999002,246.006703377,0.21944,0.110902,0.0853524
72,0.998767,303.993473053,0.272596,0.127166,0.0851622
73,0.998832,287.994589806,0.276502,0.127317,0.0849725
74,0.998998,247.00571537,0.229531,0.108363,0.0847831
75,0.998892,272.994718552,0.26399,0.119393,0.0845942
76,0.999099,222.001032829,0.179164,0.100378,0.0844057
77,0.998949,258.993859291,0.246235,0.11627,0.0842177
78,0.99899,249.003739357,0.213695,0.109338,0.08403
79,0.998961,255.996823311,0.23099,0.116355,0.0838428
80,0.998978,252.000775337,0.215956,0.111301,0.0836559
81,0.998888,273.993730545,0.253194,0.119845,0.0834695
82,0.998986,250.00275135,0.22175,0.113877,0.0832835
83,0.998982,251.001763344,0.213797,0.107729,0.083098
84,0.999071,228.994116783,0.209733,0.110033,0.0829128
85,0.999002,246.006703377,0.223931,0.112068,0.0827281
86,0.99884,285.996565819,0.235101,0.128712,0.0825437
87,0.998925,265.002622604,0.242981,0.115879,0.0823598
88,0.998941,261.006574631,0.24205,0.119989,0.0821763
89,0.998986,250.00275135,0.210093,0.110996,0.0819932
90,0.998888,273.993730545,0.236734,0.121781,0.0818105
91,0.998969,253.998799324,0.241149,0.115532,0.0816282
92,0.998896,271.995706558,0.241951,0.125293,0.0814463
93,0.998933,263.004598618,0.255763,0.124464,0.0812648
94,0.998974,252.999787331,0.182714,0.114263,0.0810837
95,0.998969,253.998799324,0.216864,0.114163,0.0809031
96,0.999063,231.006832123,0.188074,0.111764,0.0807228
97,0.99912,217.005972862,0.18055,0.104608,0.0805429
98,0.99888,276.006445885,0.25435,0.129251,0.0803635
99,0.998941,261.006574631,0.228862,0.115859,0.0801844
100,0.998791,297.999401093,0.285516,0.132584,0.0800057
101,0.99899,249.003739357,0.218988,0.115991,0.0798275
102,0.998994,248.004727364,0.220799,0.111848,0.0796496
103,0.998998,247.00571537,0.202711,0.107921,0.0794721
104,0.999075,227.99510479,0.198153,0.101686,0.079295
105,0.999006,244.993000031,0.216172,0.117616,0.0791183
106,0.998876,277.005457878,0.25903,0.127828,0.078942
107,0.999018,241.99596405,0.194011,0.1048,0.0787661
108,0.999014,242.994976044,0.189772,0.109013,0.0785906
109,0.999034,237.999916077,0.194459,0.10184,0.0784155
110,0.998957,256.995835304,0.226102,0.119267,0.0782408
111,0.999026,239.997940063,0.189803,0.106371,0.0780664
112,0.998978,252.000775337,0.24436,0.117383,0.0778925
113,0.999043,236.00189209,0.213918,0.104539,0.0777189
114,0.999164,206.002149582,0.142304,0.0938269,0.0775458
115,0.999116,218.004984856,0.164996,0.101423,0.077373
116,0.998909,268.998670578,0.218425,0.12159,0.0772006
117,0.999099,222.001032829,0.183777,0.102631,0.0770285
118,0.998901,270.996694565,0.257938,0.129419,0.0768569
119,0.999091,223.999056816,0.166644,0.102249,0.0766857
120,0.998949,258.993859291,0.208703,0.113177,0.0765148
121,0.999107,220.003008842,0.172182,0.101699,0.0763443
122,0.999063,231.006832123,0.187688,0.107991,0.0761742
123,0.999002,246.006703377,0.188993,0.112745,0.0760044
124,0.99888,276.006445885,0.220528,0.118409,0.0758351
125,0.999124,216.006960869,0.157178,0.101896,0.0756661
126,0.999059,232.005844116,0.197416,0.115773,0.0754975
127,0.999022,240.996952057,0.196527,0.109583,0.0753293
128,0.999075,227.99510479,0.17738,0.0992996,0.0751614
129,0.99912,217.005972862,0.13295,0.099645,0.074994
130,0.999075,227.99510479,0.215163,0.110027,0.0748269
131,0.999067,229.993128777,0.192321,0.108136,0.0746601
132,0.999075,227.99510479,0.165533,0.10585,0.0744938
133,0.999051,234.003868103,0.1614,0.102903,0.0743278
134,0.999091,223.999056816,0.178285,0.10562,0.0741622
135,0.998852,282.999529839,0.259126,0.131842,0.0739969
136,0.999055,233.00485611,0.187462,0.108677,0.073832
137,0.99916,207.001161575,0.142434,0.0972913,0.0736675
138,0.999331,164.998583794,0.122508,0.0783242,0.0735034
139,0.998974,252.999787331,0.18397,0.113205,0.0733396
140,0.999006,244.993000031,0.189184,0.108006,0.0731762
141,0.999128,214.993257523,0.182195,0.0974705,0.0730131
142,0.99903,238.99892807,0.164573,0.108238,0.0728504
143,0.999043,236.00189209,0.200594,0.104781,0.0726881
144,0.999111,219.003996849,0.180622,0.108642,0.0725261
145,0.999193,198.994374275,0.140093,0.094904,0.0723645
146,0.999111,219.003996849,0.16697,0.0981622,0.0722033
147,0.999111,219.003996849,0.166205,0.101847,0.0720424
148,0.999018,241.99596405,0.209349,0.109733,0.0718819
149,0.99901,243.993988037,0.18777,0.112421,0.0717217
150,0.999083,225.997080803,0.159212,0.100338,0.0715619
151,0.999071,228.994116783,0.165757,0.108549,0.0714024
152,0.99914,211.996221542,0.135921,0.0963776,0.0712433
153,0.999051,234.003868103,0.171457,0.105543,0.0710846
154,0.999156,208.000173569,0.162666,0.0975873,0.0709262
155,0.999144,210.997209549,0.148628,0.0922478,0.0707682
156,0.999233,189.004254341,0.143558,0.0893268,0.0706105
157,0.999148,209.998197556,0.149258,0.0995125,0.0704531
158,0.999152,208.999185562,0.162683,0.0965238,0.0702961
159,0.998933,263.004598618,0.208633,0.120786,0.0701395
160,0.999148,209.998197556,0.161807,0.106773,0.0699832
161,0.999099,222.001032829,0.163807,0.0989212,0.0698273
162,0.999184,201.007089615,0.134056,0.0961198,0.0696717
163,0.999116,218.004984856,0.172204,0.0968439,0.0695164
164,0.999176,203.005113602,0.134465,0.0901903,0.0693616
165,0.999055,233.00485611,0.181635,0.106048,0.069207
166,0.999026,239.997940063,0.169123,0.102928,0.0690528
167,0.99914,211.996221542,0.155073,0.104109,0.0688989
168,0.999079,226.996092796,0.154425,0.105846,0.0687454
169,0.999136,212.995233536,0.150407,0.0996526,0.0685922
170,0.999237,188.005242348,0.133042,0.0906336,0.0684394
171,0.999209,194.998326302,0.157444,0.0979753,0.0682869
172,0.999071,228.994116783,0.163419,0.106878,0.0681347
173,0.999144,210.997209549,0.148276,0.098544,0.0679829
174,0.999091,223.999056816,0.136217,0.0984108,0.0678314
175,0.999176,203.005113602,0.146018,0.0957773,0.0676803
176,0.999124,216.006960869,0.165867,0.102501,0.0675295
177,0.999116,218.004984856,0.15151,0.0967256,0.067379
178,0.999205,195.997338295,0.139758,0.0926383,0.0672289
179,0.999164,206.002149582,0.13478,0.0938781,0.0670791
180,0.999176,203.005113602,0.146448,0.101757,0.0669296
181,0.999051,234.003868103,0.166604,0.102598,0.0667805
182,0.999217,193.000302315,0.135158,0.0905255,0.0666317
183,0.999156,208.000173569,0.139255,0.100272,0.0664832
184,0.999067,229.993128777,0.145801,0.0980156,0.0663351
185,0.99916,207.001161575,0.148156,0.0974592,0.0661872
186,0.999156,208.000173569,0.138217,0.0916451,0.0660398
187,0.999233,189.004254341,0.126758,0.0894923,0.0658926
188,0.999184,201.007089615,0.12232,0.0907843,0.0657458
189,0.999209,194.998326302,0.120523,0.0958299,0.0655993
190,0.999059,232.005844116,0.154967,0.102914,0.0654531
191,0.999314,168.994631767,0.100106,0.0810741,0.0653073
192,0.999225,191.002278328,0.121503,0.0922268,0.0651618
193,0.999128,214.993257523,0.143206,0.0988429,0.0650166
194,0.999225,191.002278328,0.115817,0.0899455,0.0648717
195,0.999156,208.000173569,0.138614,0.0937281,0.0647271
196,0.99918,202.006101608,0.131648,0.0915554,0.0645829
197,0.999189,199.993386269,0.119955,0.0946839,0.064439
198,0.999241,187.006230354,0.121662,0.0894834,0.0642954
199,0.998986,250.00275135,0.178485,0.115613,0.0641522
200,0.999245,186.007218361,0.136043,0.0901558,0.0640092
201,0.999144,210.997209549,0.14061,0.0951223,0.0638666
202,0.999229,190.003266335,0.132124,0.0902149,0.0637243
203,0.999249,184.993515015,0.115021,0.0848331,0.0635823
204,0.999132,213.994245529,0.145833,0.0984199,0.0634406
205,0.999278,178.000431061,0.116981,0.0882802,0.0632993
206,0.999266,180.997467041,0.120366,0.0853625,0.0631582
207,0.999213,193.999314308,0.119992,0.0851772,0.0630175
208,0.999274,178.999443054,0.105113,0.0811564,0.0628771
209,0.999298,173.005371094,0.096863,0.0873509,0.062737
210,0.999233,189.004254341,0.111626,0.0887108,0.0625972
211,0.999201,196.996350288,0.117696,0.0902326,0.0624577
212,0.999229,190.003266335,0.112398,0.0910948,0.0623185
213,0.999262,181.996479034,0.107241,0.0874056,0.0621797
214,0.999371,154.993772507,0.0971426,0.0750518,0.0620411
215,0.999193,198.994374275,0.135856,0.0926588,0.0619029
216,0.999237,188.005242348,0.131409,0.0930244,0.0617649
217,0.99927,179.998455048,0.119076,0.087501,0.0616273
218,0.999237,188.005242348,0.119331,0.0845304,0.06149
219,0.99914,211.996221542,0.149413,0.0936591,0.061353
220,0.999274,178.999443054,0.114363,0.0892932,0.0612163
221,0.99931,169.993643761,0.100616,0.0818059,0.0610799
222,0.999225,191.002278328,0.120036,0.0904109,0.0609438
223,0.999217,193.000302315,0.132592,0.0906574,0.060808
224,0.999249,184.993515015,0.113712,0.0882339,0.0606725
225,0.999262,181.996479034,0.121662,0.0911933,0.0605373
226,0.99927,179.998455048,0.103864,0.0876833,0.0604024
227,0.999233,189.004254341,0.108622,0.0880321,0.0602678
228,0.999355,159.004511833,0.0801575,0.0777797,0.0601335
229,0.999217,193.000302315,0.116195,0.0918361,0.0599995
230,0.999359,158.00549984,0.0948538,0.0790763,0.0598658
231,0.999225,191.002278328,0.12075,0.0910923,0.0597324
232,0.999282,177.001419067,0.116922,0.0892129,0.0595993
233,0.999339,163.000559807,0.0800048,0.079095,0.0594665
234,0.999249,184.993515015,0.122093,0.0921925,0.059334
235,0.999245,186.007218361,0.12045,0.090494,0.0592018
236,0.999359,158.00549984,0.0861749,0.0713343,0.0590699
237,0.999286,176.002407074,0.107744,0.086146,0.0589383
238,0.999075,227.99510479,0.147777,0.104403,0.058807
239,0.999237,188.005242348,0.12681,0.0898675,0.0586759
240,0.999282,177.001419067,0.107219,0.0855388,0.0585452
241,0.999335,163.9995718,0.0961573,0.079961,0.0584147
242,0.999286,176.002407074,0.109619,0.0844085,0.0582846
243,0.999347,161.00253582,0.0890031,0.0775818,0.0581547
244,0.999254,183.994503021,0.129048,0.0949593,0.0580251
245,0.99929,175.003395081,0.105839,0.079805,0.0578958
246,0.999432,139.993901253,0.0777213,0.0722783,0.0577668
247,0.999335,163.9995718,0.0896374,0.0765219,0.0576381
248,0.999266,180.997467041,0.104788,0.0830149,0.0575097
249,0.999363,157.006487846,0.0892872,0.0759264,0.0573815
250,0.999201,196.996350288,0.126891,0.0941301,0.0572537
251,0.999306,170.992655754,0.0942091,0.0786455,0.0571261
252,0.999351,160.003523827,0.0864066,0.0756066,0.0569988
253,0.999314,168.994631767,0.0926826,0.0769115,0.0568718
254,0.999241,187.006230354,0.109668,0.0954254,0.0567451
255,0.99927,179.998455048,0.103075,0.0806357,0.0566186
256,0.999335,163.9995718,0.0923488,0.0798147,0.0564925
257,0.999274,178.999443054,0.100777,0.0846407,0.0563666
258,0.999359,158.00549984,0.0900611,0.0750754,0.056241
259,0.999383,151.996736526,0.0972267,0.0786758,0.0561157
260,0.99942,143.005628586,0.0683125,0.0686096,0.0559906
261,0.999355,159.004511833,0.0805601,0.0774439,0.0558659
262,0.999331,164.998583794,0.0859225,0.0802852,0.0557414
263,0.99927,179.998455048,0.106983,0.0853103,0.0556172
264,0.999294,174.004383087,0.105755,0.0841665,0.0554933
265,0.999286,176.002407074,0.0959775,0.0837325,0.0553696
266,0.999343,162.001547813,0.0855814,0.0805279,0.0552462
267,0.999432,139.993901253,0.0647372,0.0690597,0.0551231
268,0.99931,169.993643761,0.0899847,0.0774748,0.0550003
269,0.999327,165.997595787,0.0908693,0.0824191,0.0548778
270,0.999379,152.99574852,0.0737178,0.074213,0.0547555
271,0.999156,208.000173569,0.120762,0.0912221,0.0546335
272,0.999339,163.000559807,0.0901179,0.0786897,0.0545117
273,0.999387,150.997724533,0.0747826,0.0780723,0.0543903
274,0.999302,172.0063591,0.092709,0.0776097,0.0542691
275,0.999367,155.9927845,0.0796576,0.0737218,0.0541481
276,0.999302,172.0063591,0.102198,0.0861527,0.0540275
277,0.999379,152.99574852,0.081801,0.0754793,0.0539071
278,0.999302,172.0063591,0.0973695,0.0848484,0.053787
279,0.999404,147.001676559,0.0796637,0.0738279,0.0536671
280,0.99942,143.005628586,0.068819,0.0719337,0.0535476
281,0.99942,143.005628586,0.0667911,0.0687109,0.0534282
282,0.999314,168.994631767,0.101901,0.0844822,0.0533092
283,0.999395,148.999700546,0.0697267,0.0759442,0.0531904
284,0.999335,163.9995718,0.075259,0.0802073,0.0530719
285,0.999428,140.992913246,0.0593967,0.0686962,0.0529536
286,0.999469,131.002793312,0.0645632,0.0626179,0.0528356
287,0.999387,150.997724533,0.0713172,0.0706094,0.0527179
288,0.999428,140.992913246,0.0706266,0.0668189,0.0526004
289,0.999521,118.000946045,0.0543578,0.0621314,0.0524832
290,0.999351,160.003523827,0.0830557,0.0765704,0.0523663
291,0.999497,123.995018005,0.0587815,0.0657367,0.0522496
292,0.999395,148.999700546,0.0719798,0.0695858,0.0521332
293,0.999347,161.00253582,0.0811456,0.0760671,0.052017
294,0.999436,138.994889259,0.0627318,0.0661582,0.0519011
295,0.999452,134.998841286,0.068535,0.066963,0.0517855
296,0.999359,158.00549984,0.0855592,0.0813236,0.0516701
297,0.999294,174.004383087,0.094475,0.085412,0.0515549
298,0.999322,166.99660778,0.0764856,0.0739369,0.0514401
299,0.999351,160.003523827,0.0815901,0.0721493,0.0513254
300,0.999355,159.004511833,0.0738896,0.0778817,0.0512111
301,0.99927,179.998455048,0.0925173,0.0819792,0.051097
302,0.999537,114.004898071,0.0561452,0.0589623,0.0509831
303,0.999363,157.006487846,0.076401,0.0731886,0.0508695
304,0.999493,124.994029999,0.0602778,0.0618955,0.0507562
305,0.999375,153.994760513,0.079987,0.0741383,0.0506431
306,0.999485,127.006745338,0.0568985,0.0675034,0.0505302
307,0.9994,148.000688553,0.0752298,0.0741686,0.0504176
308,0.99946,133.000817299,0.0717585,0.0695646,0.0503053
309,0.99946,133.000817299,0.0530846,0.0677127,0.0501932
310,0.999432,139.993901253,0.0721832,0.0715857,0.0500814
311,0.9994,148.000688553,0.0739632,0.0744625,0.0499698
312,0.999432,139.993901253,0.0658623,0.066606,0.0498584
313,0.999578,104.000086784,0.0432536,0.0536043,0.0497473
314,0.999375,153.994760513,0.0705296,0.0707443,0.0496365
315,0.999456,133.999829292,0.0664963,0.0666245,0.0495259
316,0.999375,153.994760513,0.076471,0.075655,0.0494155
317,0.999387,150.997724533,0.0706667,0.0756023,0.0493054
318,0.999408,146.002664566,0.0720517,0.0700312,0.0491956
319,0.999452,134.998841286,0.063589,0.0705748,0.0490859
320,0.9994,148.000688553,0.0698916,0.0718763,0.0489766
321,0.999404,147.001676559,0.0798393,0.0791746,0.0488674
322,0.999501,122.996006012,0.0508847,0.0586911,0.0487585
323,0.999477,129.004769325,0.0596691,0.0661098,0.0486499
324,0.999448,135.997853279,0.0573903,0.0660732,0.0485415
325,0.99957,105.998110771,0.0420576,0.0592752,0.0484333
326,0.999493,124.994029999,0.0594508,0.0656474,0.0483254
327,0.999501,122.996006012,0.0577202,0.0661297,0.0482177
328,0.999546,112.006874084,0.0451742,0.0588659,0.0481103
329,0.999542,113.005886078,0.0443646,0.0610281,0.0480031
330,0.999456,133.999829292,0.067609,0.07064,0.0478961
331,0.999432,139.993901253,0.0721,0.0717947,0.0477894
332,0.999485,127.006745338,0.0590783,0.0652573,0.0476829
333,0.999428,140.992913246,0.0563011,0.0684832,0.0475767
334,0.999529,116.002922058,0.0529668,0.061855,0.0474707
335,0.999501,122.996006012,0.0499064,0.061161,0.0473649
336,0.999436,138.994889259,0.0558796,0.0709351,0.0472593
337,0.99957,105.998110771,0.0489511,0.0564345,0.047154
338,0.999501,122.996006012,0.0434685,0.0556754,0.047049
339,0.999404,147.001676559,0.0647475,0.0739231,0.0469441
340,0.999391,149.99871254,0.0717023,0.0783613,0.0468395
341,0.999424,142.006616592,0.0628812,0.0678528,0.0467352
342,0.999501,122.996006012,0.050244,0.0656439,0.046631
343,0.999351,160.003523827,0.0686853,0.076945,0.0465271
344,0.999408,146.002664566,0.0631148,0.0764491,0.0464234
345,0.999489,125.993041992,0.0564169,0.0662353,0.04632
346,0.999416,144.004640579,0.0679153,0.0724244,0.0462168
347,0.999424,142.006616592,0.0603301,0.0688529,0.0461138
348,0.999444,136.996865273,0.0591245,0.0704672,0.0460111
349,0.999428,140.992913246,0.0591608,0.0678229,0.0459085
350,0.999477,129.004769325,0.0578679,0.0658054,0.0458062
351,0.999448,135.997853279,0.0674175,0.0676742,0.0457042
352,0.999517,118.999958038,0.0510949,0.0659476,0.0456023
353,0.999428,140.992913246,0.0586154,0.0705038,0.0455007
354,0.999416,144.004640579,0.0735342,0.0680242,0.0453993
355,0.999456,133.999829292,0.0599997,0.0670819,0.0452982
356,0.99946,133.000817299,0.0541377,0.0658285,0.0451972
357,0.999537,114.004898071,0.0471451,0.0594882,0.0450965
358,0.999452,134.998841286,0.067275,0.0698608,0.044996
359,0.999469,131.002793312,0.0553098,0.0674373,0.0448958
360,0.999505,121.996994019,0.0503101,0.0620577,0.0447957
361,0.999424,142.006616592,0.0713411,0.0695823,0.0446959
362,0.999497,123.995018005,0.0459527,0.0625881,0.0445963
363,0.999525,117.001934052,0.0408168,0.0575694,0.044497
364,0.999627,91.9972515106,0.0355235,0.0496576,0.0443978
365,0.999497,123.995018005,0.0466095,0.057417,0.0442989
366,0.999525,117.001934052,0.0504523,0.0619182,0.0442002
367,0.999509,120.997982025,0.054017,0.0633102,0.0441017
368,0.999542,113.005886078,0.0506527,0.0611773,0.0440034
369,0.999533,115.003910065,0.0433785,0.0573535,0.0439054
370,0.999513,119.998970032,0.040054,0.061882,0.0438075
371,0.999542,113.005886078,0.035416,0.0542357,0.0437099
372,0.999485,127.006745338,0.0466614,0.0615395,0.0436125
373,0.999602,98.0060148239,0.0391555,0.0532827,0.0435154
374,0.999379,152.99574852,0.0561867,0.0724035,0.0434184
375,0.999529,116.002922058,0.051776,0.0609714,0.0433217
376,0.999525,117.001934052,0.044398,0.063833,0.0432251
377,0.999562,107.996134758,0.0434019,0.0598692,0.0431288
378,0.999505,121.996994019,0.0473141,0.0622081,0.0430327
379,0.999537,114.004898071,0.0434989,0.0586296,0.0429368
380,0.99946,133.000817299,0.0531365,0.0634849,0.0428411
381,0.999586,102.002062798,0.0356375,0.0524784,0.0427457
382,0.999562,107.996134758,0.0369911,0.0545255,0.0426504
383,0.99959,101.003050804,0.0317226,0.0528135,0.0425554
384,0.999611,95.9932994843,0.0399578,0.0531919,0.0424606
385,0.999497,123.995018005,0.0477651,0.0681518,0.042366
386,0.999537,114.004898071,0.0516491,0.0646697,0.0422716
387,0.999432,139.993901253,0.0550782,0.0712773,0.0421774
388,0.999493,124.994029999,0.0545782,0.060769,0.0420834
389,0.999525,117.001934052,0.0439079,0.0602782,0.0419896
390,0.999659,84.0051555634,0.029485,0.0465855,0.0418961
391,0.999578,104.000086784,0.0325272,0.0542753,0.0418027
392,0.999493,124.994029999,0.0454391,0.0633103,0.0417096
393,0.999623,92.996263504,0.0323593,0.0493078,0.0416166
394,0.999562,107.996134758,0.0393503,0.0559799,0.0415239
395,0.999574,104.999098778,0.0393075,0.0540008,0.0414314
396,0.999481,128.005757332,0.0561222,0.065517,0.0413391
397,0.999521,118.000946045,0.0330999,0.0580756,0.0412469
398,0.999635,89.9992275238,0.0334479,0.0489915,0.041155
399,0.999521,118.000946045,0.0445197,0.0599772,0.0410633
400,0.999639,89.0002155304,0.0296854,0.0509408,0.0409718
401,0.999635,89.9992275238,0.028884,0.0509114,0.0408805
402,0.999509,120.997982025,0.0564986,0.0632304,0.0407895
403,0.999635,89.9992275238,0.0259209,0.0461743,0.0406986
404,0.999509,120.997982025,0.0437543,0.0634132,0.0406079
405,0.999602,98.0060148239,0.0355499,0.0563319,0.0405174
406,0.999546,112.006874084,0.0383914,0.0631003,0.0404271
407,0.999582,103.001074791,0.037306,0.0546064,0.040337
408,0.999537,114.004898071,0.0337889,0.0595479,0.0402471
409,0.999542,113.005886078,0.0417211,0.0588073,0.0401575
410,0.99955,110.993170738,0.0353609,0.052101,0.040068
411,0.999574,104.999098778,0.038728,0.0548741,0.0399787
412,0.999619,93.9952754974,0.0290965,0.0564389,0.0398896
413,0.99957,105.998110771,0.0352426,0.0547266,0.0398007
414,0.999598,99.0050268173,0.026434,0.0520604,0.0397121
415,0.999615,94.9942874908,0.0315588,0.0517351,0.0396236
416,0.99959,101.003050804,0.0367404,0.0520666,0.0395353
417,0.999562,107.996134758,0.0484297,0.0624396,0.0394472
418,0.999611,95.9932994843,0.0352732,0.0516876,0.0393593
419,0.999684,77.9963922501,0.0287935,0.051138,0.0392716
420,0.999619,93.9952754974,0.0325669,0.0490589,0.0391841
421,0.999582,103.001074791,0.0307272,0.0501378,0.0390968
422,0.999623,92.996263504,0.0348893,0.0545767,0.0390097
423,0.999509,120.997982025,0.0442908,0.0606633,0.0389227
424,0.999533,115.003910065,0.0446836,0.0562946,0.038836
425,0.999692,75.9983682632,0.0244482,0.0412088,0.0387495
426,0.999554,109.994158745,0.0446175,0.059487,0.0386631
427,0.999582,103.001074791,0.0330457,0.0546357,0.038577
428,0.999704,73.001332283,0.0223421,0.0409817,0.038491
429,0.999655,85.0041675568,0.0313815,0.0494228,0.0384053
430,0.999635,89.9992275238,0.0311611,0.0493696,0.0383197
431,0.999611,95.9932994843,0.0282393,0.0524323,0.0382343
432,0.999574,104.999098778,0.0321598,0.0564798,0.0381491
433,0.999651,86.0031795502,0.030289,0.0485976,0.0380641
434,0.999627,91.9972515106,0.0300581,0.0505813,0.0379793
435,0.9997,74.0003442764,0.0210371,0.0429796,0.0378946
436,0.999606,97.0070028305,0.0344791,0.0559214,0.0378102
437,0.999623,92.996263504,0.030766,0.0506688,0.037726
438,0.999639,89.0002155304,0.0263891,0.0499697,0.0376419
439,0.999675,79.9944162369,0.0192679,0.04341,0.037558
440,0.999517,118.999958038,0.0380362,0.0619622,0.0374743
441,0.999537,114.004898071,0.0375105,0.0593779,0.0373908
442,0.999615,94.9942874908,0.0281245,0.0474144,0.0373075
443,0.999546,112.006874084,0.0367537,0.0610899,0.0372244
444,0.999537,114.004898071,0.0415941,0.0612425,0.0371414
445,0.999663,83.0061435699,0.024773,0.0436996,0.0370587
446,0.99955,110.993170738,0.0366027,0.0560624,0.0369761
447,0.999574,104.999098778,0.0367683,0.0519735,0.0368937
448,0.999598,99.0050268173,0.0365766,0.0579418,0.0368115
449,0.999586,102.002062798,0.0304921,0.0519035,0.0367295
450,0.999647,87.0021915436,0.0271361,0.0462555,0.0366477
451,0.999631,90.9982395172,0.0290443,0.050284,0.036566
452,0.99957,105.998110771,0.0383907,0.0601079,0.0364845
453,0.999619,93.9952754974,0.0317143,0.0486828,0.0364032
454,0.999611,95.9932994843,0.0311357,0.0529859,0.0363221
455,0.99959,101.003050804,0.0325523,0.0499149,0.0362412
456,0.999602,98.0060148239,0.0291218,0.053815,0.0361604
457,0.999651,86.0031795502,0.0276861,0.0518829,0.0360798
458,0.999647,87.0021915436,0.024656,0.0479242,0.0359994
459,0.999627,91.9972515106,0.0285324,0.0506152,0.0359192
460,0.999574,104.999098778,0.0387066,0.0542727,0.0358392
461,0.999594,100.004038811,0.0330007,0.0513351,0.0357593
462,0.999712,71.0033082962,0.0200138,0.0420998,0.0356797
463,0.999684,77.9963922501,0.0209162,0.0459922,0.0356002
464,0.999615,94.9942874908,0.0276812,0.0511164,0.0355208
465,0.999708,72.0023202896,0.0148752,0.0376302,0.0354417
466,0.999712,71.0033082962,0.0197023,0.0453889,0.0353627
467,0.999675,79.9944162369,0.0257817,0.0468541,0.0352839
468,0.999631,90.9982395172,0.0280813,0.0517467,0.0352053
469,0.999586,102.002062798,0.0292387,0.0511263,0.0351268
470,0.9997,74.0003442764,0.0234601,0.045135,0.0350486
471,0.999724,68.006272316,0.0273128,0.0474061,0.0349705
472,0.999655,85.0041675568,0.0256762,0.044174,0.0348926
473,0.999647,87.0021915436,0.0288915,0.0530392,0.0348148
474,0.999696,74.9993562698,0.0184404,0.0433233,0.0347372
475,0.999684,77.9963922501,0.0215632,0.0453387,0.0346598
476,0.999655,85.0041675568,0.0243267,0.0487491,0.0345826
477,0.999635,89.9992275238,0.0227966,0.046428,0.0345055
478,0.999655,85.0041675568,0.0293397,0.0505438,0.0344287
479,0.999639,89.0002155304,0.0247216,0.0496713,0.0343519
480,0.999761,59.0004730225,0.0186664,0.0407616,0.0342754
481,0.999696,74.9993562698,0.0207921,0.0433297,0.034199
482,0.999651,86.0031795502,0.0268597,0.0502596,0.0341228
483,0.999671,80.9934282303,0.0234547,0.0481926,0.0340468
484,0.999728,67.0072603226,0.0174445,0.0457322,0.0339709
485,0.999663,83.0061435699,0.0231512,0.0437857,0.0338952
486,0.999671,80.9934282303,0.0230112,0.0464219,0.0338197
487,0.999712,71.0033082962,0.018404,0.0409582,0.0337443
488,0.999635,89.9992275238,0.0283822,0.0496067,0.0336692
489,0.999777,55.0044250488,0.0114002,0.0367652,0.0335941
490,0.999663,83.0061435699,0.0218975,0.0485142,0.0335193
491,0.999663,83.0061435699,0.0237208,0.046723,0.0334446
492,0.999777,55.0044250488,0.0102564,0.0342572,0.0333701
493,0.999671,80.9934282303,0.0229811,0.0473884,0.0332957
494,0.99972,69.0052843094,0.0153959,0.0400494,0.0332215
495,0.9997,74.0003442764,0.0214708,0.0413457,0.0331475
496,0.999602,98.0060148239,0.0308457,0.0524167,0.0330736
497,0.999667,82.0071315765,0.0260493,0.0486665,0.0329999
498,0.999667,82.0071315765,0.0228197,0.0506108,0.0329264
499,0.99974,63.9955329895,0.0167804,0.042589,0.032853
500,0.99974,63.9955329895,0.0177105,0.037804,0.0327798
501,0.999708,72.0023202896,0.0201079,0.0396063,0.0327068
502,0.999684,77.9963922501,0.0228729,0.0469973,0.0326339
503,0.999639,89.0002155304,0.0278115,0.0524488,0.0325612
504,0.999598,99.0050268173,0.0277722,0.0549776,0.0324887
505,0.9997,74.0003442764,0.016282,0.0415738,0.0324163
506,0.999769,57.0024490356,0.0133587,0.0339773,0.032344
507,0.999724,68.006272316,0.015751,0.0385735,0.032272
508,0.999769,57.0024490356,0.0149593,0.0380742,0.0322
509,0.99968,78.9954042435,0.0210749,0.0439869,0.0321283
510,0.999801,48.9956617355,0.00768038,0.0285571,0.0320567
511,0.999704,73.001332283,0.018543,0.0439719,0.0319853
512,0.9997,74.0003442764,0.0239101,0.0433489,0.031914
513,0.999675,79.9944162369,0.0234791,0.0465091,0.0318429
514,0.999728,67.0072603226,0.0148005,0.0435724,0.031772
515,0.999696,74.9993562698,0.0230046,0.0415908,0.0317012
516,0.999696,74.9993562698,0.0232498,0.048144,0.0316305
517,0.999623,92.996263504,0.0317815,0.0562357,0.03156
518,0.999724,68.006272316,0.0242767,0.0440362,0.0314897
519,0.99972,69.0052843094,0.0221278,0.0408522,0.0314195
520,0.999684,77.9963922501,0.0161583,0.0435776,0.0313495
521,0.999684,77.9963922501,0.0223401,0.0443296,0.0312797
522,0.999716,70.0042963028,0.0227026,0.0432402,0.03121
523,0.99972,69.0052843094,0.0189839,0.0437307,0.0311404
524,0.999757,59.9994850159,0.0167889,0.0369383,0.0310711
525,0.999712,71.0033082962,0.0219174,0.0443115,0.0310018
526,0.999728,67.0072603226,0.0176567,0.0392897,0.0309327
527,0.9997,74.0003442764,0.0216663,0.0424382,0.0308638
528,0.999655,85.0041675568,0.0247832,0.0467589,0.030795
529,0.999663,83.0061435699,0.0194695,0.0492508,0.0307264
530,0.999728,67.0072603226,0.01908,0.0411334,0.030658
531,0.99968,78.9954042435,0.0195105,0.0497211,0.0305896
532,0.999757,59.9994850159,0.0118698,0.037335,0.0305215
533,0.999643,88.001203537,0.0245683,0.0504935,0.0304535
534,0.999748,61.9975090027,0.0173385,0.0366837,0.0303856
535,0.999671,80.9934282303,0.0207916,0.0454532,0.0303179
536,0.999651,86.0031795502,0.0229616,0.0499596,0.0302504
537,0.99974,63.9955329895,0.0153075,0.0389316,0.030183
538,0.99974,63.9955329895,0.017657,0.0428176,0.0301157
539,0.999748,61.9975090027,0.014057,0.0384104,0.0300486
540,0.999744,62.9965209961,0.0129039,0.0408704,0.0299816
541,0.9997,74.0003442764,0.0185531,0.0397441,0.0299148
542,0.9997,74.0003442764,0.0169843,0.0423749,0.0298482
543,0.999708,72.0023202896,0.0144218,0.0385785,0.0297817
544,0.999785,53.006401062,0.0115177,0.0355803,0.0297153
545,0.999728,67.0072603226,0.0172339,0.0440947,0.0296491
546,0.999716,70.0042963028,0.0168033,0.0419557,0.029583
547,0.999748,61.9975090027,0.0118478,0.0354063,0.0295171
548,0.999724,68.006272316,0.0222715,0.0464168,0.0294513
549,0.999684,77.9963922501,0.0161984,0.0444203,0.0293857
550,0.999732,65.9935569763,0.0183502,0.0440538,0.0293202
551,0.999789,51.9926977158,0.0136251,0.036472,0.0292549
552,0.999728,67.0072603226,0.018494,0.0421337,0.0291897
553,0.999785,53.006401062,0.0110772,0.0324355,0.0291247
554,0.999761,59.0004730225,0.0135337,0.0364261,0.0290598
555,0.999765,58.0014610291,0.0141443,0.0402368,0.028995
556,0.999736,64.9945449829,0.0147032,0.0365313,0.0289304
557,0.999769,57.0024490356,0.0117552,0.0361828,0.028866
558,0.999785,53.006401062,0.0117529,0.0358894,0.0288016
559,0.999716,70.0042963028,0.0203996,0.0427287,0.0287375
560,0.999842,39.0055418015,0.00625052,0.0258771,0.0286734
561,0.999781,54.0054130554,0.00961207,0.0385324,0.0286095
562,0.999757,59.9994850159,0.0150784,0.0395457,0.0285458
563,0.999732,65.9935569763,0.0170606,0.0406373,0.0284822
564,0.999789,51.9926977158,0.0123244,0.0336305,0.0284187
565,0.999793,50.9936857224,0.00829554,0.0293449,0.0283554
566,0.999765,58.0014610291,0.0104694,0.0360241,0.0282922
567,0.999809,46.9976377487,0.0094195,0.0286061,0.0282292
568,0.99974,63.9955329895,0.0136734,0.0420786,0.0281663
569,0.999736,64.9945449829,0.0155761,0.0412314,0.0281035
570,0.999813,45.9986257553,0.0091558,0.0273336,0.0280409
571,0.999793,50.9936857224,0.0118754,0.0327483,0.0279784
572,0.999748,61.9975090027,0.0106747,0.0386597,0.0279161
573,0.999801,48.9956617355,0.00760836,0.0322185,0.0278539
574,0.999846,38.006529808,0.0054883,0.0267608,0.0277918
575,0.99983,42.0025777817,0.00872508,0.0295059,0.0277299
576,0.999813,45.9986257553,0.0102988,0.0315572,0.0276681
577,0.999793,50.9936857224,0.0110943,0.0325295,0.0276064
578,0.999753,60.9984970093,0.0126794,0.0410872,0.0275449
579,0.999797,49.9946737289,0.0102669,0.0351902,0.0274836
580,0.999757,59.9994850159,0.0124304,0.0349867,0.0274223
581,0.999793,50.9936857224,0.00734091,0.0274018,0.0273612
582,0.999826,43.0015897751,0.00918275,0.0301618,0.0273002
583,0.999757,59.9994850159,0.0132271,0.0370326,0.0272394
584,0.999773,56.0034370422,0.00936871,0.0365739,0.0271787
585,0.999793,50.9936857224,0.00932113,0.0326802,0.0271182
586,0.999813,45.9986257553,0.00949912,0.0331002,0.0270577
587,0.999821,44.0006017685,0.00694387,0.0304742,0.0269974
588,0.99974,63.9955329895,0.0131494,0.0362174,0.0269373
589,0.999809,46.9976377487,0.00863876,0.0324505,0.0268773
590,0.999781,54.0054130554,0.0103546,0.036032,0.0268174
591,0.999838,40.0045537949,0.00647358,0.0261323,0.0267576
592,0.999813,45.9986257553,0.00623823,0.0304622,0.026698
593,0.999793,50.9936857224,0.0120774,0.0346623,0.0266385
594,0.999862,33.9957904816,0.00603193,0.0278331,0.0265791
595,0.999785,53.006401062,0.0106931,0.0340808,0.0265199
596,0.999769,57.0024490356,0.0125728,0.037961,0.0264608
597,0.999781,54.0054130554,0.00877563,0.0302453,0.0264019
598,0.999777,55.0044250488,0.00682886,0.0334184,0.026343
599,0.999854,35.9938144684,0.00611977,0.025686,0.0262843
600,0.999797,49.9946737289,0.0105011,0.0316541,0.0262258
601,0.999817,44.9996137619,0.00728337,0.0294115,0.0261673
602,0.99983,42.0025777817,0.00799407,0.0273646,0.026109
603,0.99983,42.0025777817,0.00621026,0.0305708,0.0260509
604,0.99983,42.0025777817,0.00796072,0.0306635,0.0259928
605,0.999797,49.9946737289,0.00895319,0.0331634,0.0259349
606,0.999817,44.9996137619,0.00789917,0.029164,0.0258771
607,0.99985,36.9928264618,0.00518262,0.0290666,0.0258194
608,0.999862,33.9957904816,0.00470926,0.0267941,0.0257619
609,0.999781,54.0054130554,0.0122365,0.038081,0.0257045
610,0.999834,41.0035657883,0.00774697,0.0269239,0.0256472
611,0.999813,45.9986257553,0.00775763,0.0336862,0.0255901
612,0.999846,38.006529808,0.00435188,0.0268702,0.0255331
613,0.999878,29.9997425079,0.00636023,0.0267565,0.0254762
614,0.999769,57.0024490356,0.00907438,0.0327386,0.0254194
615,0.999834,41.0035657883,0.00803227,0.0329135,0.0253628
616,0.999789,51.9926977158,0.011085,0.0373817,0.0253062
617,0.99985,36.9928264618,0.00426739,0.026762,0.0252499
618,0.999838,40.0045537949,0.00536449,0.0266831,0.0251936
619,0.999809,46.9976377487,0.0073688,0.0331304,0.0251375
620,0.99985,36.9928264618,0.00434363,0.0288816,0.0250814
621,0.999854,35.9938144684,0.00607196,0.0271122,0.0250256
622,0.999842,39.0055418015,0.0064179,0.0295127,0.0249698
623,0.999862,33.9957904816,0.00401821,0.0266017,0.0249142
624,0.999858,34.994802475,0.00594067,0.0279403,0.0248586
625,0.999842,39.0055418015,0.00637536,0.0289855,0.0248033
626,0.999854,35.9938144684,0.00561037,0.0259192,0.024748
627,0.999801,48.9956617355,0.00783753,0.0310112,0.0246928
628,0.99983,42.0025777817,0.00750452,0.0325953,0.0246378
629,0.999821,44.0006017685,0.00563305,0.0276785,0.0245829
630,0.999838,40.0045537949,0.00703619,0.0268945,0.0245281
631,0.99987,31.9977664948,0.00489876,0.0241866,0.0244735
632,0.999886,28.0017185211,0.0041643,0.0263707,0.024419
633,0.999858,34.994802475,0.00553336,0.0250799,0.0243645
634,0.999854,35.9938144684,0.00481085,0.026041,0.0243103
635,0.999862,33.9957904816,0.00349262,0.0264405,0.0242561
636,0.999882,29.0007305145,0.00332863,0.0210624,0.024202
637,0.999813,45.9986257553,0.00698459,0.0299495,0.0241481
638,0.999878,29.9997425079,0.00369554,0.0238244,0.0240943
639,0.999862,33.9957904816,0.00372085,0.0278202,0.0240406
640,0.999878,29.9997425079,0.00412124,0.025985,0.0239871
641,0.999894,26.0036945343,0.00239869,0.0243143,0.0239336
642,0.999797,49.9946737289,0.00851985,0.0351588,0.0238803
643,0.999834,41.0035657883,0.00613076,0.0305253,0.0238271
644,0.999886,28.0017185211,0.00402943,0.021815,0.023774
645,0.999854,35.9938144684,0.00507704,0.025848,0.023721
646,0.99989,27.0027065277,0.00256574,0.0187717,0.0236681
647,0.999846,38.006529808,0.00444594,0.0293052,0.0236154
648,0.999801,48.9956617355,0.00799735,0.031626,0.0235628
649,0.999903,24.0056705475,0.00398594,0.0184059,0.0235103
650,0.999886,28.0017185211,0.00415971,0.0219013,0.0234579
651,0.999903,24.0056705475,0.00348807,0.02305,0.0234056
652,0.99987,31.9977664948,0.00459365,0.0206612,0.0233535
653,0.999866,32.9967784882,0.00409749,0.0255714,0.0233014
654,0.999838,40.0045537949,0.00697421,0.0336986,0.0232495
655,0.999838,40.0045537949,0.00804215,0.0313357,0.0231977
656,0.999886,28.0017185211,0.0043627,0.0239384,0.023146
657,0.999907,23.0066585541,0.00229204,0.0190846,0.0230944
658,0.999894,26.0036945343,0.00294469,0.017582,0.023043
659,0.99987,31.9977664948,0.00392851,0.0235875,0.0229916
660,0.999878,29.9997425079,0.0044276,0.0260703,0.0229404
661,0.999842,39.0055418015,0.00797671,0.0317148,0.0228893
662,0.999834,41.0035657883,0.00502558,0.029814,0.0228383
663,0.999854,35.9938144684,0.00443847,0.0262944,0.0227874
664,0.999886,28.0017185211,0.00370247,0.0258294,0.0227366
665,0.999894,26.0036945343,0.00411219,0.0209476,0.022686
666,0.99989,27.0027065277,0.00307041,0.0243953,0.0226354
667,0.999858,34.994802475,0.00538011,0.0258067,0.022585
668,0.999886,28.0017185211,0.00244161,0.0199962,0.0225347
669,0.999882,29.0007305145,0.00471661,0.0282452,0.0224844
670,0.999842,39.0055418015,0.00550547,0.0306064,0.0224343
671,0.99987,31.9977664948,0.00505376,0.0246217,0.0223844
672,0.999935,15.9988832474,0.00118725,0.0119672,0.0223345
673,0.999915,20.9939432144,0.00300555,0.0172694,0.0222847
674,0.999959,10.0048112869,0.000692829,0.011751,0.0222351
675,0.999931,16.9978952408,0.00165887,0.0177842,0.0221855
676,0.999915,20.9939432144,0.00209976,0.0214828,0.0221361
677,0.999886,28.0017185211,0.00355473,0.021673,0.0220868
678,0.999882,29.0007305145,0.00325227,0.0217435,0.0220375
679,0.999878,29.9997425079,0.00344634,0.0254044,0.0219884
680,0.999838,40.0045537949,0.00682833,0.0324736,0.0219394
681,0.99987,31.9977664948,0.00526683,0.0270507,0.0218906
682,0.99987,31.9977664948,0.00357343,0.0232839,0.0218418
683,0.999907,23.0066585541,0.00245469,0.0235945,0.0217931
684,0.99987,31.9977664948,0.00541438,0.0265716,0.0217445
685,0.999899,25.0046825409,0.00242199,0.0206402,0.0216961
686,0.999919,19.994931221,0.00198836,0.0219683,0.0216477
687,0.999923,18.9959192276,0.00213419,0.017358,0.0215995
688,0.999862,33.9957904816,0.00495734,0.0277658,0.0215514
689,0.999939,14.999871254,0.00154981,0.0157556,0.0215034
690,0.999886,28.0017185211,0.00414269,0.0246787,0.0214554
691,0.999882,29.0007305145,0.00221853,0.0209169,0.0214076
692,0.999903,24.0056705475,0.00207218,0.0178488,0.0213599
693,0.999943,14.0008592606,0.000800044,0.00894247,0.0213123
694,0.999951,12.0028352737,0.000372936,0.0094148,0.0212649
695,0.999878,29.9997425079,0.00390851,0.0240532,0.0212175
696,0.999935,15.9988832474,0.0019174,0.0154291,0.0211702
697,0.999939,14.999871254,0.00227112,0.0163427,0.021123
698,0.99989,27.0027065277,0.0028117,0.0236351,0.021076
699,0.999903,24.0056705475,0.00268792,0.0233284,0.021029
700,0.999927,17.9969072342,0.0022207,0.0155606,0.0209821
701,0.999894,26.0036945343,0.00321586,0.0236274,0.0209354
702,0.999911,21.9929552078,0.00290898,0.0219217,0.0208887
703,0.999894,26.0036945343,0.00439817,0.0251166,0.0208422
704,0.999878,29.9997425079,0.00262307,0.0254212,0.0207957
705,0.99989,27.0027065277,0.00298893,0.0239501,0.0207494
706,0.999947,13.0018472672,0.00125032,0.0132706,0.0207032
707,0.999927,17.9969072342,0.00225079,0.0201378,0.020657
708,0.999927,17.9969072342,0.0019383,0.0193032,0.020611
709,0.999915,20.9939432144,0.00224851,0.0219398,0.0205651
710,0.999931,16.9978952408,0.00215469,0.0219632,0.0205193
711,0.999919,19.994931221,0.00257631,0.0194179,0.0204735
712,0.999866,32.9967784882,0.00470416,0.0259909,0.0204279
713,0.999943,14.0008592606,0.000915571,0.0132181,0.0203824
714,0.999899,25.0046825409,0.00275476,0.0248939,0.020337
715,0.999947,13.0018472672,0.000731077,0.013031,0.0202917
716,0.99989,27.0027065277,0.00266653,0.0260116,0.0202465
717,0.999919,19.994931221,0.00175324,0.018022,0.0202013
718,0.999903,24.0056705475,0.00322844,0.0204512,0.0201563
719,0.999915,20.9939432144,0.00231262,0.0168681,0.0201114
720,0.999919,19.994931221,0.00180272,0.0122187,0.0200666
721,0.999927,17.9969072342,0.00127301,0.0174982,0.0200219
722,0.999915,20.9939432144,0.00138083,0.0167625,0.0199773
723,0.999931,16.9978952408,0.00151966,0.0166407,0.0199328
724,0.999935,15.9988832474,0.00230516,0.021745,0.0198884
725,0.999939,14.999871254,0.00198798,0.0145498,0.019844
726,0.999959,10.0048112869,0.000575988,0.0104554,0.0197998
727,0.999923,18.9959192276,0.00186226,0.0167214,0.0197557
728,0.999931,16.9978952408,0.00214001,0.0169645,0.0197117
729,0.999927,17.9969072342,0.00176291,0.0201882,0.0196678
730,0.999947,13.0018472672,0.00113137,0.0120377,0.0196239
731,0.999919,19.994931221,0.0010043,0.0192344,0.0195802
732,0.999976,5.99407196045,0.000210017,0.00880798,0.0195366
733,0.999988,2.99703598022,7.97736e-05,0.00384207,0.0194931
734,0.999988,2.99703598022,4.36547e-05,0.00354763,0.0194496
735,1.0,0.0,0.0,0.0,0.0194063
1.0,0.0,2504.476265192032,2.23047,0.00905872644543,0.000739583867846
