90,80,0.4,2,1000, .1 
0,0.488157,126159.00286,1.77993e+06,302.555,0.0999996
1,0.92397,18739.9958611,728.164,3.54868,0.0990878
2,0.996203,936.000781059,2.36345,0.258,0.0981843
3,0.998815,292.005329132,0.0882364,0.0655175,0.0972891
4,0.999022,240.996952057,0.0502519,0.0510054,0.096402
5,0.999152,208.999185562,0.046911,0.0455816,0.095523
6,0.99912,217.005972862,0.0460466,0.049822,0.094652
7,0.999067,229.993128777,0.0487051,0.0526237,0.0937889
8,0.999148,209.998197556,0.0489931,0.0515714,0.0929338
9,0.999014,242.994976044,0.0516094,0.0537753,0.0920864
10,0.999079,226.996092796,0.047923,0.0545128,0.0912467
11,0.998986,250.00275135,0.0547649,0.0563024,0.0904147
12,0.999047,235.002880096,0.0470136,0.0527913,0.0895903
13,0.999107,220.003008842,0.0456544,0.0499619,0.0887734
14,0.999059,232.005844116,0.0424523,0.0506509,0.087964
15,0.999091,223.999056816,0.0413944,0.049341,0.0871619
16,0.999144,210.997209549,0.0395724,0.0482757,0.0863672
17,0.999233,189.004254341,0.033776,0.0425861,0.0855797
18,0.999063,231.006832123,0.0542983,0.0561905,0.0847993
19,0.999189,199.993386269,0.0429447,0.0478194,0.0840261
20,0.999262,181.996479034,0.0344223,0.0446204,0.08326
21,0.999225,191.002278328,0.0379716,0.0455743,0.0825008
22,0.999286,176.002407074,0.0350279,0.0449232,0.0817485
23,0.99929,175.003395081,0.0371423,0.0460586,0.0810032
24,0.999233,189.004254341,0.0338863,0.0444212,0.0802646
25,0.999172,204.004125595,0.0368409,0.0441453,0.0795327
26,0.999233,189.004254341,0.0343831,0.0477448,0.0788075
27,0.999278,178.000431061,0.0315313,0.0419958,0.0780889
28,0.999258,182.995491028,0.0316668,0.0460003,0.0773769
29,0.999274,178.999443054,0.0325907,0.0403393,0.0766714
30,0.999213,193.999314308,0.030982,0.0470967,0.0759723
31,0.999294,174.004383087,0.0273657,0.039548,0.0752796
32,0.999314,168.994631767,0.0279909,0.0416083,0.0745931
33,0.999197,197.995362282,0.034248,0.0461425,0.073913
34,0.999237,188.005242348,0.0325563,0.0452631,0.0732391
35,0.999302,172.0063591,0.0320066,0.0413703,0.0725712
36,0.999359,158.00549984,0.0264852,0.0394547,0.0719095
37,0.99931,169.993643761,0.0241355,0.040157,0.0712539
38,0.999331,164.998583794,0.0274566,0.0400212,0.0706042
39,0.999331,164.998583794,0.0240195,0.0412668,0.0699604
40,0.999387,150.997724533,0.0251767,0.0379744,0.0693225
41,0.999379,152.99574852,0.0174156,0.0335575,0.0686904
42,0.999355,159.004511833,0.0246217,0.0410846,0.0680641
43,0.999294,174.004383087,0.0261399,0.0413104,0.0674434
44,0.999367,155.9927845,0.0241101,0.0377101,0.0668285
45,0.999404,147.001676559,0.0224922,0.0369051,0.0662191
46,0.999444,136.996865273,0.0156321,0.0324285,0.0656153
47,0.99944,137.995877266,0.0175931,0.0318903,0.0650171
48,0.999517,118.999958038,0.0139755,0.0311981,0.0644242
49,0.999408,146.002664566,0.0220794,0.0373244,0.0638368
50,0.999367,155.9927845,0.0226284,0.0410872,0.0632547
51,0.999404,147.001676559,0.017238,0.0325343,0.062678
52,0.999456,133.999829292,0.0192869,0.0335238,0.0621065
53,0.999481,128.005757332,0.017983,0.0341403,0.0615402
54,0.99942,143.005628586,0.0205912,0.0337612,0.060979
55,0.999469,131.002793312,0.0153971,0.0309087,0.060423
56,0.99942,143.005628586,0.0188202,0.0348703,0.0598721
57,0.999533,115.003910065,0.0131854,0.0322813,0.0593262
58,0.999404,147.001676559,0.0200275,0.0347687,0.0587852
59,0.999424,142.006616592,0.0160704,0.0331929,0.0582492
60,0.999542,113.005886078,0.015625,0.0328449,0.0577181
61,0.999505,121.996994019,0.0135744,0.0288563,0.0571918
62,0.99955,110.993170738,0.0139828,0.0277274,0.0566703
63,0.999513,119.998970032,0.0147346,0.0298132,0.0561536
64,0.999525,117.001934052,0.0133368,0.0273448,0.0556416
65,0.999558,108.995146751,0.0129592,0.0276221,0.0551342
66,0.999481,128.005757332,0.0161235,0.0331339,0.0546315
67,0.999558,108.995146751,0.0137625,0.0294792,0.0541334
68,0.999416,144.004640579,0.0149497,0.0358149,0.0536398
69,0.999602,98.0060148239,0.00998739,0.0269497,0.0531507
70,0.999639,89.0002155304,0.00859468,0.0228412,0.0526661
71,0.999513,119.998970032,0.0154801,0.031921,0.0521858
72,0.999533,115.003910065,0.0112474,0.0280053,0.05171
73,0.999537,114.004898071,0.0124868,0.0295324,0.0512385
74,0.999554,109.994158745,0.013379,0.0294919,0.0507713
75,0.99959,101.003050804,0.0106027,0.0270808,0.0503084
76,0.999574,104.999098778,0.0106825,0.0272095,0.0498497
77,0.999546,112.006874084,0.0115132,0.0300903,0.0493951
78,0.999533,115.003910065,0.0113894,0.0282868,0.0489447
79,0.99955,110.993170738,0.0136652,0.0287683,0.0484984
80,0.999643,88.001203537,0.00831977,0.0264938,0.0480562
81,0.999606,97.0070028305,0.0088947,0.0280252,0.0476181
82,0.999635,89.9992275238,0.00867058,0.024796,0.0471839
83,0.999635,89.9992275238,0.0115397,0.0247869,0.0467536
84,0.999631,90.9982395172,0.00925295,0.024164,0.0463273
85,0.999671,80.9934282303,0.00754505,0.0221948,0.0459049
86,0.999615,94.9942874908,0.0100356,0.0258191,0.0454863
87,0.999647,87.0021915436,0.00881359,0.0236294,0.0450716
88,0.999659,84.0051555634,0.00809065,0.0251504,0.0446606
89,0.999586,102.002062798,0.00972157,0.0274596,0.0442534
90,0.999598,99.0050268173,0.0076864,0.0268822,0.0438499
91,0.999619,93.9952754974,0.00683795,0.0252723,0.0434501
92,0.999696,74.9993562698,0.00543787,0.0206026,0.0430539
93,0.999647,87.0021915436,0.00728206,0.023255,0.0426613
94,0.999696,74.9993562698,0.00542723,0.0223782,0.0422723
95,0.999667,82.0071315765,0.00721218,0.0204067,0.0418869
96,0.999635,89.9992275238,0.00778714,0.0246994,0.041505
97,0.9997,74.0003442764,0.00640862,0.0195017,0.0411265
98,0.999643,88.001203537,0.00662192,0.0239607,0.0407515
99,0.999704,73.001332283,0.00535071,0.0210318,0.0403799
100,0.99974,63.9955329895,0.00560598,0.0185998,0.0400117
101,0.999671,80.9934282303,0.00684075,0.02404,0.0396469
102,0.999671,80.9934282303,0.00557601,0.022934,0.0392854
103,0.99974,63.9955329895,0.00526582,0.0189651,0.0389272
104,0.99968,78.9954042435,0.00526047,0.0233694,0.0385723
105,0.999712,71.0033082962,0.00574369,0.0216426,0.0382206
106,0.999675,79.9944162369,0.00565164,0.0230612,0.0378721
107,0.999643,88.001203537,0.00705433,0.0260154,0.0375267
108,0.99972,69.0052843094,0.00512914,0.0193921,0.0371846
109,0.999675,79.9944162369,0.00597433,0.0221751,0.0368455
110,0.999704,73.001332283,0.00617915,0.0233754,0.0365096
111,0.99972,69.0052843094,0.00514402,0.0205339,0.0361766
112,0.999716,70.0042963028,0.004201,0.0202377,0.0358468
113,0.9997,74.0003442764,0.00431364,0.0189992,0.0355199
114,0.999655,85.0041675568,0.00756306,0.0265858,0.0351961
115,0.999712,71.0033082962,0.00392983,0.0199512,0.0348751
116,0.999753,60.9984970093,0.00411583,0.0182659,0.0345571
117,0.999712,71.0033082962,0.00421057,0.0197717,0.034242
118,0.999757,59.9994850159,0.0040015,0.0186511,0.0339298
119,0.999785,53.006401062,0.00317305,0.0156062,0.0336204
120,0.999716,70.0042963028,0.00521951,0.0252502,0.0333139
121,0.999757,59.9994850159,0.00365664,0.017803,0.0330101
122,0.999797,49.9946737289,0.00265215,0.0166688,0.0327091
123,0.999781,54.0054130554,0.00336155,0.0173548,0.0324109
124,0.999712,71.0033082962,0.00448049,0.0204254,0.0321154
125,0.999744,62.9965209961,0.00335613,0.0173991,0.0318225
126,0.999757,59.9994850159,0.0027565,0.016136,0.0315324
127,0.999728,67.0072603226,0.00367199,0.0185862,0.0312449
128,0.999753,60.9984970093,0.00360999,0.0183445,0.03096
129,0.999781,54.0054130554,0.00250883,0.0150824,0.0306777
130,0.999785,53.006401062,0.0027519,0.0163509,0.0303979
131,0.999805,47.9966497421,0.00235296,0.0137775,0.0301208
132,0.999826,43.0015897751,0.00256226,0.014802,0.0298461
133,0.999801,48.9956617355,0.00192717,0.0153596,0.029574
134,0.999801,48.9956617355,0.00287966,0.0152241,0.0293043
135,0.999769,57.0024490356,0.00272469,0.016317,0.0290371
136,0.999817,44.9996137619,0.00234505,0.0158452,0.0287724
137,0.999777,55.0044250488,0.00242273,0.0168543,0.02851
138,0.999789,51.9926977158,0.0024155,0.0155781,0.0282501
139,0.999797,49.9946737289,0.00321795,0.0190901,0.0279925
140,0.999805,47.9966497421,0.00261017,0.0136592,0.0277372
141,0.99983,42.0025777817,0.00171896,0.0137668,0.0274843
142,0.999846,38.006529808,0.00144474,0.0131874,0.0272337
143,0.999854,35.9938144684,0.0015518,0.0111869,0.0269854
144,0.999838,40.0045537949,0.00150637,0.0142913,0.0267393
145,0.999801,48.9956617355,0.00199969,0.0142353,0.0264955
146,0.999801,48.9956617355,0.00247919,0.0154554,0.0262539
147,0.99983,42.0025777817,0.00163263,0.0127226,0.0260146
148,0.999805,47.9966497421,0.00180883,0.0144765,0.0257774
149,0.999838,40.0045537949,0.00137634,0.0133653,0.0255423
150,0.999838,40.0045537949,0.00194794,0.0132938,0.0253094
151,0.999773,56.0034370422,0.00209912,0.0151656,0.0250786
152,0.99985,36.9928264618,0.00167717,0.0129004,0.02485
153,0.999826,43.0015897751,0.00156474,0.0132088,0.0246234
154,0.999834,41.0035657883,0.00146882,0.0139359,0.0243989
155,0.999878,29.9997425079,0.00109265,0.0113057,0.0241764
156,0.999866,32.9967784882,0.00135459,0.011627,0.023956
157,0.999862,33.9957904816,0.000990094,0.011462,0.0237375
158,0.999903,24.0056705475,0.000430523,0.00720204,0.0235211
159,0.999894,26.0036945343,0.000645978,0.0100023,0.0233066
160,0.999878,29.9997425079,0.00124516,0.0115856,0.0230941
161,0.999862,33.9957904816,0.00121494,0.0129093,0.0228835
162,0.999882,29.0007305145,0.00108323,0.0105952,0.0226749
163,0.999866,32.9967784882,0.0011113,0.011918,0.0224681
164,0.999862,33.9957904816,0.00105521,0.0117755,0.0222633
165,0.999862,33.9957904816,0.0012006,0.0121939,0.0220603
166,0.999878,29.9997425079,0.00131841,0.0117616,0.0218591
167,0.999903,24.0056705475,0.000742129,0.00999382,0.0216598
168,0.999874,30.9987545013,0.0010836,0.0112302,0.0214623
169,0.999899,25.0046825409,0.000936012,0.00955408,0.0212666
170,0.999886,28.0017185211,0.000636993,0.00874236,0.0210727
171,0.999915,20.9939432144,0.000622383,0.00862565,0.0208805
172,0.999878,29.9997425079,0.000837903,0.0110874,0.0206902
173,0.999903,24.0056705475,0.000563563,0.00944565,0.0205015
174,0.999899,25.0046825409,0.000623852,0.0106772,0.0203146
175,0.999878,29.9997425079,0.000804413,0.0100357,0.0201293
176,0.999935,15.9988832474,0.000331438,0.00694986,0.0199458
177,0.999927,17.9969072342,0.000352824,0.00609603,0.0197639
178,0.999931,16.9978952408,0.000351335,0.00812317,0.0195837
179,0.999963,9.00579929352,0.000197705,0.0056334,0.0194051
180,0.999947,13.0018472672,0.000358237,0.00704259,0.0192282
181,0.999923,18.9959192276,0.000415132,0.00808974,0.0190529
182,0.999907,23.0066585541,0.000666038,0.00915171,0.0188792
183,0.999919,19.994931221,0.000406412,0.0087217,0.018707
184,0.999939,14.999871254,0.0003504,0.00870672,0.0185364
185,0.999919,19.994931221,0.000468112,0.00903697,0.0183674
186,0.999919,19.994931221,0.000645674,0.00770886,0.0182
187,0.999943,14.0008592606,0.000361076,0.00694697,0.018034
188,0.999923,18.9959192276,0.000450659,0.00859986,0.0178696
189,0.999927,17.9969072342,0.000494507,0.00756003,0.0177066
190,0.999935,15.9988832474,0.000312928,0.00631823,0.0175452
191,0.999968,8.00678730011,0.00014632,0.00786446,0.0173852
192,0.999927,17.9969072342,0.000531651,0.00846948,0.0172267
193,0.999951,12.0028352737,0.00028082,0.00716453,0.0170696
194,0.999939,14.999871254,0.000440613,0.00886648,0.016914
195,0.999963,9.00579929352,0.000115478,0.00475955,0.0167597
196,0.999972,6.99308395386,8.26425e-05,0.00584956,0.0166069
197,0.999972,6.99308395386,0.0001161,0.00417596,0.0164555
198,0.999955,11.0038232803,0.000149182,0.00632414,0.0163055
199,0.999939,14.999871254,0.0002901,0.00661629,0.0161568
200,0.999992,1.99802398682,2.5617e-05,0.00326487,0.0160095
201,0.999976,5.99407196045,3.91447e-05,0.00455959,0.0158635
202,0.99998,4.99505996704,3.78186e-05,0.00278448,0.0157188
203,0.999988,2.99703598022,1.98468e-05,0.00257168,0.0155755
204,0.99998,4.99505996704,0.000102447,0.00408915,0.0154335
205,0.999992,1.99802398682,1.79636e-05,0.00239713,0.0152928
206,0.999996,0.999011993408,7.67248e-06,0.000445403,0.0151533
207,1.0,0.0,2.69914e-06,0.000339939,0.0150152
1.0,2.69914e-06,703.943044424057,0.334717,0.00822598498617,0.000684796966753
