22,80,0.7,2,1000, .1 
0,0.494012,124716.003492,1.69305e+06,294.49,0.0999999
1,0.802759,48615.993104,2579.19,5.00701,0.0996439
2,0.873539,31169.9969101,326.664,2.06297,0.0992893
3,0.988064,2942.00217247,7.67258,0.33193,0.0989359
4,0.996556,848.998589516,0.446067,0.0860398,0.0985838
5,0.998418,389.996652603,0.0475868,0.0425694,0.0982329
6,0.999043,236.00189209,0.0169015,0.0293026,0.0978832
7,0.99903,238.99892807,0.0154602,0.0283662,0.0975348
8,0.999099,222.001032829,0.0156166,0.028861,0.0971877
9,0.998969,253.998799324,0.0168002,0.0324744,0.0968418
10,0.999038,237.000904083,0.0149782,0.0295391,0.0964971
11,0.998909,268.998670578,0.0183402,0.0340893,0.0961536
12,0.998986,250.00275135,0.0184894,0.0324146,0.0958114
13,0.999087,224.99806881,0.0136125,0.0278507,0.0954704
14,0.999055,233.00485611,0.0141984,0.0285244,0.0951306
15,0.998941,261.006574631,0.0169044,0.0321643,0.094792
16,0.99901,243.993988037,0.0160086,0.0302827,0.0944546
17,0.998974,252.999787331,0.0178162,0.0307706,0.0941184
18,0.999063,231.006832123,0.0141434,0.0282848,0.0937834
19,0.999172,204.004125595,0.0127077,0.0268257,0.0934496
20,0.998961,255.996823311,0.0164755,0.0322988,0.093117
21,0.999018,241.99596405,0.0171668,0.0300945,0.0927856
22,0.999095,223.000044823,0.0146661,0.0296219,0.0924553
23,0.999116,218.004984856,0.0124652,0.0283918,0.0921263
24,0.999233,189.004254341,0.0106392,0.0249016,0.0917984
25,0.999124,216.006960869,0.0155565,0.0308466,0.0914716
26,0.999176,203.005113602,0.0110967,0.0263895,0.0911461
27,0.99903,238.99892807,0.016591,0.0306978,0.0908217
28,0.999018,241.99596405,0.0156615,0.0295234,0.0904984
29,0.999148,209.998197556,0.0114755,0.0256578,0.0901763
30,0.999124,216.006960869,0.0134639,0.0266301,0.0898553
31,0.999111,219.003996849,0.0125494,0.0264659,0.0895355
32,0.999274,178.999443054,0.00927938,0.0231959,0.0892168
33,0.999144,210.997209549,0.0121216,0.0279274,0.0888993
34,0.99916,207.001161575,0.0112749,0.0251813,0.0885829
35,0.99918,202.006101608,0.00964732,0.0251062,0.0882676
36,0.999124,216.006960869,0.0122678,0.0279344,0.0879534
37,0.99914,211.996221542,0.0123352,0.0277195,0.0876404
38,0.999148,209.998197556,0.0123793,0.0277085,0.0873284
39,0.99903,238.99892807,0.0153704,0.0320881,0.0870176
40,0.999111,219.003996849,0.0138441,0.0281156,0.0867079
41,0.999071,228.994116783,0.0130465,0.0275738,0.0863993
42,0.999282,177.001419067,0.00902954,0.0232847,0.0860918
43,0.99912,217.005972862,0.0122554,0.025585,0.0857854
44,0.999087,224.99806881,0.0127635,0.0279211,0.08548
45,0.999128,214.993257523,0.012653,0.0277187,0.0851758
46,0.999132,213.994245529,0.0118232,0.0274446,0.0848726
47,0.999132,213.994245529,0.0125593,0.0282476,0.0845705
48,0.999209,194.998326302,0.0102367,0.0254218,0.0842695
49,0.999245,186.007218361,0.0101255,0.023784,0.0839696
50,0.999237,188.005242348,0.011195,0.0263473,0.0836707
51,0.999128,214.993257523,0.0140373,0.0273455,0.0833729
52,0.999184,201.007089615,0.0117375,0.026723,0.0830762
53,0.999148,209.998197556,0.0136431,0.0284968,0.0827805
54,0.999071,228.994116783,0.0137855,0.029367,0.0824859
55,0.999197,197.995362282,0.0106801,0.0255829,0.0821923
56,0.999217,193.000302315,0.00966934,0.0243022,0.0818997
57,0.999343,162.001547813,0.00819306,0.0214354,0.0816082
58,0.999221,192.001290321,0.00941543,0.0242126,0.0813178
59,0.999221,192.001290321,0.0105753,0.0240358,0.0810283
60,0.999274,178.999443054,0.00948169,0.0247474,0.0807399
61,0.999209,194.998326302,0.0107807,0.025987,0.0804526
62,0.999213,193.999314308,0.0114305,0.0261738,0.0801662
63,0.999197,197.995362282,0.0101433,0.0249272,0.0798809
64,0.999132,213.994245529,0.0137183,0.0265277,0.0795966
65,0.999193,198.994374275,0.0108525,0.023535,0.0793133
66,0.999213,193.999314308,0.00948929,0.0244101,0.079031
67,0.999221,192.001290321,0.00923016,0.0244288,0.0787497
68,0.999262,181.996479034,0.0102252,0.0259159,0.0784694
69,0.99912,217.005972862,0.0116311,0.0278854,0.0781901
70,0.999347,161.00253582,0.00857606,0.0211077,0.0779118
71,0.999217,193.000302315,0.0118724,0.0270173,0.0776345
72,0.999258,182.995491028,0.00907254,0.0224727,0.0773582
73,0.999294,174.004383087,0.00781233,0.022642,0.0770828
74,0.999335,163.9995718,0.00755086,0.022992,0.0768085
75,0.999144,210.997209549,0.0129124,0.0257862,0.0765351
76,0.999197,197.995362282,0.0104345,0.0245537,0.0762627
77,0.999266,180.997467041,0.00896763,0.0214214,0.0759913
78,0.999327,165.997595787,0.00790608,0.0217696,0.0757208
79,0.999424,142.006616592,0.00578081,0.0193827,0.0754513
80,0.999237,188.005242348,0.00921277,0.0230321,0.0751827
81,0.999314,168.994631767,0.00802889,0.0231537,0.0749151
82,0.999249,184.993515015,0.010144,0.0257826,0.0746485
83,0.999331,164.998583794,0.0082248,0.0223994,0.0743828
84,0.999286,176.002407074,0.0101209,0.0244774,0.074118
85,0.999241,187.006230354,0.00938846,0.0233067,0.0738542
86,0.999335,163.9995718,0.00709381,0.0221134,0.0735914
87,0.999245,186.007218361,0.0081036,0.0231617,0.0733294
88,0.999286,176.002407074,0.00759593,0.0215264,0.0730684
89,0.999314,168.994631767,0.00784822,0.0225975,0.0728084
90,0.999209,194.998326302,0.0103913,0.0274383,0.0725492
91,0.999387,150.997724533,0.00697328,0.0202111,0.072291
92,0.999314,168.994631767,0.00824366,0.0242233,0.0720337
93,0.999351,160.003523827,0.00708173,0.0215882,0.0717773
94,0.999408,146.002664566,0.00664876,0.0182169,0.0715219
95,0.999347,161.00253582,0.00748424,0.0215393,0.0712673
96,0.999444,136.996865273,0.00559266,0.0190008,0.0710136
97,0.999383,151.996736526,0.00636885,0.0213399,0.0707609
98,0.999335,163.9995718,0.00722219,0.0210225,0.070509
99,0.999363,157.006487846,0.00732882,0.020332,0.0702581
100,0.999322,166.99660778,0.00859461,0.0227022,0.070008
101,0.999274,178.999443054,0.00938834,0.0240834,0.0697588
102,0.999343,162.001547813,0.00685105,0.0200811,0.0695105
103,0.99942,143.005628586,0.00573095,0.0195168,0.0692631
104,0.999485,127.006745338,0.00478364,0.0168425,0.0690166
105,0.999383,151.996736526,0.00597847,0.0191023,0.068771
106,0.999383,151.996736526,0.00560478,0.0198725,0.0685262
107,0.999294,174.004383087,0.00734101,0.0216772,0.0682823
108,0.999327,165.997595787,0.00832352,0.0208908,0.0680393
109,0.999371,154.993772507,0.00736952,0.0225029,0.0677971
110,0.999469,131.002793312,0.00536314,0.0179823,0.0675558
111,0.999331,164.998583794,0.00718352,0.0218593,0.0673153
112,0.999274,178.999443054,0.00860512,0.0242898,0.0670757
113,0.999424,142.006616592,0.00687301,0.0206513,0.066837
114,0.999294,174.004383087,0.00864257,0.0232081,0.0665991
115,0.999367,155.9927845,0.00564012,0.0218851,0.0663621
116,0.9994,148.000688553,0.00659156,0.0208046,0.0661259
117,0.999359,158.00549984,0.00690698,0.022051,0.0658905
118,0.999395,148.999700546,0.0061618,0.0202903,0.065656
119,0.999428,140.992913246,0.00624696,0.0215301,0.0654223
120,0.999424,142.006616592,0.00640464,0.0190592,0.0651895
121,0.999424,142.006616592,0.00662942,0.0206007,0.0649574
122,0.999404,147.001676559,0.00719753,0.0198944,0.0647262
123,0.999258,182.995491028,0.00877376,0.0245508,0.0644959
124,0.999477,129.004769325,0.00506478,0.0178436,0.0642663
125,0.9994,148.000688553,0.00630634,0.0192522,0.0640376
126,0.999343,162.001547813,0.00632794,0.0207026,0.0638096
127,0.99931,169.993643761,0.00749955,0.0230812,0.0635825
128,0.99946,133.000817299,0.00612955,0.0196922,0.0633562
129,0.999379,152.99574852,0.00579041,0.0199293,0.0631307
130,0.99942,143.005628586,0.00640996,0.0198913,0.062906
131,0.999489,125.993041992,0.00466547,0.018724,0.0626821
132,0.999448,135.997853279,0.00634862,0.0203417,0.062459
133,0.999497,123.995018005,0.00485529,0.0174025,0.0622367
134,0.999485,127.006745338,0.00478091,0.0177584,0.0620152
135,0.999456,133.999829292,0.00555115,0.0203973,0.0617945
136,0.999469,131.002793312,0.00557092,0.0199133,0.0615745
137,0.999477,129.004769325,0.00590931,0.0180771,0.0613554
138,0.999428,140.992913246,0.00565012,0.0197132,0.061137
139,0.9994,148.000688553,0.00598473,0.0211152,0.0609194
140,0.999416,144.004640579,0.00635534,0.0215153,0.0607026
141,0.999489,125.993041992,0.00549335,0.0187392,0.0604865
142,0.99944,137.995877266,0.00659771,0.0208695,0.0602712
143,0.999501,122.996006012,0.00441675,0.0169188,0.0600567
144,0.99944,137.995877266,0.00524792,0.0202595,0.0598429
145,0.999546,112.006874084,0.00395831,0.0150872,0.0596299
146,0.999444,136.996865273,0.00554556,0.0195552,0.0594177
147,0.9994,148.000688553,0.00677247,0.020485,0.0592062
148,0.999432,139.993901253,0.00566701,0.0197112,0.0589955
149,0.999521,118.000946045,0.00428734,0.0158862,0.0587855
150,0.9994,148.000688553,0.00584794,0.0207652,0.0585763
151,0.99955,110.993170738,0.00408518,0.0160399,0.0583678
152,0.999517,118.999958038,0.0040263,0.0167878,0.0581601
153,0.999477,129.004769325,0.00486924,0.0173672,0.057953
154,0.999448,135.997853279,0.00534544,0.0191145,0.0577468
155,0.999501,122.996006012,0.00486374,0.0181331,0.0575412
156,0.999513,119.998970032,0.00455275,0.0185001,0.0573364
157,0.999533,115.003910065,0.00471951,0.0163549,0.0571324
158,0.999619,93.9952754974,0.0036245,0.0151896,0.056929
159,0.999558,108.995146751,0.00372772,0.0164491,0.0567264
160,0.999493,124.994029999,0.00473234,0.0179007,0.0565245
161,0.999379,152.99574852,0.00637325,0.0209606,0.0563233
162,0.99946,133.000817299,0.00456064,0.0181432,0.0561228
163,0.999485,127.006745338,0.00478815,0.018259,0.0559231
164,0.999469,131.002793312,0.003958,0.0167417,0.055724
165,0.999501,122.996006012,0.00460476,0.0164776,0.0555257
166,0.999554,109.994158745,0.00352985,0.0158721,0.0553281
167,0.999558,108.995146751,0.003988,0.0151007,0.0551311
168,0.999501,122.996006012,0.00425713,0.0169564,0.0549349
169,0.999546,112.006874084,0.00384683,0.0162192,0.0547394
170,0.999586,102.002062798,0.00322787,0.0146554,0.0545446
171,0.999554,109.994158745,0.00312675,0.0142205,0.0543504
172,0.999546,112.006874084,0.0039836,0.0168078,0.054157
173,0.999598,99.0050268173,0.00310009,0.0144784,0.0539642
174,0.999517,118.999958038,0.00439645,0.0185262,0.0537722
175,0.999606,97.0070028305,0.00341282,0.0153452,0.0535808
176,0.999574,104.999098778,0.00310879,0.0154885,0.0533901
177,0.999513,119.998970032,0.00445806,0.0179179,0.0532
178,0.999473,130.003781319,0.00507745,0.0190484,0.0530107
179,0.999521,118.000946045,0.00365959,0.0156909,0.052822
180,0.999602,98.0060148239,0.00295329,0.0146815,0.052634
181,0.999525,117.001934052,0.00399693,0.0160686,0.0524467
182,0.999655,85.0041675568,0.00220314,0.0120558,0.05226
183,0.999615,94.9942874908,0.00347837,0.0149548,0.052074
184,0.999546,112.006874084,0.00474104,0.0176154,0.0518886
185,0.999546,112.006874084,0.00351416,0.0165254,0.051704
186,0.999627,91.9972515106,0.00287755,0.0146661,0.0515199
187,0.999566,106.997122765,0.0035748,0.0150764,0.0513366
188,0.999525,117.001934052,0.00391581,0.0170371,0.0511538
189,0.999525,117.001934052,0.00366758,0.0169299,0.0509718
190,0.999615,94.9942874908,0.00315878,0.0152705,0.0507903
191,0.999606,97.0070028305,0.00280326,0.0138698,0.0506096
192,0.999554,109.994158745,0.00433102,0.0164207,0.0504294
193,0.99959,101.003050804,0.00332052,0.0153834,0.0502499
194,0.99959,101.003050804,0.00318442,0.0153705,0.0500711
195,0.999574,104.999098778,0.00344949,0.0166768,0.0498929
196,0.999594,100.004038811,0.0028888,0.0145063,0.0497153
197,0.999586,102.002062798,0.00328344,0.0148694,0.0495384
198,0.999542,113.005886078,0.00345786,0.0163294,0.049362
199,0.999615,94.9942874908,0.00236648,0.0139608,0.0491863
200,0.999611,95.9932994843,0.00302224,0.0153324,0.0490113
201,0.999696,74.9993562698,0.00278124,0.0143715,0.0488368
202,0.999525,117.001934052,0.00408335,0.0175095,0.048663
203,0.999554,109.994158745,0.00328846,0.0161658,0.0484898
204,0.999639,89.0002155304,0.00230094,0.0138267,0.0483172
205,0.999619,93.9952754974,0.00231614,0.0137752,0.0481452
206,0.999598,99.0050268173,0.0028136,0.0144175,0.0479739
207,0.999643,88.001203537,0.00286422,0.0128188,0.0478031
208,0.999639,89.0002155304,0.00292028,0.0137503,0.047633
209,0.999606,97.0070028305,0.00287975,0.0136627,0.0474635
210,0.999594,100.004038811,0.00305456,0.0146866,0.0472945
211,0.999594,100.004038811,0.00308793,0.0153302,0.0471262
212,0.999606,97.0070028305,0.00287823,0.0146277,0.0469585
213,0.99957,105.998110771,0.0032051,0.0171564,0.0467913
214,0.999635,89.9992275238,0.00244569,0.0145412,0.0466248
215,0.999542,113.005886078,0.00329059,0.0173141,0.0464588
216,0.999558,108.995146751,0.00336113,0.0156643,0.0462935
217,0.999615,94.9942874908,0.00324654,0.0153953,0.0461287
218,0.999635,89.9992275238,0.0020953,0.0139659,0.0459645
219,0.999611,95.9932994843,0.00256829,0.0156393,0.0458009
220,0.999659,84.0051555634,0.00257414,0.0133807,0.0456379
221,0.999639,89.0002155304,0.00257922,0.0143546,0.0454755
222,0.999659,84.0051555634,0.00242929,0.0124523,0.0453136
223,0.999635,89.9992275238,0.00321879,0.015457,0.0451523
224,0.999696,74.9993562698,0.00215955,0.0126949,0.0449916
225,0.999631,90.9982395172,0.00257765,0.0144612,0.0448315
226,0.999655,85.0041675568,0.00233839,0.0131397,0.0446719
227,0.999696,74.9993562698,0.00238877,0.0128763,0.0445129
228,0.999643,88.001203537,0.00227593,0.0145523,0.0443545
229,0.99959,101.003050804,0.00372878,0.0146694,0.0441966
230,0.999651,86.0031795502,0.00241314,0.0129989,0.0440393
231,0.99959,101.003050804,0.00286181,0.0150726,0.0438826
232,0.999627,91.9972515106,0.00261081,0.0140159,0.0437264
233,0.9997,74.0003442764,0.00210849,0.0119238,0.0435707
234,0.999602,98.0060148239,0.00264328,0.0144774,0.0434157
235,0.999667,82.0071315765,0.00248189,0.0149031,0.0432611
236,0.999724,68.006272316,0.00189132,0.0125457,0.0431072
237,0.999655,85.0041675568,0.00250935,0.0141831,0.0429537
238,0.999692,75.9983682632,0.00215578,0.0138338,0.0428008
239,0.999684,77.9963922501,0.00225068,0.0119606,0.0426485
240,0.999692,75.9983682632,0.00162919,0.0114225,0.0424967
241,0.999667,82.0071315765,0.00226029,0.0138263,0.0423455
242,0.999643,88.001203537,0.00249384,0.0134574,0.0421947
243,0.999663,83.0061435699,0.00216097,0.0128112,0.0420446
244,0.999696,74.9993562698,0.00246253,0.0137576,0.0418949
245,0.999696,74.9993562698,0.0019734,0.0135989,0.0417458
246,0.999667,82.0071315765,0.00208505,0.0137231,0.0415972
247,0.999757,59.9994850159,0.00162717,0.0115747,0.0414492
248,0.999667,82.0071315765,0.00212986,0.0146053,0.0413016
249,0.999639,89.0002155304,0.00256925,0.0147499,0.0411546
250,0.999675,79.9944162369,0.00249981,0.0138479,0.0410081
251,0.999651,86.0031795502,0.00232504,0.0136397,0.0408622
252,0.999716,70.0042963028,0.00180068,0.0120684,0.0407167
253,0.999663,83.0061435699,0.00228317,0.0132129,0.0405718
254,0.999716,70.0042963028,0.00175726,0.0125794,0.0404274
255,0.999716,70.0042963028,0.00202638,0.0128002,0.0402835
256,0.999684,77.9963922501,0.00208536,0.0135301,0.0401402
257,0.999688,76.9973802567,0.00203565,0.0129922,0.0399973
258,0.999688,76.9973802567,0.0020748,0.0124491,0.0398549
259,0.999728,67.0072603226,0.00152514,0.0120909,0.0397131
260,0.9997,74.0003442764,0.00194724,0.011513,0.0395717
261,0.99972,69.0052843094,0.001641,0.0118273,0.0394309
262,0.999692,75.9983682632,0.00199576,0.0130244,0.0392905
263,0.999667,82.0071315765,0.00191363,0.0123036,0.0391507
264,0.99974,63.9955329895,0.00190742,0.0110872,0.0390113
265,0.999753,60.9984970093,0.00126012,0.0103609,0.0388725
266,0.999753,60.9984970093,0.00141998,0.00980485,0.0387341
267,0.999761,59.0004730225,0.00131649,0.0105656,0.0385963
268,0.999716,70.0042963028,0.00182152,0.0132165,0.0384589
269,0.999728,67.0072603226,0.00162433,0.0115812,0.038322
270,0.999736,64.9945449829,0.00151329,0.0114427,0.0381856
271,0.999716,70.0042963028,0.00181962,0.0129546,0.0380497
272,0.999744,62.9965209961,0.00128687,0.0101366,0.0379143
273,0.999704,73.001332283,0.00165563,0.0118397,0.0377793
274,0.999753,60.9984970093,0.00117471,0.00994338,0.0376449
275,0.999793,50.9936857224,0.00123562,0.00975915,0.0375109
276,0.999757,59.9994850159,0.00137095,0.0103921,0.0373774
277,0.999696,74.9993562698,0.0017247,0.012057,0.0372443
278,0.999748,61.9975090027,0.00177939,0.0119662,0.0371118
279,0.99972,69.0052843094,0.00165367,0.0114294,0.0369797
280,0.99974,63.9955329895,0.00155626,0.0106709,0.0368481
281,0.999744,62.9965209961,0.00155102,0.0112113,0.0367169
282,0.99972,69.0052843094,0.00137659,0.0104399,0.0365862
283,0.999793,50.9936857224,0.00109037,0.0100725,0.036456
284,0.999724,68.006272316,0.00140574,0.0109608,0.0363263
285,0.999785,53.006401062,0.00142935,0.0107631,0.036197
286,0.999732,65.9935569763,0.00129782,0.010667,0.0360681
287,0.999789,51.9926977158,0.00117134,0.00982513,0.0359397
288,0.999688,76.9973802567,0.00158347,0.0117535,0.0358118
289,0.999769,57.0024490356,0.00127461,0.0102008,0.0356844
290,0.999744,62.9965209961,0.00146364,0.0128358,0.0355574
291,0.999785,53.006401062,0.00120977,0.0103167,0.0354308
292,0.999765,58.0014610291,0.00156372,0.0107765,0.0353047
293,0.999797,49.9946737289,0.00117344,0.00966582,0.035179
294,0.999761,59.0004730225,0.00144886,0.010787,0.0350538
295,0.99974,63.9955329895,0.00136422,0.0111926,0.0349291
296,0.999801,48.9956617355,0.0012348,0.00969364,0.0348047
297,0.999769,57.0024490356,0.00108476,0.00983344,0.0346809
298,0.999753,60.9984970093,0.00144814,0.0123527,0.0345574
299,0.999761,59.0004730225,0.00104109,0.0106354,0.0344344
300,0.999765,58.0014610291,0.00129659,0.0107442,0.0343119
301,0.999805,47.9966497421,0.00118029,0.0091797,0.0341897
302,0.999817,44.9996137619,0.00112262,0.00858323,0.034068
303,0.999765,58.0014610291,0.00124963,0.0118148,0.0339468
304,0.999797,49.9946737289,0.00107845,0.00918766,0.033826
305,0.999821,44.0006017685,0.00105903,0.00917327,0.0337056
306,0.999817,44.9996137619,0.00091142,0.00874274,0.0335856
307,0.999846,38.006529808,0.000693705,0.00640197,0.0334661
308,0.999765,58.0014610291,0.000989995,0.00911181,0.033347
309,0.999821,44.0006017685,0.00103912,0.00969654,0.0332283
310,0.999761,59.0004730225,0.00124344,0.0108292,0.03311
311,0.999785,53.006401062,0.00118512,0.0102838,0.0329922
312,0.999834,41.0035657883,0.000931494,0.00953202,0.0328747
313,0.999838,40.0045537949,0.000777875,0.00840591,0.0327577
314,0.999789,51.9926977158,0.000890835,0.00893374,0.0326411
315,0.999773,56.0034370422,0.00111385,0.00974396,0.0325249
316,0.999793,50.9936857224,0.000848796,0.0085922,0.0324092
317,0.999793,50.9936857224,0.00119166,0.0114848,0.0322938
318,0.999777,55.0044250488,0.00120139,0.0101297,0.0321789
319,0.999773,56.0034370422,0.00110259,0.00926303,0.0320644
320,0.999789,51.9926977158,0.000955869,0.00908179,0.0319502
321,0.999826,43.0015897751,0.000666362,0.00793613,0.0318365
322,0.999773,56.0034370422,0.00116619,0.010505,0.0317232
323,0.999834,41.0035657883,0.000846585,0.00830973,0.0316103
324,0.999797,49.9946737289,0.00112202,0.00946473,0.0314978
325,0.999781,54.0054130554,0.00101787,0.011274,0.0313857
326,0.999757,59.9994850159,0.00102528,0.010552,0.031274
327,0.999813,45.9986257553,0.000929321,0.00869735,0.0311626
328,0.99985,36.9928264618,0.000559764,0.00744599,0.0310517
329,0.999826,43.0015897751,0.000973916,0.00851205,0.0309412
330,0.999813,45.9986257553,0.00112775,0.0095565,0.0308311
331,0.999789,51.9926977158,0.000844907,0.00995108,0.0307213
332,0.99985,36.9928264618,0.000731347,0.00837191,0.030612
333,0.999769,57.0024490356,0.00120983,0.0108803,0.030503
334,0.999821,44.0006017685,0.000898969,0.00922212,0.0303945
335,0.999797,49.9946737289,0.000970844,0.00847779,0.0302863
336,0.999785,53.006401062,0.000977567,0.00901434,0.0301785
337,0.999809,46.9976377487,0.000928017,0.0090285,0.0300711
338,0.999866,32.9967784882,0.000580927,0.00747841,0.0299641
339,0.999866,32.9967784882,0.000687649,0.00829747,0.0298574
340,0.999817,44.9996137619,0.000894396,0.00837162,0.0297511
341,0.999854,35.9938144684,0.000615106,0.00706543,0.0296453
342,0.999789,51.9926977158,0.000999777,0.0103382,0.0295397
343,0.999817,44.9996137619,0.000855795,0.00884506,0.0294346
344,0.999834,41.0035657883,0.000796523,0.00886077,0.0293298
345,0.999817,44.9996137619,0.000890514,0.0101599,0.0292254
346,0.99985,36.9928264618,0.000582309,0.00763428,0.0291214
347,0.999842,39.0055418015,0.000803113,0.0084026,0.0290178
348,0.999854,35.9938144684,0.000640936,0.00805137,0.0289145
349,0.999838,40.0045537949,0.00065467,0.00879577,0.0288116
350,0.999842,39.0055418015,0.000727604,0.00785765,0.028709
351,0.999858,34.994802475,0.000494065,0.00846848,0.0286068
352,0.999846,38.006529808,0.000717797,0.00842892,0.028505
353,0.999854,35.9938144684,0.000546104,0.00618613,0.0284036
354,0.99985,36.9928264618,0.000709653,0.00829983,0.0283025
355,0.999854,35.9938144684,0.000716453,0.00726776,0.0282017
356,0.999789,51.9926977158,0.000996443,0.00874983,0.0281014
357,0.99983,42.0025777817,0.000702189,0.00836284,0.0280013
358,0.999866,32.9967784882,0.000756624,0.00765696,0.0279017
359,0.999858,34.994802475,0.000594149,0.00748758,0.0278024
360,0.999842,39.0055418015,0.000737188,0.00936292,0.0277034
361,0.99983,42.0025777817,0.00077852,0.00827944,0.0276048
362,0.999842,39.0055418015,0.000707964,0.00889218,0.0275066
363,0.999878,29.9997425079,0.000563759,0.00783608,0.0274087
364,0.999854,35.9938144684,0.000742996,0.0086793,0.0273111
365,0.99987,31.9977664948,0.000563379,0.00702977,0.0272139
366,0.99987,31.9977664948,0.000609791,0.00786994,0.027117
367,0.999846,38.006529808,0.000664801,0.0091638,0.0270205
368,0.999846,38.006529808,0.000755343,0.00899576,0.0269243
369,0.999817,44.9996137619,0.000883206,0.0098273,0.0268285
370,0.999858,34.994802475,0.00060698,0.00720336,0.026733
371,0.999854,35.9938144684,0.00063698,0.00726259,0.0266379
372,0.999866,32.9967784882,0.00059316,0.00650177,0.0265431
373,0.999882,29.0007305145,0.000584548,0.00722686,0.0264486
374,0.99985,36.9928264618,0.000644002,0.00785378,0.0263545
375,0.99987,31.9977664948,0.000641073,0.00678108,0.0262607
376,0.99987,31.9977664948,0.000548963,0.00668507,0.0261672
377,0.999886,28.0017185211,0.000477571,0.0069317,0.026074
378,0.999858,34.994802475,0.000512397,0.00668649,0.0259812
379,0.999882,29.0007305145,0.000694604,0.00831776,0.0258888
380,0.999874,30.9987545013,0.000497359,0.00664294,0.0257966
381,0.999894,26.0036945343,0.000350052,0.00676893,0.0257048
382,0.99989,27.0027065277,0.000436611,0.00700837,0.0256133
383,0.999915,20.9939432144,0.000471157,0.00612352,0.0255222
384,0.999903,24.0056705475,0.000441605,0.00605096,0.0254313
385,0.999886,28.0017185211,0.000473412,0.00686789,0.0253408
386,0.999923,18.9959192276,0.000319667,0.00632978,0.0252506
387,0.999894,26.0036945343,0.000440737,0.00713516,0.0251607
388,0.999882,29.0007305145,0.000519685,0.00685962,0.0250712
389,0.999894,26.0036945343,0.000393174,0.00643235,0.0249819
390,0.999907,23.0066585541,0.000312041,0.00577626,0.024893
391,0.999886,28.0017185211,0.000404601,0.00649799,0.0248044
392,0.999899,25.0046825409,0.000421943,0.0058527,0.0247161
393,0.999923,18.9959192276,0.000495442,0.00612008,0.0246282
394,0.999878,29.9997425079,0.000568696,0.00708926,0.0245405
395,0.999894,26.0036945343,0.000428601,0.00599727,0.0244532
396,0.999894,26.0036945343,0.000432175,0.00715043,0.0243661
397,0.999911,21.9929552078,0.000280041,0.00603903,0.0242794
398,0.999878,29.9997425079,0.000511114,0.00719522,0.024193
399,0.999931,16.9978952408,0.000240657,0.00540885,0.0241069
400,0.99987,31.9977664948,0.000488777,0.0073116,0.0240211
401,0.999886,28.0017185211,0.000528237,0.00697508,0.0239356
402,0.999923,18.9959192276,0.000262691,0.00532321,0.0238504
403,0.999899,25.0046825409,0.0003859,0.00638268,0.0237655
404,0.999923,18.9959192276,0.000377559,0.00677034,0.0236809
405,0.99989,27.0027065277,0.000526102,0.00710954,0.0235966
406,0.999886,28.0017185211,0.00040158,0.00619859,0.0235126
407,0.999915,20.9939432144,0.000320586,0.00538645,0.023429
408,0.999911,21.9929552078,0.000353745,0.00628481,0.0233456
409,0.999894,26.0036945343,0.000303149,0.00569333,0.0232625
410,0.999915,20.9939432144,0.000312299,0.00565127,0.0231797
411,0.999878,29.9997425079,0.000361281,0.00656919,0.0230972
412,0.999882,29.0007305145,0.000375661,0.00680339,0.023015
413,0.999903,24.0056705475,0.000378486,0.00635109,0.0229331
414,0.999927,17.9969072342,0.000228998,0.00555904,0.0228514
415,0.999935,15.9988832474,0.000217446,0.00447789,0.0227701
416,0.999955,11.0038232803,0.00019047,0.00551423,0.0226891
417,0.999907,23.0066585541,0.000321404,0.00614741,0.0226083
418,0.999931,16.9978952408,0.000214104,0.00551562,0.0225278
419,0.999911,21.9929552078,0.000303451,0.005564,0.0224476
420,0.999939,14.999871254,0.000276762,0.00480443,0.0223677
421,0.999923,18.9959192276,0.000315193,0.00544888,0.0222881
422,0.999927,17.9969072342,0.00033649,0.0053979,0.0222088
423,0.999907,23.0066585541,0.0004111,0.00741766,0.0221298
424,0.999911,21.9929552078,0.00025618,0.00490513,0.022051
425,0.999935,15.9988832474,0.000241462,0.00448151,0.0219725
426,0.999911,21.9929552078,0.000331164,0.00577365,0.0218943
427,0.999947,13.0018472672,0.000191713,0.00503202,0.0218164
428,0.999943,14.0008592606,0.00022777,0.00589883,0.0217387
429,0.999939,14.999871254,0.000288273,0.00495436,0.0216614
430,0.999939,14.999871254,0.000210955,0.00496113,0.0215843
431,0.999951,12.0028352737,0.000184451,0.00420065,0.0215074
432,0.999899,25.0046825409,0.000384551,0.00632068,0.0214309
433,0.999931,16.9978952408,0.0002536,0.00520651,0.0213546
434,0.999963,9.00579929352,0.000123171,0.00355521,0.0212786
435,0.999963,9.00579929352,0.000154203,0.00464697,0.0212029
436,0.999951,12.0028352737,0.000262296,0.00526984,0.0211274
437,0.999923,18.9959192276,0.000262725,0.00522065,0.0210522
438,0.999931,16.9978952408,0.000241486,0.00505307,0.0209773
439,0.999931,16.9978952408,0.000341137,0.00602837,0.0209026
440,0.999939,14.999871254,0.000282745,0.00549692,0.0208282
441,0.999943,14.0008592606,0.000263519,0.00472362,0.0207541
442,0.999947,13.0018472672,0.00018568,0.00471095,0.0206802
443,0.999955,11.0038232803,0.00014087,0.00409506,0.0206066
444,0.999947,13.0018472672,0.00018561,0.00461347,0.0205333
445,0.999943,14.0008592606,0.000150556,0.00478539,0.0204602
446,0.999923,18.9959192276,0.000259173,0.00553282,0.0203874
447,0.999943,14.0008592606,0.000248199,0.00501249,0.0203148
448,0.999911,21.9929552078,0.000258989,0.00608366,0.0202425
449,0.999935,15.9988832474,0.000191397,0.0049335,0.0201704
450,0.999935,15.9988832474,0.000208499,0.00440918,0.0200986
451,0.999968,8.00678730011,0.000176088,0.00466568,0.0200271
452,0.999947,13.0018472672,0.000170227,0.00503368,0.0199558
453,0.999955,11.0038232803,0.000139195,0.00449493,0.0198848
454,0.999984,3.99604797363,5.49767e-05,0.00341372,0.019814
455,0.999963,9.00579929352,0.000119298,0.00368932,0.0197435
456,0.999935,15.9988832474,0.00016736,0.00453225,0.0196732
457,0.999935,15.9988832474,0.000193108,0.00510545,0.0196032
458,0.999943,14.0008592606,0.000167052,0.00575304,0.0195334
459,0.999935,15.9988832474,0.000292444,0.00554825,0.0194639
460,0.999955,11.0038232803,0.000114608,0.00470382,0.0193946
461,0.999992,1.99802398682,2.48917e-05,0.00222759,0.0193256
462,0.999988,2.99703598022,5.68217e-05,0.00294427,0.0192568
463,0.999972,6.99308395386,0.000128783,0.00422528,0.0191883
464,0.999955,11.0038232803,0.000181491,0.00396464,0.01912
465,0.999972,6.99308395386,0.000133667,0.00323254,0.0190519
466,0.999984,3.99604797363,4.78788e-05,0.0028024,0.0189841
467,0.999963,9.00579929352,0.000145584,0.00464094,0.0189166
468,0.999955,11.0038232803,0.000137179,0.00483399,0.0188492
469,0.999943,14.0008592606,0.000167625,0.00448521,0.0187821
470,0.999955,11.0038232803,0.00017696,0.00519065,0.0187153
471,0.999963,9.00579929352,0.000175658,0.00494222,0.0186487
472,0.999939,14.999871254,0.000236776,0.00556382,0.0185823
473,0.999968,8.00678730011,8.30035e-05,0.00370862,0.0185162
474,0.999955,11.0038232803,0.000119284,0.00492342,0.0184503
475,0.999939,14.999871254,0.000173251,0.00491063,0.0183846
476,0.999959,10.0048112869,0.000136289,0.00482084,0.0183192
477,0.999947,13.0018472672,0.000184427,0.00489402,0.0182539
478,0.999972,6.99308395386,0.000119106,0.00443459,0.018189
479,0.999976,5.99407196045,9.61585e-05,0.00323978,0.0181242
480,0.999968,8.00678730011,0.00012595,0.00310357,0.0180597
481,0.999984,3.99604797363,7.15856e-05,0.0025333,0.0179955
482,0.999984,3.99604797363,6.95162e-05,0.00261009,0.0179314
483,0.999955,11.0038232803,0.000127313,0.0055003,0.0178676
484,0.999968,8.00678730011,9.40208e-05,0.00358948,0.017804
485,0.999976,5.99407196045,0.000100903,0.00386353,0.0177406
486,0.999959,10.0048112869,0.000184615,0.00450195,0.0176775
487,0.999959,10.0048112869,0.000166408,0.00462685,0.0176146
488,0.999976,5.99407196045,0.000110647,0.00375232,0.0175519
489,0.999959,10.0048112869,0.000133603,0.0042773,0.0174894
490,0.999976,5.99407196045,8.09273e-05,0.00303478,0.0174271
491,0.99998,4.99505996704,4.72893e-05,0.00209729,0.0173651
492,0.999959,10.0048112869,0.000156577,0.00418436,0.0173033
493,0.999955,11.0038232803,0.000170668,0.00455272,0.0172417
494,0.999963,9.00579929352,0.000176726,0.00387787,0.0171804
495,0.999955,11.0038232803,0.000134493,0.00398662,0.0171192
496,0.999984,3.99604797363,7.8692e-05,0.00305851,0.0170583
497,0.999984,3.99604797363,7.82392e-05,0.00279495,0.0169976
498,0.999988,2.99703598022,5.84705e-05,0.00237362,0.0169371
499,0.99998,4.99505996704,8.02291e-05,0.00335611,0.0168768
500,0.999996,0.999011993408,2.40044e-05,0.00230411,0.0168167
501,0.999988,2.99703598022,4.46292e-05,0.00260188,0.0167569
502,0.999996,0.999011993408,1.5808e-05,0.00182217,0.0166972
503,0.999984,3.99604797363,4.98937e-05,0.0027099,0.0166378
504,0.999992,1.99802398682,3.95572e-05,0.00278832,0.0165786
505,0.999996,0.999011993408,4.38728e-05,0.00265646,0.0165196
506,0.99998,4.99505996704,8.43235e-05,0.00433454,0.0164608
507,0.999988,2.99703598022,6.9612e-05,0.0031339,0.0164022
508,0.99998,4.99505996704,8.45225e-05,0.00265529,0.0163438
509,1.0,0.0,1.18672e-05,0.00106974,0.0162856
1.0,1.18672e-05,1698.2929787635803,0.303711,0.00987453336657,0.000700265769675
