59,80,0.7,2,1000, .1 
0,0.508739,121085.99792,1.71029e+06,288.211,0.0999999
1,0.948211,12764.9932766,850.546,4.65328,0.0996439
2,0.99576,1044.99592781,8.28769,0.39408,0.0992893
3,0.998373,401.000475883,0.714787,0.155149,0.0989359
4,0.998933,263.004598618,0.251965,0.113732,0.0985838
5,0.998888,273.993730545,0.193695,0.114603,0.0982329
6,0.999006,244.993000031,0.202358,0.111703,0.0978832
7,0.999132,213.994245529,0.157888,0.0895855,0.0975348
8,0.998905,269.997682571,0.190437,0.115559,0.0971877
9,0.99903,238.99892807,0.185565,0.108803,0.0968418
10,0.999047,235.002880096,0.177909,0.106116,0.0964971
11,0.998961,255.996823311,0.165196,0.108204,0.0961536
12,0.999087,224.99806881,0.161556,0.0996622,0.0958114
13,0.998965,254.997811317,0.193161,0.104047,0.0954704
14,0.998941,261.006574631,0.17145,0.103522,0.0951306
15,0.999018,241.99596405,0.182788,0.107132,0.094792
16,0.998998,247.00571537,0.184039,0.112645,0.0944546
17,0.999083,225.997080803,0.15911,0.100951,0.0941184
18,0.999079,226.996092796,0.14668,0.0917875,0.0937834
19,0.999071,228.994116783,0.157391,0.10396,0.0934496
20,0.999043,236.00189209,0.165245,0.102762,0.093117
21,0.999034,237.999916077,0.152584,0.0969121,0.0927856
22,0.998978,252.000775337,0.177023,0.102177,0.0924553
23,0.999197,197.995362282,0.143833,0.0902259,0.0921263
24,0.999095,223.000044823,0.148447,0.090307,0.0917984
25,0.998933,263.004598618,0.193228,0.109411,0.0914716
26,0.999164,206.002149582,0.144333,0.0929053,0.0911461
27,0.99918,202.006101608,0.111031,0.0833863,0.0908217
28,0.999184,201.007089615,0.145284,0.0858163,0.0904984
29,0.99916,207.001161575,0.155227,0.0972655,0.0901763
30,0.999087,224.99806881,0.154787,0.0992367,0.0898553
31,0.99918,202.006101608,0.128913,0.0859317,0.0895355
32,0.999026,239.997940063,0.162085,0.102344,0.0892168
33,0.999144,210.997209549,0.131587,0.0869119,0.0888993
34,0.99916,207.001161575,0.136519,0.0955358,0.0885829
35,0.999193,198.994374275,0.109516,0.0853146,0.0882676
36,0.999018,241.99596405,0.18942,0.102019,0.0879534
37,0.998998,247.00571537,0.164606,0.100446,0.0876404
38,0.999172,204.004125595,0.106334,0.090219,0.0873284
39,0.999189,199.993386269,0.12284,0.085284,0.0870176
40,0.999176,203.005113602,0.122629,0.0843191,0.0867079
41,0.999197,197.995362282,0.121522,0.0869721,0.0863993
42,0.999278,178.000431061,0.116263,0.0827471,0.0860918
43,0.999168,205.003137589,0.124318,0.0883164,0.0857854
44,0.999241,187.006230354,0.098173,0.0781282,0.08548
45,0.999189,199.993386269,0.120897,0.0873746,0.0851758
46,0.999103,221.002020836,0.143754,0.0945714,0.0848726
47,0.999107,220.003008842,0.137418,0.0901875,0.0845705
48,0.999103,221.002020836,0.135834,0.0965251,0.0842695
49,0.999111,219.003996849,0.146604,0.0998168,0.0839696
50,0.999184,201.007089615,0.108209,0.0829583,0.0836707
51,0.999201,196.996350288,0.128078,0.0880503,0.0833729
52,0.999213,193.999314308,0.114392,0.0883104,0.0830762
53,0.999197,197.995362282,0.123126,0.0904203,0.0827805
54,0.999258,182.995491028,0.0980107,0.0842899,0.0824859
55,0.999314,168.994631767,0.0802647,0.0766815,0.0821923
56,0.999213,193.999314308,0.124687,0.0885603,0.0818997
57,0.999197,197.995362282,0.124335,0.0903374,0.0816082
58,0.999124,216.006960869,0.118713,0.0952027,0.0813178
59,0.999217,193.000302315,0.105749,0.0862149,0.0810283
60,0.999258,182.995491028,0.101985,0.0820513,0.0807399
61,0.999193,198.994374275,0.124194,0.0923278,0.0804526
62,0.999241,187.006230354,0.0964081,0.0823737,0.0801662
63,0.999278,178.000431061,0.105928,0.0770468,0.0798809
64,0.999156,208.000173569,0.125232,0.08871,0.0795966
65,0.999184,201.007089615,0.125256,0.0885211,0.0793133
66,0.999237,188.005242348,0.12266,0.0874007,0.079031
67,0.999322,166.99660778,0.0772614,0.0726733,0.0787497
68,0.999363,157.006487846,0.0700168,0.0688999,0.0784694
69,0.999189,199.993386269,0.118164,0.0906752,0.0781901
70,0.999156,208.000173569,0.117482,0.0961538,0.0779118
71,0.999221,192.001290321,0.110412,0.0887385,0.0776345
72,0.999274,178.999443054,0.102352,0.0816703,0.0773582
73,0.999298,173.005371094,0.0991247,0.0820455,0.0770828
74,0.99927,179.998455048,0.0982262,0.0833876,0.0768085
75,0.999258,182.995491028,0.104649,0.0851229,0.0765351
76,0.999209,194.998326302,0.113029,0.0843274,0.0762627
77,0.999152,208.999185562,0.12109,0.0894077,0.0759913
78,0.999233,189.004254341,0.109241,0.0911108,0.0757208
79,0.999233,189.004254341,0.104457,0.0891548,0.0754513
80,0.999331,164.998583794,0.0939052,0.0753296,0.0751827
81,0.999363,157.006487846,0.0731655,0.0673418,0.0749151
82,0.999327,165.997595787,0.0931561,0.0802259,0.0746485
83,0.999237,188.005242348,0.0922504,0.0837935,0.0743828
84,0.999331,164.998583794,0.0755862,0.0679541,0.074118
85,0.999298,173.005371094,0.0897754,0.0769499,0.0738542
86,0.999335,163.9995718,0.0769376,0.0712437,0.0735914
87,0.999258,182.995491028,0.105732,0.0866151,0.0733294
88,0.99931,169.993643761,0.0881336,0.0797372,0.0730684
89,0.9994,148.000688553,0.0691317,0.0692366,0.0728084
90,0.999266,180.997467041,0.0870918,0.0817851,0.0725492
91,0.999314,168.994631767,0.0916544,0.0814438,0.072291
92,0.999314,168.994631767,0.087512,0.0794321,0.0720337
93,0.999335,163.9995718,0.0783176,0.0792189,0.0717773
94,0.999375,153.994760513,0.0878402,0.0742634,0.0715219
95,0.999318,167.995619774,0.0881172,0.0790309,0.0712673
96,0.999355,159.004511833,0.0850551,0.0718061,0.0710136
97,0.999249,184.993515015,0.0880181,0.0801134,0.0707609
98,0.999432,139.993901253,0.0599931,0.0645904,0.070509
99,0.999298,173.005371094,0.0904254,0.0763146,0.0702581
100,0.999343,162.001547813,0.0754804,0.0758151,0.070008
101,0.999387,150.997724533,0.0793677,0.071545,0.0697588
102,0.999359,158.00549984,0.0771587,0.0703455,0.0695105
103,0.999375,153.994760513,0.0746945,0.0680343,0.0692631
104,0.999347,161.00253582,0.0766623,0.0733215,0.0690166
105,0.999387,150.997724533,0.0746951,0.0715219,0.068771
106,0.999391,149.99871254,0.0731916,0.0693329,0.0685262
107,0.999408,146.002664566,0.0690414,0.0701254,0.0682823
108,0.999452,134.998841286,0.0538667,0.0647171,0.0680393
109,0.999367,155.9927845,0.0656254,0.0718871,0.0677971
110,0.999428,140.992913246,0.0586699,0.0648652,0.0675558
111,0.999497,123.995018005,0.0547462,0.0620315,0.0673153
112,0.999383,151.996736526,0.0612799,0.0649912,0.0670757
113,0.999395,148.999700546,0.0740004,0.0657104,0.066837
114,0.999363,157.006487846,0.0767014,0.0735926,0.0665991
115,0.999424,142.006616592,0.0545104,0.0694204,0.0663621
116,0.999424,142.006616592,0.0724915,0.0691641,0.0661259
117,0.999469,131.002793312,0.058755,0.064953,0.0658905
118,0.999395,148.999700546,0.0666639,0.0698608,0.065656
119,0.999481,128.005757332,0.0505766,0.0624324,0.0654223
120,0.999383,151.996736526,0.070041,0.0713074,0.0651895
121,0.999318,167.995619774,0.0748175,0.0780697,0.0649574
122,0.999485,127.006745338,0.0486512,0.0628333,0.0647262
123,0.999444,136.996865273,0.060963,0.0660133,0.0644959
124,0.999436,138.994889259,0.067225,0.0702791,0.0642663
125,0.999477,129.004769325,0.0500555,0.0655543,0.0640376
126,0.99946,133.000817299,0.0643321,0.0677347,0.0638096
127,0.99944,137.995877266,0.0663253,0.0669318,0.0635825
128,0.999464,132.001805305,0.0573445,0.0648839,0.0633562
129,0.999452,134.998841286,0.0578375,0.0626102,0.0631307
130,0.99957,105.998110771,0.049465,0.0566261,0.062906
131,0.99944,137.995877266,0.058703,0.0688576,0.0626821
132,0.99946,133.000817299,0.0581602,0.0703091,0.062459
133,0.999509,120.997982025,0.0528751,0.0633547,0.0622367
134,0.999574,104.999098778,0.0523824,0.0560678,0.0620152
135,0.999424,142.006616592,0.0545963,0.0673431,0.0617945
136,0.999464,132.001805305,0.0534213,0.061045,0.0615745
137,0.999505,121.996994019,0.0525546,0.0604327,0.0613554
138,0.999485,127.006745338,0.0533698,0.0629036,0.061137
139,0.99946,133.000817299,0.0514783,0.0625374,0.0609194
140,0.999529,116.002922058,0.0392457,0.0523651,0.0607026
141,0.999517,118.999958038,0.0495818,0.0588647,0.0604865
142,0.999489,125.993041992,0.0559896,0.0610419,0.0602712
143,0.999533,115.003910065,0.0396054,0.0518908,0.0600567
144,0.999521,118.000946045,0.049843,0.061605,0.0598429
145,0.999525,117.001934052,0.0407082,0.0559788,0.0596299
146,0.999473,130.003781319,0.0586745,0.0652524,0.0594177
147,0.999606,97.0070028305,0.0378186,0.0526063,0.0592062
148,0.999485,127.006745338,0.0518055,0.0605276,0.0589955
149,0.99955,110.993170738,0.0362694,0.0523581,0.0587855
150,0.999485,127.006745338,0.0495757,0.0608354,0.0585763
151,0.99957,105.998110771,0.0347891,0.0611346,0.0583678
152,0.999558,108.995146751,0.0411312,0.0583718,0.0581601
153,0.999533,115.003910065,0.0456205,0.05738,0.057953
154,0.999542,113.005886078,0.0421508,0.0561334,0.0577468
155,0.999546,112.006874084,0.0486757,0.0571254,0.0575412
156,0.999546,112.006874084,0.0394745,0.0553075,0.0573364
157,0.999481,128.005757332,0.0519925,0.064868,0.0571324
158,0.99955,110.993170738,0.0445799,0.0606277,0.056929
159,0.999525,117.001934052,0.0357196,0.050732,0.0567264
160,0.999481,128.005757332,0.048676,0.0643814,0.0565245
161,0.999505,121.996994019,0.0543779,0.0621857,0.0563233
162,0.999574,104.999098778,0.0323445,0.0468452,0.0561228
163,0.999619,93.9952754974,0.0306223,0.0545128,0.0559231
164,0.999521,118.000946045,0.0435405,0.0585055,0.055724
165,0.99955,110.993170738,0.0386861,0.0572553,0.0555257
166,0.999574,104.999098778,0.0379174,0.0543176,0.0553281
167,0.999509,120.997982025,0.0502684,0.057293,0.0551311
168,0.999509,120.997982025,0.0499986,0.063227,0.0549349
169,0.999525,117.001934052,0.0415684,0.0588695,0.0547394
170,0.999542,113.005886078,0.0405337,0.0546766,0.0545446
171,0.999529,116.002922058,0.0474822,0.0587201,0.0543504
172,0.999627,91.9972515106,0.0277651,0.0493982,0.054157
173,0.999671,80.9934282303,0.0231574,0.0420459,0.0539642
174,0.999619,93.9952754974,0.0372915,0.0524131,0.0537722
175,0.999594,100.004038811,0.0396761,0.0528651,0.0535808
176,0.999627,91.9972515106,0.0360518,0.0483613,0.0533901
177,0.999574,104.999098778,0.0443015,0.0541217,0.0532
178,0.999655,85.0041675568,0.0278787,0.0407119,0.0530107
179,0.999586,102.002062798,0.0348652,0.0529802,0.052822
180,0.999663,83.0061435699,0.022125,0.0399856,0.052634
181,0.99959,101.003050804,0.0322876,0.0525114,0.0524467
182,0.999594,100.004038811,0.0344742,0.0497954,0.05226
183,0.99959,101.003050804,0.0344533,0.0518057,0.052074
184,0.999704,73.001332283,0.0243614,0.038743,0.0518886
185,0.999623,92.996263504,0.0297298,0.0525387,0.051704
186,0.999615,94.9942874908,0.0299376,0.0504597,0.0515199
187,0.999692,75.9983682632,0.0210018,0.0431856,0.0513366
188,0.999582,103.001074791,0.0294937,0.0544872,0.0511538
189,0.999696,74.9993562698,0.0205663,0.0445865,0.0509718
190,0.999671,80.9934282303,0.0237387,0.0461652,0.0507903
191,0.999606,97.0070028305,0.0298491,0.0531954,0.0506096
192,0.999627,91.9972515106,0.0335397,0.051328,0.0504294
193,0.999606,97.0070028305,0.0357913,0.0558224,0.0502499
194,0.99955,110.993170738,0.0344983,0.0504444,0.0500711
195,0.999574,104.999098778,0.0350425,0.0568457,0.0498929
196,0.99972,69.0052843094,0.0214593,0.036867,0.0497153
197,0.999671,80.9934282303,0.021332,0.0416158,0.0495384
198,0.999692,75.9983682632,0.0242399,0.0413616,0.049362
199,0.999724,68.006272316,0.0193222,0.0387484,0.0491863
200,0.999667,82.0071315765,0.0234416,0.0431511,0.0490113
201,0.999602,98.0060148239,0.0310584,0.0498961,0.0488368
202,0.999757,59.9994850159,0.0151423,0.0341141,0.048663
203,0.999598,99.0050268173,0.0330483,0.0528374,0.0484898
204,0.99968,78.9954042435,0.0234628,0.0453272,0.0483172
205,0.999627,91.9972515106,0.0292148,0.0488475,0.0481452
206,0.999611,95.9932994843,0.0285287,0.0506966,0.0479739
207,0.999659,84.0051555634,0.0253272,0.0486949,0.0478031
208,0.999692,75.9983682632,0.0232386,0.043448,0.047633
209,0.999647,87.0021915436,0.0240627,0.0465731,0.0474635
210,0.999675,79.9944162369,0.0243308,0.0453025,0.0472945
211,0.999684,77.9963922501,0.0259054,0.0411761,0.0471262
212,0.999716,70.0042963028,0.0181212,0.0401559,0.0469585
213,0.99968,78.9954042435,0.0235328,0.044816,0.0467913
214,0.999659,84.0051555634,0.0223058,0.0481801,0.0466248
215,0.999708,72.0023202896,0.0184048,0.0389182,0.0464588
216,0.99974,63.9955329895,0.0180452,0.0375086,0.0462935
217,0.999708,72.0023202896,0.0195738,0.0415295,0.0461287
218,0.9997,74.0003442764,0.0184768,0.0399984,0.0459645
219,0.999732,65.9935569763,0.015225,0.0336615,0.0458009
220,0.999696,74.9993562698,0.0214225,0.0448589,0.0456379
221,0.9997,74.0003442764,0.0182362,0.0402239,0.0454755
222,0.999667,82.0071315765,0.023321,0.0460262,0.0453136
223,0.999667,82.0071315765,0.0198644,0.0465479,0.0451523
224,0.999708,72.0023202896,0.0183928,0.0394175,0.0449916
225,0.999635,89.9992275238,0.0251125,0.0533189,0.0448315
226,0.999716,70.0042963028,0.0157261,0.0376628,0.0446719
227,0.999684,77.9963922501,0.0193373,0.0451765,0.0445129
228,0.999777,55.0044250488,0.0134176,0.0366242,0.0443545
229,0.999659,84.0051555634,0.0211413,0.0454172,0.0441966
230,0.999769,57.0024490356,0.0159131,0.0358838,0.0440393
231,0.999688,76.9973802567,0.0196909,0.0472976,0.0438826
232,0.999736,64.9945449829,0.0213965,0.0398167,0.0437264
233,0.999712,71.0033082962,0.0181905,0.0396576,0.0435707
234,0.99974,63.9955329895,0.016504,0.0373628,0.0434157
235,0.999635,89.9992275238,0.025999,0.0487345,0.0432611
236,0.999817,44.9996137619,0.0118356,0.0297136,0.0431072
237,0.99974,63.9955329895,0.0132581,0.0328904,0.0429537
238,0.999753,60.9984970093,0.0111232,0.032335,0.0428008
239,0.9997,74.0003442764,0.0188415,0.0410803,0.0426485
240,0.999781,54.0054130554,0.0156957,0.0347781,0.0424967
241,0.999777,55.0044250488,0.0143013,0.0355468,0.0423455
242,0.999757,59.9994850159,0.0142807,0.0359108,0.0421947
243,0.9997,74.0003442764,0.0163928,0.0431999,0.0420446
244,0.999748,61.9975090027,0.0131161,0.0347392,0.0418949
245,0.999757,59.9994850159,0.0124661,0.031146,0.0417458
246,0.999663,83.0061435699,0.0217772,0.0458883,0.0415972
247,0.999744,62.9965209961,0.0150317,0.0345153,0.0414492
248,0.999748,61.9975090027,0.0125156,0.0348948,0.0413016
249,0.999793,50.9936857224,0.0134603,0.0345128,0.0411546
250,0.999744,62.9965209961,0.0168969,0.035483,0.0410081
251,0.999797,49.9946737289,0.0106088,0.0307885,0.0408622
252,0.999753,60.9984970093,0.0137278,0.0366281,0.0407167
253,0.999736,64.9945449829,0.0162199,0.0389399,0.0405718
254,0.999781,54.0054130554,0.011899,0.0307647,0.0404274
255,0.999773,56.0034370422,0.0118238,0.0340014,0.0402835
256,0.999769,57.0024490356,0.0154396,0.0380448,0.0401402
257,0.999724,68.006272316,0.0140596,0.0356459,0.0399973
258,0.999785,53.006401062,0.0144337,0.0321111,0.0398549
259,0.999728,67.0072603226,0.0143851,0.0376652,0.0397131
260,0.999753,60.9984970093,0.0130276,0.0337559,0.0395717
261,0.999757,59.9994850159,0.0102416,0.0303379,0.0394309
262,0.999793,50.9936857224,0.0103686,0.0327479,0.0392905
263,0.999874,30.9987545013,0.00544779,0.0239549,0.0391507
264,0.999765,58.0014610291,0.0150769,0.0394609,0.0390113
265,0.999753,60.9984970093,0.0133444,0.036964,0.0388725
266,0.999801,48.9956617355,0.0111004,0.028761,0.0387341
267,0.999826,43.0015897751,0.00876226,0.0295735,0.0385963
268,0.999821,44.0006017685,0.00962885,0.0298609,0.0384589
269,0.999854,35.9938144684,0.0074601,0.0232352,0.038322
270,0.999728,67.0072603226,0.0135262,0.0366983,0.0381856
271,0.999724,68.006272316,0.0134751,0.0365451,0.0380497
272,0.999805,47.9966497421,0.00702409,0.0255461,0.0379143
273,0.999826,43.0015897751,0.00765424,0.0253021,0.0377793
274,0.999793,50.9936857224,0.0123397,0.0332955,0.0376449
275,0.999777,55.0044250488,0.0124018,0.0349645,0.0375109
276,0.999781,54.0054130554,0.00809767,0.0289824,0.0373774
277,0.999801,48.9956617355,0.0110414,0.0283816,0.0372443
278,0.999773,56.0034370422,0.0133599,0.0361427,0.0371118
279,0.999813,45.9986257553,0.00891293,0.0253148,0.0369797
280,0.999838,40.0045537949,0.00690202,0.0250038,0.0368481
281,0.999801,48.9956617355,0.00948351,0.0306344,0.0367169
282,0.999789,51.9926977158,0.0107233,0.0289109,0.0365862
283,0.99983,42.0025777817,0.00743667,0.0241181,0.036456
284,0.999854,35.9938144684,0.00571063,0.0235376,0.0363263
285,0.999805,47.9966497421,0.00781853,0.027391,0.036197
286,0.999793,50.9936857224,0.00925234,0.0307464,0.0360681
287,0.999805,47.9966497421,0.00720138,0.0292363,0.0359397
288,0.99985,36.9928264618,0.00588781,0.0230143,0.0358118
289,0.999805,47.9966497421,0.00772929,0.0288573,0.0356844
290,0.999821,44.0006017685,0.00990697,0.0265405,0.0355574
291,0.999797,49.9946737289,0.00909105,0.0338447,0.0354308
292,0.999805,47.9966497421,0.0080508,0.0293786,0.0353047
293,0.999785,53.006401062,0.0112272,0.0335759,0.035179
294,0.999821,44.0006017685,0.00757014,0.0295137,0.0350538
295,0.999785,53.006401062,0.00908224,0.0308837,0.0349291
296,0.999862,33.9957904816,0.00591051,0.0231877,0.0348047
297,0.999866,32.9967784882,0.00604205,0.0249249,0.0346809
298,0.999793,50.9936857224,0.00874546,0.0333582,0.0345574
299,0.99985,36.9928264618,0.0071142,0.0255385,0.0344344
300,0.999789,51.9926977158,0.00840301,0.0327496,0.0343119
301,0.999821,44.0006017685,0.00655072,0.0265707,0.0341897
302,0.999866,32.9967784882,0.00403025,0.0225772,0.034068
303,0.99985,36.9928264618,0.00724201,0.0243063,0.0339468
304,0.999866,32.9967784882,0.00500074,0.0261745,0.033826
305,0.999874,30.9987545013,0.00405324,0.0208974,0.0337056
306,0.999793,50.9936857224,0.00905218,0.0330073,0.0335856
307,0.99989,27.0027065277,0.00476693,0.0261264,0.0334661
308,0.999834,41.0035657883,0.00508704,0.024134,0.033347
309,0.999826,43.0015897751,0.00845773,0.0310309,0.0332283
310,0.999821,44.0006017685,0.00522988,0.0259436,0.03311
311,0.999862,33.9957904816,0.00531066,0.0237512,0.0329922
312,0.999838,40.0045537949,0.00703872,0.0267269,0.0328747
313,0.999874,30.9987545013,0.00417466,0.0219974,0.0327577
314,0.999862,33.9957904816,0.00381161,0.0201736,0.0326411
315,0.99987,31.9977664948,0.00466159,0.0219243,0.0325249
316,0.999858,34.994802475,0.00466313,0.0250655,0.0324092
317,0.999826,43.0015897751,0.00595666,0.0278703,0.0322938
318,0.999842,39.0055418015,0.00561301,0.0253239,0.0321789
319,0.99987,31.9977664948,0.0045589,0.0204876,0.0320644
320,0.99987,31.9977664948,0.00411025,0.023977,0.0319502
321,0.999866,32.9967784882,0.00515181,0.0235533,0.0318365
322,0.999947,13.0018472672,0.00129606,0.0148153,0.0317232
323,0.999882,29.0007305145,0.00437572,0.0228758,0.0316103
324,0.999899,25.0046825409,0.00373966,0.0195152,0.0314978
325,0.999919,19.994931221,0.00245169,0.0148002,0.0313857
326,0.999894,26.0036945343,0.00337406,0.0172399,0.031274
327,0.999899,25.0046825409,0.00369555,0.0184929,0.0311626
328,0.999919,19.994931221,0.00169084,0.0159305,0.0310517
329,0.999862,33.9957904816,0.00550585,0.0260645,0.0309412
330,0.999854,35.9938144684,0.00357404,0.0206522,0.0308311
331,0.999874,30.9987545013,0.00455238,0.0229696,0.0307213
332,0.999915,20.9939432144,0.00281422,0.0195812,0.030612
333,0.99989,27.0027065277,0.0039109,0.0176173,0.030503
334,0.999899,25.0046825409,0.00226579,0.0156286,0.0303945
335,0.999878,29.9997425079,0.00292875,0.0242075,0.0302863
336,0.999899,25.0046825409,0.0029052,0.0168798,0.0301785
337,0.999915,20.9939432144,0.0028529,0.0168626,0.0300711
338,0.999878,29.9997425079,0.00346543,0.0210838,0.0299641
339,0.999903,24.0056705475,0.00242012,0.0173264,0.0298574
340,0.999874,30.9987545013,0.00447234,0.0251566,0.0297511
341,0.999894,26.0036945343,0.00220481,0.0173824,0.0296453
342,0.999894,26.0036945343,0.00391684,0.0216568,0.0295397
343,0.999854,35.9938144684,0.00375312,0.0230672,0.0294346
344,0.999866,32.9967784882,0.00402449,0.0265572,0.0293298
345,0.99987,31.9977664948,0.00531052,0.0266617,0.0292254
346,0.999854,35.9938144684,0.00373158,0.0240191,0.0291214
347,0.999927,17.9969072342,0.00126194,0.0131241,0.0290178
348,0.999886,28.0017185211,0.00292065,0.0245139,0.0289145
349,0.999842,39.0055418015,0.00509154,0.0258554,0.0288116
350,0.999894,26.0036945343,0.00251084,0.0183012,0.028709
351,0.999943,14.0008592606,0.00103474,0.0104691,0.0286068
352,0.999935,15.9988832474,0.00112514,0.0145645,0.028505
353,0.999923,18.9959192276,0.00190913,0.0182989,0.0284036
354,0.999882,29.0007305145,0.00411428,0.0224441,0.0283025
355,0.999903,24.0056705475,0.00274934,0.0150591,0.0282017
356,0.999939,14.999871254,0.00162471,0.0130101,0.0281014
357,0.999923,18.9959192276,0.00174608,0.014493,0.0280013
358,0.999919,19.994931221,0.00365802,0.0242033,0.0279017
359,0.999911,21.9929552078,0.00280548,0.0177104,0.0278024
360,0.999903,24.0056705475,0.00293843,0.0182786,0.0277034
361,0.999927,17.9969072342,0.00149001,0.0140475,0.0276048
362,0.999951,12.0028352737,0.00125288,0.00992472,0.0275066
363,0.999894,26.0036945343,0.00411808,0.0206187,0.0274087
364,0.999951,12.0028352737,0.000759594,0.0104899,0.0273111
365,0.999963,9.00579929352,0.000464959,0.0116789,0.0272139
366,0.99998,4.99505996704,0.000199555,0.00535842,0.027117
367,0.999972,6.99308395386,0.00036776,0.00806856,0.0270205
368,0.999955,11.0038232803,0.00168804,0.0140901,0.0269243
369,0.999943,14.0008592606,0.00162502,0.0150175,0.0268285
370,0.999919,19.994931221,0.00304233,0.0177015,0.026733
371,0.999955,11.0038232803,0.00137656,0.0129863,0.0266379
372,0.999984,3.99604797363,0.000390819,0.00644691,0.0265431
373,0.999963,9.00579929352,0.000889473,0.0128237,0.0264486
374,0.999935,15.9988832474,0.00168323,0.0168029,0.0263545
375,0.999927,17.9969072342,0.00212174,0.014168,0.0262607
376,0.999943,14.0008592606,0.00110153,0.0111252,0.0261672
377,0.999935,15.9988832474,0.00126897,0.0133058,0.026074
378,0.999947,13.0018472672,0.0012055,0.0101161,0.0259812
379,0.999907,23.0066585541,0.001476,0.0158375,0.0258888
380,0.999959,10.0048112869,0.000758163,0.0100144,0.0257966
381,0.999963,9.00579929352,0.000534526,0.0105868,0.0257048
382,0.999943,14.0008592606,0.000777353,0.0110626,0.0256133
383,0.999943,14.0008592606,0.00132794,0.0133959,0.0255222
384,0.999976,5.99407196045,0.000390746,0.00738002,0.0254313
385,0.999972,6.99308395386,0.000551123,0.00772776,0.0253408
386,0.999988,2.99703598022,0.000159084,0.00295103,0.0252506
387,1.0,0.0,3.653e-06,0.00100585,0.0251607
1.0,3.653e-06,1292.6445770263672,0.0996094,0.0123675185511,0.000955589058304
