72,80,0.8,2,1000, .1 
0,0.49062,125552.000234,1.36422e+06,264.95,0.0999999
1,0.931942,16774.9980354,443.063,3.77375,0.0997771
2,0.997103,713.99974823,0.793508,0.155962,0.0995548
3,0.998775,301.995449066,0.098061,0.0723518,0.0993329
4,0.998905,269.997682571,0.0829135,0.0673867,0.0991116
5,0.999067,229.993128777,0.0563408,0.0605085,0.0988908
6,0.998896,271.995706558,0.071651,0.0660227,0.0986704
7,0.998917,267.000646591,0.0794565,0.0681843,0.0984505
8,0.99873,312.999272346,0.0925548,0.0773975,0.0982312
9,0.998844,284.997553825,0.0782432,0.0679914,0.0980123
10,0.998832,287.994589806,0.0878016,0.0749648,0.0977939
11,0.998941,261.006574631,0.0722018,0.0652189,0.097576
12,0.998892,272.994718552,0.0795132,0.0712661,0.0973586
13,0.998888,273.993730545,0.0848272,0.0689163,0.0971416
14,0.999063,231.006832123,0.0591666,0.0596538,0.0969252
15,0.998978,252.000775337,0.0717724,0.0635113,0.0967092
16,0.998994,248.004727364,0.0645909,0.0611013,0.0964937
17,0.999034,237.999916077,0.0580384,0.0611707,0.0962787
18,0.999071,228.994116783,0.0624185,0.0574455,0.0960642
19,0.999067,229.993128777,0.065878,0.061864,0.0958501
20,0.998905,269.997682571,0.0745595,0.0685721,0.0956365
21,0.998953,257.994847298,0.0794089,0.0684876,0.0954235
22,0.998937,262.005586624,0.0725655,0.0670613,0.0952108
23,0.999124,216.006960869,0.0496522,0.0525573,0.0949987
24,0.998994,248.004727364,0.0730062,0.0658983,0.094787
25,0.999079,226.996092796,0.0576115,0.0563616,0.0945758
26,0.99901,243.993988037,0.0663375,0.0607525,0.0943651
27,0.99903,238.99892807,0.057526,0.0579066,0.0941548
28,0.999095,223.000044823,0.0582386,0.0591851,0.093945
29,0.999116,218.004984856,0.0587407,0.0560367,0.0937357
30,0.999103,221.002020836,0.0545533,0.0566136,0.0935268
31,0.999116,218.004984856,0.0564195,0.0592682,0.0933184
32,0.999043,236.00189209,0.0725127,0.0606187,0.0931105
33,0.999055,233.00485611,0.0620232,0.0583296,0.092903
34,0.999099,222.001032829,0.0570409,0.0566835,0.092696
35,0.999006,244.993000031,0.061004,0.0595981,0.0924894
36,0.999075,227.99510479,0.0646149,0.0595982,0.0922833
37,0.998998,247.00571537,0.0669915,0.0630336,0.0920777
38,0.999079,226.996092796,0.0566281,0.0590071,0.0918726
39,0.998852,282.999529839,0.0821881,0.0738395,0.0916678
40,0.999213,193.999314308,0.0467318,0.0493429,0.0914636
41,0.99903,238.99892807,0.0594684,0.0624368,0.0912598
42,0.999128,214.993257523,0.0527885,0.056967,0.0910564
43,0.999176,203.005113602,0.0498205,0.055056,0.0908535
44,0.998945,259.992871284,0.0737232,0.0652582,0.0906511
45,0.999111,219.003996849,0.0554263,0.0555671,0.0904491
46,0.999103,221.002020836,0.0528718,0.0565143,0.0902476
47,0.998949,258.993859291,0.065405,0.0641049,0.0900465
48,0.999201,196.996350288,0.0448655,0.0511814,0.0898458
49,0.999071,228.994116783,0.0521371,0.0565301,0.0896456
50,0.998969,253.998799324,0.0597502,0.0602745,0.0894459
51,0.999018,241.99596405,0.0576739,0.0603242,0.0892466
52,0.99888,276.006445885,0.0769679,0.0686013,0.0890477
53,0.998937,262.005586624,0.0700012,0.0654163,0.0888493
54,0.999124,216.006960869,0.0452092,0.0507462,0.0886513
55,0.999047,235.002880096,0.0642807,0.0598206,0.0884538
56,0.999107,220.003008842,0.0467047,0.0539266,0.0882567
57,0.999075,227.99510479,0.0592595,0.0593625,0.08806
58,0.999229,190.003266335,0.041269,0.0492391,0.0878638
59,0.998961,255.996823311,0.0752324,0.0660217,0.087668
60,0.99888,276.006445885,0.0807748,0.0708181,0.0874727
61,0.999083,225.997080803,0.0480138,0.0549622,0.0872778
62,0.999083,225.997080803,0.0497079,0.0583978,0.0870833
63,0.998896,271.995706558,0.0746453,0.0672148,0.0868893
64,0.999282,177.001419067,0.0394422,0.0470431,0.0866957
65,0.999124,216.006960869,0.0462611,0.0537982,0.0865025
66,0.999205,195.997338295,0.0469172,0.0519244,0.0863097
67,0.999063,231.006832123,0.0612956,0.06137,0.0861174
68,0.999063,231.006832123,0.0581103,0.0612601,0.0859255
69,0.999067,229.993128777,0.0594931,0.0597977,0.0857341
70,0.999217,193.000302315,0.0382561,0.0482798,0.085543
71,0.999168,205.003137589,0.0523209,0.0545606,0.0853524
72,0.999213,193.999314308,0.0426357,0.0507947,0.0851622
73,0.999111,219.003996849,0.0496221,0.0566998,0.0849725
74,0.99912,217.005972862,0.0512358,0.0568367,0.0847831
75,0.999262,181.996479034,0.0400445,0.0459482,0.0845942
76,0.999124,216.006960869,0.0496357,0.0615692,0.0844057
77,0.999059,232.005844116,0.0604636,0.056632,0.0842177
78,0.999205,195.997338295,0.0423834,0.0519754,0.08403
79,0.999087,224.99806881,0.0556565,0.0558266,0.0838428
80,0.999116,218.004984856,0.0520648,0.0547271,0.0836559
81,0.999176,203.005113602,0.047312,0.0499436,0.0834695
82,0.999111,219.003996849,0.0456769,0.0546295,0.0832835
83,0.999249,184.993515015,0.044493,0.0476603,0.083098
84,0.999213,193.999314308,0.0404409,0.0524912,0.0829128
85,0.999075,227.99510479,0.0537546,0.0609153,0.0827281
86,0.99912,217.005972862,0.0502253,0.0534108,0.0825437
87,0.999111,219.003996849,0.0494326,0.0569402,0.0823598
88,0.999245,186.007218361,0.0358221,0.0464483,0.0821763
89,0.999225,191.002278328,0.0407293,0.0509768,0.0819932
90,0.999164,206.002149582,0.0463866,0.0568003,0.0818105
91,0.999172,204.004125595,0.0489558,0.053882,0.0816282
92,0.999152,208.999185562,0.0459712,0.0538549,0.0814463
93,0.99912,217.005972862,0.0502803,0.0538846,0.0812648
94,0.99927,179.998455048,0.035737,0.0475126,0.0810837
95,0.99916,207.001161575,0.0426444,0.0512828,0.0809031
96,0.99912,217.005972862,0.047646,0.0531255,0.0807228
97,0.999152,208.999185562,0.0472592,0.0543812,0.0805429
98,0.999241,187.006230354,0.0475068,0.0499014,0.0803635
99,0.999136,212.995233536,0.0502931,0.0573344,0.0801844
100,0.999286,176.002407074,0.0375925,0.0433539,0.0800057
101,0.999217,193.000302315,0.0451102,0.0486551,0.0798275
102,0.999152,208.999185562,0.0448899,0.0527631,0.0796496
103,0.999168,205.003137589,0.0469628,0.0534536,0.0794721
104,0.999205,195.997338295,0.0426263,0.0498567,0.079295
105,0.999197,197.995362282,0.0465616,0.0548731,0.0791183
106,0.999221,192.001290321,0.0457282,0.0489638,0.078942
107,0.99914,211.996221542,0.0462971,0.0554764,0.0787661
108,0.999132,213.994245529,0.0448544,0.0532231,0.0785906
109,0.999103,221.002020836,0.0488156,0.0621923,0.0784155
110,0.999221,192.001290321,0.042475,0.0481827,0.0782408
111,0.999184,201.007089615,0.0434224,0.050978,0.0780664
112,0.999172,204.004125595,0.0482432,0.0513427,0.0778925
113,0.999156,208.000173569,0.0415539,0.0548044,0.0777189
114,0.999258,182.995491028,0.0369301,0.0506405,0.0775458
115,0.999258,182.995491028,0.0415142,0.0510478,0.077373
116,0.999229,190.003266335,0.0404319,0.0491844,0.0772006
117,0.999314,168.994631767,0.0376363,0.04502,0.0770285
118,0.999266,180.997467041,0.0377861,0.0476293,0.0768569
119,0.99929,175.003395081,0.0367068,0.049519,0.0766857
120,0.999318,167.995619774,0.0392729,0.0463256,0.0765148
121,0.999205,195.997338295,0.0424821,0.0495078,0.0763443
122,0.99916,207.001161575,0.0441285,0.0529715,0.0761742
123,0.99931,169.993643761,0.0350435,0.0430677,0.0760044
124,0.999258,182.995491028,0.0380246,0.0471717,0.0758351
125,0.999262,181.996479034,0.0407814,0.0534618,0.0756661
126,0.999302,172.0063591,0.0394708,0.0471843,0.0754975
127,0.999363,157.006487846,0.0294703,0.0415557,0.0753293
128,0.999144,210.997209549,0.0408066,0.0512912,0.0751614
129,0.999168,205.003137589,0.0430816,0.0498773,0.074994
130,0.999213,193.999314308,0.0444046,0.0535857,0.0748269
131,0.999314,168.994631767,0.0288457,0.0446173,0.0746601
132,0.999286,176.002407074,0.0343203,0.0447003,0.0744938
133,0.999245,186.007218361,0.0387984,0.0483838,0.0743278
134,0.999156,208.000173569,0.0543181,0.0586733,0.0741622
135,0.999314,168.994631767,0.0309577,0.0455301,0.0739969
136,0.999286,176.002407074,0.0331388,0.0447699,0.073832
137,0.999278,178.000431061,0.0388099,0.0485664,0.0736675
138,0.999448,135.997853279,0.0262121,0.0378221,0.0735034
139,0.999331,164.998583794,0.0358504,0.0442343,0.0733396
140,0.999209,194.998326302,0.0364592,0.0497259,0.0731762
141,0.999221,192.001290321,0.0391267,0.0504333,0.0730131
142,0.999233,189.004254341,0.0446615,0.0533345,0.0728504
143,0.999221,192.001290321,0.0387715,0.0506255,0.0726881
144,0.99929,175.003395081,0.032479,0.0442212,0.0725261
145,0.999355,159.004511833,0.0329095,0.0464123,0.0723645
146,0.999318,167.995619774,0.0355823,0.0468653,0.0722033
147,0.999298,173.005371094,0.0320941,0.0427454,0.0720424
148,0.99931,169.993643761,0.0311284,0.0457403,0.0718819
149,0.999294,174.004383087,0.0344102,0.0485252,0.0717217
150,0.999395,148.999700546,0.0278303,0.0383573,0.0715619
151,0.999327,165.997595787,0.0348256,0.0444544,0.0714024
152,0.999233,189.004254341,0.0376307,0.0541496,0.0712433
153,0.999367,155.9927845,0.0344264,0.0444811,0.0710846
154,0.99929,175.003395081,0.0336718,0.0456349,0.0709262
155,0.999278,178.000431061,0.0290905,0.0459575,0.0707682
156,0.999314,168.994631767,0.0340873,0.0481987,0.0706105
157,0.999298,173.005371094,0.0296154,0.0461106,0.0704531
158,0.999322,166.99660778,0.0277268,0.0441073,0.0702961
159,0.99942,143.005628586,0.0235909,0.0384456,0.0701395
160,0.999266,180.997467041,0.035954,0.0481618,0.0699832
161,0.9994,148.000688553,0.0265133,0.0399488,0.0698273
162,0.999318,167.995619774,0.0330096,0.0443171,0.0696717
163,0.999363,157.006487846,0.0310146,0.0434858,0.0695164
164,0.999387,150.997724533,0.0322952,0.04389,0.0693616
165,0.999359,158.00549984,0.0299597,0.0435165,0.069207
166,0.999306,170.992655754,0.0306188,0.0430788,0.0690528
167,0.999322,166.99660778,0.0351616,0.0479486,0.0688989
168,0.999363,157.006487846,0.033845,0.0399756,0.0687454
169,0.999456,133.999829292,0.0244856,0.0382685,0.0685922
170,0.999424,142.006616592,0.0270793,0.0402313,0.0684394
171,0.999383,151.996736526,0.0290758,0.041628,0.0682869
172,0.999331,164.998583794,0.0308189,0.0473215,0.0681347
173,0.999412,145.003652573,0.0240353,0.0405748,0.0679829
174,0.99942,143.005628586,0.0261805,0.0392,0.0678314
175,0.999383,151.996736526,0.0302643,0.0419486,0.0676803
176,0.999335,163.9995718,0.0280004,0.0425933,0.0675295
177,0.999469,131.002793312,0.0217407,0.0363017,0.067379
178,0.999404,147.001676559,0.0294715,0.044033,0.0672289
179,0.999322,166.99660778,0.0358106,0.0480035,0.0670791
180,0.999351,160.003523827,0.0310393,0.0449951,0.0669296
181,0.999379,152.99574852,0.0268366,0.0408609,0.0667805
182,0.999501,122.996006012,0.0210749,0.0366454,0.0666317
183,0.999412,145.003652573,0.0236708,0.0392475,0.0664832
184,0.999355,159.004511833,0.0299709,0.040724,0.0663351
185,0.999395,148.999700546,0.0247913,0.0384616,0.0661872
186,0.999351,160.003523827,0.0279516,0.0433966,0.0660398
187,0.999245,186.007218361,0.0296382,0.0448927,0.0658926
188,0.999448,135.997853279,0.021944,0.0355146,0.0657458
189,0.999501,122.996006012,0.02479,0.0341382,0.0655993
190,0.999331,164.998583794,0.0285982,0.0454535,0.0654531
191,0.999436,138.994889259,0.0223887,0.0377109,0.0653073
192,0.999375,153.994760513,0.0246335,0.039828,0.0651618
193,0.999444,136.996865273,0.025715,0.0397346,0.0650166
194,0.99927,179.998455048,0.0348004,0.0476756,0.0648717
195,0.999408,146.002664566,0.0229644,0.0376301,0.0647271
196,0.999412,145.003652573,0.0264579,0.0381414,0.0645829
197,0.999306,170.992655754,0.0313412,0.0497608,0.064439
198,0.9994,148.000688553,0.0233581,0.0383752,0.0642954
199,0.999444,136.996865273,0.021787,0.0368189,0.0641522
200,0.999408,146.002664566,0.0292655,0.0419119,0.0640092
201,0.999347,161.00253582,0.0264486,0.043445,0.0638666
202,0.999416,144.004640579,0.0212946,0.0380727,0.0637243
203,0.999428,140.992913246,0.0247886,0.0388115,0.0635823
204,0.999481,128.005757332,0.0204519,0.0382271,0.0634406
205,0.999367,155.9927845,0.0265923,0.0431793,0.0632993
206,0.999327,165.997595787,0.0299605,0.045697,0.0631582
207,0.999485,127.006745338,0.0189085,0.0369197,0.0630175
208,0.999408,146.002664566,0.0214262,0.0381744,0.0628771
209,0.999481,128.005757332,0.0216146,0.0389686,0.062737
210,0.999456,133.999829292,0.0204071,0.0363356,0.0625972
211,0.999469,131.002793312,0.0243138,0.039807,0.0624577
212,0.999412,145.003652573,0.0210839,0.041426,0.0623185
213,0.99929,175.003395081,0.0287543,0.0461635,0.0621797
214,0.999481,128.005757332,0.0193433,0.0383901,0.0620411
215,0.999371,154.993772507,0.0246879,0.0409196,0.0619029
216,0.999477,129.004769325,0.0206853,0.0349347,0.0617649
217,0.999363,157.006487846,0.0243076,0.0427862,0.0616273
218,0.999371,154.993772507,0.0268978,0.0415298,0.06149
219,0.999493,124.994029999,0.0201938,0.0361379,0.061353
220,0.999432,139.993901253,0.0179953,0.0370465,0.0612163
221,0.999473,130.003781319,0.0199197,0.0353089,0.0610799
222,0.999456,133.999829292,0.0229459,0.0365302,0.0609438
223,0.999436,138.994889259,0.0183798,0.035006,0.060808
224,0.999525,117.001934052,0.0175679,0.0362944,0.0606725
225,0.999473,130.003781319,0.0187226,0.0353411,0.0605373
226,0.999375,153.994760513,0.0258264,0.0395385,0.0604024
227,0.999452,134.998841286,0.0191462,0.0427986,0.0602678
228,0.999477,129.004769325,0.02041,0.0364467,0.0601335
229,0.999489,125.993041992,0.0171774,0.0342615,0.0599995
230,0.999452,134.998841286,0.0234792,0.0389757,0.0598658
231,0.999481,128.005757332,0.0197241,0.0379089,0.0597324
232,0.99955,110.993170738,0.0176567,0.0321895,0.0595993
233,0.999456,133.999829292,0.0199384,0.035206,0.0594665
234,0.999485,127.006745338,0.0194418,0.0351915,0.059334
235,0.999404,147.001676559,0.0267537,0.0437268,0.0592018
236,0.999598,99.0050268173,0.0151555,0.0283267,0.0590699
237,0.999432,139.993901253,0.0246727,0.038294,0.0589383
238,0.999517,118.999958038,0.0174601,0.0328668,0.058807
239,0.999347,161.00253582,0.0315429,0.044621,0.0586759
240,0.999493,124.994029999,0.0201485,0.0349588,0.0585452
241,0.99942,143.005628586,0.024066,0.0413167,0.0584147
242,0.999517,118.999958038,0.0158801,0.0342428,0.0582846
243,0.999517,118.999958038,0.0157085,0.0317451,0.0581547
244,0.999521,118.000946045,0.0183994,0.0354839,0.0580251
245,0.99946,133.000817299,0.01953,0.0381498,0.0578958
246,0.999473,130.003781319,0.0245615,0.0378228,0.0577668
247,0.999562,107.996134758,0.015958,0.0326587,0.0576381
248,0.999509,120.997982025,0.0156735,0.0317563,0.0575097
249,0.999537,114.004898071,0.0165584,0.0325085,0.0573815
250,0.999586,102.002062798,0.0130488,0.0317892,0.0572537
251,0.999408,146.002664566,0.0216162,0.0407279,0.0571261
252,0.999509,120.997982025,0.0142816,0.0321589,0.0569988
253,0.999562,107.996134758,0.0135328,0.0302249,0.0568718
254,0.999537,114.004898071,0.0159093,0.0345676,0.0567451
255,0.999513,119.998970032,0.0182769,0.0351443,0.0566186
256,0.999533,115.003910065,0.0148948,0.0318608,0.0564925
257,0.999546,112.006874084,0.0117399,0.0287244,0.0563666
258,0.999529,116.002922058,0.0165611,0.031943,0.056241
259,0.999533,115.003910065,0.0151684,0.0343822,0.0561157
260,0.999485,127.006745338,0.017957,0.0341743,0.0559906
261,0.999473,130.003781319,0.0179816,0.0359861,0.0558659
262,0.999501,122.996006012,0.0180537,0.0344088,0.0557414
263,0.999505,121.996994019,0.0195815,0.035387,0.0556172
264,0.999473,130.003781319,0.0209651,0.0371656,0.0554933
265,0.999554,109.994158745,0.0143495,0.0317521,0.0553696
266,0.999521,118.000946045,0.0183776,0.0354353,0.0552462
267,0.999473,130.003781319,0.0171153,0.034417,0.0551231
268,0.999562,107.996134758,0.0163163,0.031002,0.0550003
269,0.999509,120.997982025,0.0159088,0.0356486,0.0548778
270,0.999529,116.002922058,0.0144691,0.0365313,0.0547555
271,0.999647,87.0021915436,0.0113233,0.0248685,0.0546335
272,0.999537,114.004898071,0.0174594,0.0345512,0.0545117
273,0.999578,104.000086784,0.0128458,0.0283003,0.0543903
274,0.999485,127.006745338,0.0212571,0.0391953,0.0542691
275,0.999513,119.998970032,0.0146361,0.0327988,0.0541481
276,0.999533,115.003910065,0.0148467,0.0337258,0.0540275
277,0.999533,115.003910065,0.0138855,0.0342328,0.0539071
278,0.999558,108.995146751,0.0171279,0.031463,0.053787
279,0.999615,94.9942874908,0.0122151,0.0273201,0.0536671
280,0.999537,114.004898071,0.0169727,0.0384098,0.0535476
281,0.999554,109.994158745,0.0130729,0.0328291,0.0534282
282,0.999513,119.998970032,0.0156327,0.0337636,0.0533092
283,0.999586,102.002062798,0.011282,0.0287386,0.0531904
284,0.99957,105.998110771,0.0149162,0.0294843,0.0530719
285,0.999485,127.006745338,0.017294,0.0294883,0.0529536
286,0.999631,90.9982395172,0.00860963,0.0245275,0.0528356
287,0.999558,108.995146751,0.0129289,0.034051,0.0527179
288,0.999578,104.000086784,0.0135632,0.0315044,0.0526004
289,0.999562,107.996134758,0.0116359,0.0297663,0.0524832
290,0.999578,104.000086784,0.0107216,0.0281633,0.0523663
291,0.999574,104.999098778,0.0140804,0.0297666,0.0522496
292,0.999578,104.000086784,0.0119182,0.0311541,0.0521332
293,0.999598,99.0050268173,0.0101793,0.0301932,0.052017
294,0.999582,103.001074791,0.0162329,0.0334927,0.0519011
295,0.999606,97.0070028305,0.0109368,0.0281774,0.0517855
296,0.999509,120.997982025,0.0167881,0.0333157,0.0516701
297,0.999582,103.001074791,0.0133067,0.0314175,0.0515549
298,0.999586,102.002062798,0.0127728,0.0263476,0.0514401
299,0.999602,98.0060148239,0.0138944,0.0276511,0.0513254
300,0.999602,98.0060148239,0.0113398,0.0254323,0.0512111
301,0.999623,92.996263504,0.010468,0.0260096,0.051097
302,0.999542,113.005886078,0.0143163,0.031237,0.0509831
303,0.999558,108.995146751,0.0144921,0.0328961,0.0508695
304,0.999558,108.995146751,0.0111523,0.033625,0.0507562
305,0.999562,107.996134758,0.0118232,0.0327543,0.0506431
306,0.999505,121.996994019,0.0154857,0.0359003,0.0505302
307,0.999671,80.9934282303,0.00898979,0.0249585,0.0504176
308,0.999546,112.006874084,0.0126615,0.0305389,0.0503053
309,0.999639,89.0002155304,0.0106417,0.0279116,0.0501932
310,0.999542,113.005886078,0.0156511,0.0328014,0.0500814
311,0.999542,113.005886078,0.0138244,0.0303838,0.0499698
312,0.999602,98.0060148239,0.0112625,0.0267502,0.0498584
313,0.999574,104.999098778,0.0137316,0.0283511,0.0497473
314,0.999732,65.9935569763,0.00677995,0.020229,0.0496365
315,0.999675,79.9944162369,0.0092868,0.025273,0.0495259
316,0.999639,89.0002155304,0.00900472,0.0259133,0.0494155
317,0.999554,109.994158745,0.0165372,0.034998,0.0493054
318,0.999623,92.996263504,0.0120325,0.0309691,0.0491956
319,0.99959,101.003050804,0.0122622,0.0297504,0.0490859
320,0.99959,101.003050804,0.0118338,0.028993,0.0489766
321,0.999651,86.0031795502,0.0072417,0.0237089,0.0488674
322,0.999615,94.9942874908,0.0126875,0.0278374,0.0487585
323,0.999611,95.9932994843,0.00927639,0.0285621,0.0486499
324,0.999566,106.997122765,0.0126658,0.0307897,0.0485415
325,0.999623,92.996263504,0.0108507,0.0296233,0.0484333
326,0.999566,106.997122765,0.0120429,0.0289525,0.0483254
327,0.999684,77.9963922501,0.00892081,0.0254144,0.0482177
328,0.999602,98.0060148239,0.0110638,0.0289776,0.0481103
329,0.999542,113.005886078,0.0118408,0.0315552,0.0480031
330,0.999606,97.0070028305,0.0126495,0.0314631,0.0478961
331,0.999651,86.0031795502,0.00917849,0.0258671,0.0477894
332,0.999627,91.9972515106,0.00959842,0.0281679,0.0476829
333,0.999684,77.9963922501,0.00755585,0.0227129,0.0475767
334,0.999578,104.000086784,0.0137796,0.0282068,0.0474707
335,0.999631,90.9982395172,0.00981483,0.0263739,0.0473649
336,0.999647,87.0021915436,0.00972469,0.0255686,0.0472593
337,0.999655,85.0041675568,0.0101019,0.0243261,0.047154
338,0.999619,93.9952754974,0.0113008,0.0276723,0.047049
339,0.999724,68.006272316,0.00799611,0.0228251,0.0469441
340,0.999635,89.9992275238,0.00841599,0.026166,0.0468395
341,0.999647,87.0021915436,0.00857675,0.0238521,0.0467352
342,0.99968,78.9954042435,0.00812869,0.0230206,0.046631
343,0.999655,85.0041675568,0.00941576,0.0270571,0.0465271
344,0.999659,84.0051555634,0.00746844,0.023386,0.0464234
345,0.999615,94.9942874908,0.0102126,0.0269409,0.04632
346,0.999619,93.9952754974,0.00966951,0.0272729,0.0462168
347,0.999619,93.9952754974,0.010314,0.0284937,0.0461138
348,0.99968,78.9954042435,0.00935449,0.0260477,0.0460111
349,0.999663,83.0061435699,0.00894488,0.0255613,0.0459085
350,0.99968,78.9954042435,0.00834894,0.0240597,0.0458062
351,0.999696,74.9993562698,0.00669271,0.0219979,0.0457042
352,0.999627,91.9972515106,0.00975868,0.0294338,0.0456023
353,0.999647,87.0021915436,0.0111349,0.0282444,0.0455007
354,0.999655,85.0041675568,0.00999037,0.0267294,0.0453993
355,0.999696,74.9993562698,0.00604624,0.0220667,0.0452982
356,0.999663,83.0061435699,0.00854239,0.0245847,0.0451972
357,0.999675,79.9944162369,0.00870575,0.0243824,0.0450965
358,0.999663,83.0061435699,0.0100649,0.0265382,0.044996
359,0.999671,80.9934282303,0.00935048,0.0275427,0.0448958
360,0.999639,89.0002155304,0.0093467,0.0255647,0.0447957
361,0.999663,83.0061435699,0.00750157,0.0263847,0.0446959
362,0.999716,70.0042963028,0.00719456,0.0213128,0.0445963
363,0.999684,77.9963922501,0.00810192,0.0238017,0.044497
364,0.999651,86.0031795502,0.00927624,0.0264605,0.0443978
365,0.99968,78.9954042435,0.0087034,0.024832,0.0442989
366,0.999688,76.9973802567,0.00607472,0.0224124,0.0442002
367,0.9997,74.0003442764,0.00912575,0.0244133,0.0441017
368,0.999639,89.0002155304,0.0102481,0.0281832,0.0440034
369,0.999732,65.9935569763,0.00649164,0.0217405,0.0439054
370,0.999769,57.0024490356,0.00503215,0.022808,0.0438075
371,0.999696,74.9993562698,0.00669528,0.0224822,0.0437099
372,0.999708,72.0023202896,0.00518122,0.0199828,0.0436125
373,0.999716,70.0042963028,0.00757161,0.0224637,0.0435154
374,0.999663,83.0061435699,0.00784594,0.0251056,0.0434184
375,0.99968,78.9954042435,0.00660301,0.0230231,0.0433217
376,0.999598,99.0050268173,0.0115452,0.0312106,0.0432251
377,0.999647,87.0021915436,0.00793691,0.027057,0.0431288
378,0.999671,80.9934282303,0.00955592,0.0246258,0.0430327
379,0.999716,70.0042963028,0.00598063,0.0224793,0.0429368
380,0.999704,73.001332283,0.00720579,0.0235803,0.0428411
381,0.999716,70.0042963028,0.00556573,0.022154,0.0427457
382,0.99972,69.0052843094,0.00604568,0.0227289,0.0426504
383,0.999692,75.9983682632,0.00675592,0.0226166,0.0425554
384,0.999728,67.0072603226,0.00701262,0.0190075,0.0424606
385,0.999716,70.0042963028,0.00554404,0.0201043,0.042366
386,0.99972,69.0052843094,0.00549646,0.0215896,0.0422716
387,0.99968,78.9954042435,0.00795629,0.0239639,0.0421774
388,0.999692,75.9983682632,0.0055562,0.0215097,0.0420834
389,0.99972,69.0052843094,0.0057015,0.0223106,0.0419896
390,0.99972,69.0052843094,0.00602115,0.0221462,0.0418961
391,0.999659,84.0051555634,0.00830722,0.02486,0.0418027
392,0.999667,82.0071315765,0.00657754,0.0254191,0.0417096
393,0.9997,74.0003442764,0.00789808,0.0255093,0.0416166
394,0.999708,72.0023202896,0.00557577,0.0214722,0.0415239
395,0.999712,71.0033082962,0.00646697,0.0221718,0.0414314
396,0.999692,75.9983682632,0.00729114,0.0212497,0.0413391
397,0.999724,68.006272316,0.00636709,0.0238252,0.0412469
398,0.999663,83.0061435699,0.00716599,0.0249843,0.041155
399,0.99974,63.9955329895,0.00621853,0.0189439,0.0410633
400,0.999753,60.9984970093,0.00473263,0.0200385,0.0409718
401,0.999785,53.006401062,0.00501991,0.0175142,0.0408805
402,0.999671,80.9934282303,0.00810473,0.02791,0.0407895
403,0.999757,59.9994850159,0.00545527,0.0187552,0.0406986
404,0.999688,76.9973802567,0.00749987,0.02397,0.0406079
405,0.999748,61.9975090027,0.00451038,0.0197367,0.0405174
406,0.999716,70.0042963028,0.00551973,0.0231478,0.0404271
407,0.999732,65.9935569763,0.00503342,0.0221716,0.040337
408,0.999789,51.9926977158,0.00484486,0.0194417,0.0402471
409,0.999793,50.9936857224,0.00406599,0.0187703,0.0401575
410,0.999834,41.0035657883,0.00301988,0.0176034,0.040068
411,0.999724,68.006272316,0.00589289,0.0220272,0.0399787
412,0.999724,68.006272316,0.00509949,0.0203572,0.0398896
413,0.999797,49.9946737289,0.00267191,0.015974,0.0398007
414,0.999809,46.9976377487,0.00439445,0.0182334,0.0397121
415,0.999736,64.9945449829,0.00624135,0.021343,0.0396236
416,0.999789,51.9926977158,0.00598966,0.0178893,0.0395353
417,0.999797,49.9946737289,0.00365932,0.0156623,0.0394472
418,0.999785,53.006401062,0.00426708,0.0199453,0.0393593
419,0.999801,48.9956617355,0.00336159,0.0158084,0.0392716
420,0.999785,53.006401062,0.00502451,0.0203028,0.0391841
421,0.999744,62.9965209961,0.00439812,0.019098,0.0390968
422,0.999716,70.0042963028,0.00514122,0.0244631,0.0390097
423,0.999748,61.9975090027,0.00544138,0.0206952,0.0389227
424,0.99974,63.9955329895,0.00446998,0.0194157,0.038836
425,0.999716,70.0042963028,0.00455326,0.0210123,0.0387495
426,0.999684,77.9963922501,0.00652251,0.0239125,0.0386631
427,0.999789,51.9926977158,0.00389502,0.0199561,0.038577
428,0.99983,42.0025777817,0.00244499,0.0161305,0.038491
429,0.999757,59.9994850159,0.00554334,0.0203411,0.0384053
430,0.999842,39.0055418015,0.00235516,0.0138161,0.0383197
431,0.999761,59.0004730225,0.00716206,0.0205208,0.0382343
432,0.999748,61.9975090027,0.00564128,0.020796,0.0381491
433,0.999748,61.9975090027,0.00556078,0.0204139,0.0380641
434,0.999801,48.9956617355,0.00388071,0.0163825,0.0379793
435,0.999781,54.0054130554,0.00331414,0.0168674,0.0378946
436,0.999708,72.0023202896,0.00482893,0.0227561,0.0378102
437,0.999817,44.9996137619,0.00282949,0.0167146,0.037726
438,0.999753,60.9984970093,0.00555043,0.0223584,0.0376419
439,0.999797,49.9946737289,0.00403213,0.0159684,0.037558
440,0.999785,53.006401062,0.00357967,0.0192548,0.0374743
441,0.999826,43.0015897751,0.0032371,0.0149294,0.0373908
442,0.999781,54.0054130554,0.00304611,0.0174488,0.0373075
443,0.999805,47.9966497421,0.00357504,0.0159736,0.0372244
444,0.99974,63.9955329895,0.0048583,0.0207068,0.0371414
445,0.999753,60.9984970093,0.00443924,0.0185742,0.0370587
446,0.999834,41.0035657883,0.00198799,0.0144904,0.0369761
447,0.999809,46.9976377487,0.0032506,0.0180396,0.0368937
448,0.999781,54.0054130554,0.00414864,0.0181842,0.0368115
449,0.999842,39.0055418015,0.00351245,0.0156903,0.0367295
450,0.999797,49.9946737289,0.00290366,0.0192053,0.0366477
451,0.999793,50.9936857224,0.00374969,0.018438,0.036566
452,0.999781,54.0054130554,0.00310166,0.0182197,0.0364845
453,0.999773,56.0034370422,0.00368321,0.0188427,0.0364032
454,0.999748,61.9975090027,0.00456169,0.0195912,0.0363221
455,0.999785,53.006401062,0.00437464,0.0175926,0.0362412
456,0.999809,46.9976377487,0.00285923,0.0175995,0.0361604
457,0.999785,53.006401062,0.0035414,0.0180843,0.0360798
458,0.999765,58.0014610291,0.0042076,0.0192794,0.0359994
459,0.999805,47.9966497421,0.00393718,0.0188188,0.0359192
460,0.999801,48.9956617355,0.00252798,0.0171701,0.0358392
461,0.999789,51.9926977158,0.00372651,0.0168577,0.0357593
462,0.999789,51.9926977158,0.00371188,0.0168148,0.0356797
463,0.999777,55.0044250488,0.00311536,0.0186008,0.0356002
464,0.999757,59.9994850159,0.00434799,0.0207805,0.0355208
465,0.999793,50.9936857224,0.00291827,0.0159214,0.0354417
466,0.999781,54.0054130554,0.00470408,0.0203791,0.0353627
467,0.999805,47.9966497421,0.00294771,0.0160659,0.0352839
468,0.999838,40.0045537949,0.00254295,0.0156231,0.0352053
469,0.999813,45.9986257553,0.00296485,0.0177141,0.0351268
470,0.999846,38.006529808,0.00244129,0.0127706,0.0350486
471,0.999821,44.0006017685,0.00248535,0.0162562,0.0349705
472,0.999769,57.0024490356,0.00335341,0.0181148,0.0348926
473,0.999777,55.0044250488,0.00396361,0.0162709,0.0348148
474,0.999765,58.0014610291,0.00423081,0.0184005,0.0347372
475,0.999817,44.9996137619,0.0028044,0.0164287,0.0346598
476,0.999789,51.9926977158,0.0034617,0.0162436,0.0345826
477,0.999757,59.9994850159,0.00359057,0.0203526,0.0345055
478,0.999789,51.9926977158,0.00364092,0.0169965,0.0344287
479,0.999809,46.9976377487,0.00312991,0.0169019,0.0343519
480,0.999911,21.9929552078,0.00164478,0.0107934,0.0342754
481,0.999797,49.9946737289,0.00354454,0.0178749,0.034199
482,0.999809,46.9976377487,0.00388398,0.0171902,0.0341228
483,0.999769,57.0024490356,0.00434406,0.0182594,0.0340468
484,0.999838,40.0045537949,0.00275134,0.0139942,0.0339709
485,0.999773,56.0034370422,0.00395753,0.0198056,0.0338952
486,0.999821,44.0006017685,0.00242372,0.0155251,0.0338197
487,0.999817,44.9996137619,0.003441,0.0150566,0.0337443
488,0.999842,39.0055418015,0.00188439,0.014119,0.0336692
489,0.999842,39.0055418015,0.00212428,0.0130252,0.0335941
490,0.999834,41.0035657883,0.00254837,0.01612,0.0335193
491,0.999878,29.9997425079,0.00158146,0.0118226,0.0334446
492,0.999842,39.0055418015,0.0025265,0.0164244,0.0333701
493,0.99983,42.0025777817,0.00236329,0.0154446,0.0332957
494,0.999838,40.0045537949,0.0027934,0.0149072,0.0332215
495,0.999838,40.0045537949,0.00238789,0.0146793,0.0331475
496,0.999801,48.9956617355,0.00251196,0.0169153,0.0330736
497,0.99987,31.9977664948,0.00210741,0.0150006,0.0329999
498,0.999854,35.9938144684,0.00168294,0.0121331,0.0329264
499,0.999817,44.9996137619,0.00195363,0.0152334,0.032853
500,0.999785,53.006401062,0.00350995,0.0175474,0.0327798
501,0.999846,38.006529808,0.00244739,0.0150966,0.0327068
502,0.999834,41.0035657883,0.00204548,0.0151768,0.0326339
503,0.999769,57.0024490356,0.0036181,0.0181793,0.0325612
504,0.999789,51.9926977158,0.00357507,0.0165679,0.0324887
505,0.999846,38.006529808,0.00219489,0.0139225,0.0324163
506,0.999817,44.9996137619,0.00267227,0.0150247,0.032344
507,0.999821,44.0006017685,0.00219664,0.0150043,0.032272
508,0.999858,34.994802475,0.0024283,0.0148965,0.0322
509,0.999846,38.006529808,0.00242514,0.016067,0.0321283
510,0.999821,44.0006017685,0.00260845,0.0150526,0.0320567
511,0.99985,36.9928264618,0.00261181,0.0116902,0.0319853
512,0.999842,39.0055418015,0.00210427,0.0152864,0.031914
513,0.999834,41.0035657883,0.00229483,0.0143547,0.0318429
514,0.999894,26.0036945343,0.00153093,0.0133208,0.031772
515,0.999821,44.0006017685,0.00232037,0.0150676,0.0317012
516,0.999813,45.9986257553,0.00248051,0.0184865,0.0316305
517,0.999842,39.0055418015,0.00206272,0.0133338,0.03156
518,0.999862,33.9957904816,0.00208848,0.0127726,0.0314897
519,0.999846,38.006529808,0.00173417,0.0139047,0.0314195
520,0.999777,55.0044250488,0.00328621,0.0165533,0.0313495
521,0.999878,29.9997425079,0.0016848,0.0130398,0.0312797
522,0.999903,24.0056705475,0.000982298,0.0114813,0.03121
523,0.999882,29.0007305145,0.00154722,0.0121568,0.0311404
524,0.999878,29.9997425079,0.00225381,0.0115182,0.0310711
525,0.999907,23.0066585541,0.00104924,0.0118019,0.0310018
526,0.999862,33.9957904816,0.00222461,0.0143011,0.0309327
527,0.999882,29.0007305145,0.00131744,0.0114236,0.0308638
528,0.999846,38.006529808,0.00149449,0.0137644,0.030795
529,0.999894,26.0036945343,0.000868713,0.0105853,0.0307264
530,0.999834,41.0035657883,0.00172734,0.0133969,0.030658
531,0.999915,20.9939432144,0.00115775,0.0100826,0.0305896
532,0.999878,29.9997425079,0.00119579,0.0127191,0.0305215
533,0.999878,29.9997425079,0.00186201,0.0165756,0.0304535
534,0.999862,33.9957904816,0.00198962,0.013509,0.0303856
535,0.99989,27.0027065277,0.00139727,0.0108311,0.0303179
536,0.99989,27.0027065277,0.00114413,0.011679,0.0302504
537,0.999846,38.006529808,0.00235773,0.0158241,0.030183
538,0.999821,44.0006017685,0.00198102,0.0152016,0.0301157
539,0.999854,35.9938144684,0.00147917,0.0125494,0.0300486
540,0.999907,23.0066585541,0.00120112,0.0100659,0.0299816
541,0.99987,31.9977664948,0.00113989,0.0131616,0.0299148
542,0.999862,33.9957904816,0.00146869,0.0138252,0.0298482
543,0.999882,29.0007305145,0.00130054,0.0110914,0.0297817
544,0.99989,27.0027065277,0.000878199,0.0117271,0.0297153
545,0.999894,26.0036945343,0.00117353,0.0097642,0.0296491
546,0.999943,14.0008592606,0.000595949,0.0104566,0.029583
547,0.999915,20.9939432144,0.000710439,0.0123027,0.0295171
548,0.999886,28.0017185211,0.00143778,0.0126662,0.0294513
549,0.999882,29.0007305145,0.0018939,0.0137764,0.0293857
550,0.999854,35.9938144684,0.00187961,0.0142912,0.0293202
551,0.999886,28.0017185211,0.00132183,0.0103474,0.0292549
552,0.999854,35.9938144684,0.00169556,0.0145736,0.0291897
553,0.999866,32.9967784882,0.00179526,0.0126995,0.0291247
554,0.999911,21.9929552078,0.00109778,0.00918432,0.0290598
555,0.999826,43.0015897751,0.00201662,0.0144514,0.028995
556,0.999826,43.0015897751,0.00233063,0.0145833,0.0289304
557,0.999903,24.0056705475,0.00108487,0.0105463,0.028866
558,0.999862,33.9957904816,0.00152374,0.013924,0.0288016
559,0.99987,31.9977664948,0.00174646,0.0136154,0.0287375
560,0.999903,24.0056705475,0.00109571,0.0109017,0.0286734
561,0.999882,29.0007305145,0.0016558,0.0105135,0.0286095
562,0.999854,35.9938144684,0.00148293,0.014854,0.0285458
563,0.99989,27.0027065277,0.00143333,0.0112072,0.0284822
564,0.999915,20.9939432144,0.000754889,0.0113225,0.0284187
565,0.999911,21.9929552078,0.00103261,0.0106006,0.0283554
566,0.99989,27.0027065277,0.000833295,0.0111162,0.0282922
567,0.999919,19.994931221,0.000947467,0.00935061,0.0282292
568,0.99987,31.9977664948,0.00147966,0.0139881,0.0281663
569,0.999894,26.0036945343,0.000857477,0.0108467,0.0281035
570,0.999846,38.006529808,0.00166945,0.012018,0.0280409
571,0.99989,27.0027065277,0.00112318,0.0100029,0.0279784
572,0.999919,19.994931221,0.00099489,0.0105228,0.0279161
573,0.99987,31.9977664948,0.00172333,0.013796,0.0278539
574,0.99983,42.0025777817,0.0022509,0.013834,0.0277918
575,0.999882,29.0007305145,0.00137211,0.0113221,0.0277299
576,0.999878,29.9997425079,0.00125672,0.0131316,0.0276681
577,0.999899,25.0046825409,0.000855315,0.011572,0.0276064
578,0.99989,27.0027065277,0.000955205,0.0125545,0.0275449
579,0.999866,32.9967784882,0.00130474,0.0119049,0.0274836
580,0.999915,20.9939432144,0.000760561,0.0100385,0.0274223
581,0.999907,23.0066585541,0.000941972,0.010209,0.0273612
582,0.999886,28.0017185211,0.00115594,0.0112687,0.0273002
583,0.999903,24.0056705475,0.000991229,0.0119847,0.0272394
584,0.999915,20.9939432144,0.000763032,0.00916474,0.0271787
585,0.999894,26.0036945343,0.000960637,0.0106918,0.0271182
586,0.999923,18.9959192276,0.000770536,0.00771448,0.0270577
587,0.999903,24.0056705475,0.00102886,0.0112283,0.0269974
588,0.999911,21.9929552078,0.00102751,0.0100631,0.0269373
589,0.999947,13.0018472672,0.000292141,0.00526735,0.0268773
590,0.999903,24.0056705475,0.000950891,0.00969109,0.0268174
591,0.999886,28.0017185211,0.00102643,0.0108995,0.0267576
592,0.999959,10.0048112869,0.00058,0.00684699,0.026698
593,0.999947,13.0018472672,0.000350375,0.00717721,0.0266385
594,0.999927,17.9969072342,0.000685606,0.00887092,0.0265791
595,0.999919,19.994931221,0.000783865,0.00996722,0.0265199
596,0.999923,18.9959192276,0.000577479,0.00970315,0.0264608
597,0.999943,14.0008592606,0.000441604,0.00758045,0.0264019
598,0.999988,2.99703598022,7.36795e-05,0.0039337,0.026343
599,0.999931,16.9978952408,0.000601482,0.00933587,0.0262843
600,0.999911,21.9929552078,0.000693707,0.0118702,0.0262258
601,0.999955,11.0038232803,0.000475068,0.00715006,0.0261673
602,0.999963,9.00579929352,0.000308586,0.00594102,0.026109
603,0.999996,0.999011993408,1.29014e-05,0.000734194,0.0260509
604,0.999996,0.999011993408,1.78599e-05,0.00284446,0.0259928
605,0.99998,4.99505996704,3.81658e-05,0.00350495,0.0259349
606,0.999968,8.00678730011,0.000195572,0.00389855,0.0258771
607,0.999963,9.00579929352,0.000270357,0.00716311,0.0258194
608,0.999935,15.9988832474,0.000569517,0.00965757,0.0257619
609,0.999939,14.999871254,0.000478184,0.00755345,0.0257045
610,0.999927,17.9969072342,0.000946805,0.010597,0.0256472
611,0.999931,16.9978952408,0.000762836,0.00895949,0.0255901
612,0.999915,20.9939432144,0.00101223,0.0107502,0.0255331
613,0.999907,23.0066585541,0.00124314,0.0102982,0.0254762
614,0.999915,20.9939432144,0.000733347,0.0108447,0.0254194
615,0.999951,12.0028352737,0.000390967,0.00711031,0.0253628
616,0.999903,24.0056705475,0.00114871,0.0102391,0.0253062
617,0.999939,14.999871254,0.000811756,0.00894477,0.0252499
618,0.999951,12.0028352737,0.000362404,0.00636953,0.0251936
619,0.999955,11.0038232803,0.000517604,0.00744754,0.0251375
620,0.999931,16.9978952408,0.000647719,0.00863932,0.0250814
621,0.999951,12.0028352737,0.000332314,0.00710773,0.0250256
622,0.999951,12.0028352737,0.000322719,0.00807268,0.0249698
623,0.999943,14.0008592606,0.000507722,0.00915443,0.0249142
624,0.999935,15.9988832474,0.000554911,0.00851064,0.0248586
625,0.999927,17.9969072342,0.000563572,0.00889202,0.0248033
626,0.999951,12.0028352737,0.00034161,0.00698206,0.024748
627,0.999955,11.0038232803,0.000284871,0.00659267,0.0246928
628,0.999963,9.00579929352,0.000225168,0.00689072,0.0246378
629,0.999955,11.0038232803,0.00050503,0.00788711,0.0245829
630,0.999963,9.00579929352,0.000289966,0.00652595,0.0245281
631,0.999968,8.00678730011,0.00028257,0.0067753,0.0244735
632,0.999951,12.0028352737,0.000296789,0.0053627,0.024419
633,0.999972,6.99308395386,0.000459486,0.0062248,0.0243645
634,0.999911,21.9929552078,0.000745257,0.0114134,0.0243103
635,0.999907,23.0066585541,0.000617876,0.01007,0.0242561
636,0.999903,24.0056705475,0.000969703,0.0110442,0.024202
637,0.999931,16.9978952408,0.000743238,0.00795754,0.0241481
638,0.999963,9.00579929352,0.000437847,0.00739209,0.0240943
639,0.999976,5.99407196045,0.000146115,0.00636591,0.0240406
640,0.999959,10.0048112869,0.000178144,0.00697705,0.0239871
641,0.999976,5.99407196045,0.000154038,0.00712382,0.0239336
642,0.999984,3.99604797363,0.000109328,0.0039801,0.0238803
643,1.0,0.0,0.0,0.0,0.0238271
1.0,0.0,2366.340893507004,1.19922,0.0109804514646,0.000793770498064
