17,80,0.9,2,1000, .1 
0,0.495923,124244.99872,1.6598e+06,295.373,0.1
1,0.845821,38002.0048714,3370.34,6.95387,0.0998947
2,0.991358,2129.99640942,25.0281,0.709752,0.0997895
3,0.998203,443.003053665,0.886698,0.143862,0.0996845
4,0.998848,283.998541832,0.149484,0.0875498,0.0995795
5,0.998896,271.995706558,0.123384,0.0858749,0.0994747
6,0.999111,219.003996849,0.0797614,0.0641425,0.09937
7,0.998998,247.00571537,0.11146,0.0750519,0.0992654
8,0.998876,277.005457878,0.132111,0.0816231,0.0991609
9,0.998957,256.995835304,0.114094,0.0794621,0.0990565
10,0.999055,233.00485611,0.0994707,0.0724903,0.0989522
11,0.998974,252.999787331,0.104848,0.078797,0.0988481
12,0.998945,259.992871284,0.113921,0.0795474,0.098744
13,0.998921,266.001634598,0.11897,0.0886818,0.09864
14,0.99901,243.993988037,0.0864696,0.0684263,0.0985362
15,0.999043,236.00189209,0.0820228,0.0724318,0.0984325
16,0.999172,204.004125595,0.0791922,0.0690951,0.0983289
17,0.998961,255.996823311,0.101336,0.0768115,0.0982253
18,0.99899,249.003739357,0.104349,0.0767731,0.0981219
19,0.999059,232.005844116,0.0890687,0.0734405,0.0980186
20,0.99903,238.99892807,0.0995213,0.0754895,0.0979155
21,0.999051,234.003868103,0.0925991,0.0725739,0.0978124
22,0.99888,276.006445885,0.112037,0.0839945,0.0977094
23,0.999043,236.00189209,0.0975435,0.0706939,0.0976066
24,0.998982,251.001763344,0.113212,0.0796906,0.0975038
25,0.999136,212.995233536,0.0902636,0.0658752,0.0974012
26,0.999034,237.999916077,0.0882912,0.0738805,0.0972986
27,0.999018,241.99596405,0.0991431,0.0779989,0.0971962
28,0.999079,226.996092796,0.0843701,0.0685278,0.0970939
29,0.999059,232.005844116,0.0855268,0.0712919,0.0969917
30,0.999111,219.003996849,0.0808172,0.066274,0.0968896
31,0.999018,241.99596405,0.105632,0.0804622,0.0967876
32,0.999128,214.993257523,0.078674,0.0657715,0.0966857
33,0.999152,208.999185562,0.0833124,0.0662013,0.0965839
34,0.999124,216.006960869,0.0907004,0.0676643,0.0964822
35,0.999079,226.996092796,0.0942753,0.071854,0.0963807
36,0.999059,232.005844116,0.09761,0.0730872,0.0962792
37,0.998929,264.003610611,0.116428,0.0805519,0.0961778
38,0.998949,258.993859291,0.114304,0.0814927,0.0960766
39,0.999067,229.993128777,0.0922021,0.0689619,0.0959755
40,0.998978,252.000775337,0.111818,0.0812873,0.0958744
41,0.998998,247.00571537,0.0914352,0.0797183,0.0957735
42,0.999038,237.000904083,0.102211,0.0755817,0.0956727
43,0.999006,244.993000031,0.0910297,0.0755163,0.095572
44,0.998994,248.004727364,0.0977175,0.0807187,0.0954713
45,0.999087,224.99806881,0.0928482,0.0774495,0.0953708
46,0.998961,255.996823311,0.0977416,0.0748431,0.0952704
47,0.99912,217.005972862,0.0824624,0.067086,0.0951702
48,0.998957,256.995835304,0.103873,0.0798011,0.09507
49,0.999014,242.994976044,0.0862764,0.0684191,0.0949699
50,0.998974,252.999787331,0.0964468,0.0794444,0.0948699
51,0.998965,254.997811317,0.109268,0.0794574,0.09477
52,0.999067,229.993128777,0.0950893,0.0674044,0.0946703
53,0.998876,277.005457878,0.121427,0.0862758,0.0945706
54,0.999038,237.000904083,0.0907566,0.0736571,0.0944711
55,0.999059,232.005844116,0.0916666,0.0772922,0.0943716
56,0.999083,225.997080803,0.0803738,0.0713442,0.0942723
57,0.999107,220.003008842,0.0844007,0.0659762,0.094173
58,0.999095,223.000044823,0.0906675,0.0682078,0.0940739
59,0.999124,216.006960869,0.0808212,0.065069,0.0939749
60,0.999051,234.003868103,0.0891309,0.0711152,0.0938759
61,0.999107,220.003008842,0.0807558,0.0724107,0.0937771
62,0.999136,212.995233536,0.0891779,0.0677351,0.0936784
63,0.999164,206.002149582,0.0688928,0.0583239,0.0935798
64,0.999014,242.994976044,0.104937,0.0747028,0.0934813
65,0.999034,237.999916077,0.0943192,0.0750323,0.0933828
66,0.999087,224.99806881,0.0860848,0.0693921,0.0932845
67,0.999063,231.006832123,0.0967243,0.0742479,0.0931863
68,0.999051,234.003868103,0.0943915,0.0714287,0.0930882
69,0.999063,231.006832123,0.0869942,0.0715953,0.0929902
70,0.998998,247.00571537,0.0922618,0.0725974,0.0928923
71,0.999014,242.994976044,0.097855,0.0702695,0.0927946
72,0.998949,258.993859291,0.100205,0.0730684,0.0926969
73,0.999184,201.007089615,0.0844158,0.0631777,0.0925993
74,0.999047,235.002880096,0.0981061,0.0755279,0.0925018
75,0.999047,235.002880096,0.0902037,0.0763684,0.0924044
76,0.999018,241.99596405,0.102204,0.0795601,0.0923072
77,0.999063,231.006832123,0.0786828,0.072593,0.09221
78,0.99914,211.996221542,0.0657792,0.0642449,0.0921129
79,0.99888,276.006445885,0.119369,0.0827987,0.092016
80,0.999075,227.99510479,0.0751949,0.0685112,0.0919191
81,0.999026,239.997940063,0.104397,0.0817751,0.0918223
82,0.999083,225.997080803,0.0815596,0.0684908,0.0917257
83,0.99901,243.993988037,0.101244,0.0767503,0.0916291
84,0.999067,229.993128777,0.0911058,0.0758568,0.0915326
85,0.999083,225.997080803,0.0856586,0.0705276,0.0914363
86,0.999063,231.006832123,0.101982,0.0750189,0.09134
87,0.998982,251.001763344,0.104481,0.0808348,0.0912439
88,0.999063,231.006832123,0.0884729,0.070799,0.0911478
89,0.99912,217.005972862,0.0772308,0.0654186,0.0910519
90,0.999014,242.994976044,0.103535,0.0754092,0.090956
91,0.999189,199.993386269,0.0785264,0.0628822,0.0908603
92,0.999116,218.004984856,0.0937326,0.0702904,0.0907646
93,0.999095,223.000044823,0.0793426,0.0694448,0.0906691
94,0.999095,223.000044823,0.078911,0.0640253,0.0905736
95,0.998994,248.004727364,0.109465,0.081818,0.0904783
96,0.999063,231.006832123,0.0823671,0.0755139,0.090383
97,0.999071,228.994116783,0.0839911,0.0727434,0.0902879
98,0.99914,211.996221542,0.0762113,0.0660093,0.0901928
99,0.999148,209.998197556,0.083546,0.0742682,0.0900979
100,0.999156,208.000173569,0.0681945,0.0603514,0.090003
101,0.999051,234.003868103,0.0997666,0.0758323,0.0899083
102,0.999043,236.00189209,0.0871431,0.0720831,0.0898136
103,0.999095,223.000044823,0.0857442,0.0700623,0.0897191
104,0.999047,235.002880096,0.102887,0.0754424,0.0896246
105,0.999055,233.00485611,0.0788538,0.0693081,0.0895303
106,0.999172,204.004125595,0.0677297,0.0668028,0.089436
107,0.999128,214.993257523,0.095747,0.0688171,0.0893419
108,0.999051,234.003868103,0.0975445,0.0723174,0.0892478
109,0.999254,183.994503021,0.0652086,0.0617161,0.0891539
110,0.999014,242.994976044,0.0932331,0.0747378,0.08906
111,0.999047,235.002880096,0.0950744,0.0757469,0.0889663
112,0.999095,223.000044823,0.0769357,0.0688731,0.0888726
113,0.999184,201.007089615,0.06611,0.0598803,0.0887791
114,0.999059,232.005844116,0.0905366,0.0755866,0.0886856
115,0.999136,212.995233536,0.0737152,0.0676466,0.0885923
116,0.999071,228.994116783,0.0909433,0.0744664,0.088499
117,0.999148,209.998197556,0.0693368,0.0657612,0.0884058
118,0.999047,235.002880096,0.0869617,0.0722608,0.0883128
119,0.999124,216.006960869,0.07377,0.0690979,0.0882198
120,0.99916,207.001161575,0.072549,0.0678482,0.0881269
121,0.999087,224.99806881,0.0956614,0.0768904,0.0880342
122,0.999152,208.999185562,0.0691733,0.0705824,0.0879415
123,0.999217,193.000302315,0.0683824,0.0580317,0.0878489
124,0.999225,191.002278328,0.0616929,0.0574418,0.0877564
125,0.999144,210.997209549,0.0772786,0.0643216,0.087664
126,0.999095,223.000044823,0.082918,0.0709606,0.0875718
127,0.999209,194.998326302,0.0718534,0.0670811,0.0874796
128,0.99918,202.006101608,0.0662865,0.0612539,0.0873875
129,0.999063,231.006832123,0.0975886,0.0788359,0.0872955
130,0.999148,209.998197556,0.0722862,0.0640463,0.0872036
131,0.998986,250.00275135,0.0885212,0.074157,0.0871118
132,0.999111,219.003996849,0.0799314,0.0718955,0.0870201
133,0.999063,231.006832123,0.0882882,0.0751585,0.0869285
134,0.999091,223.999056816,0.0649084,0.0684182,0.086837
135,0.999156,208.000173569,0.082996,0.0697272,0.0867456
136,0.999172,204.004125595,0.0608617,0.0605613,0.0866542
137,0.999111,219.003996849,0.0778436,0.0677021,0.086563
138,0.99912,217.005972862,0.0858913,0.0761313,0.0864719
139,0.999132,213.994245529,0.0759059,0.0695103,0.0863809
140,0.999148,209.998197556,0.0732347,0.0637084,0.0862899
141,0.999111,219.003996849,0.0914802,0.0677851,0.0861991
142,0.999229,190.003266335,0.0619851,0.0587731,0.0861083
143,0.999168,205.003137589,0.0770338,0.0635891,0.0860177
144,0.999156,208.000173569,0.0731917,0.0655197,0.0859272
145,0.999132,213.994245529,0.0662295,0.0648627,0.0858367
146,0.999136,212.995233536,0.075563,0.0680962,0.0857463
147,0.999254,183.994503021,0.0591474,0.0658376,0.0856561
148,0.999189,199.993386269,0.0676263,0.0607312,0.0855659
149,0.999197,197.995362282,0.0699982,0.0635829,0.0854758
150,0.999184,201.007089615,0.0641586,0.0665122,0.0853858
151,0.999103,221.002020836,0.0769626,0.0661447,0.085296
152,0.999168,205.003137589,0.0764698,0.0676478,0.0852062
153,0.999152,208.999185562,0.0726289,0.0599568,0.0851165
154,0.999189,199.993386269,0.0666964,0.0648673,0.0850269
155,0.999205,195.997338295,0.0666304,0.0601992,0.0849374
156,0.999237,188.005242348,0.0589895,0.0584834,0.0848479
157,0.999168,205.003137589,0.0681878,0.0634589,0.0847586
158,0.999156,208.000173569,0.0835126,0.0700295,0.0846694
159,0.999213,193.999314308,0.064068,0.0572069,0.0845803
160,0.999148,209.998197556,0.0779504,0.0690654,0.0844912
161,0.999205,195.997338295,0.0579011,0.0582145,0.0844023
162,0.999193,198.994374275,0.0694528,0.065861,0.0843134
163,0.999156,208.000173569,0.0724094,0.0635934,0.0842247
164,0.999071,228.994116783,0.0805843,0.0766995,0.084136
165,0.999184,201.007089615,0.0718378,0.0654262,0.0840474
166,0.999229,190.003266335,0.0569358,0.0547565,0.083959
167,0.999055,233.00485611,0.0809984,0.0701966,0.0838706
168,0.999197,197.995362282,0.0649925,0.0620088,0.0837823
169,0.999075,227.99510479,0.0846208,0.0739724,0.0836941
170,0.999245,186.007218361,0.0581264,0.0549573,0.083606
171,0.999205,195.997338295,0.0648298,0.058694,0.083518
172,0.999091,223.999056816,0.0833072,0.0729762,0.08343
173,0.999221,192.001290321,0.0591037,0.0622033,0.0833422
174,0.999229,190.003266335,0.0632988,0.062729,0.0832545
175,0.999152,208.999185562,0.0719648,0.0670488,0.0831668
176,0.999184,201.007089615,0.0655826,0.0606033,0.0830793
177,0.99914,211.996221542,0.0802025,0.0700062,0.0829918
178,0.999225,191.002278328,0.0769832,0.067806,0.0829045
179,0.999258,182.995491028,0.0672209,0.0593667,0.0828172
180,0.999258,182.995491028,0.0545783,0.0610544,0.08273
181,0.999168,205.003137589,0.0645633,0.0635507,0.0826429
182,0.999168,205.003137589,0.0721107,0.0619935,0.0825559
183,0.999258,182.995491028,0.0553247,0.0595725,0.082469
184,0.999262,181.996479034,0.0553859,0.0590334,0.0823822
185,0.999213,193.999314308,0.0629491,0.0584417,0.0822955
186,0.999278,178.000431061,0.063525,0.0598565,0.0822088
187,0.999091,223.999056816,0.0694401,0.0700925,0.0821223
188,0.999213,193.999314308,0.0677488,0.069704,0.0820358
189,0.999176,203.005113602,0.0684048,0.0622233,0.0819495
190,0.99918,202.006101608,0.0790608,0.0617937,0.0818632
191,0.999254,183.994503021,0.0686533,0.0627687,0.081777
192,0.999156,208.000173569,0.0686067,0.0630113,0.0816909
193,0.999168,205.003137589,0.0724857,0.0668187,0.081605
194,0.999245,186.007218361,0.0587821,0.0630129,0.081519
195,0.999249,184.993515015,0.0712128,0.0599377,0.0814332
196,0.999245,186.007218361,0.054871,0.0555141,0.0813475
197,0.999184,201.007089615,0.0641883,0.0654201,0.0812619
198,0.999164,206.002149582,0.074443,0.0668641,0.0811763
199,0.999266,180.997467041,0.0593902,0.0609455,0.0810909
200,0.999136,212.995233536,0.0752143,0.0669715,0.0810055
201,0.999172,204.004125595,0.0670585,0.0692548,0.0809202
202,0.999241,187.006230354,0.0620239,0.0659575,0.080835
203,0.999266,180.997467041,0.0530338,0.0544125,0.0807499
204,0.99918,202.006101608,0.0753717,0.062759,0.0806649
205,0.999233,189.004254341,0.0697833,0.0628394,0.08058
206,0.999229,190.003266335,0.0637148,0.0599803,0.0804952
207,0.999225,191.002278328,0.062586,0.0611295,0.0804105
208,0.999091,223.999056816,0.0787789,0.0693075,0.0803258
209,0.999099,222.001032829,0.0766136,0.0768469,0.0802413
210,0.999193,198.994374275,0.0589949,0.0606515,0.0801568
211,0.999274,178.999443054,0.0655123,0.0610012,0.0800724
212,0.99914,211.996221542,0.0703136,0.0656085,0.0799881
213,0.999314,168.994631767,0.0563132,0.0553659,0.0799039
214,0.99912,217.005972862,0.0767564,0.0716497,0.0798198
215,0.999343,162.001547813,0.0448571,0.0485529,0.0797358
216,0.999197,197.995362282,0.0626104,0.0575772,0.0796518
217,0.999176,203.005113602,0.0737306,0.0704686,0.079568
218,0.999241,187.006230354,0.0601045,0.058329,0.0794842
219,0.999193,198.994374275,0.062162,0.064854,0.0794005
220,0.99916,207.001161575,0.0680517,0.06411,0.0793169
221,0.999213,193.999314308,0.0598773,0.0591336,0.0792335
222,0.999225,191.002278328,0.0541733,0.057701,0.07915
223,0.99918,202.006101608,0.0765748,0.07127,0.0790667
224,0.999302,172.0063591,0.0513362,0.0527836,0.0789835
225,0.99929,175.003395081,0.0510198,0.0545488,0.0789003
226,0.999335,163.9995718,0.0534458,0.0545332,0.0788173
227,0.99927,179.998455048,0.0542424,0.0575622,0.0787343
228,0.999116,218.004984856,0.0624927,0.0655763,0.0786514
229,0.999363,157.006487846,0.0501306,0.0540842,0.0785686
230,0.999343,162.001547813,0.0497071,0.0484644,0.0784859
231,0.999164,206.002149582,0.0677726,0.0680765,0.0784033
232,0.999254,183.994503021,0.060659,0.0621036,0.0783208
233,0.999209,194.998326302,0.0632472,0.0664442,0.0782383
234,0.999209,194.998326302,0.0645524,0.0648974,0.0781559
235,0.999302,172.0063591,0.0532174,0.0546602,0.0780737
236,0.999282,177.001419067,0.0513003,0.0543738,0.0779915
237,0.999241,187.006230354,0.0739959,0.0667825,0.0779094
238,0.999282,177.001419067,0.0563433,0.0601863,0.0778274
239,0.999217,193.000302315,0.0674154,0.0669317,0.0777454
240,0.99929,175.003395081,0.0515884,0.0569631,0.0776636
241,0.999213,193.999314308,0.0703457,0.0657284,0.0775818
242,0.999213,193.999314308,0.0520276,0.05729,0.0775002
243,0.999237,188.005242348,0.0627474,0.062758,0.0774186
244,0.999201,196.996350288,0.0596426,0.0609883,0.0773371
245,0.999331,164.998583794,0.0503262,0.0560406,0.0772557
246,0.999164,206.002149582,0.0667275,0.0697386,0.0771743
247,0.99929,175.003395081,0.0686818,0.0672677,0.0770931
248,0.999209,194.998326302,0.0578969,0.0617146,0.0770119
249,0.999245,186.007218361,0.0643165,0.0605573,0.0769309
250,0.999245,186.007218361,0.0748732,0.0703002,0.0768499
251,0.999233,189.004254341,0.0632297,0.0595334,0.076769
252,0.999302,172.0063591,0.045018,0.0540972,0.0766882
253,0.99918,202.006101608,0.0722707,0.0657657,0.0766074
254,0.999245,186.007218361,0.0673503,0.0605695,0.0765268
255,0.999237,188.005242348,0.0562019,0.0569479,0.0764462
256,0.999245,186.007218361,0.0533421,0.0603066,0.0763658
257,0.999282,177.001419067,0.0506362,0.0581626,0.0762854
258,0.999298,173.005371094,0.0604866,0.0629962,0.0762051
259,0.999266,180.997467041,0.0506181,0.0578186,0.0761248
260,0.999201,196.996350288,0.0598401,0.0719075,0.0760447
261,0.999367,155.9927845,0.0481076,0.049036,0.0759646
262,0.999327,165.997595787,0.0516624,0.0585615,0.0758847
263,0.999282,177.001419067,0.0596121,0.0552208,0.0758048
264,0.999367,155.9927845,0.046613,0.0568608,0.075725
265,0.999184,201.007089615,0.064847,0.0632599,0.0756453
266,0.999245,186.007218361,0.0550329,0.0624523,0.0755656
267,0.99929,175.003395081,0.0510913,0.0562699,0.0754861
268,0.999298,173.005371094,0.0522578,0.0531685,0.0754066
269,0.999363,157.006487846,0.0395708,0.0472872,0.0753272
270,0.999327,165.997595787,0.0555382,0.0586039,0.0752479
271,0.999322,166.99660778,0.054391,0.0615352,0.0751687
272,0.999322,166.99660778,0.0494731,0.0511245,0.0750896
273,0.999331,164.998583794,0.0508326,0.0520315,0.0750106
274,0.999355,159.004511833,0.0437467,0.0544509,0.0749316
275,0.999172,204.004125595,0.06299,0.0617564,0.0748527
276,0.999294,174.004383087,0.0499038,0.0597678,0.0747739
277,0.999148,209.998197556,0.0642166,0.0713175,0.0746952
278,0.999343,162.001547813,0.0526864,0.0567018,0.0746166
279,0.999302,172.0063591,0.0494327,0.0557286,0.074538
280,0.999298,173.005371094,0.0539681,0.0605333,0.0744595
281,0.999286,176.002407074,0.0592646,0.0603333,0.0743812
282,0.999306,170.992655754,0.0457585,0.0531808,0.0743029
283,0.999258,182.995491028,0.0572518,0.0585371,0.0742246
284,0.999351,160.003523827,0.0441202,0.0528056,0.0741465
285,0.999193,198.994374275,0.0587657,0.0670818,0.0740684
286,0.999286,176.002407074,0.0633521,0.0604387,0.0739905
287,0.99912,217.005972862,0.0757407,0.0690968,0.0739126
288,0.999355,159.004511833,0.0474529,0.0541233,0.0738348
289,0.99927,179.998455048,0.0535996,0.0575127,0.0737571
290,0.999217,193.000302315,0.0541765,0.0627456,0.0736794
291,0.99918,202.006101608,0.0571543,0.0598262,0.0736018
292,0.999225,191.002278328,0.0542032,0.0628881,0.0735244
293,0.999217,193.000302315,0.0532682,0.0597518,0.073447
294,0.999128,214.993257523,0.0691965,0.0690897,0.0733696
295,0.999379,152.99574852,0.0385876,0.0495957,0.0732924
296,0.99916,207.001161575,0.0620434,0.0622053,0.0732153
297,0.999286,176.002407074,0.0558114,0.0605441,0.0731382
298,0.999347,161.00253582,0.0452993,0.0500924,0.0730612
299,0.999343,162.001547813,0.0437337,0.0503535,0.0729843
300,0.999318,167.995619774,0.0402753,0.0501319,0.0729074
301,0.999355,159.004511833,0.048607,0.0530887,0.0728307
302,0.999266,180.997467041,0.0528906,0.0596249,0.072754
303,0.99927,179.998455048,0.059004,0.0597256,0.0726774
304,0.999383,151.996736526,0.0442415,0.0532743,0.0726009
305,0.999254,183.994503021,0.0549687,0.0608493,0.0725245
306,0.999221,192.001290321,0.0623164,0.0620495,0.0724481
307,0.999347,161.00253582,0.0464203,0.0526338,0.0723719
308,0.999237,188.005242348,0.0521944,0.0572725,0.0722957
309,0.999245,186.007218361,0.0567132,0.0652673,0.0722196
310,0.999375,153.994760513,0.0447432,0.0551064,0.0721436
311,0.999245,186.007218361,0.0520382,0.058636,0.0720676
312,0.999335,163.9995718,0.0451401,0.0531304,0.0719918
313,0.999233,189.004254341,0.0620682,0.0685586,0.071916
314,0.999322,166.99660778,0.0441495,0.0539664,0.0718403
315,0.999241,187.006230354,0.0576025,0.0625103,0.0717646
316,0.999351,160.003523827,0.0472012,0.0567744,0.0716891
317,0.999375,153.994760513,0.0402312,0.0473948,0.0716136
318,0.9994,148.000688553,0.0402768,0.0480251,0.0715382
319,0.999318,167.995619774,0.0534339,0.0608697,0.0714629
320,0.999383,151.996736526,0.0413157,0.0539668,0.0713877
321,0.99931,169.993643761,0.0454359,0.0519221,0.0713125
322,0.999452,134.998841286,0.0324832,0.0451987,0.0712375
323,0.999327,165.997595787,0.0437118,0.0509852,0.0711625
324,0.99931,169.993643761,0.0374344,0.0500902,0.0710876
325,0.999225,191.002278328,0.0580938,0.0625253,0.0710127
326,0.999278,178.000431061,0.0493527,0.0577578,0.070938
327,0.999249,184.993515015,0.0479249,0.0544941,0.0708633
328,0.999391,149.99871254,0.0430429,0.0565758,0.0707887
329,0.999314,168.994631767,0.0549717,0.0599217,0.0707142
330,0.999322,166.99660778,0.0487561,0.0577905,0.0706397
331,0.999335,163.9995718,0.045766,0.0558512,0.0705654
332,0.999298,173.005371094,0.0528537,0.0645222,0.0704911
333,0.999286,176.002407074,0.0551592,0.0585872,0.0704169
334,0.999282,177.001419067,0.0557045,0.0610577,0.0703428
335,0.999278,178.000431061,0.0546216,0.0583902,0.0702687
336,0.999355,159.004511833,0.0430676,0.0541884,0.0701947
337,0.99927,179.998455048,0.0588564,0.057972,0.0701208
338,0.999473,130.003781319,0.0372418,0.0452116,0.070047
339,0.999436,138.994889259,0.0460457,0.0535819,0.0699733
340,0.999258,182.995491028,0.0493216,0.0608622,0.0698996
341,0.999249,184.993515015,0.0468445,0.0582988,0.069826
342,0.999306,170.992655754,0.043904,0.0528175,0.0697525
343,0.999221,192.001290321,0.058621,0.0656493,0.0696791
344,0.999306,170.992655754,0.0436353,0.0570086,0.0696057
345,0.999314,168.994631767,0.0455083,0.0560183,0.0695325
346,0.999282,177.001419067,0.0546127,0.0558256,0.0694593
347,0.999424,142.006616592,0.04138,0.0520209,0.0693862
348,0.999322,166.99660778,0.0472959,0.0559722,0.0693131
349,0.999331,164.998583794,0.0455376,0.053604,0.0692401
350,0.999193,198.994374275,0.0622687,0.0659532,0.0691673
351,0.999331,164.998583794,0.0425762,0.0539554,0.0690944
352,0.999428,140.992913246,0.0379665,0.0481552,0.0690217
353,0.999383,151.996736526,0.0442484,0.0519292,0.068949
354,0.999286,176.002407074,0.0481722,0.0508531,0.0688765
355,0.9994,148.000688553,0.0356213,0.0495641,0.068804
356,0.999327,165.997595787,0.0573092,0.0560798,0.0687315
357,0.999355,159.004511833,0.0442346,0.059183,0.0686592
358,0.99927,179.998455048,0.053115,0.0582529,0.0685869
359,0.999395,148.999700546,0.0387815,0.0520305,0.0685147
360,0.999245,186.007218361,0.0487414,0.0591091,0.0684426
361,0.999391,149.99871254,0.0410659,0.0539188,0.0683705
362,0.999258,182.995491028,0.0439667,0.0561382,0.0682985
363,0.999371,154.993772507,0.041744,0.0601129,0.0682266
364,0.99931,169.993643761,0.0518774,0.0575038,0.0681548
365,0.999322,166.99660778,0.0496612,0.0551961,0.0680831
366,0.999367,155.9927845,0.0402661,0.0500665,0.0680114
367,0.99931,169.993643761,0.0439314,0.0558633,0.0679398
368,0.999347,161.00253582,0.0395062,0.0495232,0.0678683
369,0.999339,163.000559807,0.0431273,0.0520836,0.0677968
370,0.999355,159.004511833,0.0345988,0.0495228,0.0677255
371,0.999233,189.004254341,0.0594666,0.0667897,0.0676542
372,0.999371,154.993772507,0.0412979,0.0522246,0.067583
373,0.99929,175.003395081,0.0492527,0.0553679,0.0675118
374,0.999359,158.00549984,0.0352804,0.0496059,0.0674407
375,0.999371,154.993772507,0.0458427,0.0493163,0.0673697
376,0.999335,163.9995718,0.0428641,0.0547098,0.0672988
377,0.999412,145.003652573,0.0412089,0.0523236,0.067228
378,0.999375,153.994760513,0.0451034,0.053951,0.0671572
379,0.999331,164.998583794,0.0443788,0.0538637,0.0670865
380,0.999322,166.99660778,0.0535906,0.06129,0.0670159
381,0.999395,148.999700546,0.0399801,0.0499597,0.0669453
382,0.999371,154.993772507,0.0374882,0.0522889,0.0668749
383,0.999408,146.002664566,0.0417271,0.051854,0.0668045
384,0.999294,174.004383087,0.0424534,0.0592924,0.0667341
385,0.999347,161.00253582,0.0460044,0.0551364,0.0666639
386,0.999339,163.000559807,0.044059,0.0539287,0.0665937
387,0.999351,160.003523827,0.0418956,0.0498018,0.0665236
388,0.999343,162.001547813,0.0387677,0.0500703,0.0664536
389,0.999408,146.002664566,0.0411906,0.0510475,0.0663836
390,0.999327,165.997595787,0.0534176,0.0614623,0.0663137
391,0.999391,149.99871254,0.0386621,0.0512455,0.0662439
392,0.999416,144.004640579,0.0347614,0.054332,0.0661742
393,0.999428,140.992913246,0.0449853,0.0519218,0.0661045
394,0.999339,163.000559807,0.0423605,0.055687,0.0660349
395,0.999318,167.995619774,0.0373647,0.0494604,0.0659654
396,0.999436,138.994889259,0.0320485,0.0455389,0.065896
397,0.999359,158.00549984,0.0459499,0.0556628,0.0658266
398,0.999347,161.00253582,0.0455494,0.055617,0.0657573
399,0.9994,148.000688553,0.0364576,0.0491059,0.0656881
400,0.999327,165.997595787,0.0449139,0.0613753,0.0656189
401,0.999355,159.004511833,0.0427824,0.0507377,0.0655499
402,0.999387,150.997724533,0.0417894,0.0489398,0.0654809
403,0.999379,152.99574852,0.0393653,0.0560878,0.0654119
404,0.999473,130.003781319,0.031873,0.043751,0.0653431
405,0.999371,154.993772507,0.0370338,0.0506979,0.0652743
406,0.99942,143.005628586,0.0326038,0.045917,0.0652056
407,0.99942,143.005628586,0.0344355,0.0442117,0.0651369
408,0.999469,131.002793312,0.0363184,0.0481314,0.0650684
409,0.999347,161.00253582,0.0448862,0.0537688,0.0649999
410,0.999322,166.99660778,0.0449928,0.0540801,0.0649314
411,0.99946,133.000817299,0.0345817,0.0453619,0.0648631
412,0.999505,121.996994019,0.0335972,0.0463961,0.0647948
413,0.999416,144.004640579,0.0482233,0.0535748,0.0647266
414,0.999387,150.997724533,0.0360934,0.0470738,0.0646584
415,0.999367,155.9927845,0.0412619,0.0502061,0.0645904
416,0.999327,165.997595787,0.0403017,0.0509926,0.0645224
417,0.999359,158.00549984,0.0403435,0.0476199,0.0644545
418,0.999408,146.002664566,0.0322441,0.0464301,0.0643866
419,0.999448,135.997853279,0.035577,0.0497528,0.0643188
420,0.999314,168.994631767,0.0419151,0.056439,0.0642511
421,0.999371,154.993772507,0.0328673,0.0474148,0.0641835
422,0.9994,148.000688553,0.0412263,0.0513887,0.0641159
423,0.999432,139.993901253,0.0288946,0.0426869,0.0640484
424,0.999436,138.994889259,0.0385927,0.0439256,0.063981
425,0.999416,144.004640579,0.0402845,0.053476,0.0639136
426,0.999412,145.003652573,0.035167,0.048596,0.0638464
427,0.999363,157.006487846,0.0391177,0.0516273,0.0637791
428,0.999452,134.998841286,0.0326067,0.0419172,0.063712
429,0.999367,155.9927845,0.043964,0.059161,0.0636449
430,0.999347,161.00253582,0.048109,0.0570557,0.0635779
431,0.999412,145.003652573,0.0339343,0.0472576,0.063511
432,0.999383,151.996736526,0.0431553,0.0553829,0.0634442
433,0.999375,153.994760513,0.0374393,0.0516961,0.0633774
434,0.999359,158.00549984,0.0406423,0.0583238,0.0633106
435,0.999359,158.00549984,0.0438972,0.0543491,0.063244
436,0.999391,149.99871254,0.0409008,0.0519619,0.0631774
437,0.999416,144.004640579,0.0349159,0.0555062,0.0631109
438,0.999485,127.006745338,0.0244053,0.0410635,0.0630445
439,0.999416,144.004640579,0.0399919,0.0514589,0.0629781
440,0.999383,151.996736526,0.03676,0.0505903,0.0629118
441,0.99929,175.003395081,0.0502719,0.0565529,0.0628456
442,0.999444,136.996865273,0.0283447,0.0422646,0.0627794
443,0.999408,146.002664566,0.0365976,0.0542748,0.0627133
444,0.999473,130.003781319,0.0323682,0.0437992,0.0626473
445,0.999375,153.994760513,0.0341715,0.0475378,0.0625814
446,0.9994,148.000688553,0.0376652,0.0497087,0.0625155
447,0.999383,151.996736526,0.0427074,0.056945,0.0624497
448,0.999501,122.996006012,0.0321194,0.0454329,0.0623839
449,0.999513,119.998970032,0.030318,0.0430929,0.0623183
450,0.999387,150.997724533,0.0403814,0.0518907,0.0622527
451,0.999452,134.998841286,0.0295924,0.0418387,0.0621871
452,0.999351,160.003523827,0.0375972,0.0548294,0.0621217
453,0.999322,166.99660778,0.038911,0.0552946,0.0620563
454,0.999452,134.998841286,0.0408256,0.0506835,0.0619909
455,0.999375,153.994760513,0.0380421,0.0523398,0.0619257
456,0.999501,122.996006012,0.0360608,0.048855,0.0618605
457,0.999408,146.002664566,0.0388655,0.0500894,0.0617954
458,0.999416,144.004640579,0.0401884,0.0528018,0.0617303
459,0.999448,135.997853279,0.031367,0.0475405,0.0616653
460,0.999485,127.006745338,0.0248089,0.0412502,0.0616004
461,0.999428,140.992913246,0.0346625,0.0502003,0.0615356
462,0.9994,148.000688553,0.0341434,0.0492206,0.0614708
463,0.999404,147.001676559,0.0332162,0.0474553,0.0614061
464,0.999355,159.004511833,0.041476,0.0533011,0.0613414
465,0.999469,131.002793312,0.0316416,0.0461727,0.0612769
466,0.999412,145.003652573,0.035507,0.0531157,0.0612123
467,0.9994,148.000688553,0.036016,0.0487039,0.0611479
468,0.999501,122.996006012,0.0303774,0.0413184,0.0610835
469,0.99942,143.005628586,0.0332319,0.0544652,0.0610192
470,0.999416,144.004640579,0.0438073,0.054685,0.060955
471,0.999444,136.996865273,0.0400811,0.0524207,0.0608908
472,0.999464,132.001805305,0.0317512,0.0424763,0.0608267
473,0.999379,152.99574852,0.0450361,0.0532402,0.0607627
474,0.999339,163.000559807,0.0469137,0.0568274,0.0606987
475,0.999416,144.004640579,0.0364701,0.0490704,0.0606348
476,0.999432,139.993901253,0.0354228,0.0462472,0.060571
477,0.999351,160.003523827,0.0381987,0.0522752,0.0605072
478,0.999444,136.996865273,0.0348296,0.050092,0.0604436
479,0.999395,148.999700546,0.0342282,0.0508255,0.0603799
480,0.99946,133.000817299,0.031283,0.0472316,0.0603164
481,0.9994,148.000688553,0.0410018,0.0550252,0.0602529
482,0.999562,107.996134758,0.0220444,0.0373458,0.0601894
483,0.999533,115.003910065,0.0254271,0.0435178,0.0601261
484,0.999448,135.997853279,0.0330261,0.0496181,0.0600628
485,0.999473,130.003781319,0.0344455,0.0457245,0.0599995
486,0.999509,120.997982025,0.0286522,0.0422646,0.0599364
487,0.999452,134.998841286,0.0249938,0.0411129,0.0598733
488,0.999452,134.998841286,0.0316217,0.0458763,0.0598103
489,0.999432,139.993901253,0.029179,0.0434637,0.0597473
490,0.99942,143.005628586,0.0340462,0.0459103,0.0596844
491,0.999436,138.994889259,0.0347771,0.0486371,0.0596216
492,0.999464,132.001805305,0.0354176,0.0499204,0.0595588
493,0.999469,131.002793312,0.0296928,0.0461467,0.0594961
494,0.999493,124.994029999,0.0262481,0.0419528,0.0594335
495,0.999444,136.996865273,0.032455,0.0452128,0.0593709
496,0.999464,132.001805305,0.0326146,0.0454447,0.0593084
497,0.999509,120.997982025,0.0295346,0.0416459,0.059246
498,0.99944,137.995877266,0.0341657,0.0474749,0.0591836
499,0.999517,118.999958038,0.0273351,0.04306,0.0591213
500,0.999391,149.99871254,0.0385933,0.0510626,0.0590591
501,0.999379,152.99574852,0.0368561,0.0538007,0.0589969
502,0.999404,147.001676559,0.0385092,0.0499096,0.0589348
503,0.99957,105.998110771,0.0257237,0.0434783,0.0588727
504,0.999537,114.004898071,0.0256942,0.0380158,0.0588108
505,0.999517,118.999958038,0.0279155,0.041122,0.0587489
506,0.999391,149.99871254,0.0356954,0.0540117,0.058687
507,0.999412,145.003652573,0.0378853,0.0508054,0.0586252
508,0.99942,143.005628586,0.0361352,0.0488716,0.0585635
509,0.999383,151.996736526,0.037947,0.0505966,0.0585019
510,0.999505,121.996994019,0.0295562,0.0459973,0.0584403
511,0.999456,133.999829292,0.03261,0.0491713,0.0583788
512,0.999505,121.996994019,0.0261119,0.040035,0.0583173
513,0.999489,125.993041992,0.0317623,0.0484726,0.0582559
514,0.999432,139.993901253,0.0352686,0.0468457,0.0581946
515,0.999521,118.000946045,0.0236269,0.0395956,0.0581333
516,0.999412,145.003652573,0.0445036,0.0535786,0.0580721
517,0.999509,120.997982025,0.031522,0.0445034,0.058011
518,0.999493,124.994029999,0.0333587,0.0496321,0.0579499
519,0.999509,120.997982025,0.0238745,0.0396198,0.0578889
520,0.999391,149.99871254,0.0339807,0.0559657,0.057828
521,0.99944,137.995877266,0.0336355,0.0484978,0.0577671
522,0.99959,101.003050804,0.0173193,0.0323518,0.0577063
523,0.99957,105.998110771,0.0215589,0.0361216,0.0576455
524,0.999489,125.993041992,0.0306076,0.0461546,0.0575849
525,0.999436,138.994889259,0.0361923,0.0454991,0.0575242
526,0.99946,133.000817299,0.0335753,0.0449252,0.0574637
527,0.999367,155.9927845,0.0385883,0.0547976,0.0574032
528,0.999485,127.006745338,0.0312871,0.0454507,0.0573428
529,0.999501,122.996006012,0.025876,0.041492,0.0572824
530,0.999412,145.003652573,0.0382331,0.0519325,0.0572221
531,0.999481,128.005757332,0.0279992,0.0435367,0.0571619
532,0.999408,146.002664566,0.0346142,0.0497369,0.0571017
533,0.999428,140.992913246,0.03114,0.0506303,0.0570416
534,0.999391,149.99871254,0.037943,0.0496219,0.0569815
535,0.999489,125.993041992,0.0273587,0.0428859,0.0569215
536,0.999546,112.006874084,0.0229915,0.0365839,0.0568616
537,0.999509,120.997982025,0.0286745,0.0442548,0.0568018
538,0.999481,128.005757332,0.0303967,0.0444517,0.056742
539,0.99944,137.995877266,0.0354622,0.0497879,0.0566822
540,0.999497,123.995018005,0.0321896,0.0442416,0.0566226
541,0.99959,101.003050804,0.01678,0.0321006,0.056563
542,0.999489,125.993041992,0.0259231,0.0422975,0.0565034
543,0.999489,125.993041992,0.0272924,0.0468513,0.0564439
544,0.999395,148.999700546,0.038247,0.0519698,0.0563845
545,0.999537,114.004898071,0.0213563,0.0385164,0.0563251
546,0.9994,148.000688553,0.0406331,0.0571185,0.0562659
547,0.999452,134.998841286,0.0325969,0.0463287,0.0562066
548,0.999473,130.003781319,0.0357705,0.0496945,0.0561475
549,0.999477,129.004769325,0.0301065,0.0448492,0.0560884
550,0.999359,158.00549984,0.0367593,0.0526766,0.0560293
551,0.999481,128.005757332,0.032949,0.0496332,0.0559703
552,0.999489,125.993041992,0.0272513,0.0421003,0.0559114
553,0.999485,127.006745338,0.0293918,0.0450321,0.0558525
554,0.999501,122.996006012,0.0277172,0.043279,0.0557937
555,0.999546,112.006874084,0.0232927,0.0399503,0.055735
556,0.99946,133.000817299,0.0362935,0.0560341,0.0556763
557,0.999493,124.994029999,0.0254151,0.0433192,0.0556177
558,0.999513,119.998970032,0.0232418,0.0393424,0.0555592
559,0.999509,120.997982025,0.0230941,0.0429336,0.0555007
560,0.99942,143.005628586,0.0305264,0.0488518,0.0554423
561,0.999444,136.996865273,0.026123,0.0486195,0.0553839
562,0.999554,109.994158745,0.0230897,0.0412168,0.0553256
563,0.999477,129.004769325,0.0269899,0.0469679,0.0552674
564,0.999497,123.995018005,0.0302389,0.0459874,0.0552092
565,0.999473,130.003781319,0.0279066,0.0441079,0.0551511
566,0.999501,122.996006012,0.0242792,0.0435725,0.055093
567,0.999533,115.003910065,0.0279109,0.0392442,0.055035
568,0.99946,133.000817299,0.0323888,0.0461794,0.0549771
569,0.99944,137.995877266,0.0313388,0.0481606,0.0549192
570,0.999485,127.006745338,0.0323041,0.0501547,0.0548614
571,0.999533,115.003910065,0.0304141,0.0461911,0.0548036
572,0.999493,124.994029999,0.0285045,0.0458341,0.0547459
573,0.999493,124.994029999,0.0253242,0.0393716,0.0546883
574,0.999513,119.998970032,0.0239141,0.0436407,0.0546307
575,0.999469,131.002793312,0.0260788,0.0450936,0.0545732
576,0.999416,144.004640579,0.0309981,0.0516214,0.0545158
577,0.999554,109.994158745,0.0245118,0.0421433,0.0544584
578,0.999505,121.996994019,0.0282592,0.0449527,0.0544011
579,0.99957,105.998110771,0.0242736,0.0419141,0.0543438
580,0.99944,137.995877266,0.0333785,0.0505404,0.0542866
581,0.999529,116.002922058,0.0202567,0.0371946,0.0542294
582,0.999529,116.002922058,0.0292358,0.0456641,0.0541723
583,0.999464,132.001805305,0.0331819,0.0476648,0.0541153
584,0.999412,145.003652573,0.0303902,0.0496856,0.0540583
585,0.999464,132.001805305,0.0254441,0.0435727,0.0540014
586,0.999485,127.006745338,0.0268799,0.0434773,0.0539446
587,0.999436,138.994889259,0.032746,0.0503818,0.0538878
588,0.999416,144.004640579,0.0272318,0.0459219,0.0538311
589,0.999452,134.998841286,0.0268971,0.0448536,0.0537744
590,0.999464,132.001805305,0.0299123,0.0499595,0.0537178
591,0.999525,117.001934052,0.0205624,0.0413335,0.0536612
592,0.999554,109.994158745,0.0228369,0.0387644,0.0536048
593,0.99946,133.000817299,0.0319856,0.0471341,0.0535483
594,0.999505,121.996994019,0.0268323,0.0403977,0.053492
595,0.999566,106.997122765,0.0195849,0.0355698,0.0534356
596,0.999424,142.006616592,0.0333475,0.0526542,0.0533794
597,0.999537,114.004898071,0.0241004,0.0405223,0.0533232
598,0.999533,115.003910065,0.0245003,0.044144,0.0532671
599,0.99946,133.000817299,0.0290246,0.0465166,0.053211
600,0.999456,133.999829292,0.0362679,0.0510027,0.053155
601,0.999517,118.999958038,0.0295924,0.0471562,0.053099
602,0.99959,101.003050804,0.0225088,0.0359041,0.0530431
603,0.999489,125.993041992,0.0237413,0.0419588,0.0529873
604,0.999521,118.000946045,0.0279045,0.0437536,0.0529315
605,0.99946,133.000817299,0.0329707,0.0467939,0.0528758
606,0.999521,118.000946045,0.0219136,0.0433923,0.0528201
607,0.999562,107.996134758,0.0192855,0.0378734,0.0527645
608,0.999521,118.000946045,0.0265427,0.0422964,0.052709
609,0.999558,108.995146751,0.0200035,0.0397092,0.0526535
610,0.999424,142.006616592,0.0264798,0.046635,0.052598
611,0.999525,117.001934052,0.0208755,0.0432837,0.0525427
612,0.999554,109.994158745,0.0250885,0.0424524,0.0524874
613,0.999594,100.004038811,0.0193624,0.0364851,0.0524321
614,0.999582,103.001074791,0.0226864,0.0378685,0.0523769
615,0.999529,116.002922058,0.0292088,0.0473564,0.0523218
616,0.999521,118.000946045,0.0236813,0.0410007,0.0522667
617,0.999497,123.995018005,0.024137,0.0414987,0.0522117
618,0.999505,121.996994019,0.0305678,0.0485749,0.0521567
619,0.999473,130.003781319,0.0283463,0.0446498,0.0521018
620,0.999477,129.004769325,0.0285937,0.0451438,0.052047
621,0.999497,123.995018005,0.025033,0.0462005,0.0519922
622,0.999501,122.996006012,0.0266849,0.0456979,0.0519374
623,0.999501,122.996006012,0.0222014,0.0431636,0.0518828
624,0.999619,93.9952754974,0.023445,0.0394173,0.0518281
625,0.999517,118.999958038,0.0281968,0.0432556,0.0517736
626,0.999542,113.005886078,0.0229754,0.0410024,0.0517191
627,0.999464,132.001805305,0.0276581,0.0436171,0.0516646
628,0.999501,122.996006012,0.032,0.0491792,0.0516103
629,0.999489,125.993041992,0.0301828,0.0492526,0.0515559
630,0.999554,109.994158745,0.0231589,0.0381984,0.0515016
631,0.99959,101.003050804,0.0206304,0.0362342,0.0514474
632,0.999481,128.005757332,0.0230238,0.0405593,0.0513933
633,0.999554,109.994158745,0.0235683,0.0405805,0.0513392
634,0.999485,127.006745338,0.0247875,0.0475747,0.0512851
635,0.999602,98.0060148239,0.020332,0.0357383,0.0512311
636,0.999505,121.996994019,0.0264157,0.0431014,0.0511772
637,0.999537,114.004898071,0.0269536,0.0417977,0.0511233
638,0.99946,133.000817299,0.0253098,0.0433099,0.0510695
639,0.999501,122.996006012,0.0248319,0.0477752,0.0510158
640,0.999481,128.005757332,0.0232677,0.0450261,0.050962
641,0.999623,92.996263504,0.0214889,0.0397703,0.0509084
642,0.999493,124.994029999,0.0278334,0.0450628,0.0508548
643,0.999517,118.999958038,0.0213417,0.039741,0.0508013
644,0.999473,130.003781319,0.0314839,0.0481663,0.0507478
645,0.999554,109.994158745,0.022899,0.0397921,0.0506944
646,0.999546,112.006874084,0.0270917,0.0469148,0.050641
647,0.99955,110.993170738,0.0201708,0.0384637,0.0505877
648,0.999521,118.000946045,0.0231121,0.0360472,0.0505344
649,0.999501,122.996006012,0.0237296,0.0409936,0.0504812
650,0.999537,114.004898071,0.0228434,0.0440278,0.0504281
651,0.999542,113.005886078,0.0254203,0.0465699,0.050375
652,0.999546,112.006874084,0.0235847,0.0457664,0.050322
653,0.999501,122.996006012,0.0239701,0.0427831,0.050269
654,0.999594,100.004038811,0.0210093,0.0377311,0.0502161
655,0.999546,112.006874084,0.0202125,0.0407316,0.0501632
656,0.999574,104.999098778,0.0246831,0.0418627,0.0501104
657,0.999525,117.001934052,0.0211013,0.0374073,0.0500577
658,0.999562,107.996134758,0.0177371,0.037316,0.050005
659,0.999517,118.999958038,0.0230269,0.040841,0.0499523
660,0.999537,114.004898071,0.018852,0.0403634,0.0498997
661,0.999574,104.999098778,0.0217132,0.0375738,0.0498472
662,0.999602,98.0060148239,0.0197063,0.034825,0.0497947
663,0.99959,101.003050804,0.0196835,0.0365765,0.0497423
664,0.999533,115.003910065,0.0216269,0.0413872,0.04969
665,0.999529,116.002922058,0.021995,0.0376303,0.0496376
666,0.999598,99.0050268173,0.017469,0.0341903,0.0495854
667,0.999452,134.998841286,0.0281641,0.0477171,0.0495332
668,0.999554,109.994158745,0.0208575,0.0395204,0.049481
669,0.999582,103.001074791,0.0204752,0.0409267,0.049429
670,0.999562,107.996134758,0.0221132,0.0420959,0.0493769
671,0.999582,103.001074791,0.0199336,0.0406294,0.0493249
672,0.999566,106.997122765,0.0202229,0.0414514,0.049273
673,0.999517,118.999958038,0.0189648,0.0385735,0.0492212
674,0.999566,106.997122765,0.022048,0.0407631,0.0491693
675,0.999619,93.9952754974,0.0154591,0.0316651,0.0491176
676,0.999546,112.006874084,0.0238462,0.0393286,0.0490659
677,0.999554,109.994158745,0.0242127,0.0432043,0.0490142
678,0.999562,107.996134758,0.0208723,0.0422494,0.0489626
679,0.99959,101.003050804,0.0136196,0.033342,0.0489111
680,0.999619,93.9952754974,0.0154912,0.0366212,0.0488596
681,0.999663,83.0061435699,0.0137196,0.03253,0.0488082
682,0.999586,102.002062798,0.015643,0.0362601,0.0487568
683,0.99957,105.998110771,0.0230946,0.0439279,0.0487054
684,0.999558,108.995146751,0.0167247,0.0356236,0.0486542
685,0.999623,92.996263504,0.0175645,0.0390347,0.048603
686,0.999623,92.996263504,0.016072,0.0377358,0.0485518
687,0.999517,118.999958038,0.0299184,0.0456081,0.0485007
688,0.999525,117.001934052,0.0244633,0.0456694,0.0484496
689,0.999582,103.001074791,0.023986,0.0403422,0.0483986
690,0.999562,107.996134758,0.0221242,0.0383936,0.0483477
691,0.99957,105.998110771,0.0226735,0.0414956,0.0482968
692,0.999594,100.004038811,0.0179196,0.0372743,0.0482459
693,0.999586,102.002062798,0.0225036,0.0401358,0.0481951
694,0.999542,113.005886078,0.0223404,0.0389355,0.0481444
695,0.999578,104.000086784,0.0199777,0.0373882,0.0480937
696,0.999546,112.006874084,0.022389,0.0445337,0.0480431
697,0.999598,99.0050268173,0.0199576,0.0411133,0.0479925
698,0.999627,91.9972515106,0.018184,0.0381175,0.047942
699,0.99959,101.003050804,0.018489,0.0331435,0.0478915
700,0.999546,112.006874084,0.0212971,0.0387872,0.0478411
701,0.99957,105.998110771,0.0216203,0.0374799,0.0477907
702,0.999574,104.999098778,0.0219556,0.043412,0.0477404
703,0.99959,101.003050804,0.0180117,0.037808,0.0476902
704,0.999611,95.9932994843,0.0205941,0.0385278,0.04764
705,0.999615,94.9942874908,0.0205383,0.0373599,0.0475898
706,0.999574,104.999098778,0.018829,0.0370046,0.0475397
707,0.999546,112.006874084,0.0194712,0.036318,0.0474897
708,0.999566,106.997122765,0.0258792,0.0416925,0.0474397
709,0.999611,95.9932994843,0.0170963,0.0336706,0.0473898
710,0.99959,101.003050804,0.0161783,0.0305476,0.0473399
711,0.99959,101.003050804,0.0125912,0.0316259,0.04729
712,0.999586,102.002062798,0.0158226,0.0312036,0.0472402
713,0.999611,95.9932994843,0.0177311,0.036748,0.0471905
714,0.999554,109.994158745,0.0219854,0.0445107,0.0471408
715,0.999602,98.0060148239,0.0208708,0.0389453,0.0470912
716,0.999546,112.006874084,0.0182854,0.040267,0.0470416
717,0.999566,106.997122765,0.0219766,0.0452459,0.0469921
718,0.999558,108.995146751,0.01797,0.0405532,0.0469426
719,0.999619,93.9952754974,0.0185986,0.0351977,0.0468932
720,0.999594,100.004038811,0.0201156,0.038298,0.0468439
721,0.99955,110.993170738,0.0202772,0.0412343,0.0467946
722,0.999623,92.996263504,0.020098,0.0392119,0.0467453
723,0.999562,107.996134758,0.0231305,0.0453778,0.0466961
724,0.999558,108.995146751,0.0211492,0.0409491,0.0466469
725,0.999542,113.005886078,0.0197549,0.0415633,0.0465978
726,0.999602,98.0060148239,0.0155763,0.0340179,0.0465488
727,0.999602,98.0060148239,0.0180473,0.0360093,0.0464998
728,0.999554,109.994158745,0.0205589,0.0388917,0.0464508
729,0.99957,105.998110771,0.0196586,0.0357992,0.0464019
730,0.999574,104.999098778,0.0218084,0.039749,0.0463531
731,0.999643,88.001203537,0.0130347,0.0302685,0.0463043
732,0.99957,105.998110771,0.0206881,0.0386241,0.0462555
733,0.999623,92.996263504,0.0147455,0.0324972,0.0462068
734,0.999562,107.996134758,0.0189746,0.0370963,0.0461582
735,0.999578,104.000086784,0.01975,0.0408282,0.0461096
736,0.999558,108.995146751,0.0191309,0.0442132,0.0460611
737,0.999602,98.0060148239,0.016257,0.0350821,0.0460126
738,0.99955,110.993170738,0.0243436,0.0414936,0.0459641
739,0.99955,110.993170738,0.0198936,0.0374702,0.0459157
740,0.999598,99.0050268173,0.0178209,0.0345214,0.0458674
741,0.999667,82.0071315765,0.0115521,0.0337639,0.0458191
742,0.999684,77.9963922501,0.0115812,0.0306723,0.0457709
743,0.999606,97.0070028305,0.0151196,0.0347594,0.0457227
744,0.999643,88.001203537,0.0142091,0.0340306,0.0456746
745,0.999525,117.001934052,0.0205127,0.039743,0.0456265
746,0.999627,91.9972515106,0.0144021,0.0318548,0.0455785
747,0.999631,90.9982395172,0.01696,0.0368933,0.0455305
748,0.99959,101.003050804,0.0145715,0.0319152,0.0454825
749,0.999546,112.006874084,0.0170027,0.0351913,0.0454347
750,0.999606,97.0070028305,0.0153303,0.0354839,0.0453868
751,0.999631,90.9982395172,0.0160591,0.0403929,0.0453391
752,0.999631,90.9982395172,0.0151737,0.0354612,0.0452913
753,0.999724,68.006272316,0.012731,0.0299187,0.0452437
754,0.999578,104.000086784,0.019153,0.0392078,0.045196
755,0.999619,93.9952754974,0.0125423,0.0341565,0.0451484
756,0.999606,97.0070028305,0.0138366,0.0335616,0.0451009
757,0.999611,95.9932994843,0.015913,0.0339648,0.0450534
758,0.999627,91.9972515106,0.0177093,0.0340363,0.045006
759,0.999619,93.9952754974,0.0168397,0.0381707,0.0449586
760,0.999574,104.999098778,0.0198243,0.0399595,0.0449113
761,0.99959,101.003050804,0.0162502,0.0311723,0.044864
762,0.999627,91.9972515106,0.0172856,0.0342608,0.0448168
763,0.999594,100.004038811,0.0171844,0.0386988,0.0447696
764,0.999602,98.0060148239,0.0208889,0.0393559,0.0447225
765,0.99968,78.9954042435,0.0128459,0.030076,0.0446754
766,0.999602,98.0060148239,0.0164828,0.0387935,0.0446284
767,0.999684,77.9963922501,0.0142672,0.0360015,0.0445814
768,0.999627,91.9972515106,0.0140118,0.0331544,0.0445345
769,0.999635,89.9992275238,0.0137991,0.0316426,0.0444876
770,0.999639,89.0002155304,0.0150546,0.0358308,0.0444408
771,0.999606,97.0070028305,0.0159853,0.0366058,0.044394
772,0.999594,100.004038811,0.01457,0.0340699,0.0443472
773,0.999594,100.004038811,0.0166662,0.0345792,0.0443006
774,0.999627,91.9972515106,0.016654,0.0374358,0.0442539
775,0.999659,84.0051555634,0.0113296,0.0305674,0.0442073
776,0.999509,120.997982025,0.025413,0.0467361,0.0441608
777,0.999611,95.9932994843,0.0164854,0.037778,0.0441143
778,0.999696,74.9993562698,0.012581,0.0298767,0.0440679
779,0.999566,106.997122765,0.0186413,0.0391917,0.0440215
780,0.999606,97.0070028305,0.0149868,0.0350283,0.0439751
781,0.999667,82.0071315765,0.0140087,0.0332273,0.0439288
782,0.999647,87.0021915436,0.016659,0.0345423,0.0438826
783,0.999647,87.0021915436,0.018428,0.0377365,0.0438364
784,0.999655,85.0041675568,0.0147787,0.0378643,0.0437903
785,0.999619,93.9952754974,0.0125875,0.0312139,0.0437442
786,0.999627,91.9972515106,0.0187673,0.0365953,0.0436981
787,0.999615,94.9942874908,0.0180166,0.034974,0.0436521
788,0.999639,89.0002155304,0.0117283,0.0325881,0.0436061
789,0.999627,91.9972515106,0.0150536,0.0339998,0.0435602
790,0.999631,90.9982395172,0.0155937,0.033176,0.0435144
791,0.999574,104.999098778,0.0175758,0.0374823,0.0434686
792,0.999619,93.9952754974,0.0158046,0.0390626,0.0434228
793,0.999615,94.9942874908,0.0169094,0.0354061,0.0433771
794,0.999578,104.000086784,0.0174966,0.0409762,0.0433314
795,0.999533,115.003910065,0.0216615,0.0412348,0.0432858
796,0.999615,94.9942874908,0.017309,0.0355915,0.0432403
797,0.99959,101.003050804,0.0187162,0.0351075,0.0431947
798,0.999667,82.0071315765,0.0146625,0.0354896,0.0431493
799,0.999635,89.9992275238,0.0137973,0.0317363,0.0431038
800,0.999606,97.0070028305,0.0132311,0.0358725,0.0430585
801,0.999655,85.0041675568,0.014552,0.0336442,0.0430131
802,0.999663,83.0061435699,0.0109495,0.0327214,0.0429679
803,0.999627,91.9972515106,0.0120006,0.030926,0.0429226
804,0.999598,99.0050268173,0.0175438,0.0376478,0.0428774
805,0.999598,99.0050268173,0.0154707,0.0393147,0.0428323
806,0.999619,93.9952754974,0.0141552,0.0382754,0.0427872
807,0.999619,93.9952754974,0.0159252,0.0326309,0.0427422
808,0.999631,90.9982395172,0.0166987,0.0346368,0.0426972
809,0.99959,101.003050804,0.0148663,0.0336661,0.0426522
810,0.999647,87.0021915436,0.0141937,0.0350139,0.0426073
811,0.999688,76.9973802567,0.0101473,0.0267919,0.0425625
812,0.999655,85.0041675568,0.0159669,0.0352685,0.0425177
813,0.999602,98.0060148239,0.0166212,0.0361317,0.0424729
814,0.999627,91.9972515106,0.0130824,0.0344031,0.0424282
815,0.99955,110.993170738,0.0139842,0.0371762,0.0423835
816,0.999627,91.9972515106,0.0145898,0.0327509,0.0423389
817,0.999651,86.0031795502,0.0138771,0.035777,0.0422943
818,0.999639,89.0002155304,0.0121436,0.0346909,0.0422498
819,0.999692,75.9983682632,0.0142672,0.0349334,0.0422054
820,0.999611,95.9932994843,0.0161636,0.038924,0.0421609
821,0.999659,84.0051555634,0.011977,0.0324167,0.0421165
822,0.999696,74.9993562698,0.0107818,0.0304966,0.0420722
823,0.999647,87.0021915436,0.0137434,0.0313735,0.0420279
824,0.999663,83.0061435699,0.0134596,0.0328671,0.0419837
825,0.999635,89.9992275238,0.0108569,0.0322923,0.0419395
826,0.999627,91.9972515106,0.0143667,0.036275,0.0418953
827,0.999635,89.9992275238,0.0140256,0.0337988,0.0418512
828,0.999639,89.0002155304,0.0157859,0.0331157,0.0418072
829,0.999615,94.9942874908,0.0142926,0.0377545,0.0417631
830,0.999696,74.9993562698,0.0145258,0.0363012,0.0417192
831,0.999659,84.0051555634,0.0127572,0.0311465,0.0416753
832,0.999631,90.9982395172,0.0144501,0.0354995,0.0416314
833,0.999647,87.0021915436,0.0129425,0.0305237,0.0415876
834,0.999688,76.9973802567,0.0111841,0.0286763,0.0415438
835,0.999582,103.001074791,0.0149811,0.0372865,0.0415001
836,0.999675,79.9944162369,0.0108141,0.0323257,0.0414564
837,0.999631,90.9982395172,0.015618,0.0381846,0.0414127
838,0.999631,90.9982395172,0.0165473,0.0373488,0.0413691
839,0.999688,76.9973802567,0.0107196,0.0281247,0.0413256
840,0.999688,76.9973802567,0.0119061,0.0323997,0.0412821
841,0.999696,74.9993562698,0.0102141,0.0295353,0.0412386
842,0.999623,92.996263504,0.0139242,0.0357719,0.0411952
843,0.999696,74.9993562698,0.01195,0.0334514,0.0411518
844,0.999667,82.0071315765,0.0148467,0.0357635,0.0411085
845,0.999659,84.0051555634,0.0128996,0.0288369,0.0410652
846,0.999655,85.0041675568,0.0131587,0.0336578,0.041022
847,0.999606,97.0070028305,0.0157877,0.0397663,0.0409788
848,0.999643,88.001203537,0.0168218,0.037844,0.0409357
849,0.999639,89.0002155304,0.0129371,0.036143,0.0408926
850,0.99968,78.9954042435,0.0120398,0.0340614,0.0408496
851,0.999647,87.0021915436,0.0152103,0.0346866,0.0408065
852,0.999635,89.9992275238,0.0168749,0.0371952,0.0407636
853,0.999635,89.9992275238,0.0173099,0.0348048,0.0407207
854,0.999639,89.0002155304,0.0118917,0.0310406,0.0406778
855,0.99972,69.0052843094,0.00824365,0.0238096,0.040635
856,0.999619,93.9952754974,0.0128924,0.0311269,0.0405922
857,0.999704,73.001332283,0.0123496,0.0322991,0.0405495
858,0.9997,74.0003442764,0.0137203,0.0327514,0.0405068
859,0.999671,80.9934282303,0.0127122,0.0293287,0.0404642
860,0.999761,59.0004730225,0.00805175,0.0236171,0.0404216
861,0.999663,83.0061435699,0.01208,0.0328249,0.040379
862,0.999611,95.9932994843,0.0152872,0.0393196,0.0403365
863,0.999659,84.0051555634,0.0111296,0.0303311,0.040294
864,0.999708,72.0023202896,0.0108883,0.0261187,0.0402516
865,0.999623,92.996263504,0.0123516,0.0303258,0.0402092
866,0.999684,77.9963922501,0.0102582,0.0282791,0.0401669
867,0.999663,83.0061435699,0.0124758,0.030959,0.0401246
868,0.999655,85.0041675568,0.0140776,0.0384797,0.0400824
869,0.99968,78.9954042435,0.0134596,0.0312651,0.0400402
870,0.999659,84.0051555634,0.0145269,0.0358485,0.039998
871,0.999688,76.9973802567,0.0124067,0.0332146,0.0399559
872,0.999627,91.9972515106,0.0146997,0.0355253,0.0399139
873,0.999647,87.0021915436,0.018188,0.036117,0.0398719
874,0.999663,83.0061435699,0.0120639,0.0366527,0.0398299
875,0.999655,85.0041675568,0.0112632,0.0305857,0.039788
876,0.999663,83.0061435699,0.0123165,0.0320528,0.0397461
877,0.999712,71.0033082962,0.0100605,0.0284065,0.0397042
878,0.999663,83.0061435699,0.0114105,0.0330502,0.0396624
879,0.9997,74.0003442764,0.00881936,0.0254717,0.0396207
880,0.99959,101.003050804,0.0175496,0.0392315,0.039579
881,0.999744,62.9965209961,0.00840043,0.0241063,0.0395373
882,0.999692,75.9983682632,0.0117671,0.0294268,0.0394957
883,0.999667,82.0071315765,0.0125605,0.0365834,0.0394541
884,0.999684,77.9963922501,0.0137425,0.0299011,0.0394126
885,0.999659,84.0051555634,0.0149347,0.0370354,0.0393711
886,0.999712,71.0033082962,0.00965889,0.0261569,0.0393296
887,0.999615,94.9942874908,0.0113442,0.033671,0.0392882
888,0.999716,70.0042963028,0.010638,0.0291336,0.0392469
889,0.999619,93.9952754974,0.0140101,0.0372982,0.0392056
890,0.99968,78.9954042435,0.00856174,0.0257674,0.0391643
891,0.999667,82.0071315765,0.0120775,0.0363657,0.0391231
892,0.999724,68.006272316,0.0108545,0.0315167,0.0390819
893,0.999651,86.0031795502,0.010029,0.0317885,0.0390407
894,0.999704,73.001332283,0.00923711,0.0243116,0.0389996
895,0.99968,78.9954042435,0.0128658,0.0342851,0.0389586
896,0.999663,83.0061435699,0.0108495,0.0290195,0.0389176
897,0.999704,73.001332283,0.00813338,0.0262303,0.0388766
898,0.999643,88.001203537,0.0125926,0.0326128,0.0388357
899,0.999651,86.0031795502,0.011198,0.0287803,0.0387948
900,0.999619,93.9952754974,0.0137879,0.0361103,0.038754
901,0.999667,82.0071315765,0.0135745,0.0351203,0.0387132
902,0.999704,73.001332283,0.0106179,0.027084,0.0386724
903,0.999716,70.0042963028,0.0106211,0.0280125,0.0386317
904,0.99972,69.0052843094,0.00826203,0.0270402,0.038591
905,0.99974,63.9955329895,0.00991591,0.0261704,0.0385504
906,0.999692,75.9983682632,0.0108796,0.0280428,0.0385098
907,0.999651,86.0031795502,0.0111214,0.0350408,0.0384693
908,0.999728,67.0072603226,0.0107612,0.0254232,0.0384288
909,0.999684,77.9963922501,0.0115597,0.0315237,0.0383883
910,0.999704,73.001332283,0.0102102,0.0292428,0.0383479
911,0.999696,74.9993562698,0.0123184,0.0316081,0.0383075
912,0.999611,95.9932994843,0.0149382,0.0318257,0.0382672
913,0.999704,73.001332283,0.00965937,0.0303139,0.0382269
914,0.999623,92.996263504,0.0116839,0.0322965,0.0381867
915,0.999667,82.0071315765,0.0120227,0.0354895,0.0381465
916,0.999696,74.9993562698,0.0124163,0.030664,0.0381063
917,0.999712,71.0033082962,0.00791405,0.0271444,0.0380662
918,0.99968,78.9954042435,0.0110478,0.0318791,0.0380261
919,0.999675,79.9944162369,0.0111886,0.0294302,0.0379861
920,0.999688,76.9973802567,0.0114684,0.0326377,0.0379461
921,0.999651,86.0031795502,0.0131122,0.0331843,0.0379062
922,0.999684,77.9963922501,0.0134333,0.033334,0.0378663
923,0.999716,70.0042963028,0.00904061,0.0310206,0.0378264
924,0.999651,86.0031795502,0.012975,0.0324714,0.0377866
925,0.999744,62.9965209961,0.0069093,0.0281446,0.0377468
926,0.999708,72.0023202896,0.00980757,0.0308549,0.0377071
927,0.999675,79.9944162369,0.00979785,0.029105,0.0376674
928,0.999688,76.9973802567,0.0113083,0.0322199,0.0376277
929,0.99972,69.0052843094,0.00922021,0.0255088,0.0375881
930,0.9997,74.0003442764,0.00802338,0.0269088,0.0375485
931,0.999708,72.0023202896,0.0103059,0.0308703,0.037509
932,0.999785,53.006401062,0.00781722,0.0247237,0.0374695
933,0.999732,65.9935569763,0.00802678,0.0287835,0.0374301
934,0.999736,64.9945449829,0.00876449,0.0253915,0.0373907
935,0.999696,74.9993562698,0.0119018,0.0340181,0.0373513
936,0.99968,78.9954042435,0.00978302,0.0284225,0.037312
937,0.999696,74.9993562698,0.0114444,0.0300723,0.0372727
938,0.999671,80.9934282303,0.00962881,0.0301124,0.0372335
939,0.999688,76.9973802567,0.00886594,0.0268262,0.0371943
940,0.999736,64.9945449829,0.0120567,0.0316324,0.0371551
941,0.999708,72.0023202896,0.011486,0.0305722,0.037116
942,0.999728,67.0072603226,0.00834286,0.0296462,0.037077
943,0.999611,95.9932994843,0.0120408,0.033002,0.0370379
944,0.999684,77.9963922501,0.00976285,0.0301757,0.0369989
945,0.999675,79.9944162369,0.0091672,0.0276711,0.03696
946,0.99968,78.9954042435,0.0104436,0.0311553,0.0369211
947,0.999639,89.0002155304,0.0131886,0.0373947,0.0368822
948,0.99972,69.0052843094,0.0110641,0.0288851,0.0368434
949,0.999688,76.9973802567,0.0109884,0.0310791,0.0368046
950,0.999736,64.9945449829,0.00838487,0.0306096,0.0367659
951,0.999692,75.9983682632,0.00837533,0.0269649,0.0367271
952,0.999671,80.9934282303,0.0127509,0.0319971,0.0366885
953,0.999744,62.9965209961,0.0108806,0.0277283,0.0366499
954,0.99974,63.9955329895,0.00822723,0.0268941,0.0366113
955,0.999736,64.9945449829,0.00869316,0.0237497,0.0365727
956,0.999716,70.0042963028,0.0103371,0.0311824,0.0365342
957,0.999675,79.9944162369,0.011669,0.0305072,0.0364958
958,0.999716,70.0042963028,0.00858824,0.0261197,0.0364574
959,0.999732,65.9935569763,0.00765919,0.0248892,0.036419
960,0.999696,74.9993562698,0.0084905,0.0293626,0.0363806
961,0.999732,65.9935569763,0.0079948,0.0258121,0.0363423
962,0.99972,69.0052843094,0.00916507,0.0281352,0.0363041
963,0.999732,65.9935569763,0.00868907,0.0315341,0.0362659
964,0.999692,75.9983682632,0.00908591,0.0284114,0.0362277
965,0.999675,79.9944162369,0.0118196,0.0323443,0.0361896
966,0.999696,74.9993562698,0.00930372,0.0296402,0.0361515
967,0.999732,65.9935569763,0.00798666,0.0261453,0.0361134
968,0.999728,67.0072603226,0.00837214,0.0255838,0.0360754
969,0.999663,83.0061435699,0.013151,0.0288699,0.0360374
970,0.99974,63.9955329895,0.00787001,0.0263922,0.0359995
971,0.999692,75.9983682632,0.00919031,0.0327549,0.0359616
972,0.999736,64.9945449829,0.00837841,0.0278371,0.0359237
973,0.99974,63.9955329895,0.00649942,0.023119,0.0358859
974,0.999732,65.9935569763,0.00799031,0.0323936,0.0358481
975,0.999704,73.001332283,0.0090558,0.0309087,0.0358104
976,0.99968,78.9954042435,0.00997108,0.027223,0.0357727
977,0.999696,74.9993562698,0.0100363,0.0300672,0.035735
978,0.999789,51.9926977158,0.00577939,0.0236935,0.0356974
979,0.999728,67.0072603226,0.00976273,0.0255279,0.0356598
980,0.999789,51.9926977158,0.00719223,0.0212314,0.0356223
981,0.999724,68.006272316,0.00998842,0.0311371,0.0355848
982,0.999732,65.9935569763,0.00970796,0.0291693,0.0355473
983,0.999716,70.0042963028,0.00781803,0.0237166,0.0355099
984,0.999704,73.001332283,0.00761277,0.0320441,0.0354725
985,0.999704,73.001332283,0.00811241,0.0269247,0.0354352
986,0.999724,68.006272316,0.00757409,0.0249277,0.0353979
987,0.999696,74.9993562698,0.00794444,0.0269216,0.0353606
988,0.999671,80.9934282303,0.0118644,0.0321937,0.0353234
989,0.999704,73.001332283,0.0102004,0.0283477,0.0352862
990,0.99972,69.0052843094,0.00900845,0.0320424,0.0352491
991,0.999773,56.0034370422,0.00559659,0.0211128,0.035212
992,0.99972,69.0052843094,0.0110156,0.0332531,0.0351749
993,0.999842,39.0055418015,0.00438864,0.0195441,0.0351379
994,0.999777,55.0044250488,0.00632645,0.0240736,0.0351009
995,0.99972,69.0052843094,0.00925422,0.0294839,0.0350639
996,0.999773,56.0034370422,0.00646533,0.0258301,0.035027
997,0.999732,65.9935569763,0.00789077,0.0254861,0.0349901
998,0.999728,67.0072603226,0.00865301,0.0250599,0.0349533
999,0.999757,59.9994850159,0.00833334,0.0257647,0.0349165
1000,0.9997,74.0003442764,0.00939043,0.0291986,0.0348797
1001,0.99968,78.9954042435,0.00976755,0.0296613,0.034843
1002,0.999732,65.9935569763,0.00852516,0.0266088,0.0348063
1003,0.999659,84.0051555634,0.0100439,0.0305994,0.0347697
1004,0.999781,54.0054130554,0.00539636,0.0223206,0.0347331
1005,0.999777,55.0044250488,0.00574773,0.0223459,0.0346965
1006,0.999744,62.9965209961,0.00780283,0.0224536,0.03466
1007,0.999732,65.9935569763,0.00877296,0.0314963,0.0346235
1008,0.999748,61.9975090027,0.00757781,0.0244771,0.0345871
1009,0.999728,67.0072603226,0.00975961,0.0291647,0.0345507
1010,0.999728,67.0072603226,0.00817037,0.0274495,0.0345143
1011,0.999757,59.9994850159,0.00819639,0.0262301,0.034478
1012,0.999736,64.9945449829,0.00776725,0.0271255,0.0344417
1013,0.999692,75.9983682632,0.00783863,0.0238492,0.0344054
1014,0.999785,53.006401062,0.00576682,0.027248,0.0343692
1015,0.999757,59.9994850159,0.0073364,0.0250632,0.034333
1016,0.999777,55.0044250488,0.00646258,0.0267376,0.0342969
1017,0.999761,59.0004730225,0.00689615,0.0252695,0.0342608
1018,0.99968,78.9954042435,0.00917348,0.0280848,0.0342247
1019,0.999781,54.0054130554,0.00542289,0.0207569,0.0341887
1020,0.999728,67.0072603226,0.00617738,0.0263455,0.0341527
1021,0.999692,75.9983682632,0.0106809,0.033316,0.0341167
1022,0.999789,51.9926977158,0.00617719,0.0227592,0.0340808
1023,0.999765,58.0014610291,0.00537977,0.0239468,0.0340449
1024,0.999761,59.0004730225,0.00659251,0.0211261,0.0340091
1025,0.999777,55.0044250488,0.00515214,0.0198499,0.0339733
1026,0.99974,63.9955329895,0.00829532,0.0264849,0.0339375
1027,0.999805,47.9966497421,0.00662156,0.022568,0.0339018
1028,0.999716,70.0042963028,0.00799978,0.0263356,0.0338661
1029,0.999753,60.9984970093,0.00777019,0.0255895,0.0338305
1030,0.99974,63.9955329895,0.00852123,0.0257856,0.0337948
1031,0.999736,64.9945449829,0.00680133,0.0255418,0.0337593
1032,0.9997,74.0003442764,0.00828928,0.0266942,0.0337237
1033,0.999753,60.9984970093,0.00596476,0.0236765,0.0336882
1034,0.999716,70.0042963028,0.00970264,0.0313333,0.0336528
1035,0.999817,44.9996137619,0.00367313,0.0195882,0.0336173
1036,0.999728,67.0072603226,0.00696715,0.0265793,0.033582
1037,0.99972,69.0052843094,0.00776532,0.0277682,0.0335466
1038,0.999712,71.0033082962,0.00642226,0.0252464,0.0335113
1039,0.999777,55.0044250488,0.00939328,0.0273846,0.033476
1040,0.999773,56.0034370422,0.00803632,0.0253861,0.0334408
1041,0.999761,59.0004730225,0.00654603,0.0259164,0.0334056
1042,0.999773,56.0034370422,0.00615583,0.0223098,0.0333704
1043,0.999761,59.0004730225,0.00628033,0.024525,0.0333353
1044,0.999753,60.9984970093,0.00750261,0.0248918,0.0333002
1045,0.999761,59.0004730225,0.00692636,0.0245812,0.0332651
1046,0.999781,54.0054130554,0.00463904,0.022429,0.0332301
1047,0.999753,60.9984970093,0.00659464,0.0254626,0.0331951
1048,0.999748,61.9975090027,0.00803739,0.0233144,0.0331602
1049,0.999724,68.006272316,0.00718888,0.0260241,0.0331253
1050,0.999732,65.9935569763,0.00889931,0.029891,0.0330904
1051,0.999757,59.9994850159,0.00694144,0.0247861,0.0330556
1052,0.999712,71.0033082962,0.00832944,0.0276805,0.0330208
1053,0.999732,65.9935569763,0.0089482,0.0268405,0.032986
1054,0.999765,58.0014610291,0.0066779,0.0240632,0.0329513
1055,0.999708,72.0023202896,0.00634922,0.0265275,0.0329166
1056,0.999765,58.0014610291,0.00700368,0.0243167,0.0328819
1057,0.999793,50.9936857224,0.00475833,0.0220389,0.0328473
1058,0.999789,51.9926977158,0.00540178,0.02148,0.0328127
1059,0.999781,54.0054130554,0.00540494,0.0230884,0.0327782
1060,0.999757,59.9994850159,0.00686494,0.0235337,0.0327437
1061,0.99974,63.9955329895,0.00899054,0.0295848,0.0327092
1062,0.999757,59.9994850159,0.00484294,0.0197797,0.0326748
1063,0.99972,69.0052843094,0.00780025,0.0285371,0.0326404
1064,0.999753,60.9984970093,0.00669008,0.023384,0.032606
1065,0.999765,58.0014610291,0.00516783,0.0231522,0.0325717
1066,0.999724,68.006272316,0.00799059,0.0245653,0.0325374
1067,0.99974,63.9955329895,0.00751986,0.0272542,0.0325032
1068,0.999732,65.9935569763,0.00772592,0.026887,0.032469
1069,0.999813,45.9986257553,0.00557658,0.02071,0.0324348
1070,0.999793,50.9936857224,0.00546837,0.0223082,0.0324006
1071,0.999809,46.9976377487,0.00436117,0.0220841,0.0323665
1072,0.999736,64.9945449829,0.0071534,0.0268687,0.0323324
1073,0.999684,77.9963922501,0.00757899,0.0288844,0.0322984
1074,0.999761,59.0004730225,0.00572855,0.0251627,0.0322644
1075,0.999757,59.9994850159,0.0076028,0.0270989,0.0322304
1076,0.999712,71.0033082962,0.00878905,0.029294,0.0321965
1077,0.999748,61.9975090027,0.0062617,0.0242665,0.0321626
1078,0.999773,56.0034370422,0.00640917,0.0249674,0.0321288
1079,0.999769,57.0024490356,0.00548487,0.0222324,0.0320949
1080,0.999797,49.9946737289,0.00429189,0.0198572,0.0320612
1081,0.999817,44.9996137619,0.00437751,0.019682,0.0320274
1082,0.999728,67.0072603226,0.00804774,0.030514,0.0319937
1083,0.999732,65.9935569763,0.00854804,0.0330839,0.03196
1084,0.999757,59.9994850159,0.00687478,0.0279849,0.0319264
1085,0.999838,40.0045537949,0.00361955,0.0167971,0.0318928
1086,0.999773,56.0034370422,0.00641733,0.0248371,0.0318592
1087,0.999785,53.006401062,0.00504474,0.0212051,0.0318256
1088,0.99974,63.9955329895,0.00656899,0.0239933,0.0317921
1089,0.999813,45.9986257553,0.00447445,0.0213225,0.0317587
1090,0.999777,55.0044250488,0.00550858,0.0244514,0.0317252
1091,0.999777,55.0044250488,0.00588331,0.0227673,0.0316918
1092,0.999785,53.006401062,0.00519667,0.0231032,0.0316585
1093,0.999769,57.0024490356,0.00695446,0.0255849,0.0316252
1094,0.999753,60.9984970093,0.0062238,0.0230821,0.0315919
1095,0.999769,57.0024490356,0.00607047,0.0233081,0.0315586
1096,0.99974,63.9955329895,0.00787592,0.0287633,0.0315254
1097,0.999765,58.0014610291,0.00519943,0.0251711,0.0314922
1098,0.999781,54.0054130554,0.006605,0.0259063,0.031459
1099,0.999757,59.9994850159,0.00627659,0.0244531,0.0314259
1100,0.999777,55.0044250488,0.00547415,0.0239352,0.0313928
1101,0.999753,60.9984970093,0.00700212,0.0256279,0.0313598
1102,0.999813,45.9986257553,0.00543521,0.021432,0.0313268
1103,0.999785,53.006401062,0.00648443,0.0240447,0.0312938
1104,0.999769,57.0024490356,0.00767569,0.0285531,0.0312609
1105,0.999781,54.0054130554,0.00610606,0.0220167,0.031228
1106,0.999809,46.9976377487,0.00411654,0.0216047,0.0311951
1107,0.9997,74.0003442764,0.00799847,0.0315955,0.0311622
1108,0.999842,39.0055418015,0.00424373,0.018294,0.0311294
1109,0.999753,60.9984970093,0.00588867,0.022584,0.0310967
1110,0.999753,60.9984970093,0.00645754,0.0246983,0.0310639
1111,0.99974,63.9955329895,0.00551549,0.0256591,0.0310312
1112,0.999773,56.0034370422,0.00649635,0.0228565,0.0309986
1113,0.99974,63.9955329895,0.00654975,0.0263396,0.0309659
1114,0.999744,62.9965209961,0.00606056,0.0247158,0.0309333
1115,0.999789,51.9926977158,0.0046213,0.0217374,0.0309008
1116,0.999793,50.9936857224,0.00512299,0.0200996,0.0308682
1117,0.999801,48.9956617355,0.00462842,0.0236797,0.0308357
1118,0.999801,48.9956617355,0.00544308,0.0197066,0.0308033
1119,0.999793,50.9936857224,0.00514374,0.0212856,0.0307709
1120,0.999773,56.0034370422,0.00571909,0.0255601,0.0307385
1121,0.999773,56.0034370422,0.00666077,0.0274098,0.0307061
1122,0.999797,49.9946737289,0.00313487,0.0179488,0.0306738
1123,0.999809,46.9976377487,0.0037602,0.0202263,0.0306415
1124,0.999826,43.0015897751,0.00364403,0.0171743,0.0306092
1125,0.999809,46.9976377487,0.00477295,0.0221781,0.030577
1126,0.999797,49.9946737289,0.00370616,0.0187671,0.0305448
1127,0.999821,44.0006017685,0.00481817,0.0198957,0.0305127
1128,0.999817,44.9996137619,0.00352726,0.0182598,0.0304805
1129,0.999781,54.0054130554,0.00511103,0.022284,0.0304485
1130,0.999821,44.0006017685,0.00361603,0.0197644,0.0304164
1131,0.999813,45.9986257553,0.00369244,0.0197604,0.0303844
1132,0.999761,59.0004730225,0.00525912,0.0211418,0.0303524
1133,0.999765,58.0014610291,0.00616628,0.0229566,0.0303204
1134,0.999777,55.0044250488,0.00500981,0.0226598,0.0302885
1135,0.99974,63.9955329895,0.00782117,0.0264695,0.0302566
1136,0.999842,39.0055418015,0.00298725,0.0158205,0.0302248
1137,0.999821,44.0006017685,0.00418858,0.0203728,0.030193
1138,0.999777,55.0044250488,0.00629013,0.024984,0.0301612
1139,0.999769,57.0024490356,0.00561788,0.021,0.0301294
1140,0.999813,45.9986257553,0.00425167,0.0203006,0.0300977
1141,0.999809,46.9976377487,0.003157,0.0194804,0.030066
1142,0.999793,50.9936857224,0.00432654,0.0217781,0.0300344
1143,0.999761,59.0004730225,0.00616531,0.0230519,0.0300028
1144,0.999809,46.9976377487,0.0041156,0.0198765,0.0299712
1145,0.999813,45.9986257553,0.00468206,0.0193882,0.0299396
1146,0.999874,30.9987545013,0.00374039,0.0156862,0.0299081
1147,0.999785,53.006401062,0.00600994,0.0262348,0.0298766
1148,0.999765,58.0014610291,0.00577776,0.0230445,0.0298452
1149,0.999801,48.9956617355,0.00491681,0.0229146,0.0298138
1150,0.999789,51.9926977158,0.0043923,0.0201307,0.0297824
1151,0.99983,42.0025777817,0.00491892,0.0235622,0.029751
1152,0.999785,53.006401062,0.00524237,0.0217184,0.0297197
1153,0.99983,42.0025777817,0.00348545,0.0164619,0.0296884
1154,0.999842,39.0055418015,0.00227327,0.0145058,0.0296572
1155,0.999789,51.9926977158,0.00473292,0.0214747,0.0296259
1156,0.999761,59.0004730225,0.0059728,0.0247403,0.0295948
1157,0.999761,59.0004730225,0.00599976,0.023714,0.0295636
1158,0.999769,57.0024490356,0.00371565,0.0213702,0.0295325
1159,0.999817,44.9996137619,0.00423141,0.0223141,0.0295014
1160,0.999854,35.9938144684,0.00284325,0.0168859,0.0294703
1161,0.999838,40.0045537949,0.00442883,0.0207145,0.0294393
1162,0.99985,36.9928264618,0.00399694,0.0198256,0.0294083
1163,0.999821,44.0006017685,0.00390953,0.0196963,0.0293774
1164,0.999785,53.006401062,0.00536828,0.0219974,0.0293464
1165,0.999769,57.0024490356,0.00547509,0.0270966,0.0293155
1166,0.999793,50.9936857224,0.00484391,0.0213935,0.0292847
1167,0.999805,47.9966497421,0.00485235,0.0234767,0.0292539
1168,0.999809,46.9976377487,0.0046803,0.0191604,0.0292231
1169,0.999834,41.0035657883,0.00450695,0.0198308,0.0291923
1170,0.999777,55.0044250488,0.00629054,0.0236049,0.0291616
1171,0.999773,56.0034370422,0.00387513,0.0209784,0.0291309
1172,0.999817,44.9996137619,0.00375618,0.0205246,0.0291002
1173,0.999834,41.0035657883,0.00424958,0.0223975,0.0290696
1174,0.999842,39.0055418015,0.00399779,0.0176865,0.029039
1175,0.999834,41.0035657883,0.00395638,0.019011,0.0290084
1176,0.999773,56.0034370422,0.00398158,0.0198606,0.0289779
1177,0.999785,53.006401062,0.0053674,0.0216977,0.0289474
1178,0.999801,48.9956617355,0.00532222,0.0245978,0.0289169
1179,0.999813,45.9986257553,0.00369768,0.0196085,0.0288864
1180,0.999773,56.0034370422,0.00625054,0.0274475,0.028856
1181,0.999781,54.0054130554,0.003724,0.0210572,0.0288256
1182,0.999801,48.9956617355,0.00400735,0.0204601,0.0287953
1183,0.999769,57.0024490356,0.00469811,0.0254783,0.028765
1184,0.999801,48.9956617355,0.00467799,0.0210142,0.0287347
1185,0.99983,42.0025777817,0.00252748,0.0182725,0.0287045
1186,0.999797,49.9946737289,0.00493243,0.0204759,0.0286742
1187,0.999748,61.9975090027,0.00576578,0.0273496,0.0286441
1188,0.999785,53.006401062,0.00526413,0.0207221,0.0286139
1189,0.999813,45.9986257553,0.00370718,0.019745,0.0285838
1190,0.999793,50.9936857224,0.00480812,0.0204291,0.0285537
1191,0.99985,36.9928264618,0.00314709,0.0198442,0.0285236
1192,0.999838,40.0045537949,0.00381552,0.0191022,0.0284936
1193,0.999789,51.9926977158,0.00468529,0.02154,0.0284636
1194,0.99985,36.9928264618,0.00322561,0.0167005,0.0284336
1195,0.999797,49.9946737289,0.00473503,0.0234597,0.0284037
1196,0.999781,54.0054130554,0.00325993,0.0220159,0.0283738
1197,0.999817,44.9996137619,0.00417368,0.0207857,0.0283439
1198,0.999813,45.9986257553,0.00400261,0.019267,0.0283141
1199,0.999789,51.9926977158,0.00514447,0.0248908,0.0282843
1200,0.999817,44.9996137619,0.00323558,0.0206957,0.0282545
1201,0.999846,38.006529808,0.00331358,0.0161513,0.0282248
1202,0.999805,47.9966497421,0.00493154,0.0213406,0.0281951
1203,0.99985,36.9928264618,0.00275595,0.0147875,0.0281654
1204,0.999821,44.0006017685,0.00374803,0.0211415,0.0281357
1205,0.999817,44.9996137619,0.00323686,0.0192077,0.0281061
1206,0.999821,44.0006017685,0.00269491,0.0194682,0.0280765
1207,0.99983,42.0025777817,0.00414767,0.0217578,0.028047
1208,0.999801,48.9956617355,0.00382372,0.0204401,0.0280175
1209,0.999838,40.0045537949,0.0035625,0.0212835,0.027988
1210,0.999793,50.9936857224,0.00517664,0.0209768,0.0279585
1211,0.99985,36.9928264618,0.00232913,0.0161267,0.0279291
1212,0.999862,33.9957904816,0.00253233,0.0158537,0.0278997
1213,0.999793,50.9936857224,0.00394094,0.0214531,0.0278703
1214,0.99989,27.0027065277,0.00224319,0.0154869,0.0278409
1215,0.999793,50.9936857224,0.00559083,0.0232388,0.0278116
1216,0.999878,29.9997425079,0.00334229,0.0160777,0.0277824
1217,0.999801,48.9956617355,0.0050907,0.0236305,0.0277531
1218,0.999858,34.994802475,0.00292732,0.0166089,0.0277239
1219,0.999813,45.9986257553,0.00331495,0.0204787,0.0276947
1220,0.99987,31.9977664948,0.00309608,0.0164732,0.0276656
1221,0.999826,43.0015897751,0.00329074,0.0186627,0.0276364
1222,0.999882,29.0007305145,0.00185845,0.0146031,0.0276073
1223,0.999781,54.0054130554,0.00409964,0.0228383,0.0275783
1224,0.999809,46.9976377487,0.00405893,0.0237972,0.0275493
1225,0.999866,32.9967784882,0.00275489,0.0164064,0.0275202
1226,0.999846,38.006529808,0.0020818,0.0158901,0.0274913
1227,0.99987,31.9977664948,0.00216866,0.0158177,0.0274623
1228,0.999793,50.9936857224,0.0034258,0.0186838,0.0274334
1229,0.999858,34.994802475,0.00297786,0.0177169,0.0274045
1230,0.999773,56.0034370422,0.00543647,0.0250421,0.0273757
1231,0.999842,39.0055418015,0.00361681,0.0207102,0.0273469
1232,0.999842,39.0055418015,0.00275437,0.0170549,0.0273181
1233,0.99987,31.9977664948,0.00154974,0.0125655,0.0272893
1234,0.999858,34.994802475,0.00245208,0.0188282,0.0272606
1235,0.99987,31.9977664948,0.00201871,0.0160427,0.0272319
1236,0.999846,38.006529808,0.00339182,0.0182975,0.0272032
1237,0.999834,41.0035657883,0.00299314,0.017558,0.0271746
1238,0.999797,49.9946737289,0.00361826,0.0212902,0.027146
1239,0.99985,36.9928264618,0.00297171,0.0155135,0.0271174
1240,0.999866,32.9967784882,0.00299294,0.0151478,0.0270889
1241,0.999842,39.0055418015,0.00253975,0.021088,0.0270604
1242,0.999882,29.0007305145,0.00248264,0.0158463,0.0270319
1243,0.99989,27.0027065277,0.0018866,0.0137034,0.0270034
1244,0.999846,38.006529808,0.00276722,0.0184886,0.026975
1245,0.999797,49.9946737289,0.00350652,0.0231235,0.0269466
1246,0.999801,48.9956617355,0.00372412,0.0183405,0.0269182
1247,0.99985,36.9928264618,0.00319847,0.0169826,0.0268899
1248,0.999821,44.0006017685,0.00252667,0.0165688,0.0268616
1249,0.99985,36.9928264618,0.00271311,0.017598,0.0268333
1250,0.999882,29.0007305145,0.00191765,0.0143553,0.0268051
1251,0.999842,39.0055418015,0.00366156,0.0188375,0.0267768
1252,0.999834,41.0035657883,0.00235681,0.0183954,0.0267486
1253,0.999874,30.9987545013,0.00230375,0.0150138,0.0267205
1254,0.999842,39.0055418015,0.00227805,0.0170745,0.0266924
1255,0.999838,40.0045537949,0.0034469,0.0185379,0.0266643
1256,0.999882,29.0007305145,0.00215892,0.0150481,0.0266362
1257,0.999838,40.0045537949,0.00385115,0.019022,0.0266081
1258,0.999894,26.0036945343,0.00129426,0.0119158,0.0265801
1259,0.999882,29.0007305145,0.00183959,0.0142341,0.0265522
1260,0.999842,39.0055418015,0.00297989,0.0175117,0.0265242
1261,0.999801,48.9956617355,0.00319197,0.020475,0.0264963
1262,0.999797,49.9946737289,0.00387695,0.0208785,0.0264684
1263,0.99985,36.9928264618,0.00306027,0.0178486,0.0264405
1264,0.99987,31.9977664948,0.00195999,0.0136216,0.0264127
1265,0.999919,19.994931221,0.00124947,0.0115338,0.0263849
1266,0.999874,30.9987545013,0.00224968,0.0156752,0.0263571
1267,0.99987,31.9977664948,0.00305422,0.0170463,0.0263294
1268,0.999903,24.0056705475,0.00199687,0.0117409,0.0263017
1269,0.999874,30.9987545013,0.00236356,0.0152404,0.026274
1270,0.999886,28.0017185211,0.00195218,0.0130749,0.0262463
1271,0.999797,49.9946737289,0.00336377,0.0222598,0.0262187
1272,0.99983,42.0025777817,0.00304612,0.0166378,0.0261911
1273,0.999858,34.994802475,0.00264774,0.0172751,0.0261635
1274,0.999838,40.0045537949,0.00285014,0.0175723,0.026136
1275,0.999805,47.9966497421,0.00335352,0.0194176,0.0261084
1276,0.999834,41.0035657883,0.00292611,0.0186256,0.026081
1277,0.999858,34.994802475,0.00239294,0.0174431,0.0260535
1278,0.999846,38.006529808,0.00345384,0.0185961,0.0260261
1279,0.99985,36.9928264618,0.00269589,0.0164319,0.0259987
1280,0.999838,40.0045537949,0.00285393,0.0177374,0.0259713
1281,0.999854,35.9938144684,0.0027457,0.018764,0.025944
1282,0.999882,29.0007305145,0.00206724,0.0147521,0.0259167
1283,0.999834,41.0035657883,0.00292822,0.0190029,0.0258894
1284,0.99985,36.9928264618,0.00326367,0.0174519,0.0258621
1285,0.999886,28.0017185211,0.00195087,0.0145017,0.0258349
1286,0.99987,31.9977664948,0.00196991,0.0154264,0.0258077
1287,0.999846,38.006529808,0.00225945,0.0182446,0.0257805
1288,0.99983,42.0025777817,0.00291284,0.0193693,0.0257534
1289,0.999886,28.0017185211,0.00165307,0.0157039,0.0257263
1290,0.999882,29.0007305145,0.00183094,0.0149215,0.0256992
1291,0.999858,34.994802475,0.00306661,0.0175715,0.0256721
1292,0.99985,36.9928264618,0.00254139,0.0168818,0.0256451
1293,0.999858,34.994802475,0.002976,0.0221772,0.0256181
1294,0.99987,31.9977664948,0.00231242,0.0160466,0.0255912
1295,0.999894,26.0036945343,0.00195836,0.0129466,0.0255642
1296,0.999886,28.0017185211,0.00210367,0.0150412,0.0255373
1297,0.999866,32.9967784882,0.00192101,0.018618,0.0255104
1298,0.999874,30.9987545013,0.00207226,0.0159431,0.0254836
1299,0.999878,29.9997425079,0.00172973,0.0134605,0.0254567
1300,0.999862,33.9957904816,0.00248353,0.0146601,0.0254299
1301,0.999846,38.006529808,0.00240077,0.0180311,0.0254032
1302,0.999862,33.9957904816,0.00215309,0.0171751,0.0253764
1303,0.999874,30.9987545013,0.00175408,0.0141743,0.0253497
1304,0.999878,29.9997425079,0.00182913,0.0152555,0.025323
1305,0.99987,31.9977664948,0.00213215,0.0159612,0.0252964
1306,0.999874,30.9987545013,0.00202775,0.0178641,0.0252697
1307,0.999911,21.9929552078,0.00119852,0.0127525,0.0252431
1308,0.999854,35.9938144684,0.00303646,0.0217618,0.0252166
1309,0.99985,36.9928264618,0.00278893,0.0193037,0.02519
1310,0.999874,30.9987545013,0.00247253,0.0157086,0.0251635
1311,0.999866,32.9967784882,0.00211247,0.0153057,0.025137
1312,0.999838,40.0045537949,0.00279159,0.0173616,0.0251106
1313,0.999894,26.0036945343,0.00174874,0.0134907,0.0250841
1314,0.999899,25.0046825409,0.00200472,0.013338,0.0250577
1315,0.999878,29.9997425079,0.00162837,0.0133079,0.0250313
1316,0.999899,25.0046825409,0.00131342,0.0147225,0.025005
1317,0.99987,31.9977664948,0.0021816,0.0148285,0.0249787
1318,0.999903,24.0056705475,0.00188472,0.0139666,0.0249524
1319,0.999866,32.9967784882,0.00229906,0.0181757,0.0249261
1320,0.999809,46.9976377487,0.00376864,0.0174863,0.0248999
1321,0.999886,28.0017185211,0.00136704,0.0122047,0.0248736
1322,0.999834,41.0035657883,0.00302033,0.0182366,0.0248475
1323,0.999878,29.9997425079,0.00208729,0.0154065,0.0248213
1324,0.999927,17.9969072342,0.000857178,0.01163,0.0247952
1325,0.999858,34.994802475,0.00307381,0.0218027,0.0247691
1326,0.999842,39.0055418015,0.00303849,0.0168191,0.024743
1327,0.99987,31.9977664948,0.00200282,0.015898,0.0247169
1328,0.999854,35.9938144684,0.00228154,0.0161948,0.0246909
1329,0.999903,24.0056705475,0.00196444,0.0147407,0.0246649
1330,0.999903,24.0056705475,0.00175729,0.0142416,0.024639
1331,0.999899,25.0046825409,0.00135923,0.0161619,0.024613
1332,0.999899,25.0046825409,0.00203826,0.0145395,0.0245871
1333,0.999866,32.9967784882,0.00212734,0.0173884,0.0245612
1334,0.999878,29.9997425079,0.00190076,0.0132945,0.0245354
1335,0.999882,29.0007305145,0.00126123,0.0146783,0.0245096
1336,0.999878,29.9997425079,0.00138244,0.0127128,0.0244838
1337,0.99989,27.0027065277,0.00175639,0.0126683,0.024458
1338,0.999907,23.0066585541,0.00108443,0.0109702,0.0244322
1339,0.99987,31.9977664948,0.00227626,0.0182805,0.0244065
1340,0.999894,26.0036945343,0.00114906,0.01104,0.0243808
1341,0.999854,35.9938144684,0.0021568,0.0169189,0.0243552
1342,0.99987,31.9977664948,0.00233679,0.0156814,0.0243295
1343,0.999894,26.0036945343,0.0018975,0.0131875,0.0243039
1344,0.999874,30.9987545013,0.00256186,0.0173211,0.0242783
1345,0.999907,23.0066585541,0.00116472,0.0102626,0.0242528
1346,0.999882,29.0007305145,0.00156084,0.0158818,0.0242272
1347,0.999878,29.9997425079,0.00129827,0.0149512,0.0242017
1348,0.999911,21.9929552078,0.00168058,0.0134633,0.0241762
1349,0.999858,34.994802475,0.00224991,0.0220416,0.0241508
1350,0.999874,30.9987545013,0.0019539,0.0156945,0.0241254
1351,0.999899,25.0046825409,0.00132712,0.0137931,0.0241
1352,0.999866,32.9967784882,0.00189575,0.0165065,0.0240746
1353,0.999915,20.9939432144,0.00156631,0.0121703,0.0240493
1354,0.999886,28.0017185211,0.00162747,0.0152813,0.0240239
1355,0.999903,24.0056705475,0.00129169,0.0117378,0.0239987
1356,0.999866,32.9967784882,0.00200343,0.0156324,0.0239734
1357,0.999919,19.994931221,0.00129427,0.0125461,0.0239482
1358,0.999899,25.0046825409,0.0018615,0.0168542,0.0239229
1359,0.999903,24.0056705475,0.00139303,0.0132747,0.0238978
1360,0.99987,31.9977664948,0.00234365,0.0158582,0.0238726
1361,0.999899,25.0046825409,0.00144053,0.0154148,0.0238475
1362,0.999907,23.0066585541,0.00137,0.0123126,0.0238224
1363,0.999919,19.994931221,0.0012674,0.0107567,0.0237973
1364,0.999911,21.9929552078,0.00164835,0.0136166,0.0237722
1365,0.999894,26.0036945343,0.00146917,0.0136388,0.0237472
1366,0.99987,31.9977664948,0.00144266,0.015516,0.0237222
1367,0.999882,29.0007305145,0.00154595,0.0140409,0.0236972
1368,0.999838,40.0045537949,0.00322321,0.0186312,0.0236723
1369,0.999886,28.0017185211,0.00128196,0.0160686,0.0236474
1370,0.99989,27.0027065277,0.0019779,0.0160048,0.0236225
1371,0.999951,12.0028352737,0.000383584,0.00875981,0.0235976
1372,0.999911,21.9929552078,0.00149682,0.0117028,0.0235728
1373,0.99989,27.0027065277,0.00151963,0.0135141,0.023548
1374,0.999874,30.9987545013,0.00182558,0.0147632,0.0235232
1375,0.99985,36.9928264618,0.00243135,0.018914,0.0234984
1376,0.99987,31.9977664948,0.00148439,0.0158053,0.0234737
1377,0.999911,21.9929552078,0.00127038,0.0111016,0.023449
1378,0.99989,27.0027065277,0.001227,0.013249,0.0234243
1379,0.999907,23.0066585541,0.00142327,0.0117819,0.0233996
1380,0.999894,26.0036945343,0.00134551,0.013718,0.023375
1381,0.999919,19.994931221,0.00122349,0.0130129,0.0233504
1382,0.999907,23.0066585541,0.00105105,0.0120484,0.0233258
1383,0.99987,31.9977664948,0.00187445,0.0155575,0.0233012
1384,0.999903,24.0056705475,0.00155368,0.0124652,0.0232767
1385,0.999842,39.0055418015,0.00301206,0.0187982,0.0232522
1386,0.999915,20.9939432144,0.00138871,0.0116262,0.0232277
1387,0.999874,30.9987545013,0.00140998,0.0124685,0.0232033
1388,0.999907,23.0066585541,0.00123506,0.0116695,0.0231788
1389,0.999923,18.9959192276,0.000716745,0.00956489,0.0231544
1390,0.999911,21.9929552078,0.00164719,0.0127678,0.0231301
1391,0.999923,18.9959192276,0.000900581,0.0112612,0.0231057
1392,0.999923,18.9959192276,0.000531669,0.0115104,0.0230814
1393,0.999907,23.0066585541,0.00121218,0.0136109,0.0230571
1394,0.999947,13.0018472672,0.000718568,0.0102675,0.0230328
1395,0.999915,20.9939432144,0.000893183,0.012076,0.0230086
1396,0.999894,26.0036945343,0.00223227,0.0182579,0.0229844
1397,0.999915,20.9939432144,0.00101144,0.0127484,0.0229602
1398,0.999915,20.9939432144,0.00147369,0.0118456,0.022936
1399,0.999943,14.0008592606,0.000739771,0.00917089,0.0229118
1400,0.999931,16.9978952408,0.000927505,0.010257,0.0228877
1401,0.999907,23.0066585541,0.00138243,0.0156799,0.0228636
1402,0.999882,29.0007305145,0.00162042,0.0141876,0.0228396
1403,0.999894,26.0036945343,0.0011032,0.0155286,0.0228155
1404,0.999854,35.9938144684,0.0015468,0.0152194,0.0227915
1405,0.999951,12.0028352737,0.000546434,0.0105396,0.0227675
1406,0.999927,17.9969072342,0.000752086,0.0108645,0.0227435
1407,0.999878,29.9997425079,0.00160965,0.014427,0.0227196
1408,0.999882,29.0007305145,0.00151447,0.0156489,0.0226957
1409,0.999907,23.0066585541,0.00166415,0.0190218,0.0226718
1410,0.999931,16.9978952408,0.000906343,0.0118947,0.0226479
1411,0.999886,28.0017185211,0.00126606,0.0127465,0.0226241
1412,0.999894,26.0036945343,0.00112311,0.0125964,0.0226003
1413,0.999899,25.0046825409,0.00148142,0.0158693,0.0225765
1414,0.999919,19.994931221,0.000953214,0.0110561,0.0225527
1415,0.999931,16.9978952408,0.00141765,0.0153236,0.022529
1416,0.999959,10.0048112869,0.000349604,0.00759702,0.0225053
1417,0.999894,26.0036945343,0.00137882,0.0125847,0.0224816
1418,0.999915,20.9939432144,0.000945238,0.0112628,0.0224579
1419,0.999939,14.999871254,0.000366991,0.00957021,0.0224343
1420,0.999923,18.9959192276,0.000995158,0.0121059,0.0224106
1421,0.999874,30.9987545013,0.00139132,0.014173,0.022387
1422,0.999923,18.9959192276,0.00111741,0.0142586,0.0223635
1423,0.999886,28.0017185211,0.0012549,0.0136018,0.0223399
1424,0.999858,34.994802475,0.00203788,0.0195118,0.0223164
1425,0.999894,26.0036945343,0.00118242,0.0129012,0.0222929
1426,0.999911,21.9929552078,0.00128595,0.00943828,0.0222695
1427,0.999915,20.9939432144,0.0007178,0.0118006,0.022246
1428,0.999866,32.9967784882,0.00176922,0.0179355,0.0222226
1429,0.999935,15.9988832474,0.000683297,0.0097072,0.0221992
1430,0.999919,19.994931221,0.000790589,0.010401,0.0221758
1431,0.999911,21.9929552078,0.000637439,0.0116684,0.0221525
1432,0.999911,21.9929552078,0.000887139,0.010798,0.0221292
1433,0.999919,19.994931221,0.000716071,0.0117621,0.0221059
1434,0.999907,23.0066585541,0.00119096,0.0116838,0.0220826
1435,0.999927,17.9969072342,0.00079149,0.0123052,0.0220594
1436,0.999939,14.999871254,0.00091654,0.010631,0.0220361
1437,0.999947,13.0018472672,0.000681551,0.00985328,0.0220129
1438,0.999939,14.999871254,0.000855058,0.010284,0.0219898
1439,0.999878,29.9997425079,0.00152472,0.0156914,0.0219666
1440,0.999886,28.0017185211,0.00134544,0.0149027,0.0219435
1441,0.999874,30.9987545013,0.00175409,0.017968,0.0219204
1442,0.999899,25.0046825409,0.00110904,0.013085,0.0218973
1443,0.999911,21.9929552078,0.00115014,0.0125974,0.0218743
1444,0.999911,21.9929552078,0.0019105,0.0142973,0.0218512
1445,0.999911,21.9929552078,0.000908437,0.0109977,0.0218282
1446,0.999931,16.9978952408,0.000723293,0.00950691,0.0218053
1447,0.999923,18.9959192276,0.000739658,0.00960804,0.0217823
1448,0.999955,11.0038232803,0.000452142,0.00730087,0.0217594
1449,0.999947,13.0018472672,0.000402051,0.00821978,0.0217365
1450,0.999947,13.0018472672,0.000404775,0.00686806,0.0217136
1451,0.999923,18.9959192276,0.00131659,0.0143696,0.0216907
1452,0.999923,18.9959192276,0.00136652,0.0111509,0.0216679
1453,0.999915,20.9939432144,0.000812495,0.0126768,0.0216451
1454,0.99989,27.0027065277,0.00129743,0.0140451,0.0216223
1455,0.999894,26.0036945343,0.00112459,0.0140186,0.0215995
1456,0.999886,28.0017185211,0.00163889,0.0136122,0.0215768
1457,0.999886,28.0017185211,0.00138447,0.0145096,0.0215541
1458,0.999939,14.999871254,0.00103116,0.0109324,0.0215314
1459,0.999947,13.0018472672,0.000780182,0.0103896,0.0215087
1460,0.999907,23.0066585541,0.000873938,0.0113716,0.0214861
1461,0.999915,20.9939432144,0.000993614,0.0129734,0.0214635
1462,0.999907,23.0066585541,0.00117399,0.0130528,0.0214409
1463,0.999951,12.0028352737,0.000436058,0.010201,0.0214183
1464,0.999935,15.9988832474,0.000850174,0.0105804,0.0213957
1465,0.999927,17.9969072342,0.000842226,0.0112571,0.0213732
1466,0.999951,12.0028352737,0.000475932,0.00841127,0.0213507
1467,0.999923,18.9959192276,0.000713542,0.0115126,0.0213282
1468,0.999959,10.0048112869,0.000627958,0.00843674,0.0213058
1469,0.999931,16.9978952408,0.000724956,0.0115127,0.0212834
1470,0.999931,16.9978952408,0.000521767,0.0114905,0.021261
1471,0.999927,17.9969072342,0.000812514,0.0121402,0.0212386
1472,0.999927,17.9969072342,0.000733733,0.0106977,0.0212162
1473,0.999907,23.0066585541,0.000880838,0.0117292,0.0211939
1474,0.999943,14.0008592606,0.000430101,0.0088213,0.0211716
1475,0.999943,14.0008592606,0.000805377,0.00983717,0.0211493
1476,0.999923,18.9959192276,0.000981276,0.0109494,0.021127
1477,0.999943,14.0008592606,0.00044959,0.00985016,0.0211048
1478,0.999919,19.994931221,0.000568944,0.0114921,0.0210826
1479,0.999903,24.0056705475,0.00123137,0.0130588,0.0210604
1480,0.999943,14.0008592606,0.000696501,0.00958681,0.0210382
1481,0.999959,10.0048112869,0.000522408,0.0100388,0.0210161
1482,0.999947,13.0018472672,0.000451872,0.00859036,0.0209939
1483,0.999915,20.9939432144,0.000865308,0.0132631,0.0209718
1484,0.999963,9.00579929352,0.000378808,0.00652129,0.0209497
1485,0.999947,13.0018472672,0.000544599,0.0090918,0.0209277
1486,0.999939,14.999871254,0.000371119,0.0109989,0.0209057
1487,0.999951,12.0028352737,0.000585497,0.00884297,0.0208837
1488,0.999951,12.0028352737,0.000383923,0.00725058,0.0208617
1489,0.999915,20.9939432144,0.00101696,0.0130462,0.0208397
1490,0.99989,27.0027065277,0.00131644,0.0121045,0.0208178
1491,0.999935,15.9988832474,0.000520354,0.00983396,0.0207959
1492,0.999903,24.0056705475,0.00142146,0.0137445,0.020774
1493,0.999915,20.9939432144,0.00101769,0.0133836,0.0207521
1494,0.999915,20.9939432144,0.00091437,0.0110867,0.0207303
1495,0.999911,21.9929552078,0.000648076,0.0094822,0.0207084
1496,0.999939,14.999871254,0.000297338,0.00981357,0.0206866
1497,0.999968,8.00678730011,0.00017263,0.00648023,0.0206649
1498,0.99998,4.99505996704,0.000166877,0.00613856,0.0206431
1499,0.999955,11.0038232803,0.000289993,0.00892488,0.0206214
1500,0.999911,21.9929552078,0.00119985,0.0127827,0.0205997
1501,0.999894,26.0036945343,0.00108257,0.0137536,0.020578
1502,0.999923,18.9959192276,0.00128038,0.0126334,0.0205563
1503,0.999919,19.994931221,0.000914553,0.0119545,0.0205347
1504,0.999907,23.0066585541,0.00173174,0.0169522,0.0205131
1505,0.999919,19.994931221,0.000942598,0.0109965,0.0204915
1506,0.999968,8.00678730011,0.000601078,0.00843204,0.0204699
1507,0.999927,17.9969072342,0.000550318,0.00904988,0.0204483
1508,0.999915,20.9939432144,0.00120181,0.0122112,0.0204268
1509,0.999899,25.0046825409,0.00123395,0.0152265,0.0204053
1510,0.999931,16.9978952408,0.000769749,0.0113069,0.0203838
1511,0.999947,13.0018472672,0.000292201,0.00878617,0.0203624
1512,0.999959,10.0048112869,0.000324796,0.00693848,0.0203409
1513,0.999963,9.00579929352,0.000293256,0.00834409,0.0203195
1514,0.999963,9.00579929352,0.000406889,0.00804851,0.0202981
1515,0.999947,13.0018472672,0.000582778,0.00883508,0.0202768
1516,0.999915,20.9939432144,0.000820214,0.0110224,0.0202554
1517,0.999963,9.00579929352,0.00020601,0.00606383,0.0202341
1518,0.999955,11.0038232803,0.000305459,0.00839462,0.0202128
1519,0.999963,9.00579929352,0.000244754,0.00789222,0.0201915
1520,0.999968,8.00678730011,0.000205934,0.00883019,0.0201703
1521,0.999947,13.0018472672,0.000454215,0.00739957,0.020149
1522,0.999976,5.99407196045,0.00019517,0.0082914,0.0201278
1523,0.999963,9.00579929352,0.00047922,0.00762071,0.0201066
1524,0.999927,17.9969072342,0.000491356,0.011036,0.0200855
1525,0.999947,13.0018472672,0.000366347,0.0103388,0.0200643
1526,0.999968,8.00678730011,0.000437664,0.00743926,0.0200432
1527,0.999988,2.99703598022,8.23549e-05,0.00351946,0.0200221
1528,0.999931,16.9978952408,0.000428171,0.0106828,0.020001
1529,0.999959,10.0048112869,0.000328068,0.00774792,0.01998
1530,0.999951,12.0028352737,0.000845494,0.011061,0.0199589
1531,0.999931,16.9978952408,0.000572468,0.0102467,0.0199379
1532,0.999927,17.9969072342,0.000772145,0.0101974,0.0199169
1533,0.999947,13.0018472672,0.000466553,0.00797131,0.019896
1534,0.999943,14.0008592606,0.000508803,0.00877442,0.019875
1535,0.999959,10.0048112869,0.00029546,0.0056238,0.0198541
1536,0.999972,6.99308395386,0.000173513,0.00757007,0.0198332
1537,0.999984,3.99604797363,0.000362003,0.00609141,0.0198123
1538,0.999976,5.99407196045,0.000219213,0.00558256,0.0197915
1539,0.999955,11.0038232803,0.00062044,0.00956175,0.0197706
1540,0.999907,23.0066585541,0.00129076,0.0133734,0.0197498
1541,0.999955,11.0038232803,0.000267695,0.00832328,0.019729
1542,0.999927,17.9969072342,0.000961084,0.0130321,0.0197083
1543,0.999915,20.9939432144,0.000806073,0.013525,0.0196875
1544,0.999927,17.9969072342,0.000663776,0.00909566,0.0196668
1545,0.999939,14.999871254,0.000502483,0.0107817,0.0196461
1546,0.999931,16.9978952408,0.000506402,0.0116847,0.0196254
1547,0.999947,13.0018472672,0.000588695,0.00861514,0.0196047
1548,0.999931,16.9978952408,0.000737892,0.0102324,0.0195841
1549,0.999943,14.0008592606,0.000554239,0.0103622,0.0195635
1550,0.999943,14.0008592606,0.000610946,0.0104714,0.0195429
1551,0.999943,14.0008592606,0.000440073,0.00690747,0.0195223
1552,0.99998,4.99505996704,0.000168691,0.00359832,0.0195018
1553,0.99998,4.99505996704,9.75334e-05,0.00480503,0.0194812
1554,0.999972,6.99308395386,0.000191529,0.00515248,0.0194607
1555,0.999959,10.0048112869,0.000318961,0.00734299,0.0194402
1556,0.999972,6.99308395386,0.000263975,0.00806425,0.0194198
1557,0.999955,11.0038232803,0.000507712,0.00852627,0.0193993
1558,0.999899,25.0046825409,0.00115413,0.0152734,0.0193789
1559,0.999899,25.0046825409,0.000917577,0.0125917,0.0193585
1560,0.999907,23.0066585541,0.0010623,0.011678,0.0193381
1561,0.999955,11.0038232803,0.000232649,0.00873637,0.0193178
1562,0.999959,10.0048112869,0.000305624,0.0070792,0.0192974
1563,0.999972,6.99308395386,0.000177508,0.00708467,0.0192771
1564,0.999976,5.99407196045,0.000160952,0.00732041,0.0192568
1565,0.999963,9.00579929352,0.000349303,0.0101363,0.0192366
1566,0.999943,14.0008592606,0.000583547,0.00943275,0.0192163
1567,0.999955,11.0038232803,0.000345818,0.00677208,0.0191961
1568,0.999951,12.0028352737,0.00061404,0.00846471,0.0191759
1569,0.999951,12.0028352737,0.000306912,0.00804108,0.0191557
1570,0.999951,12.0028352737,0.000536837,0.0100894,0.0191355
1571,0.999963,9.00579929352,0.000481326,0.00705934,0.0191154
1572,0.999976,5.99407196045,0.000230423,0.0051139,0.0190952
1573,0.999976,5.99407196045,0.000193504,0.00708995,0.0190751
1574,0.99998,4.99505996704,0.000203327,0.00470613,0.0190551
1575,0.999988,2.99703598022,9.66063e-05,0.00575846,0.019035
1576,0.999972,6.99308395386,0.000157408,0.00659189,0.019015
1577,0.99998,4.99505996704,0.000237755,0.00605876,0.018995
1578,0.999972,6.99308395386,0.000170852,0.00614566,0.018975
1579,0.999984,3.99604797363,0.000127813,0.00469077,0.018955
1580,0.999988,2.99703598022,8.02015e-05,0.00308402,0.018935
1581,0.999984,3.99604797363,5.04961e-05,0.0038708,0.0189151
1582,0.999996,0.999011993408,1.81857e-05,0.00201104,0.0188952
1583,0.999984,3.99604797363,3.72179e-05,0.00329792,0.0188753
1584,0.999996,0.999011993408,4.8527e-05,0.0023428,0.0188554
1585,0.999992,1.99802398682,6.17681e-05,0.00297102,0.0188356
1586,0.99998,4.99505996704,9.7163e-05,0.00666361,0.0188157
1587,0.999972,6.99308395386,0.000311139,0.00877403,0.0187959
1588,0.999955,11.0038232803,0.000677613,0.00870372,0.0187761
1589,0.999984,3.99604797363,0.000166281,0.00489339,0.0187564
1590,0.999972,6.99308395386,0.000113112,0.00685469,0.0187366
1591,0.999963,9.00579929352,0.000249868,0.00661584,0.0187169
1592,0.999927,17.9969072342,0.000774001,0.0104708,0.0186972
1593,0.999943,14.0008592606,0.000427933,0.00943483,0.0186775
1594,0.999968,8.00678730011,0.000286643,0.00539741,0.0186579
1595,0.999968,8.00678730011,0.00018772,0.00704494,0.0186382
1596,0.999963,9.00579929352,0.000272665,0.00606269,0.0186186
1597,0.999951,12.0028352737,0.000357813,0.00855926,0.018599
1598,0.999976,5.99407196045,0.000357989,0.00717146,0.0185794
1599,0.999976,5.99407196045,5.88808e-05,0.0042489,0.0185599
1600,0.999963,9.00579929352,0.000214662,0.00788875,0.0185403
1601,0.99998,4.99505996704,0.000135565,0.00522858,0.0185208
1602,0.999984,3.99604797363,0.000123283,0.00537545,0.0185013
1603,0.999984,3.99604797363,0.00030886,0.00563763,0.0184818
1604,0.999984,3.99604797363,4.82528e-05,0.0035183,0.0184624
1605,0.999972,6.99308395386,0.000125591,0.0056305,0.0184429
1606,0.999984,3.99604797363,0.00013402,0.00394805,0.0184235
1607,0.999959,10.0048112869,0.00028183,0.00897101,0.0184041
1608,0.999951,12.0028352737,0.000385449,0.00816996,0.0183848
1609,0.999947,13.0018472672,0.000269642,0.0102091,0.0183654
1610,0.999963,9.00579929352,0.000210418,0.00755957,0.0183461
1611,0.99998,4.99505996704,0.000143223,0.0050637,0.0183268
1612,0.999996,0.999011993408,6.75923e-06,0.00142899,0.0183075
1613,0.999996,0.999011993408,6.15304e-06,0.00145065,0.0182882
1614,0.999996,0.999011993408,3.85427e-05,0.0023422,0.0182689
1615,0.999988,2.99703598022,6.52844e-05,0.00343477,0.0182497
1616,0.999988,2.99703598022,6.26477e-05,0.00502024,0.0182305
1617,0.999984,3.99604797363,0.000146108,0.00523735,0.0182113
1618,0.999976,5.99407196045,0.000315526,0.00620188,0.0181921
1619,0.999988,2.99703598022,3.47847e-05,0.00393715,0.018173
1620,0.999996,0.999011993408,4.94462e-06,0.00154251,0.0181539
1621,1.0,0.0,0.0,0.0,0.0181347
1.0,0.0,5816.433934926987,1.62109,0.00928661878857,0.000738303311562
