14,80,0.8,2,1000, .1 
0,0.488819,125996.0023,1.69695e+06,291.144,0.0999999
1,0.785593,52846.9998837,1602.3,4.98103,0.0997771
2,0.986303,3375.99942684,9.3526,0.442091,0.0995548
3,0.997635,582.996954918,0.177099,0.063122,0.0993329
4,0.998791,297.999401093,0.0226835,0.0312125,0.0991116
5,0.998819,291.006317139,0.0181051,0.0303951,0.0988908
6,0.999038,237.000904083,0.013308,0.0259263,0.0986704
7,0.998771,302.99446106,0.018479,0.0314657,0.0984505
8,0.998929,264.003610611,0.0154718,0.0273643,0.0982312
9,0.99886,281.001505852,0.0188842,0.0346751,0.0980123
10,0.998917,267.000646591,0.0159089,0.029376,0.0977939
11,0.998974,252.999787331,0.0150654,0.0264085,0.097576
12,0.998876,277.005457878,0.0150363,0.0291221,0.0973586
13,0.99888,276.006445885,0.0166547,0.0286186,0.0971416
14,0.998949,258.993859291,0.015754,0.0294255,0.0969252
15,0.998937,262.005586624,0.0184055,0.0298017,0.0967092
16,0.998945,259.992871284,0.0159758,0.0274303,0.0964937
17,0.998978,252.000775337,0.0145592,0.0275269,0.0962787
18,0.998982,251.001763344,0.0157483,0.0283972,0.0960642
19,0.998925,265.002622604,0.0158716,0.0287111,0.0958501
20,0.998974,252.999787331,0.0152612,0.0283115,0.0956365
21,0.99884,285.996565819,0.0164973,0.0298711,0.0954235
22,0.998917,267.000646591,0.0168786,0.028734,0.0952108
23,0.998925,265.002622604,0.0155633,0.0302325,0.0949987
24,0.998998,247.00571537,0.0138516,0.0254857,0.094787
25,0.998969,253.998799324,0.013437,0.0265894,0.0945758
26,0.999059,232.005844116,0.0126787,0.0258875,0.0943651
27,0.998953,257.994847298,0.0145932,0.0278361,0.0941548
28,0.998957,256.995835304,0.0124009,0.0277539,0.093945
29,0.999047,235.002880096,0.0129661,0.0250836,0.0937357
30,0.998949,258.993859291,0.0153491,0.0301662,0.0935268
31,0.999103,221.002020836,0.0134044,0.025629,0.0933184
32,0.998957,256.995835304,0.0155678,0.0291685,0.0931105
33,0.999091,223.999056816,0.0117608,0.0251519,0.092903
34,0.999026,239.997940063,0.0135835,0.0269943,0.092696
35,0.99899,249.003739357,0.0159314,0.0278616,0.0924894
36,0.998957,256.995835304,0.0139281,0.0273072,0.0922833
37,0.998945,259.992871284,0.0130122,0.0287075,0.0920777
38,0.998892,272.994718552,0.014453,0.028757,0.0918726
39,0.999043,236.00189209,0.0120982,0.0246943,0.0916678
40,0.999063,231.006832123,0.0105731,0.0246514,0.0914636
41,0.999026,239.997940063,0.0132632,0.0264748,0.0912598
42,0.998953,257.994847298,0.0147643,0.0286534,0.0910564
43,0.999087,224.99806881,0.0121817,0.0265206,0.0908535
44,0.999136,212.995233536,0.010822,0.024068,0.0906511
45,0.998925,265.002622604,0.0148982,0.0300521,0.0904491
46,0.999107,220.003008842,0.0127107,0.0260124,0.0902476
47,0.999103,221.002020836,0.0125228,0.0268334,0.0900465
48,0.999091,223.999056816,0.0126031,0.0246883,0.0898458
49,0.999116,218.004984856,0.0127423,0.0255531,0.0896456
50,0.999002,246.006703377,0.0123028,0.0280265,0.0894459
51,0.999006,244.993000031,0.0140515,0.028795,0.0892466
52,0.999099,222.001032829,0.0111314,0.0259255,0.0890477
53,0.99914,211.996221542,0.0109976,0.0255836,0.0888493
54,0.999067,229.993128777,0.0114745,0.0266598,0.0886513
55,0.999168,205.003137589,0.0108762,0.0244622,0.0884538
56,0.999148,209.998197556,0.010855,0.0238378,0.0882567
57,0.999079,226.996092796,0.0126592,0.0253527,0.08806
58,0.998965,254.997811317,0.0144943,0.0285468,0.0878638
59,0.999075,227.99510479,0.0118502,0.0256467,0.087668
60,0.999148,209.998197556,0.0110723,0.0237071,0.0874727
61,0.999026,239.997940063,0.0141415,0.0286079,0.0872778
62,0.999075,227.99510479,0.0115991,0.0244255,0.0870833
63,0.999249,184.993515015,0.00910649,0.0227702,0.0868893
64,0.999071,228.994116783,0.0109624,0.0254417,0.0866957
65,0.998978,252.000775337,0.0138283,0.0279753,0.0865025
66,0.999189,199.993386269,0.0104066,0.0234629,0.0863097
67,0.999136,212.995233536,0.0103532,0.0249762,0.0861174
68,0.99901,243.993988037,0.0124327,0.0270052,0.0859255
69,0.999087,224.99806881,0.0113781,0.0248366,0.0857341
70,0.99918,202.006101608,0.00959592,0.0221372,0.085543
71,0.999055,233.00485611,0.0119959,0.0263959,0.0853524
72,0.999189,199.993386269,0.010621,0.0236547,0.0851622
73,0.999051,234.003868103,0.0115327,0.0262453,0.0849725
74,0.99903,238.99892807,0.0132788,0.026206,0.0847831
75,0.999116,218.004984856,0.0107043,0.0256485,0.0845942
76,0.998998,247.00571537,0.0130751,0.0257183,0.0844057
77,0.999026,239.997940063,0.0124736,0.027397,0.0842177
78,0.999233,189.004254341,0.00788439,0.0228035,0.08403
79,0.999193,198.994374275,0.0101831,0.023677,0.0838428
80,0.999075,227.99510479,0.0107198,0.0252775,0.0836559
81,0.999083,225.997080803,0.010992,0.026358,0.0834695
82,0.999172,204.004125595,0.0094785,0.0233845,0.0832835
83,0.999213,193.999314308,0.00975571,0.0225557,0.083098
84,0.999213,193.999314308,0.00955323,0.0228176,0.0829128
85,0.999095,223.000044823,0.00993407,0.0251999,0.0827281
86,0.999095,223.000044823,0.0114686,0.0250553,0.0825437
87,0.999107,220.003008842,0.0109884,0.025852,0.0823598
88,0.99918,202.006101608,0.00925449,0.0243471,0.0821763
89,0.99918,202.006101608,0.00891891,0.0220886,0.0819932
90,0.999229,190.003266335,0.00838522,0.0214342,0.0818105
91,0.999144,210.997209549,0.00944399,0.023252,0.0816282
92,0.999201,196.996350288,0.00796854,0.0213898,0.0814463
93,0.999209,194.998326302,0.00914256,0.0237125,0.0812648
94,0.999132,213.994245529,0.0103674,0.0239937,0.0810837
95,0.999209,194.998326302,0.00862582,0.023436,0.0809031
96,0.999164,206.002149582,0.00950868,0.024507,0.0807228
97,0.999245,186.007218361,0.00895916,0.0216503,0.0805429
98,0.999103,221.002020836,0.0111055,0.0253311,0.0803635
99,0.999193,198.994374275,0.00981595,0.0243631,0.0801844
100,0.999221,192.001290321,0.00829721,0.0211239,0.0800057
101,0.999116,218.004984856,0.00978495,0.0249345,0.0798275
102,0.999124,216.006960869,0.0104955,0.0252331,0.0796496
103,0.999128,214.993257523,0.011382,0.0241512,0.0794721
104,0.999148,209.998197556,0.0102617,0.0256181,0.079295
105,0.999164,206.002149582,0.00947864,0.024569,0.0791183
106,0.999124,216.006960869,0.0106749,0.0249574,0.078942
107,0.999201,196.996350288,0.00869105,0.0211715,0.0787661
108,0.99914,211.996221542,0.0100413,0.0239102,0.0785906
109,0.999116,218.004984856,0.0101436,0.025417,0.0784155
110,0.999217,193.000302315,0.00813525,0.0225123,0.0782408
111,0.999189,199.993386269,0.00995898,0.023897,0.0780664
112,0.999168,205.003137589,0.0093845,0.0243728,0.0778925
113,0.99918,202.006101608,0.00927266,0.0223109,0.0777189
114,0.999213,193.999314308,0.00886564,0.0220248,0.0775458
115,0.999237,188.005242348,0.00820967,0.0212453,0.077373
116,0.999095,223.000044823,0.0101429,0.0250148,0.0772006
117,0.999213,193.999314308,0.00843803,0.0219335,0.0770285
118,0.999209,194.998326302,0.0095675,0.0228505,0.0768569
119,0.999229,190.003266335,0.00934797,0.0228002,0.0766857
120,0.999335,163.9995718,0.00792192,0.0200568,0.0765148
121,0.999249,184.993515015,0.00907155,0.0222095,0.0763443
122,0.999379,152.99574852,0.00614473,0.0177689,0.0761742
123,0.999144,210.997209549,0.008688,0.0225932,0.0760044
124,0.999193,198.994374275,0.00838976,0.021844,0.0758351
125,0.999221,192.001290321,0.00867586,0.023815,0.0756661
126,0.999205,195.997338295,0.00906182,0.0242138,0.0754975
127,0.999278,178.000431061,0.00796485,0.0205901,0.0753293
128,0.999249,184.993515015,0.00877239,0.0213656,0.0751614
129,0.999241,187.006230354,0.00905334,0.0223663,0.074994
130,0.999233,189.004254341,0.00852531,0.0229428,0.0748269
131,0.999241,187.006230354,0.00866877,0.0215979,0.0746601
132,0.999294,174.004383087,0.00703158,0.0186639,0.0744938
133,0.999168,205.003137589,0.0101818,0.0233235,0.0743278
134,0.999213,193.999314308,0.00983734,0.0231144,0.0741622
135,0.999274,178.999443054,0.00803777,0.0222465,0.0739969
136,0.999355,159.004511833,0.00737076,0.0202135,0.073832
137,0.999331,164.998583794,0.00753587,0.0211517,0.0736675
138,0.999278,178.000431061,0.00725272,0.0205132,0.0735034
139,0.99927,179.998455048,0.00803174,0.0217464,0.0733396
140,0.999371,154.993772507,0.00631874,0.0187339,0.0731762
141,0.999225,191.002278328,0.00743107,0.0221679,0.0730131
142,0.999262,181.996479034,0.00822699,0.0219411,0.0728504
143,0.999258,182.995491028,0.0078105,0.0204611,0.0726881
144,0.999298,173.005371094,0.00735479,0.020719,0.0725261
145,0.99918,202.006101608,0.00881477,0.0229385,0.0723645
146,0.999335,163.9995718,0.00749966,0.0196873,0.0722033
147,0.999351,160.003523827,0.00631234,0.0197749,0.0720424
148,0.999233,189.004254341,0.00896002,0.0218899,0.0718819
149,0.999193,198.994374275,0.00956091,0.0228085,0.0717217
150,0.999294,174.004383087,0.00798332,0.0213243,0.0715619
151,0.999176,203.005113602,0.00795212,0.0228735,0.0714024
152,0.999294,174.004383087,0.00760715,0.0211099,0.0712433
153,0.999245,186.007218361,0.00827127,0.021542,0.0710846
154,0.999266,180.997467041,0.00711321,0.0220687,0.0709262
155,0.999286,176.002407074,0.0071119,0.0202945,0.0707682
156,0.99929,175.003395081,0.00803578,0.0220345,0.0706105
157,0.999286,176.002407074,0.00726322,0.0214307,0.0704531
158,0.999351,160.003523827,0.00727374,0.0196254,0.0702961
159,0.999262,181.996479034,0.00748716,0.0213999,0.0701395
160,0.999245,186.007218361,0.00942364,0.0235176,0.0699832
161,0.999375,153.994760513,0.00685101,0.0192961,0.0698273
162,0.999258,182.995491028,0.00688524,0.0205335,0.0696717
163,0.99931,169.993643761,0.00653524,0.0218378,0.0695164
164,0.999367,155.9927845,0.00549787,0.0170902,0.0693616
165,0.999322,166.99660778,0.00722259,0.0209561,0.069207
166,0.99931,169.993643761,0.00734011,0.0202266,0.0690528
167,0.999327,165.997595787,0.00715137,0.0209543,0.0688989
168,0.999286,176.002407074,0.00683012,0.0200339,0.0687454
169,0.999363,157.006487846,0.00574817,0.0208679,0.0685922
170,0.999432,139.993901253,0.00548477,0.0177325,0.0684394
171,0.999367,155.9927845,0.00610572,0.0189818,0.0682869
172,0.999351,160.003523827,0.00701586,0.0193599,0.0681347
173,0.999387,150.997724533,0.00550189,0.0182707,0.0679829
174,0.999294,174.004383087,0.00685386,0.0204856,0.0678314
175,0.999343,162.001547813,0.00616908,0.0185564,0.0676803
176,0.999371,154.993772507,0.00626062,0.0186199,0.0675295
177,0.999302,172.0063591,0.00756646,0.0208634,0.067379
178,0.999351,160.003523827,0.00625723,0.0194205,0.0672289
179,0.999436,138.994889259,0.00513282,0.0176601,0.0670791
180,0.999339,163.000559807,0.00708217,0.0193054,0.0669296
181,0.999395,148.999700546,0.00574575,0.0185125,0.0667805
182,0.999327,165.997595787,0.00653277,0.0194291,0.0666317
183,0.999363,157.006487846,0.00583612,0.0182815,0.0664832
184,0.999347,161.00253582,0.00624791,0.0185804,0.0663351
185,0.999302,172.0063591,0.00642937,0.0203083,0.0661872
186,0.999375,153.994760513,0.00648924,0.0194793,0.0660398
187,0.999258,182.995491028,0.00705812,0.0221065,0.0658926
188,0.999314,168.994631767,0.00732297,0.0216828,0.0657458
189,0.999395,148.999700546,0.00598012,0.0184526,0.0655993
190,0.999395,148.999700546,0.00640483,0.0188255,0.0654531
191,0.99931,169.993643761,0.00745039,0.0198187,0.0653073
192,0.999314,168.994631767,0.00706106,0.0212004,0.0651618
193,0.999424,142.006616592,0.00536754,0.0175484,0.0650166
194,0.999331,164.998583794,0.00602382,0.0185503,0.0648717
195,0.999327,165.997595787,0.00737689,0.0199657,0.0647271
196,0.999387,150.997724533,0.00612397,0.0192435,0.0645829
197,0.999355,159.004511833,0.00586248,0.0197118,0.064439
198,0.999391,149.99871254,0.00565006,0.0192853,0.0642954
199,0.999387,150.997724533,0.00637802,0.0195707,0.0641522
200,0.999412,145.003652573,0.00519881,0.0177232,0.0640092
201,0.999424,142.006616592,0.00475792,0.018603,0.0638666
202,0.999391,149.99871254,0.00587035,0.0190737,0.0637243
203,0.999456,133.999829292,0.00544037,0.0176965,0.0635823
204,0.999452,134.998841286,0.00516615,0.0183888,0.0634406
205,0.999294,174.004383087,0.00705661,0.0219973,0.0632993
206,0.999379,152.99574852,0.00583406,0.0199346,0.0631582
207,0.999327,165.997595787,0.00630251,0.0197331,0.0630175
208,0.999456,133.999829292,0.00566273,0.0176752,0.0628771
209,0.999456,133.999829292,0.00457001,0.0164925,0.062737
210,0.999408,146.002664566,0.00529806,0.0185742,0.0625972
211,0.999351,160.003523827,0.00622823,0.0191442,0.0624577
212,0.999444,136.996865273,0.00556871,0.017725,0.0623185
213,0.999395,148.999700546,0.00529942,0.0184587,0.0621797
214,0.99942,143.005628586,0.00459847,0.0174306,0.0620411
215,0.999408,146.002664566,0.00495357,0.0178432,0.0619029
216,0.999493,124.994029999,0.00437812,0.0166216,0.0617649
217,0.999379,152.99574852,0.00555644,0.0177901,0.0616273
218,0.99944,137.995877266,0.0053463,0.0186944,0.06149
219,0.999408,146.002664566,0.00538482,0.0184973,0.061353
220,0.999331,164.998583794,0.00617577,0.0203477,0.0612163
221,0.999436,138.994889259,0.00513762,0.0176321,0.0610799
222,0.999379,152.99574852,0.00628414,0.0199505,0.0609438
223,0.999448,135.997853279,0.00515829,0.0166971,0.060808
224,0.999501,122.996006012,0.00447941,0.0162849,0.0606725
225,0.9994,148.000688553,0.00632933,0.020123,0.0605373
226,0.999448,135.997853279,0.00474382,0.016556,0.0604024
227,0.999327,165.997595787,0.00621992,0.0190903,0.0602678
228,0.999375,153.994760513,0.00512661,0.0194271,0.0601335
229,0.999473,130.003781319,0.00437408,0.0176553,0.0599995
230,0.999444,136.996865273,0.00482519,0.0172046,0.0598658
231,0.999448,135.997853279,0.00486129,0.0172485,0.0597324
232,0.999464,132.001805305,0.00434676,0.0170296,0.0595993
233,0.999497,123.995018005,0.0044511,0.016635,0.0594665
234,0.999424,142.006616592,0.00519746,0.0175436,0.059334
235,0.999408,146.002664566,0.00510172,0.0177689,0.0592018
236,0.999452,134.998841286,0.00459212,0.0177448,0.0590699
237,0.99946,133.000817299,0.00511965,0.0171728,0.0589383
238,0.999416,144.004640579,0.0050376,0.0180039,0.058807
239,0.999525,117.001934052,0.00346035,0.0150753,0.0586759
240,0.999444,136.996865273,0.00491634,0.0177082,0.0585452
241,0.999456,133.999829292,0.00480133,0.0167445,0.0584147
242,0.999444,136.996865273,0.0051482,0.0178169,0.0582846
243,0.999493,124.994029999,0.00430164,0.0161358,0.0581547
244,0.999542,113.005886078,0.00337263,0.0148551,0.0580251
245,0.999436,138.994889259,0.00453498,0.0167124,0.0578958
246,0.99946,133.000817299,0.00473132,0.0172739,0.0577668
247,0.99946,133.000817299,0.004549,0.0168038,0.0576381
248,0.999473,130.003781319,0.00522221,0.0186877,0.0575097
249,0.999432,139.993901253,0.00475393,0.0178184,0.0573815
250,0.999558,108.995146751,0.00334777,0.0141817,0.0572537
251,0.99942,143.005628586,0.0052223,0.0185323,0.0571261
252,0.999452,134.998841286,0.00474565,0.0171152,0.0569988
253,0.999412,145.003652573,0.00528688,0.0175103,0.0568718
254,0.999424,142.006616592,0.00515457,0.0188153,0.0567451
255,0.999424,142.006616592,0.00458843,0.0166137,0.0566186
256,0.999404,147.001676559,0.00462368,0.017891,0.0564925
257,0.999525,117.001934052,0.00413682,0.0165994,0.0563666
258,0.999477,129.004769325,0.00407847,0.0158747,0.056241
259,0.999489,125.993041992,0.0044144,0.0162393,0.0561157
260,0.999546,112.006874084,0.00375575,0.0150362,0.0559906
261,0.999509,120.997982025,0.00345062,0.015591,0.0558659
262,0.999416,144.004640579,0.0047709,0.0184757,0.0557414
263,0.999444,136.996865273,0.00394405,0.0163655,0.0556172
264,0.999517,118.999958038,0.00356558,0.0148321,0.0554933
265,0.999448,135.997853279,0.00468131,0.0174653,0.0553696
266,0.999473,130.003781319,0.00477223,0.0164169,0.0552462
267,0.999489,125.993041992,0.00399288,0.015371,0.0551231
268,0.999525,117.001934052,0.00368208,0.0146087,0.0550003
269,0.999424,142.006616592,0.00501514,0.0177859,0.0548778
270,0.999501,122.996006012,0.00353725,0.0166896,0.0547555
271,0.999416,144.004640579,0.00496619,0.0179383,0.0546335
272,0.999485,127.006745338,0.00424924,0.0167877,0.0545117
273,0.999594,100.004038811,0.00323443,0.0151511,0.0543903
274,0.999497,123.995018005,0.00409938,0.0161424,0.0542691
275,0.999383,151.996736526,0.00494809,0.0180194,0.0541481
276,0.999481,128.005757332,0.00469135,0.017989,0.0540275
277,0.999493,124.994029999,0.00415709,0.0165528,0.0539071
278,0.999537,114.004898071,0.00396068,0.0155575,0.053787
279,0.999497,123.995018005,0.00375257,0.015874,0.0536671
280,0.999509,120.997982025,0.0034954,0.01594,0.0535476
281,0.999546,112.006874084,0.00360764,0.0150414,0.0534282
282,0.999566,106.997122765,0.0030735,0.0148218,0.0533092
283,0.999558,108.995146751,0.00341248,0.0146289,0.0531904
284,0.999456,133.999829292,0.00363001,0.0157755,0.0530719
285,0.999513,119.998970032,0.00363119,0.0151987,0.0529536
286,0.999517,118.999958038,0.00315189,0.0154986,0.0528356
287,0.999546,112.006874084,0.00337212,0.0148092,0.0527179
288,0.999574,104.999098778,0.00347286,0.0149309,0.0526004
289,0.999525,117.001934052,0.00375014,0.014333,0.0524832
290,0.999602,98.0060148239,0.00322222,0.0150425,0.0523663
291,0.999513,119.998970032,0.00425505,0.0162406,0.0522496
292,0.999562,107.996134758,0.0033135,0.0147052,0.0521332
293,0.999566,106.997122765,0.0034727,0.0147123,0.052017
294,0.999529,116.002922058,0.00365176,0.0162898,0.0519011
295,0.999452,134.998841286,0.00411177,0.0184113,0.0517855
296,0.999509,120.997982025,0.00379599,0.0162566,0.0516701
297,0.99955,110.993170738,0.00380668,0.0170619,0.0515549
298,0.999464,132.001805305,0.00385013,0.017325,0.0514401
299,0.999493,124.994029999,0.00383855,0.0160861,0.0513254
300,0.999485,127.006745338,0.00390333,0.0159375,0.0512111
301,0.999509,120.997982025,0.00379841,0.0156912,0.051097
302,0.999554,109.994158745,0.00371627,0.0155557,0.0509831
303,0.999537,114.004898071,0.00318149,0.0147521,0.0508695
304,0.999602,98.0060148239,0.00283956,0.0129764,0.0507562
305,0.999611,95.9932994843,0.00246997,0.0134918,0.0506431
306,0.999582,103.001074791,0.00293322,0.0140795,0.0505302
307,0.999529,116.002922058,0.0038764,0.0162047,0.0504176
308,0.999473,130.003781319,0.00422965,0.0163597,0.0503053
309,0.999562,107.996134758,0.00310263,0.0163802,0.0501932
310,0.999582,103.001074791,0.00307392,0.0137508,0.0500814
311,0.999554,109.994158745,0.00332925,0.0148381,0.0499698
312,0.999537,114.004898071,0.00323104,0.0153719,0.0498584
313,0.99944,137.995877266,0.00473217,0.017486,0.0497473
314,0.999623,92.996263504,0.00280223,0.0136147,0.0496365
315,0.999517,118.999958038,0.00330874,0.0144689,0.0495259
316,0.999558,108.995146751,0.00309837,0.0147155,0.0494155
317,0.99955,110.993170738,0.00345528,0.0148378,0.0493054
318,0.999562,107.996134758,0.00278724,0.0139158,0.0491956
319,0.999586,102.002062798,0.00295178,0.014061,0.0490859
320,0.999578,104.000086784,0.00290001,0.0144397,0.0489766
321,0.999477,129.004769325,0.0042262,0.0180728,0.0488674
322,0.99955,110.993170738,0.00293934,0.0146553,0.0487585
323,0.999578,104.000086784,0.00280134,0.0136008,0.0486499
324,0.99968,78.9954042435,0.00235782,0.0125737,0.0485415
325,0.99959,101.003050804,0.00255367,0.0132787,0.0484333
326,0.999558,108.995146751,0.00356678,0.015461,0.0483254
327,0.999619,93.9952754974,0.00238523,0.0133609,0.0482177
328,0.999582,103.001074791,0.00324467,0.0132054,0.0481103
329,0.999578,104.000086784,0.00318922,0.0146361,0.0480031
330,0.999623,92.996263504,0.00271319,0.0145965,0.0478961
331,0.999586,102.002062798,0.00222978,0.0132712,0.0477894
332,0.999525,117.001934052,0.00335257,0.0155284,0.0476829
333,0.999598,99.0050268173,0.00261859,0.0135332,0.0475767
334,0.999546,112.006874084,0.00288991,0.0149485,0.0474707
335,0.999615,94.9942874908,0.00274319,0.0130526,0.0473649
336,0.999566,106.997122765,0.00303886,0.0151231,0.0472593
337,0.999537,114.004898071,0.00292792,0.0143184,0.047154
338,0.999517,118.999958038,0.00343908,0.0152887,0.047049
339,0.999594,100.004038811,0.00269795,0.0144106,0.0469441
340,0.999594,100.004038811,0.00235494,0.0144451,0.0468395
341,0.999586,102.002062798,0.00253058,0.0132964,0.0467352
342,0.999594,100.004038811,0.00272001,0.0133367,0.046631
343,0.999659,84.0051555634,0.00231376,0.012317,0.0465271
344,0.999574,104.999098778,0.00264528,0.0137161,0.0464234
345,0.999598,99.0050268173,0.0026002,0.0140457,0.04632
346,0.999643,88.001203537,0.0024788,0.0138287,0.0462168
347,0.99959,101.003050804,0.00271816,0.0136437,0.0461138
348,0.999606,97.0070028305,0.00231769,0.0125721,0.0460111
349,0.99968,78.9954042435,0.00221006,0.012717,0.0459085
350,0.999594,100.004038811,0.00276951,0.0144856,0.0458062
351,0.999574,104.999098778,0.00310051,0.0149257,0.0457042
352,0.999611,95.9932994843,0.00227883,0.0133297,0.0456023
353,0.999537,114.004898071,0.00308196,0.0153976,0.0455007
354,0.999558,108.995146751,0.00309766,0.0143037,0.0453993
355,0.999635,89.9992275238,0.00253637,0.0130102,0.0452982
356,0.999635,89.9992275238,0.00238975,0.0133294,0.0451972
357,0.999586,102.002062798,0.00226625,0.0138797,0.0450965
358,0.999623,92.996263504,0.00234412,0.0136663,0.044996
359,0.999594,100.004038811,0.00282563,0.0148059,0.0448958
360,0.999602,98.0060148239,0.00267878,0.0131448,0.0447957
361,0.999574,104.999098778,0.00257206,0.0127208,0.0446959
362,0.99968,78.9954042435,0.00226235,0.013645,0.0445963
363,0.999611,95.9932994843,0.00254035,0.013203,0.044497
364,0.999594,100.004038811,0.00260475,0.0147725,0.0443978
365,0.999704,73.001332283,0.00178314,0.0116339,0.0442989
366,0.999643,88.001203537,0.0022118,0.0118214,0.0442002
367,0.999598,99.0050268173,0.00257561,0.0146558,0.0441017
368,0.99959,101.003050804,0.00256608,0.0137532,0.0440034
369,0.999639,89.0002155304,0.00270511,0.0129774,0.0439054
370,0.999602,98.0060148239,0.00235371,0.0125714,0.0438075
371,0.999606,97.0070028305,0.00253217,0.0137837,0.0437099
372,0.999594,100.004038811,0.00257343,0.0140322,0.0436125
373,0.999619,93.9952754974,0.00268729,0.0127951,0.0435154
374,0.999574,104.999098778,0.00275534,0.0159627,0.0434184
375,0.999606,97.0070028305,0.00245687,0.0124278,0.0433217
376,0.999586,102.002062798,0.00264573,0.0131611,0.0432251
377,0.999643,88.001203537,0.00258659,0.013923,0.0431288
378,0.999627,91.9972515106,0.00218805,0.0133544,0.0430327
379,0.999684,77.9963922501,0.00190701,0.0114594,0.0429368
380,0.999606,97.0070028305,0.00268314,0.0135488,0.0428411
381,0.999696,74.9993562698,0.00190854,0.0108447,0.0427457
382,0.999627,91.9972515106,0.0021362,0.0131822,0.0426504
383,0.999688,76.9973802567,0.00201421,0.010958,0.0425554
384,0.999619,93.9952754974,0.00227185,0.012722,0.0424606
385,0.999651,86.0031795502,0.00225566,0.0130762,0.042366
386,0.999619,93.9952754974,0.00246883,0.0124819,0.0422716
387,0.999643,88.001203537,0.00214567,0.0138865,0.0421774
388,0.999655,85.0041675568,0.00215207,0.0124398,0.0420834
389,0.999667,82.0071315765,0.00179097,0.0116231,0.0419896
390,0.999635,89.9992275238,0.00224608,0.0114818,0.0418961
391,0.999692,75.9983682632,0.00177624,0.011725,0.0418027
392,0.999688,76.9973802567,0.00212237,0.0118153,0.0417096
393,0.999623,92.996263504,0.0021751,0.0117634,0.0416166
394,0.999615,94.9942874908,0.00260501,0.0136995,0.0415239
395,0.999675,79.9944162369,0.00172221,0.012701,0.0414314
396,0.999611,95.9932994843,0.0024876,0.0146016,0.0413391
397,0.999675,79.9944162369,0.00172404,0.0116381,0.0412469
398,0.999671,80.9934282303,0.00209813,0.0127331,0.041155
399,0.999659,84.0051555634,0.00210216,0.0125031,0.0410633
400,0.99968,78.9954042435,0.00187305,0.0116037,0.0409718
401,0.999667,82.0071315765,0.00210103,0.0121136,0.0408805
402,0.9997,74.0003442764,0.00187408,0.0119533,0.0407895
403,0.999594,100.004038811,0.00233108,0.0135204,0.0406986
404,0.999732,65.9935569763,0.00162975,0.0104054,0.0406079
405,0.999728,67.0072603226,0.00185466,0.0104134,0.0405174
406,0.999675,79.9944162369,0.00161094,0.0114555,0.0404271
407,0.999611,95.9932994843,0.00219171,0.0143326,0.040337
408,0.999675,79.9944162369,0.00138606,0.011491,0.0402471
409,0.999675,79.9944162369,0.00202908,0.0126978,0.0401575
410,0.999696,74.9993562698,0.00155882,0.010727,0.040068
411,0.999675,79.9944162369,0.00204627,0.0118687,0.0399787
412,0.999647,87.0021915436,0.00200942,0.0123764,0.0398896
413,0.999651,86.0031795502,0.00167097,0.01167,0.0398007
414,0.999688,76.9973802567,0.00173674,0.011153,0.0397121
415,0.999716,70.0042963028,0.00144827,0.0106594,0.0396236
416,0.999704,73.001332283,0.00176092,0.0115491,0.0395353
417,0.999647,87.0021915436,0.00212872,0.0135263,0.0394472
418,0.9997,74.0003442764,0.00149369,0.00968809,0.0393593
419,0.999692,75.9983682632,0.00168537,0.0113471,0.0392716
420,0.999639,89.0002155304,0.00215313,0.0142324,0.0391841
421,0.99972,69.0052843094,0.00145003,0.0110207,0.0390968
422,0.999688,76.9973802567,0.00180203,0.0118773,0.0390097
423,0.999692,75.9983682632,0.00176526,0.0113218,0.0389227
424,0.999708,72.0023202896,0.00133905,0.00949126,0.038836
425,0.999696,74.9993562698,0.00158973,0.0113242,0.0387495
426,0.999671,80.9934282303,0.00171336,0.0113792,0.0386631
427,0.9997,74.0003442764,0.0016668,0.0110319,0.038577
428,0.999724,68.006272316,0.00149403,0.00981637,0.038491
429,0.999753,60.9984970093,0.00122872,0.009776,0.0384053
430,0.999716,70.0042963028,0.0015049,0.0103893,0.0383197
431,0.99968,78.9954042435,0.00195198,0.011939,0.0382343
432,0.999724,68.006272316,0.00134706,0.0103608,0.0381491
433,0.999688,76.9973802567,0.0018286,0.0115654,0.0380641
434,0.999663,83.0061435699,0.00167212,0.01131,0.0379793
435,0.999667,82.0071315765,0.00185266,0.0127556,0.0378946
436,0.9997,74.0003442764,0.00191187,0.011852,0.0378102
437,0.999675,79.9944162369,0.0014168,0.00974851,0.037726
438,0.999716,70.0042963028,0.00145559,0.010793,0.0376419
439,0.999708,72.0023202896,0.00150458,0.0114604,0.037558
440,0.99972,69.0052843094,0.00115402,0.0108811,0.0374743
441,0.999728,67.0072603226,0.00166387,0.0114157,0.0373908
442,0.99972,69.0052843094,0.00145635,0.0112182,0.0373075
443,0.999736,64.9945449829,0.00124124,0.0104199,0.0372244
444,0.99972,69.0052843094,0.00143032,0.0104316,0.0371414
445,0.999732,65.9935569763,0.00153687,0.0110669,0.0370587
446,0.999757,59.9994850159,0.00128022,0.0110557,0.0369761
447,0.999667,82.0071315765,0.00154709,0.0110969,0.0368937
448,0.999708,72.0023202896,0.00151434,0.0111529,0.0368115
449,0.999688,76.9973802567,0.00187321,0.0114512,0.0367295
450,0.99972,69.0052843094,0.00160735,0.0105791,0.0366477
451,0.999651,86.0031795502,0.00209408,0.0136878,0.036566
452,0.999732,65.9935569763,0.00157766,0.0108518,0.0364845
453,0.999692,75.9983682632,0.00138915,0.0116974,0.0364032
454,0.999712,71.0033082962,0.00148019,0.01026,0.0363221
455,0.999708,72.0023202896,0.00144984,0.0107233,0.0362412
456,0.99972,69.0052843094,0.00165745,0.0108953,0.0361604
457,0.999692,75.9983682632,0.00171961,0.0104784,0.0360798
458,0.99974,63.9955329895,0.00144009,0.00983261,0.0359994
459,0.999716,70.0042963028,0.00136548,0.0109694,0.0359192
460,0.999728,67.0072603226,0.00144867,0.00988466,0.0358392
461,0.999753,60.9984970093,0.00122757,0.00958156,0.0357593
462,0.999773,56.0034370422,0.00129737,0.00928811,0.0356797
463,0.99972,69.0052843094,0.00141078,0.0113132,0.0356002
464,0.99974,63.9955329895,0.00141497,0.0101969,0.0355208
465,0.999728,67.0072603226,0.00111592,0.00877806,0.0354417
466,0.999765,58.0014610291,0.000864562,0.00899791,0.0353627
467,0.999728,67.0072603226,0.00128314,0.00993223,0.0352839
468,0.999728,67.0072603226,0.00114676,0.010214,0.0352053
469,0.999692,75.9983682632,0.00173312,0.0123749,0.0351268
470,0.999753,60.9984970093,0.00120656,0.00981974,0.0350486
471,0.999716,70.0042963028,0.00139089,0.0114098,0.0349705
472,0.999785,53.006401062,0.00110149,0.0100584,0.0348926
473,0.999748,61.9975090027,0.00121454,0.0105743,0.0348148
474,0.999704,73.001332283,0.00151391,0.0115906,0.0347372
475,0.999728,67.0072603226,0.00135351,0.0105878,0.0346598
476,0.999736,64.9945449829,0.001566,0.0116271,0.0345826
477,0.999744,62.9965209961,0.00129084,0.010868,0.0345055
478,0.999704,73.001332283,0.00152378,0.0121544,0.0344287
479,0.999712,71.0033082962,0.00166733,0.0114714,0.0343519
480,0.999716,70.0042963028,0.00150065,0.0105765,0.0342754
481,0.999744,62.9965209961,0.00121024,0.00952725,0.034199
482,0.999753,60.9984970093,0.00130489,0.0111677,0.0341228
483,0.999777,55.0044250488,0.00100955,0.00860059,0.0340468
484,0.999732,65.9935569763,0.00106046,0.00939486,0.0339709
485,0.999748,61.9975090027,0.00132601,0.0097841,0.0338952
486,0.999675,79.9944162369,0.00174057,0.011358,0.0338197
487,0.999744,62.9965209961,0.00113869,0.00974796,0.0337443
488,0.999793,50.9936857224,0.000930353,0.0100062,0.0336692
489,0.999765,58.0014610291,0.00108346,0.00910584,0.0335941
490,0.999769,57.0024490356,0.00114753,0.0090024,0.0335193
491,0.999781,54.0054130554,0.000777695,0.00854438,0.0334446
492,0.999728,67.0072603226,0.00112923,0.010275,0.0333701
493,0.999809,46.9976377487,0.000854117,0.00912465,0.0332957
494,0.999724,68.006272316,0.00124355,0.0101368,0.0332215
495,0.999736,64.9945449829,0.00117088,0.0093975,0.0331475
496,0.999748,61.9975090027,0.00112439,0.0100371,0.0330736
497,0.999773,56.0034370422,0.00117796,0.0105816,0.0329999
498,0.999753,60.9984970093,0.00104512,0.0105133,0.0329264
499,0.999773,56.0034370422,0.00102086,0.00829211,0.032853
500,0.999781,54.0054130554,0.000905093,0.0091822,0.0327798
501,0.999748,61.9975090027,0.00106394,0.00888827,0.0327068
502,0.999769,57.0024490356,0.00117501,0.0104745,0.0326339
503,0.999761,59.0004730225,0.00110079,0.0102489,0.0325612
504,0.999777,55.0044250488,0.00106248,0.00902175,0.0324887
505,0.999781,54.0054130554,0.00094922,0.00945104,0.0324163
506,0.999712,71.0033082962,0.00141818,0.0105153,0.032344
507,0.999781,54.0054130554,0.00105068,0.00957548,0.032272
508,0.999781,54.0054130554,0.000970768,0.00998532,0.0322
509,0.999757,59.9994850159,0.0011724,0.00972842,0.0321283
510,0.999781,54.0054130554,0.00109292,0.0103133,0.0320567
511,0.999777,55.0044250488,0.000853586,0.00841166,0.0319853
512,0.999781,54.0054130554,0.000992141,0.00965445,0.031914
513,0.999748,61.9975090027,0.00136372,0.0111567,0.0318429
514,0.999777,55.0044250488,0.000870941,0.00837234,0.031772
515,0.999805,47.9966497421,0.000945944,0.00931113,0.0317012
516,0.999732,65.9935569763,0.00124563,0.00958545,0.0316305
517,0.999777,55.0044250488,0.000822764,0.00870185,0.03156
518,0.999753,60.9984970093,0.0011026,0.0104782,0.0314897
519,0.999781,54.0054130554,0.000966472,0.00939165,0.0314195
520,0.999846,38.006529808,0.000661867,0.00737664,0.0313495
521,0.999761,59.0004730225,0.0010509,0.00887653,0.0312797
522,0.999793,50.9936857224,0.000910703,0.00944975,0.03121
523,0.999753,60.9984970093,0.000999695,0.00911386,0.0311404
524,0.999809,46.9976377487,0.000806895,0.00862218,0.0310711
525,0.999761,59.0004730225,0.000975502,0.00884191,0.0310018
526,0.999732,65.9935569763,0.00136697,0.0107475,0.0309327
527,0.999748,61.9975090027,0.00118456,0.00958513,0.0308638
528,0.999789,51.9926977158,0.00101424,0.0100448,0.030795
529,0.999744,62.9965209961,0.000993356,0.00965434,0.0307264
530,0.999765,58.0014610291,0.00102131,0.00981356,0.030658
531,0.999769,57.0024490356,0.00115864,0.00867925,0.0305896
532,0.999748,61.9975090027,0.00119169,0.00993744,0.0305215
533,0.999777,55.0044250488,0.00112694,0.00903924,0.0304535
534,0.999801,48.9956617355,0.000842045,0.00866216,0.0303856
535,0.999773,56.0034370422,0.000961612,0.00912653,0.0303179
536,0.999797,49.9946737289,0.000852896,0.00924156,0.0302504
537,0.999797,49.9946737289,0.000846172,0.00888879,0.030183
538,0.999809,46.9976377487,0.000672988,0.00739254,0.0301157
539,0.999834,41.0035657883,0.000583477,0.00714458,0.0300486
540,0.999777,55.0044250488,0.00099128,0.00958872,0.0299816
541,0.999813,45.9986257553,0.000637617,0.00781702,0.0299148
542,0.999805,47.9966497421,0.000873458,0.00965344,0.0298482
543,0.99983,42.0025777817,0.000576117,0.00826186,0.0297817
544,0.999805,47.9966497421,0.000761976,0.00949564,0.0297153
545,0.999748,61.9975090027,0.000937502,0.0101274,0.0296491
546,0.999809,46.9976377487,0.000712312,0.00701937,0.029583
547,0.999805,47.9966497421,0.00081136,0.00880369,0.0295171
548,0.999773,56.0034370422,0.00104156,0.00966229,0.0294513
549,0.999801,48.9956617355,0.00068329,0.00780186,0.0293857
550,0.999821,44.0006017685,0.000652829,0.00855367,0.0293202
551,0.999834,41.0035657883,0.000552411,0.007631,0.0292549
552,0.999805,47.9966497421,0.00083329,0.00879169,0.0291897
553,0.999842,39.0055418015,0.000570027,0.00775377,0.0291247
554,0.999773,56.0034370422,0.000885917,0.00951142,0.0290598
555,0.999785,53.006401062,0.00105723,0.00965382,0.028995
556,0.999769,57.0024490356,0.000890111,0.00896815,0.0289304
557,0.99985,36.9928264618,0.000703786,0.00711364,0.028866
558,0.99983,42.0025777817,0.000610175,0.00748757,0.0288016
559,0.999801,48.9956617355,0.000580781,0.00870216,0.0287375
560,0.99983,42.0025777817,0.000556615,0.00754804,0.0286734
561,0.999817,44.9996137619,0.000666934,0.00888016,0.0286095
562,0.999858,34.994802475,0.000579318,0.00738099,0.0285458
563,0.999777,55.0044250488,0.000817971,0.00892325,0.0284822
564,0.999813,45.9986257553,0.000751945,0.00812838,0.0284187
565,0.999834,41.0035657883,0.000685365,0.00872922,0.0283554
566,0.999813,45.9986257553,0.000718345,0.0089869,0.0282922
567,0.999858,34.994802475,0.000565565,0.00690604,0.0282292
568,0.999781,54.0054130554,0.0007934,0.00819029,0.0281663
569,0.999789,51.9926977158,0.000880554,0.00774469,0.0281035
570,0.999817,44.9996137619,0.000694459,0.00747138,0.0280409
571,0.999777,55.0044250488,0.000885781,0.00959175,0.0279784
572,0.999809,46.9976377487,0.000631591,0.00796368,0.0279161
573,0.999834,41.0035657883,0.000725532,0.00827419,0.0278539
574,0.99983,42.0025777817,0.000776353,0.0076108,0.0277918
575,0.999834,41.0035657883,0.000661664,0.00828474,0.0277299
576,0.99985,36.9928264618,0.000598496,0.00783912,0.0276681
577,0.99985,36.9928264618,0.000536757,0.00635651,0.0276064
578,0.999834,41.0035657883,0.000730294,0.00839596,0.0275449
579,0.999838,40.0045537949,0.000611154,0.00769475,0.0274836
580,0.999809,46.9976377487,0.000896385,0.00916813,0.0274223
581,0.999834,41.0035657883,0.000623952,0.00876742,0.0273612
582,0.999846,38.006529808,0.00064372,0.00702904,0.0273002
583,0.999761,59.0004730225,0.000810217,0.00928658,0.0272394
584,0.99987,31.9977664948,0.000508192,0.00760879,0.0271787
585,0.999858,34.994802475,0.000532588,0.00578387,0.0271182
586,0.99985,36.9928264618,0.000456914,0.00712228,0.0270577
587,0.999838,40.0045537949,0.000573794,0.00759102,0.0269974
588,0.999862,33.9957904816,0.000491169,0.00793201,0.0269373
589,0.999801,48.9956617355,0.000583954,0.00857405,0.0268773
590,0.999858,34.994802475,0.00062702,0.00656096,0.0268174
591,0.99985,36.9928264618,0.000454984,0.00723768,0.0267576
592,0.999838,40.0045537949,0.000633194,0.00735518,0.026698
593,0.999838,40.0045537949,0.000582622,0.00755645,0.0266385
594,0.999866,32.9967784882,0.000498005,0.00745974,0.0265791
595,0.99985,36.9928264618,0.000563367,0.0073914,0.0265199
596,0.999866,32.9967784882,0.000577313,0.00732212,0.0264608
597,0.999842,39.0055418015,0.000516344,0.00746023,0.0264019
598,0.999797,49.9946737289,0.000849938,0.00842499,0.026343
599,0.999862,33.9957904816,0.000512804,0.00701002,0.0262843
600,0.99985,36.9928264618,0.000654717,0.00743826,0.0262258
601,0.999854,35.9938144684,0.000541563,0.0072629,0.0261673
602,0.999854,35.9938144684,0.000459352,0.00638497,0.026109
603,0.999838,40.0045537949,0.00061758,0.00724171,0.0260509
604,0.999826,43.0015897751,0.000692617,0.00799765,0.0259928
605,0.99985,36.9928264618,0.000474769,0.00719208,0.0259349
606,0.99987,31.9977664948,0.000468278,0.00718442,0.0258771
607,0.99983,42.0025777817,0.000575194,0.00848197,0.0258194
608,0.999834,41.0035657883,0.000648897,0.00800585,0.0257619
609,0.999886,28.0017185211,0.000368275,0.00699093,0.0257045
610,0.99985,36.9928264618,0.0005927,0.00799227,0.0256472
611,0.99987,31.9977664948,0.000390458,0.0061565,0.0255901
612,0.999862,33.9957904816,0.00059648,0.00796593,0.0255331
613,0.999793,50.9936857224,0.000718182,0.00918974,0.0254762
614,0.999834,41.0035657883,0.000656171,0.0083748,0.0254194
615,0.999834,41.0035657883,0.000587253,0.00837244,0.0253628
616,0.999854,35.9938144684,0.000523105,0.00770393,0.0253062
617,0.999858,34.994802475,0.000461878,0.00709444,0.0252499
618,0.999858,34.994802475,0.000441298,0.00698179,0.0251936
619,0.99983,42.0025777817,0.000605387,0.00780643,0.0251375
620,0.99987,31.9977664948,0.000439968,0.00671911,0.0250814
621,0.999834,41.0035657883,0.000551259,0.0075586,0.0250256
622,0.999866,32.9967784882,0.000500023,0.00767627,0.0249698
623,0.99985,36.9928264618,0.000546213,0.00806165,0.0249142
624,0.999862,33.9957904816,0.00045814,0.00768498,0.0248586
625,0.999862,33.9957904816,0.000505895,0.00839239,0.0248033
626,0.999866,32.9967784882,0.000518283,0.00728209,0.024748
627,0.999882,29.0007305145,0.000408397,0.0075266,0.0246928
628,0.999874,30.9987545013,0.000444995,0.00603091,0.0246378
629,0.999846,38.006529808,0.000554278,0.00710368,0.0245829
630,0.999886,28.0017185211,0.000472075,0.00771863,0.0245281
631,0.99987,31.9977664948,0.000470941,0.00563755,0.0244735
632,0.999842,39.0055418015,0.000528908,0.00685853,0.024419
633,0.99987,31.9977664948,0.00039445,0.0056944,0.0243645
634,0.999858,34.994802475,0.000400601,0.00619283,0.0243103
635,0.999874,30.9987545013,0.000349163,0.00640956,0.0242561
636,0.999882,29.0007305145,0.000402095,0.00681468,0.024202
637,0.999862,33.9957904816,0.000498187,0.00689741,0.0241481
638,0.999931,16.9978952408,0.000218096,0.00431867,0.0240943
639,0.999858,34.994802475,0.000514689,0.00795637,0.0240406
640,0.999866,32.9967784882,0.00045258,0.0068698,0.0239871
641,0.999854,35.9938144684,0.000502914,0.00825836,0.0239336
642,0.999862,33.9957904816,0.000513173,0.00710853,0.0238803
643,0.999894,26.0036945343,0.000453757,0.00603182,0.0238271
644,0.999886,28.0017185211,0.000347676,0.00713143,0.023774
645,0.999854,35.9938144684,0.000443393,0.00726035,0.023721
646,0.999886,28.0017185211,0.000367407,0.00618199,0.0236681
647,0.99989,27.0027065277,0.000389408,0.00578775,0.0236154
648,0.999911,21.9929552078,0.000333966,0.00561853,0.0235628
649,0.999886,28.0017185211,0.00035635,0.00570832,0.0235103
650,0.999838,40.0045537949,0.000573447,0.00791845,0.0234579
651,0.999862,33.9957904816,0.000478596,0.00699351,0.0234056
652,0.999846,38.006529808,0.000461131,0.00708858,0.0233535
653,0.999894,26.0036945343,0.000390107,0.00582998,0.0233014
654,0.999911,21.9929552078,0.000324023,0.00593406,0.0232495
655,0.999826,43.0015897751,0.000537639,0.00878272,0.0231977
656,0.99987,31.9977664948,0.0005127,0.00763551,0.023146
657,0.99987,31.9977664948,0.000450573,0.0080828,0.0230944
658,0.999821,44.0006017685,0.000581929,0.00740445,0.023043
659,0.999911,21.9929552078,0.000257088,0.00622824,0.0229916
660,0.999878,29.9997425079,0.000382075,0.00662515,0.0229404
661,0.999886,28.0017185211,0.000425393,0.00759752,0.0228893
662,0.999894,26.0036945343,0.000379358,0.0064759,0.0228383
663,0.999882,29.0007305145,0.000324005,0.00686844,0.0227874
664,0.999886,28.0017185211,0.000418881,0.00676804,0.0227366
665,0.999903,24.0056705475,0.000286909,0.00601095,0.022686
666,0.99989,27.0027065277,0.000321651,0.00614931,0.0226354
667,0.999894,26.0036945343,0.000308189,0.00603844,0.022585
668,0.999899,25.0046825409,0.00031404,0.00620563,0.0225347
669,0.999838,40.0045537949,0.000477063,0.00870025,0.0224844
670,0.999874,30.9987545013,0.000406298,0.00730305,0.0224343
671,0.999866,32.9967784882,0.000393748,0.00730589,0.0223844
672,0.99987,31.9977664948,0.000474767,0.00678601,0.0223345
673,0.999874,30.9987545013,0.000326243,0.0062409,0.0222847
674,0.999878,29.9997425079,0.000442623,0.00701594,0.0222351
675,0.999903,24.0056705475,0.000340606,0.00639933,0.0221855
676,0.999894,26.0036945343,0.000289838,0.00558815,0.0221361
677,0.99989,27.0027065277,0.000361707,0.00560645,0.0220868
678,0.999911,21.9929552078,0.000268521,0.00501773,0.0220375
679,0.999894,26.0036945343,0.000331821,0.00616778,0.0219884
680,0.999911,21.9929552078,0.000269018,0.00654632,0.0219394
681,0.999878,29.9997425079,0.000302853,0.00741029,0.0218906
682,0.999894,26.0036945343,0.000298878,0.00557251,0.0218418
683,0.999874,30.9987545013,0.000365431,0.00601338,0.0217931
684,0.999903,24.0056705475,0.000297391,0.00522886,0.0217445
685,0.999911,21.9929552078,0.000230437,0.00520686,0.0216961
686,0.99989,27.0027065277,0.000292295,0.00624994,0.0216477
687,0.99989,27.0027065277,0.000430164,0.00728643,0.0215995
688,0.999899,25.0046825409,0.000313686,0.00571441,0.0215514
689,0.999911,21.9929552078,0.000292921,0.00654069,0.0215034
690,0.999882,29.0007305145,0.000411561,0.00628807,0.0214554
691,0.999927,17.9969072342,0.000257422,0.00456723,0.0214076
692,0.999911,21.9929552078,0.000240546,0.00458924,0.0213599
693,0.999882,29.0007305145,0.000323186,0.00616043,0.0213123
694,0.999878,29.9997425079,0.000372762,0.00660709,0.0212649
695,0.999903,24.0056705475,0.000322918,0.00651701,0.0212175
696,0.999899,25.0046825409,0.000302498,0.0058758,0.0211702
697,0.999911,21.9929552078,0.000236264,0.00581472,0.021123
698,0.999923,18.9959192276,0.000244999,0.00532659,0.021076
699,0.999882,29.0007305145,0.000252232,0.00659637,0.021029
700,0.999939,14.999871254,0.000150987,0.00460795,0.0209821
701,0.999923,18.9959192276,0.000257224,0.00473105,0.0209354
702,0.999911,21.9929552078,0.000225335,0.00513889,0.0208887
703,0.999923,18.9959192276,0.000224844,0.00510202,0.0208422
704,0.999915,20.9939432144,0.000229527,0.00476952,0.0207957
705,0.999907,23.0066585541,0.000245842,0.00651259,0.0207494
706,0.999899,25.0046825409,0.000322167,0.00612533,0.0207032
707,0.999931,16.9978952408,0.000184558,0.00446608,0.020657
708,0.999919,19.994931221,0.000197919,0.00560116,0.020611
709,0.999939,14.999871254,0.000169311,0.00469174,0.0205651
710,0.999886,28.0017185211,0.000341123,0.00676416,0.0205193
711,0.999911,21.9929552078,0.000244142,0.00498787,0.0204735
712,0.999919,19.994931221,0.000250501,0.00613921,0.0204279
713,0.999935,15.9988832474,0.000209614,0.00555976,0.0203824
714,0.999915,20.9939432144,0.000238844,0.00554807,0.020337
715,0.999899,25.0046825409,0.000328163,0.00725385,0.0202917
716,0.999911,21.9929552078,0.000276146,0.00615313,0.0202465
717,0.999911,21.9929552078,0.000226268,0.00545511,0.0202013
718,0.999915,20.9939432144,0.000244367,0.00508824,0.0201563
719,0.999927,17.9969072342,0.0002277,0.00636358,0.0201114
720,0.999911,21.9929552078,0.000282654,0.00485773,0.0200666
721,0.999894,26.0036945343,0.000307042,0.00550322,0.0200219
722,0.999911,21.9929552078,0.000291521,0.00642613,0.0199773
723,0.999915,20.9939432144,0.000321245,0.00619928,0.0199328
724,0.999931,16.9978952408,0.000202216,0.00481546,0.0198884
725,0.999939,14.999871254,0.000200504,0.0062839,0.019844
726,0.999927,17.9969072342,0.000186133,0.00484801,0.0197998
727,0.999935,15.9988832474,0.000180556,0.00516798,0.0197557
728,0.999935,15.9988832474,0.0002312,0.00509441,0.0197117
729,0.999935,15.9988832474,0.000240317,0.00570516,0.0196678
730,0.999959,10.0048112869,0.000135016,0.00447277,0.0196239
731,0.999923,18.9959192276,0.000180127,0.00509824,0.0195802
732,0.999935,15.9988832474,0.00018324,0.00480212,0.0195366
733,0.999939,14.999871254,0.000190367,0.00503468,0.0194931
734,0.999911,21.9929552078,0.000250637,0.00607449,0.0194496
735,0.999927,17.9969072342,0.000212009,0.00491002,0.0194063
736,0.999915,20.9939432144,0.000223788,0.00476824,0.019363
737,0.999943,14.0008592606,0.000162396,0.00410181,0.0193199
738,0.999931,16.9978952408,0.000188003,0.00460905,0.0192768
739,0.999972,6.99308395386,9.61235e-05,0.00452961,0.0192339
740,0.999947,13.0018472672,0.000121107,0.00413269,0.019191
741,0.999931,16.9978952408,0.000197886,0.00592429,0.0191483
742,0.999907,23.0066585541,0.00032235,0.00586182,0.0191056
743,0.999894,26.0036945343,0.00028894,0.00617449,0.019063
744,0.999939,14.999871254,0.00015493,0.00422611,0.0190206
745,0.999939,14.999871254,0.000157956,0.00441687,0.0189782
746,0.999919,19.994931221,0.000211616,0.00568603,0.0189359
747,0.999943,14.0008592606,0.000180295,0.00518641,0.0188937
748,0.999968,8.00678730011,0.000120643,0.00400912,0.0188516
749,0.999939,14.999871254,0.000181624,0.00558592,0.0188096
750,0.999935,15.9988832474,0.00021107,0.00518492,0.0187677
751,0.999972,6.99308395386,9.297e-05,0.00316601,0.0187259
752,0.999951,12.0028352737,0.000123415,0.00416935,0.0186841
753,0.999955,11.0038232803,0.000111558,0.00390568,0.0186425
754,0.999935,15.9988832474,0.000210353,0.00493533,0.018601
755,0.999923,18.9959192276,0.000251512,0.00591197,0.0185595
756,0.999955,11.0038232803,0.000126013,0.00419948,0.0185182
757,0.999972,6.99308395386,9.99703e-05,0.00443885,0.0184769
758,0.999959,10.0048112869,9.70954e-05,0.00329441,0.0184357
759,0.999939,14.999871254,0.000261161,0.00558165,0.0183946
760,0.999919,19.994931221,0.000259803,0.00466202,0.0183537
761,0.999943,14.0008592606,0.000163805,0.0044862,0.0183128
762,0.999951,12.0028352737,0.00016227,0.00440371,0.018272
763,0.999959,10.0048112869,0.000152214,0.00460456,0.0182312
764,0.999943,14.0008592606,0.000172014,0.00487617,0.0181906
765,0.999939,14.999871254,0.000166745,0.0062081,0.0181501
766,0.999927,17.9969072342,0.000209754,0.00493051,0.0181096
767,0.999907,23.0066585541,0.000268718,0.0056335,0.0180693
768,0.999959,10.0048112869,0.000124892,0.0050497,0.018029
769,0.999959,10.0048112869,0.000124813,0.00373423,0.0179889
770,0.999968,8.00678730011,9.46133e-05,0.00381591,0.0179488
771,0.999947,13.0018472672,0.000137379,0.00467216,0.0179088
772,0.999935,15.9988832474,0.00014874,0.00499851,0.0178689
773,0.999927,17.9969072342,0.000238497,0.00475356,0.0178291
774,0.999931,16.9978952408,0.000223356,0.00556664,0.0177893
775,0.999939,14.999871254,0.000194011,0.00572329,0.0177497
776,0.999943,14.0008592606,0.000180426,0.00550415,0.0177101
777,0.999927,17.9969072342,0.000191568,0.00490309,0.0176707
778,0.999963,9.00579929352,0.000121655,0.00420394,0.0176313
779,0.999939,14.999871254,0.000179334,0.00459914,0.017592
780,0.999951,12.0028352737,0.000100779,0.0039806,0.0175528
781,0.999959,10.0048112869,9.02628e-05,0.00373499,0.0175137
782,0.999968,8.00678730011,0.000120243,0.00487281,0.0174747
783,0.999947,13.0018472672,0.000164877,0.00585636,0.0174357
784,0.999972,6.99308395386,0.000107433,0.00427397,0.0173969
785,0.999963,9.00579929352,0.000106175,0.00365142,0.0173581
786,0.999963,9.00579929352,0.000128979,0.00443346,0.0173195
787,0.999959,10.0048112869,0.000106033,0.00471109,0.0172809
788,0.999959,10.0048112869,0.000135181,0.00407625,0.0172424
789,0.999963,9.00579929352,0.000100855,0.0034051,0.0172039
790,0.999976,5.99407196045,8.35356e-05,0.00395606,0.0171656
791,0.999951,12.0028352737,0.000104075,0.00376244,0.0171274
792,0.999951,12.0028352737,0.000122807,0.00521817,0.0170892
793,0.999951,12.0028352737,0.000133557,0.00452698,0.0170511
794,0.999955,11.0038232803,0.00011855,0.00477795,0.0170131
795,0.999963,9.00579929352,0.000113129,0.00378823,0.0169752
796,0.999955,11.0038232803,0.000113798,0.00387667,0.0169374
797,0.999972,6.99308395386,8.65645e-05,0.0034533,0.0168996
798,0.999968,8.00678730011,0.000109333,0.00447568,0.016862
799,0.999955,11.0038232803,0.000110702,0.00474102,0.0168244
800,0.999959,10.0048112869,0.000135895,0.00439452,0.0167869
801,0.999968,8.00678730011,0.000101204,0.00467328,0.0167495
802,0.999972,6.99308395386,7.34408e-05,0.00400695,0.0167122
803,0.999947,13.0018472672,0.000168116,0.00586874,0.016675
804,0.999947,13.0018472672,0.000141912,0.00580502,0.0166378
805,0.999968,8.00678730011,0.000106047,0.00391283,0.0166007
806,0.999968,8.00678730011,9.17753e-05,0.00431666,0.0165637
807,0.999976,5.99407196045,7.97823e-05,0.00382815,0.0165268
808,0.999963,9.00579929352,8.74263e-05,0.00329476,0.01649
809,0.99998,4.99505996704,7.2468e-05,0.00288485,0.0164533
810,0.999963,9.00579929352,8.2888e-05,0.00394853,0.0164166
811,0.999976,5.99407196045,6.74214e-05,0.00377112,0.01638
812,0.999959,10.0048112869,0.000126484,0.00438687,0.0163435
813,0.999976,5.99407196045,9.2498e-05,0.00433384,0.0163071
814,0.999947,13.0018472672,0.000139767,0.00484909,0.0162708
815,0.99998,4.99505996704,9.77699e-05,0.00472284,0.0162345
816,0.999968,8.00678730011,8.38586e-05,0.0030194,0.0161983
817,0.999972,6.99308395386,8.08139e-05,0.00382626,0.0161623
818,0.999968,8.00678730011,0.000102683,0.00482848,0.0161262
819,0.999955,11.0038232803,0.000148483,0.00448811,0.0160903
820,0.999968,8.00678730011,0.00011318,0.00417359,0.0160545
821,0.999963,9.00579929352,8.2722e-05,0.00294262,0.0160187
822,0.999963,9.00579929352,0.000101586,0.00362312,0.015983
823,0.999939,14.999871254,0.000144432,0.00499226,0.0159474
824,0.999959,10.0048112869,0.00011289,0.00462862,0.0159118
825,0.999972,6.99308395386,7.91278e-05,0.0043982,0.0158764
826,0.999951,12.0028352737,0.000108512,0.00495199,0.015841
827,0.999976,5.99407196045,7.96908e-05,0.00392273,0.0158057
828,0.999963,9.00579929352,0.000100444,0.00427543,0.0157705
829,0.999959,10.0048112869,9.79193e-05,0.00375953,0.0157353
830,0.99998,4.99505996704,5.57693e-05,0.00339792,0.0157003
831,0.999951,12.0028352737,0.000109667,0.00553333,0.0156653
832,0.99998,4.99505996704,5.20306e-05,0.00276904,0.0156304
833,0.999968,8.00678730011,7.25569e-05,0.00300538,0.0155956
834,0.999992,1.99802398682,5.45231e-05,0.00341434,0.0155608
835,0.999963,9.00579929352,0.000102844,0.00471585,0.0155261
836,0.999968,8.00678730011,8.26292e-05,0.00313451,0.0154916
837,0.999968,8.00678730011,7.75173e-05,0.00369057,0.015457
838,0.999972,6.99308395386,8.87693e-05,0.0038947,0.0154226
839,0.999951,12.0028352737,0.000100258,0.00462801,0.0153882
840,0.999959,10.0048112869,0.000105137,0.0049236,0.0153539
841,0.999988,2.99703598022,6.1853e-05,0.00332056,0.0153197
842,0.999968,8.00678730011,9.29226e-05,0.00386998,0.0152856
843,0.99998,4.99505996704,5.53868e-05,0.00254004,0.0152515
844,0.99998,4.99505996704,5.5453e-05,0.00268986,0.0152175
845,0.999992,1.99802398682,4.02691e-05,0.003204,0.0151836
846,0.999984,3.99604797363,4.86476e-05,0.00325212,0.0151498
847,0.999984,3.99604797363,4.18412e-05,0.00251889,0.015116
848,0.999972,6.99308395386,6.4587e-05,0.00379386,0.0150824
849,0.999972,6.99308395386,6.76579e-05,0.00305762,0.0150488
850,0.999988,2.99703598022,5.00867e-05,0.00305432,0.0150152
851,0.99998,4.99505996704,7.66401e-05,0.00364636,0.0149818
852,0.99998,4.99505996704,7.06769e-05,0.00341763,0.0149484
853,0.999963,9.00579929352,0.000106752,0.00426756,0.0149151
854,0.999976,5.99407196045,7.66728e-05,0.00418559,0.0148818
855,0.999996,0.999011993408,3.15638e-05,0.00239185,0.0148487
856,0.999984,3.99604797363,4.48828e-05,0.00306628,0.0148156
857,0.999984,3.99604797363,4.71133e-05,0.00390457,0.0147826
858,0.999984,3.99604797363,5.23043e-05,0.00281975,0.0147496
859,0.99998,4.99505996704,7.18566e-05,0.00345002,0.0147168
860,0.999972,6.99308395386,6.96938e-05,0.00397984,0.014684
861,0.999976,5.99407196045,6.5207e-05,0.00346472,0.0146513
862,0.999968,8.00678730011,0.00010742,0.00438997,0.0146186
863,0.999992,1.99802398682,4.10645e-05,0.00338001,0.014586
864,0.999988,2.99703598022,4.78917e-05,0.0028878,0.0145535
865,0.999976,5.99407196045,7.00598e-05,0.00360145,0.0145211
866,0.999972,6.99308395386,6.9676e-05,0.00391869,0.0144888
867,0.999984,3.99604797363,5.59488e-05,0.00291229,0.0144565
868,0.999992,1.99802398682,3.08193e-05,0.00257041,0.0144243
869,0.999984,3.99604797363,5.68832e-05,0.00323973,0.0143921
870,1.0,0.0,2.87431e-05,0.00223335,0.0143601
1.0,2.87431e-05,3111.115421772003,0.0163574,0.00934154220149,0.000754674182493
