56,80,0.9,2,1000, .1 
0,0.49912,123456.998627,1.92213e+06,314.717,0.1
1,0.956427,10739.995966,1343.31,5.26619,0.0998947
2,0.995338,1148.9960146,22.9048,0.610228,0.0997895
3,0.9983,418.997383118,1.19718,0.194564,0.0996845
4,0.998961,255.996823311,0.300906,0.130658,0.0995795
5,0.998856,282.000517845,0.312896,0.135773,0.0994747
6,0.998852,282.999529839,0.340291,0.138842,0.09937
7,0.998754,307.005200386,0.391484,0.152173,0.0992654
8,0.998763,305.007176399,0.37147,0.148814,0.0991609
9,0.998836,286.995577812,0.330892,0.144423,0.0990565
10,0.998799,296.001377106,0.388699,0.150843,0.0989522
11,0.998913,267.999658585,0.310096,0.129316,0.0988481
12,0.998828,288.993601799,0.34014,0.139479,0.098744
13,0.998799,296.001377106,0.38999,0.152536,0.09864
14,0.998775,301.995449066,0.372018,0.149016,0.0985362
15,0.998819,291.006317139,0.374572,0.14851,0.0984325
16,0.998876,277.005457878,0.332817,0.134688,0.0983289
17,0.998917,267.000646591,0.355708,0.14034,0.0982253
18,0.998848,283.998541832,0.384307,0.148192,0.0981219
19,0.99884,285.996565819,0.361081,0.142722,0.0980186
20,0.998925,265.002622604,0.304311,0.125968,0.0979155
21,0.998844,284.997553825,0.406443,0.148349,0.0978124
22,0.998961,255.996823311,0.286388,0.124262,0.0977094
23,0.998917,267.000646591,0.304863,0.132052,0.0976066
24,0.998722,314.997296333,0.464849,0.165955,0.0975038
25,0.998783,299.997425079,0.326973,0.139886,0.0974012
26,0.998969,253.998799324,0.281643,0.120896,0.0972986
27,0.998892,272.994718552,0.345102,0.146648,0.0971962
28,0.998819,291.006317139,0.352859,0.14802,0.0970939
29,0.998937,262.005586624,0.299627,0.136298,0.0969917
30,0.998913,267.999658585,0.307439,0.139904,0.0968896
31,0.998905,269.997682571,0.313503,0.13762,0.0967876
32,0.998998,247.00571537,0.318556,0.129824,0.0966857
33,0.998884,274.992742538,0.359608,0.15522,0.0965839
34,0.999014,242.994976044,0.252823,0.125932,0.0964822
35,0.998864,280.002493858,0.32771,0.137131,0.0963807
36,0.998763,305.007176399,0.386151,0.146927,0.0962792
37,0.998852,282.999529839,0.326797,0.135257,0.0961778
38,0.998901,270.996694565,0.330932,0.13592,0.0960766
39,0.999055,233.00485611,0.249193,0.11687,0.0959755
40,0.998982,251.001763344,0.29511,0.122351,0.0958744
41,0.998836,286.995577812,0.320265,0.139164,0.0957735
42,0.998876,277.005457878,0.348058,0.14466,0.0956727
43,0.998852,282.999529839,0.375144,0.145089,0.095572
44,0.998998,247.00571537,0.299827,0.12839,0.0954713
45,0.998969,253.998799324,0.285703,0.130842,0.0953708
46,0.998913,267.999658585,0.34568,0.137212,0.0952704
47,0.999006,244.993000031,0.235539,0.124094,0.0951702
48,0.998836,286.995577812,0.327962,0.141885,0.09507
49,0.999022,240.996952057,0.28609,0.127943,0.0949699
50,0.998917,267.000646591,0.291827,0.132078,0.0948699
51,0.998909,268.998670578,0.335304,0.13615,0.09477
52,0.998933,263.004598618,0.298787,0.132435,0.0946703
53,0.998945,259.992871284,0.28074,0.126208,0.0945706
54,0.998998,247.00571537,0.323882,0.138073,0.0944711
55,0.998969,253.998799324,0.290582,0.135109,0.0943716
56,0.998978,252.000775337,0.310191,0.138476,0.0942723
57,0.998803,295.002365112,0.363152,0.146472,0.094173
58,0.999026,239.997940063,0.284116,0.127199,0.0940739
59,0.998949,258.993859291,0.279657,0.123452,0.0939749
60,0.998909,268.998670578,0.316796,0.140586,0.0938759
61,0.998998,247.00571537,0.249477,0.124286,0.0937771
62,0.998901,270.996694565,0.336316,0.141398,0.0936784
63,0.999055,233.00485611,0.219043,0.113538,0.0935798
64,0.998941,261.006574631,0.241526,0.122507,0.0934813
65,0.998941,261.006574631,0.286734,0.131915,0.0933828
66,0.99884,285.996565819,0.349139,0.140003,0.0932845
67,0.999006,244.993000031,0.300188,0.129763,0.0931863
68,0.998986,250.00275135,0.291563,0.134439,0.0930882
69,0.998961,255.996823311,0.259292,0.120162,0.0929902
70,0.998832,287.994589806,0.352624,0.145699,0.0928923
71,0.999018,241.99596405,0.242228,0.122341,0.0927946
72,0.999099,222.001032829,0.250042,0.118732,0.0926969
73,0.999038,237.000904083,0.28118,0.125847,0.0925993
74,0.998978,252.000775337,0.301759,0.135281,0.0925018
75,0.998905,269.997682571,0.293374,0.135344,0.0924044
76,0.998941,261.006574631,0.297809,0.14431,0.0923072
77,0.999002,246.006703377,0.264456,0.125673,0.09221
78,0.998811,293.004341125,0.369643,0.147732,0.0921129
79,0.998953,257.994847298,0.302876,0.137188,0.092016
80,0.998856,282.000517845,0.348,0.14578,0.0919191
81,0.999051,234.003868103,0.276638,0.124365,0.0918223
82,0.998901,270.996694565,0.314531,0.126768,0.0917257
83,0.998982,251.001763344,0.252464,0.129172,0.0916291
84,0.998876,277.005457878,0.287892,0.128681,0.0915326
85,0.998868,279.003481865,0.323101,0.138806,0.0914363
86,0.999083,225.997080803,0.241898,0.115283,0.09134
87,0.998978,252.000775337,0.26897,0.122119,0.0912439
88,0.998901,270.996694565,0.33961,0.144759,0.0911478
89,0.999026,239.997940063,0.279235,0.121363,0.0910519
90,0.998921,266.001634598,0.299822,0.137683,0.090956
91,0.998994,248.004727364,0.257118,0.129297,0.0908603
92,0.998941,261.006574631,0.253744,0.126138,0.0907646
93,0.99901,243.993988037,0.263929,0.125962,0.0906691
94,0.998949,258.993859291,0.318339,0.137747,0.0905736
95,0.998961,255.996823311,0.257173,0.117931,0.0904783
96,0.998872,278.004469872,0.362887,0.147186,0.090383
97,0.998892,272.994718552,0.309729,0.129345,0.0902879
98,0.999055,233.00485611,0.256935,0.122744,0.0901928
99,0.998998,247.00571537,0.271414,0.124629,0.0900979
100,0.998994,248.004727364,0.243794,0.12095,0.090003
101,0.999038,237.000904083,0.264546,0.128693,0.0899083
102,0.99903,238.99892807,0.268023,0.119531,0.0898136
103,0.998913,267.999658585,0.316123,0.135272,0.0897191
104,0.998986,250.00275135,0.293496,0.130954,0.0896246
105,0.999006,244.993000031,0.263225,0.125881,0.0895303
106,0.998994,248.004727364,0.270897,0.122961,0.089436
107,0.998909,268.998670578,0.294123,0.13237,0.0893419
108,0.999107,220.003008842,0.225782,0.111222,0.0892478
109,0.999059,232.005844116,0.242994,0.113989,0.0891539
110,0.99899,249.003739357,0.290758,0.129705,0.08906
111,0.998901,270.996694565,0.275094,0.134938,0.0889663
112,0.999063,231.006832123,0.231114,0.117883,0.0888726
113,0.999006,244.993000031,0.240893,0.125114,0.0887791
114,0.999014,242.994976044,0.27138,0.126309,0.0886856
115,0.99903,238.99892807,0.257511,0.119789,0.0885923
116,0.998998,247.00571537,0.245176,0.11649,0.088499
117,0.999067,229.993128777,0.24887,0.122064,0.0884058
118,0.999091,223.999056816,0.236337,0.113883,0.0883128
119,0.998986,250.00275135,0.240158,0.122252,0.0882198
120,0.99901,243.993988037,0.231853,0.123245,0.0881269
121,0.998811,293.004341125,0.321928,0.139769,0.0880342
122,0.998925,265.002622604,0.283247,0.134757,0.0879415
123,0.999051,234.003868103,0.25207,0.124538,0.0878489
124,0.998856,282.000517845,0.328047,0.140185,0.0877564
125,0.999059,232.005844116,0.262634,0.122274,0.087664
126,0.999099,222.001032829,0.219181,0.114656,0.0875718
127,0.998945,259.992871284,0.280802,0.129465,0.0874796
128,0.998965,254.997811317,0.284561,0.129421,0.0873875
129,0.998941,261.006574631,0.271702,0.134559,0.0872955
130,0.999075,227.99510479,0.241821,0.117131,0.0872036
131,0.998986,250.00275135,0.270279,0.132512,0.0871118
132,0.998978,252.000775337,0.262939,0.128379,0.0870201
133,0.999026,239.997940063,0.228621,0.113795,0.0869285
134,0.998961,255.996823311,0.28393,0.131192,0.086837
135,0.998982,251.001763344,0.256496,0.129295,0.0867456
136,0.999071,228.994116783,0.231889,0.11585,0.0866542
137,0.998953,257.994847298,0.286287,0.131349,0.086563
138,0.999018,241.99596405,0.264048,0.122028,0.0864719
139,0.999095,223.000044823,0.232802,0.118705,0.0863809
140,0.999136,212.995233536,0.216022,0.110058,0.0862899
141,0.998888,273.993730545,0.271073,0.130086,0.0861991
142,0.999099,222.001032829,0.227558,0.119344,0.0861083
143,0.999091,223.999056816,0.213346,0.113395,0.0860177
144,0.999043,236.00189209,0.261105,0.126582,0.0859272
145,0.999055,233.00485611,0.236829,0.113656,0.0858367
146,0.999087,224.99806881,0.225013,0.112682,0.0857463
147,0.999059,232.005844116,0.222532,0.113514,0.0856561
148,0.999014,242.994976044,0.242232,0.126377,0.0855659
149,0.999026,239.997940063,0.243661,0.115726,0.0854758
150,0.999075,227.99510479,0.233077,0.1167,0.0853858
151,0.999087,224.99806881,0.222016,0.120823,0.085296
152,0.999095,223.000044823,0.206042,0.115837,0.0852062
153,0.999014,242.994976044,0.227875,0.126272,0.0851165
154,0.998974,252.999787331,0.250515,0.123019,0.0850269
155,0.999249,184.993515015,0.168458,0.0986597,0.0849374
156,0.99903,238.99892807,0.211444,0.118029,0.0848479
157,0.99914,211.996221542,0.201182,0.110706,0.0847586
158,0.99901,243.993988037,0.255975,0.125,0.0846694
159,0.999034,237.999916077,0.231465,0.121161,0.0845803
160,0.999071,228.994116783,0.22099,0.1189,0.0844912
161,0.999184,201.007089615,0.180989,0.102462,0.0844023
162,0.999002,246.006703377,0.272397,0.129339,0.0843134
163,0.99899,249.003739357,0.273575,0.128954,0.0842247
164,0.999087,224.99806881,0.218555,0.113301,0.084136
165,0.998901,270.996694565,0.274417,0.131493,0.0840474
166,0.999006,244.993000031,0.244909,0.119855,0.083959
167,0.99914,211.996221542,0.191313,0.111362,0.0838706
168,0.999026,239.997940063,0.260349,0.126355,0.0837823
169,0.999152,208.999185562,0.189115,0.10651,0.0836941
170,0.99918,202.006101608,0.19214,0.102764,0.083606
171,0.998994,248.004727364,0.293845,0.132734,0.083518
172,0.998965,254.997811317,0.291141,0.131157,0.08343
173,0.999156,208.000173569,0.154592,0.104417,0.0833422
174,0.999014,242.994976044,0.233524,0.119407,0.0832545
175,0.999116,218.004984856,0.233722,0.117397,0.0831668
176,0.999124,216.006960869,0.224232,0.109399,0.0830793
177,0.99901,243.993988037,0.206128,0.11685,0.0829918
178,0.998957,256.995835304,0.239344,0.12535,0.0829045
179,0.99914,211.996221542,0.19741,0.112648,0.0828172
180,0.999038,237.000904083,0.242201,0.120796,0.08273
181,0.999095,223.000044823,0.235537,0.117696,0.0826429
182,0.999107,220.003008842,0.2059,0.115991,0.0825559
183,0.99912,217.005972862,0.183448,0.108393,0.082469
184,0.999095,223.000044823,0.236984,0.124522,0.0823822
185,0.99912,217.005972862,0.211972,0.103859,0.0822955
186,0.998909,268.998670578,0.299146,0.140922,0.0822088
187,0.999095,223.000044823,0.191783,0.109315,0.0821223
188,0.998998,247.00571537,0.236749,0.129456,0.0820358
189,0.999083,225.997080803,0.183282,0.10966,0.0819495
190,0.999067,229.993128777,0.23722,0.112587,0.0818632
191,0.999221,192.001290321,0.166881,0.101889,0.081777
192,0.999172,204.004125595,0.190882,0.108057,0.0816909
193,0.999213,193.999314308,0.208331,0.110656,0.081605
194,0.999026,239.997940063,0.242019,0.123051,0.081519
195,0.999172,204.004125595,0.200573,0.105858,0.0814332
196,0.99912,217.005972862,0.192138,0.108804,0.0813475
197,0.999083,225.997080803,0.216134,0.114675,0.0812619
198,0.99903,238.99892807,0.217151,0.122592,0.0811763
199,0.999156,208.000173569,0.198248,0.108869,0.0810909
200,0.999079,226.996092796,0.188695,0.109144,0.0810055
201,0.999148,209.998197556,0.185205,0.102717,0.0809202
202,0.999026,239.997940063,0.22248,0.112759,0.080835
203,0.998986,250.00275135,0.234747,0.126216,0.0807499
204,0.999087,224.99806881,0.254005,0.117774,0.0806649
205,0.99903,238.99892807,0.262082,0.135963,0.08058
206,0.998909,268.998670578,0.279475,0.14074,0.0804952
207,0.999152,208.999185562,0.179672,0.101105,0.0804105
208,0.999067,229.993128777,0.233947,0.119133,0.0803258
209,0.999043,236.00189209,0.241676,0.117436,0.0802413
210,0.999107,220.003008842,0.168376,0.10796,0.0801568
211,0.998909,268.998670578,0.307345,0.133345,0.0800724
212,0.999107,220.003008842,0.199177,0.113497,0.0799881
213,0.999193,198.994374275,0.160896,0.103051,0.0799039
214,0.999099,222.001032829,0.188886,0.110346,0.0798198
215,0.999107,220.003008842,0.200986,0.116471,0.0797358
216,0.999067,229.993128777,0.182653,0.112137,0.0796518
217,0.999083,225.997080803,0.232681,0.128582,0.079568
218,0.999262,181.996479034,0.162347,0.0974322,0.0794842
219,0.99914,211.996221542,0.193267,0.109968,0.0794005
220,0.999213,193.999314308,0.173485,0.108301,0.0793169
221,0.999038,237.000904083,0.238681,0.123258,0.0792335
222,0.999201,196.996350288,0.181319,0.105469,0.07915
223,0.999193,198.994374275,0.194441,0.110376,0.0790667
224,0.999229,190.003266335,0.181521,0.106987,0.0789835
225,0.999103,221.002020836,0.227244,0.120402,0.0789003
226,0.999079,226.996092796,0.211487,0.123745,0.0788173
227,0.999193,198.994374275,0.184025,0.108977,0.0787343
228,0.999043,236.00189209,0.211014,0.1183,0.0786514
229,0.999249,184.993515015,0.148431,0.104047,0.0785686
230,0.999103,221.002020836,0.195792,0.110853,0.0784859
231,0.999095,223.000044823,0.215949,0.114008,0.0784033
232,0.999184,201.007089615,0.154672,0.103174,0.0783208
233,0.999079,226.996092796,0.215082,0.119846,0.0782383
234,0.999193,198.994374275,0.192081,0.105995,0.0781559
235,0.999124,216.006960869,0.186394,0.108128,0.0780737
236,0.999051,234.003868103,0.236299,0.122098,0.0779915
237,0.999111,219.003996849,0.189285,0.112526,0.0779094
238,0.999156,208.000173569,0.199055,0.109874,0.0778274
239,0.999189,199.993386269,0.176753,0.104914,0.0777454
240,0.999193,198.994374275,0.200734,0.109224,0.0776636
241,0.999164,206.002149582,0.200535,0.10956,0.0775818
242,0.999258,182.995491028,0.152786,0.0928793,0.0775002
243,0.999229,190.003266335,0.186108,0.101805,0.0774186
244,0.99918,202.006101608,0.167186,0.103421,0.0773371
245,0.999095,223.000044823,0.221142,0.116369,0.0772557
246,0.999168,205.003137589,0.179437,0.102132,0.0771743
247,0.999116,218.004984856,0.201177,0.119742,0.0770931
248,0.999225,191.002278328,0.187564,0.098823,0.0770119
249,0.999164,206.002149582,0.171658,0.107625,0.0769309
250,0.999314,168.994631767,0.156382,0.0888122,0.0768499
251,0.999132,213.994245529,0.205117,0.107819,0.076769
252,0.999107,220.003008842,0.176641,0.114984,0.0766882
253,0.99916,207.001161575,0.181122,0.112611,0.0766074
254,0.999124,216.006960869,0.195606,0.118897,0.0765268
255,0.999225,191.002278328,0.164233,0.10442,0.0764462
256,0.999205,195.997338295,0.189809,0.111264,0.0763658
257,0.999213,193.999314308,0.167618,0.0956021,0.0762854
258,0.999221,192.001290321,0.144116,0.0953823,0.0762051
259,0.999172,204.004125595,0.15356,0.101308,0.0761248
260,0.999111,219.003996849,0.18585,0.106687,0.0760447
261,0.999164,206.002149582,0.189785,0.110271,0.0759646
262,0.999128,214.993257523,0.189758,0.112339,0.0758847
263,0.999152,208.999185562,0.190151,0.112085,0.0758048
264,0.999221,192.001290321,0.152199,0.0989848,0.075725
265,0.999258,182.995491028,0.146083,0.0967028,0.0756453
266,0.999152,208.999185562,0.184103,0.108495,0.0755656
267,0.999107,220.003008842,0.223554,0.115901,0.0754861
268,0.999111,219.003996849,0.211904,0.112857,0.0754066
269,0.999254,183.994503021,0.169427,0.0929608,0.0753272
270,0.99918,202.006101608,0.153198,0.106947,0.0752479
271,0.999111,219.003996849,0.205653,0.11253,0.0751687
272,0.999083,225.997080803,0.204993,0.113696,0.0750896
273,0.999111,219.003996849,0.240958,0.127211,0.0750106
274,0.999221,192.001290321,0.16707,0.106174,0.0749316
275,0.99927,179.998455048,0.158775,0.0928267,0.0748527
276,0.999371,154.993772507,0.126252,0.0856378,0.0747739
277,0.999087,224.99806881,0.185116,0.114675,0.0746952
278,0.999197,197.995362282,0.168284,0.110265,0.0746166
279,0.999205,195.997338295,0.182892,0.10354,0.074538
280,0.999197,197.995362282,0.176267,0.100627,0.0744595
281,0.999249,184.993515015,0.167478,0.102052,0.0743812
282,0.99912,217.005972862,0.210003,0.118657,0.0743029
283,0.99927,179.998455048,0.1431,0.0996989,0.0742246
284,0.999209,194.998326302,0.15192,0.104663,0.0741465
285,0.999245,186.007218361,0.151491,0.0985361,0.0740684
286,0.999034,237.999916077,0.233269,0.125,0.0739905
287,0.999294,174.004383087,0.128805,0.0904261,0.0739126
288,0.999152,208.999185562,0.155737,0.0944837,0.0738348
289,0.999241,187.006230354,0.161898,0.100646,0.0737571
290,0.999184,201.007089615,0.15575,0.104028,0.0736794
291,0.999298,173.005371094,0.119086,0.091369,0.0736018
292,0.999136,212.995233536,0.195982,0.107499,0.0735244
293,0.999107,220.003008842,0.190714,0.11736,0.073447
294,0.99918,202.006101608,0.201181,0.108974,0.0733696
295,0.999071,228.994116783,0.201381,0.1179,0.0732924
296,0.999172,204.004125595,0.159305,0.105173,0.0732153
297,0.999172,204.004125595,0.203771,0.107315,0.0731382
298,0.999306,170.992655754,0.126351,0.0912589,0.0730612
299,0.999335,163.9995718,0.128316,0.0914118,0.0729843
300,0.999156,208.000173569,0.160494,0.100711,0.0729074
301,0.999184,201.007089615,0.19773,0.104844,0.0728307
302,0.999148,209.998197556,0.192619,0.110749,0.072754
303,0.999254,183.994503021,0.172247,0.107645,0.0726774
304,0.999229,190.003266335,0.172319,0.0995894,0.0726009
305,0.999237,188.005242348,0.154483,0.103378,0.0725245
306,0.99918,202.006101608,0.176301,0.106619,0.0724481
307,0.999225,191.002278328,0.15008,0.0953925,0.0723719
308,0.999176,203.005113602,0.156995,0.1028,0.0722957
309,0.999205,195.997338295,0.180789,0.111666,0.0722196
310,0.999197,197.995362282,0.17262,0.102458,0.0721436
311,0.999241,187.006230354,0.147668,0.102725,0.0720676
312,0.999229,190.003266335,0.141909,0.101448,0.0719918
313,0.999237,188.005242348,0.157368,0.0977959,0.071916
314,0.999233,189.004254341,0.160617,0.105892,0.0718403
315,0.99931,169.993643761,0.151426,0.101112,0.0717646
316,0.999148,209.998197556,0.179858,0.1066,0.0716891
317,0.999294,174.004383087,0.148841,0.100888,0.0716136
318,0.999249,184.993515015,0.154684,0.102497,0.0715382
319,0.999225,191.002278328,0.176104,0.102769,0.0714629
320,0.999221,192.001290321,0.160568,0.100734,0.0713877
321,0.999225,191.002278328,0.153065,0.100083,0.0713125
322,0.999241,187.006230354,0.146861,0.0997596,0.0712375
323,0.999249,184.993515015,0.145932,0.100244,0.0711625
324,0.999318,167.995619774,0.118213,0.0800859,0.0710876
325,0.999184,201.007089615,0.155239,0.105302,0.0710127
326,0.999079,226.996092796,0.194409,0.114744,0.070938
327,0.999331,164.998583794,0.131335,0.0861586,0.0708633
328,0.999274,178.999443054,0.145137,0.100295,0.0707887
329,0.99918,202.006101608,0.171877,0.1075,0.0707142
330,0.999156,208.000173569,0.177288,0.107723,0.0706397
331,0.999164,206.002149582,0.159786,0.107054,0.0705654
332,0.99931,169.993643761,0.138704,0.0900062,0.0704911
333,0.999213,193.999314308,0.15702,0.104682,0.0704169
334,0.999205,195.997338295,0.152819,0.0984964,0.0703428
335,0.999355,159.004511833,0.114078,0.0845181,0.0702687
336,0.999294,174.004383087,0.132042,0.0903035,0.0701947
337,0.999205,195.997338295,0.143962,0.103546,0.0701208
338,0.999197,197.995362282,0.156897,0.107915,0.070047
339,0.999322,166.99660778,0.136883,0.0939743,0.0699733
340,0.999184,201.007089615,0.136811,0.0990286,0.0698996
341,0.999258,182.995491028,0.142543,0.102163,0.069826
342,0.999193,198.994374275,0.173531,0.100675,0.0697525
343,0.999266,180.997467041,0.151777,0.0953259,0.0696791
344,0.999245,186.007218361,0.146025,0.0986942,0.0696057
345,0.999351,160.003523827,0.130197,0.0845066,0.0695325
346,0.999359,158.00549984,0.119704,0.0899731,0.0694593
347,0.999205,195.997338295,0.177884,0.108999,0.0693862
348,0.999249,184.993515015,0.168209,0.107278,0.0693131
349,0.999318,167.995619774,0.136001,0.0913199,0.0692401
350,0.999266,180.997467041,0.138607,0.100022,0.0691673
351,0.999343,162.001547813,0.120129,0.0920938,0.0690944
352,0.999067,229.993128777,0.204664,0.114903,0.0690217
353,0.999258,182.995491028,0.132638,0.0990766,0.068949
354,0.999229,190.003266335,0.148676,0.103696,0.0688765
355,0.999322,166.99660778,0.129353,0.0962005,0.068804
356,0.999286,176.002407074,0.145013,0.0960423,0.0687315
357,0.999221,192.001290321,0.154763,0.099441,0.0686592
358,0.999327,165.997595787,0.133004,0.0919365,0.0685869
359,0.999197,197.995362282,0.152166,0.0999818,0.0685147
360,0.999172,204.004125595,0.161141,0.099157,0.0684426
361,0.999245,186.007218361,0.154735,0.092305,0.0683705
362,0.999302,172.0063591,0.133853,0.0928271,0.0682985
363,0.999237,188.005242348,0.159652,0.0991153,0.0682266
364,0.999189,199.993386269,0.176076,0.108013,0.0681548
365,0.999225,191.002278328,0.159183,0.101684,0.0680831
366,0.999205,195.997338295,0.149038,0.102493,0.0680114
367,0.99931,169.993643761,0.140369,0.102002,0.0679398
368,0.999225,191.002278328,0.148222,0.104297,0.0678683
369,0.999302,172.0063591,0.137778,0.0966616,0.0677968
370,0.999391,149.99871254,0.089259,0.0764622,0.0677255
371,0.999274,178.999443054,0.156508,0.0968121,0.0676542
372,0.999327,165.997595787,0.133339,0.0899603,0.067583
373,0.999391,149.99871254,0.102796,0.0822314,0.0675118
374,0.999258,182.995491028,0.138448,0.0994091,0.0674407
375,0.999286,176.002407074,0.123419,0.0998855,0.0673697
376,0.999355,159.004511833,0.131065,0.0879769,0.0672988
377,0.999294,174.004383087,0.131592,0.0955612,0.067228
378,0.999359,158.00549984,0.106059,0.0823302,0.0671572
379,0.999286,176.002407074,0.127152,0.0999756,0.0670865
380,0.999189,199.993386269,0.157173,0.0981819,0.0670159
381,0.999274,178.999443054,0.118012,0.0938373,0.0669453
382,0.999331,164.998583794,0.109922,0.0879748,0.0668749
383,0.999278,178.000431061,0.128616,0.0943857,0.0668045
384,0.999412,145.003652573,0.0875164,0.0797233,0.0667341
385,0.999347,161.00253582,0.11337,0.0854894,0.0666639
386,0.999282,177.001419067,0.145078,0.0944091,0.0665937
387,0.999318,167.995619774,0.126968,0.0901471,0.0665236
388,0.999298,173.005371094,0.115513,0.0913039,0.0664536
389,0.999355,159.004511833,0.111742,0.0886245,0.0663836
390,0.999327,165.997595787,0.114163,0.0855942,0.0663137
391,0.999367,155.9927845,0.117357,0.0900086,0.0662439
392,0.999318,167.995619774,0.120028,0.0899538,0.0661742
393,0.999327,165.997595787,0.127749,0.0908416,0.0661045
394,0.999294,174.004383087,0.118407,0.0915901,0.0660349
395,0.999213,193.999314308,0.147604,0.105417,0.0659654
396,0.999172,204.004125595,0.166823,0.105868,0.065896
397,0.999391,149.99871254,0.107489,0.0828228,0.0658266
398,0.999282,177.001419067,0.11626,0.0908467,0.0657573
399,0.999189,199.993386269,0.180001,0.112655,0.0656881
400,0.99931,169.993643761,0.155497,0.0919443,0.0656189
401,0.999395,148.999700546,0.105337,0.0803532,0.0655499
402,0.9994,148.000688553,0.110298,0.0845387,0.0654809
403,0.999355,159.004511833,0.115571,0.0940939,0.0654119
404,0.999327,165.997595787,0.111574,0.0902772,0.0653431
405,0.999412,145.003652573,0.110683,0.0850013,0.0652743
406,0.999229,190.003266335,0.154162,0.101916,0.0652056
407,0.999266,180.997467041,0.133159,0.0942311,0.0651369
408,0.999314,168.994631767,0.120414,0.0916522,0.0650684
409,0.999298,173.005371094,0.120651,0.0899798,0.0649999
410,0.999213,193.999314308,0.142887,0.107539,0.0649314
411,0.999258,182.995491028,0.14059,0.0925302,0.0648631
412,0.9994,148.000688553,0.111046,0.0854447,0.0647948
413,0.999302,172.0063591,0.128937,0.0932758,0.0647266
414,0.999477,129.004769325,0.0855239,0.0706225,0.0646584
415,0.999241,187.006230354,0.138975,0.0957539,0.0645904
416,0.999237,188.005242348,0.143915,0.0941398,0.0645224
417,0.999347,161.00253582,0.13169,0.0962444,0.0644545
418,0.99929,175.003395081,0.126165,0.0957065,0.0643866
419,0.999282,177.001419067,0.13115,0.0911802,0.0643188
420,0.999278,178.000431061,0.140642,0.0986099,0.0642511
421,0.999343,162.001547813,0.105492,0.0855599,0.0641835
422,0.999363,157.006487846,0.106126,0.0859342,0.0641159
423,0.999294,174.004383087,0.12452,0.0967631,0.0640484
424,0.999205,195.997338295,0.148677,0.0976936,0.063981
425,0.999355,159.004511833,0.122397,0.0886391,0.0639136
426,0.999347,161.00253582,0.103854,0.0825521,0.0638464
427,0.99929,175.003395081,0.135986,0.0892051,0.0637791
428,0.999408,146.002664566,0.0910972,0.0810288,0.063712
429,0.999359,158.00549984,0.106446,0.0811362,0.0636449
430,0.999327,165.997595787,0.130387,0.0924831,0.0635779
431,0.999359,158.00549984,0.098999,0.080343,0.063511
432,0.99944,137.995877266,0.0852351,0.0753709,0.0634442
433,0.99931,169.993643761,0.129505,0.0844953,0.0633774
434,0.999464,132.001805305,0.0841961,0.0744604,0.0633106
435,0.999327,165.997595787,0.100824,0.0842232,0.063244
436,0.999395,148.999700546,0.0899474,0.0779036,0.0631774
437,0.999359,158.00549984,0.0974149,0.0820242,0.0631109
438,0.999241,187.006230354,0.144337,0.105287,0.0630445
439,0.999387,150.997724533,0.10009,0.084494,0.0629781
440,0.999359,158.00549984,0.112772,0.0883044,0.0629118
441,0.999408,146.002664566,0.077509,0.0779239,0.0628456
442,0.999351,160.003523827,0.112476,0.0885064,0.0627794
443,0.999314,168.994631767,0.100072,0.0923143,0.0627133
444,0.999335,163.9995718,0.117195,0.0872272,0.0626473
445,0.999395,148.999700546,0.0854786,0.0780342,0.0625814
446,0.999331,164.998583794,0.118438,0.0935394,0.0625155
447,0.999391,149.99871254,0.105947,0.0815638,0.0624497
448,0.999282,177.001419067,0.117127,0.0902408,0.0623839
449,0.999327,165.997595787,0.105192,0.0910762,0.0623183
450,0.999262,181.996479034,0.127677,0.0988123,0.0622527
451,0.999298,173.005371094,0.12108,0.0951165,0.0621871
452,0.99931,169.993643761,0.124234,0.0929108,0.0621217
453,0.999391,149.99871254,0.101459,0.087021,0.0620563
454,0.99927,179.998455048,0.127191,0.0991006,0.0619909
455,0.999408,146.002664566,0.0964161,0.0828525,0.0619257
456,0.999363,157.006487846,0.103863,0.083121,0.0618605
457,0.999375,153.994760513,0.10571,0.0843987,0.0617954
458,0.9994,148.000688553,0.114871,0.0837839,0.0617303
459,0.99942,143.005628586,0.0997684,0.0794782,0.0616653
460,0.999464,132.001805305,0.091245,0.0790956,0.0616004
461,0.999404,147.001676559,0.108867,0.0800899,0.0615356
462,0.999404,147.001676559,0.0880974,0.0826888,0.0614708
463,0.999355,159.004511833,0.120486,0.0926523,0.0614061
464,0.999505,121.996994019,0.0714842,0.0650155,0.0613414
465,0.999404,147.001676559,0.104274,0.086052,0.0612769
466,0.999331,164.998583794,0.0922265,0.085434,0.0612123
467,0.999347,161.00253582,0.11298,0.0875965,0.0611479
468,0.999343,162.001547813,0.105767,0.0847228,0.0610835
469,0.9994,148.000688553,0.0957814,0.0761761,0.0610192
470,0.999314,168.994631767,0.125584,0.0912347,0.060955
471,0.999367,155.9927845,0.106052,0.0895889,0.0608908
472,0.999509,120.997982025,0.0737904,0.0685949,0.0608267
473,0.999379,152.99574852,0.107397,0.0876608,0.0607627
474,0.999448,135.997853279,0.103641,0.0780106,0.0606987
475,0.999335,163.9995718,0.0977222,0.0817528,0.0606348
476,0.999464,132.001805305,0.0857715,0.0768502,0.060571
477,0.999302,172.0063591,0.118699,0.0921555,0.0605072
478,0.999343,162.001547813,0.0972336,0.0840919,0.0604436
479,0.999335,163.9995718,0.124107,0.0906156,0.0603799
480,0.999327,165.997595787,0.119952,0.0920151,0.0603164
481,0.999302,172.0063591,0.106032,0.0939364,0.0602529
482,0.999444,136.996865273,0.0853145,0.0796877,0.0601894
483,0.999241,187.006230354,0.138101,0.101007,0.0601261
484,0.999383,151.996736526,0.106882,0.0903925,0.0600628
485,0.999375,153.994760513,0.104316,0.086842,0.0599995
486,0.999469,131.002793312,0.0780863,0.0784368,0.0599364
487,0.999404,147.001676559,0.0885157,0.0756442,0.0598733
488,0.999367,155.9927845,0.105382,0.0940845,0.0598103
489,0.999416,144.004640579,0.094859,0.0825135,0.0597473
490,0.999351,160.003523827,0.124202,0.0918921,0.0596844
491,0.999416,144.004640579,0.0794452,0.0798282,0.0596216
492,0.999432,139.993901253,0.0865155,0.0757944,0.0595588
493,0.999436,138.994889259,0.106831,0.0803981,0.0594961
494,0.999302,172.0063591,0.124175,0.0966755,0.0594335
495,0.99942,143.005628586,0.121627,0.0931484,0.0593709
496,0.999469,131.002793312,0.083854,0.0738864,0.0593084
497,0.999408,146.002664566,0.0750632,0.075207,0.059246
498,0.99942,143.005628586,0.0987409,0.0791541,0.0591836
499,0.999355,159.004511833,0.081508,0.0828901,0.0591213
500,0.999424,142.006616592,0.104735,0.0865856,0.0590591
501,0.999343,162.001547813,0.117879,0.0848382,0.0589969
502,0.999347,161.00253582,0.105766,0.090894,0.0589348
503,0.99944,137.995877266,0.0848823,0.0773904,0.0588727
504,0.999387,150.997724533,0.108127,0.0900711,0.0588108
505,0.999391,149.99871254,0.0925013,0.0802156,0.0587489
506,0.999355,159.004511833,0.09467,0.0824065,0.058687
507,0.999452,134.998841286,0.0923722,0.0751292,0.0586252
508,0.999452,134.998841286,0.0805631,0.0729486,0.0585635
509,0.999452,134.998841286,0.072268,0.0753637,0.0585019
510,0.999485,127.006745338,0.076708,0.070668,0.0584403
511,0.999387,150.997724533,0.106735,0.0864931,0.0583788
512,0.99931,169.993643761,0.119077,0.0906179,0.0583173
513,0.999481,128.005757332,0.0723098,0.0698058,0.0582559
514,0.999477,129.004769325,0.0691278,0.072094,0.0581946
515,0.999416,144.004640579,0.0778341,0.0823249,0.0581333
516,0.999436,138.994889259,0.0822096,0.0743721,0.0580721
517,0.999537,114.004898071,0.068171,0.0673034,0.058011
518,0.999497,123.995018005,0.0707133,0.0766209,0.0579499
519,0.999436,138.994889259,0.0908096,0.0803241,0.0578889
520,0.999497,123.995018005,0.0622103,0.0692448,0.057828
521,0.999473,130.003781319,0.0771284,0.0741226,0.0577671
522,0.999436,138.994889259,0.0902154,0.0847044,0.0577063
523,0.999327,165.997595787,0.114927,0.0929623,0.0576455
524,0.999485,127.006745338,0.0940181,0.0763339,0.0575849
525,0.999387,150.997724533,0.100467,0.0778847,0.0575242
526,0.999473,130.003781319,0.0755416,0.0735391,0.0574637
527,0.999375,153.994760513,0.093094,0.081395,0.0574032
528,0.99944,137.995877266,0.084284,0.0770949,0.0573428
529,0.999363,157.006487846,0.0950698,0.0869471,0.0572824
530,0.999404,147.001676559,0.0911038,0.0787771,0.0572221
531,0.999408,146.002664566,0.0835684,0.0785569,0.0571619
532,0.999404,147.001676559,0.0934188,0.0829816,0.0571017
533,0.999469,131.002793312,0.0788668,0.0767853,0.0570416
534,0.999444,136.996865273,0.087492,0.0768476,0.0569815
535,0.999505,121.996994019,0.0667892,0.0691312,0.0569215
536,0.999481,128.005757332,0.0798412,0.0750257,0.0568616
537,0.999469,131.002793312,0.0747242,0.0751674,0.0568018
538,0.999432,139.993901253,0.0863941,0.0771765,0.056742
539,0.999432,139.993901253,0.0887219,0.0810305,0.0566822
540,0.999513,119.998970032,0.0702445,0.0714385,0.0566226
541,0.999513,119.998970032,0.0580055,0.0686663,0.056563
542,0.999424,142.006616592,0.0767014,0.0755664,0.0565034
543,0.999428,140.992913246,0.0801175,0.0787776,0.0564439
544,0.9994,148.000688553,0.0885749,0.0812935,0.0563845
545,0.999424,142.006616592,0.0771955,0.0778541,0.0563251
546,0.999432,139.993901253,0.0829267,0.0781127,0.0562659
547,0.999493,124.994029999,0.0813763,0.0731044,0.0562066
548,0.999444,136.996865273,0.0766603,0.07317,0.0561475
549,0.999481,128.005757332,0.0727751,0.0732211,0.0560884
550,0.999379,152.99574852,0.0984742,0.0855603,0.0560293
551,0.999302,172.0063591,0.114191,0.0955244,0.0559703
552,0.999452,134.998841286,0.0857569,0.0796425,0.0559114
553,0.999387,150.997724533,0.0928068,0.0788659,0.0558525
554,0.999529,116.002922058,0.071633,0.0692669,0.0557937
555,0.999529,116.002922058,0.0776547,0.0734499,0.055735
556,0.999489,125.993041992,0.0664074,0.0699662,0.0556763
557,0.999322,166.99660778,0.101641,0.0863264,0.0556177
558,0.999537,114.004898071,0.0633231,0.0650992,0.0555592
559,0.999448,135.997853279,0.0732433,0.0736059,0.0555007
560,0.999501,122.996006012,0.0592292,0.0660034,0.0554423
561,0.999473,130.003781319,0.0769353,0.0728679,0.0553839
562,0.999501,122.996006012,0.0679713,0.0783998,0.0553256
563,0.999452,134.998841286,0.0760723,0.0752865,0.0552674
564,0.999391,149.99871254,0.101799,0.0874571,0.0552092
565,0.999505,121.996994019,0.0633885,0.076959,0.0551511
566,0.999509,120.997982025,0.0756754,0.069896,0.055093
567,0.999432,139.993901253,0.0746968,0.0792352,0.055035
568,0.999464,132.001805305,0.0788901,0.0775489,0.0549771
569,0.999505,121.996994019,0.0603092,0.0728877,0.0549192
570,0.999497,123.995018005,0.0641241,0.0706174,0.0548614
571,0.99944,137.995877266,0.0834567,0.0799601,0.0548036
572,0.999493,124.994029999,0.0634693,0.0687876,0.0547459
573,0.999469,131.002793312,0.0928837,0.0768922,0.0546883
574,0.999513,119.998970032,0.0706706,0.0652812,0.0546307
575,0.999371,154.993772507,0.0828732,0.083346,0.0545732
576,0.999408,146.002664566,0.0851936,0.0762391,0.0545158
577,0.999432,139.993901253,0.0784913,0.0850115,0.0544584
578,0.999363,157.006487846,0.104721,0.0890609,0.0544011
579,0.999436,138.994889259,0.0710325,0.0776179,0.0543438
580,0.999501,122.996006012,0.0650049,0.0707183,0.0542866
581,0.999546,112.006874084,0.0591975,0.0627112,0.0542294
582,0.999554,109.994158745,0.0573975,0.0651611,0.0541723
583,0.999505,121.996994019,0.0618048,0.0661599,0.0541153
584,0.999436,138.994889259,0.0805738,0.0785706,0.0540583
585,0.999485,127.006745338,0.0676511,0.0720479,0.0540014
586,0.999367,155.9927845,0.090572,0.0884709,0.0539446
587,0.999537,114.004898071,0.0553296,0.0596522,0.0538878
588,0.999497,123.995018005,0.0662479,0.0695744,0.0538311
589,0.999623,92.996263504,0.0409571,0.0548132,0.0537744
590,0.999416,144.004640579,0.0844993,0.0828709,0.0537178
591,0.999452,134.998841286,0.0807925,0.0735473,0.0536612
592,0.999525,117.001934052,0.0636423,0.0702728,0.0536048
593,0.999525,117.001934052,0.0709274,0.0689606,0.0535483
594,0.999339,163.000559807,0.110634,0.0950544,0.053492
595,0.999416,144.004640579,0.081014,0.0824481,0.0534356
596,0.99957,105.998110771,0.0564118,0.0627218,0.0533794
597,0.999485,127.006745338,0.0815871,0.0771754,0.0533232
598,0.999639,89.0002155304,0.0366956,0.053954,0.0532671
599,0.99944,137.995877266,0.0803995,0.0768225,0.053211
600,0.999473,130.003781319,0.0763024,0.0754299,0.053155
601,0.999521,118.000946045,0.0564075,0.0672847,0.053099
602,0.999533,115.003910065,0.0664854,0.0686,0.0530431
603,0.999485,127.006745338,0.067617,0.0746274,0.0529873
604,0.999452,134.998841286,0.079407,0.0775759,0.0529315
605,0.999416,144.004640579,0.0843801,0.078953,0.0528758
606,0.99955,110.993170738,0.0507058,0.0612439,0.0528201
607,0.99944,137.995877266,0.0753428,0.0722517,0.0527645
608,0.999485,127.006745338,0.0613124,0.0708537,0.052709
609,0.999481,128.005757332,0.0778081,0.0787845,0.0526535
610,0.999464,132.001805305,0.0666222,0.0726479,0.052598
611,0.999477,129.004769325,0.0723157,0.0742139,0.0525427
612,0.999497,123.995018005,0.0708265,0.0733787,0.0524874
613,0.999521,118.000946045,0.0768774,0.0718583,0.0524321
614,0.999529,116.002922058,0.0685455,0.0697132,0.0523769
615,0.999428,140.992913246,0.0841002,0.0776946,0.0523218
616,0.999501,122.996006012,0.0701738,0.0697441,0.0522667
617,0.999509,120.997982025,0.0689366,0.0706515,0.0522117
618,0.999481,128.005757332,0.0790999,0.0801567,0.0521567
619,0.999481,128.005757332,0.0619981,0.0680783,0.0521018
620,0.999477,129.004769325,0.0699189,0.0727548,0.052047
621,0.999436,138.994889259,0.0839548,0.0788349,0.0519922
622,0.999558,108.995146751,0.044894,0.0611932,0.0519374
623,0.999416,144.004640579,0.0874162,0.0832768,0.0518828
624,0.999464,132.001805305,0.0758425,0.0754673,0.0518281
625,0.999452,134.998841286,0.0796217,0.0796719,0.0517736
626,0.999493,124.994029999,0.0680103,0.0700193,0.0517191
627,0.999497,123.995018005,0.0679342,0.0709861,0.0516646
628,0.999481,128.005757332,0.0733735,0.0733659,0.0516103
629,0.999558,108.995146751,0.0588998,0.0676444,0.0515559
630,0.999505,121.996994019,0.0632538,0.0679289,0.0515016
631,0.999525,117.001934052,0.0677035,0.0734288,0.0514474
632,0.999558,108.995146751,0.0598344,0.0671883,0.0513933
633,0.999485,127.006745338,0.0791848,0.0749442,0.0513392
634,0.999485,127.006745338,0.0656684,0.0747653,0.0512851
635,0.999485,127.006745338,0.0755834,0.0741833,0.0512311
636,0.999416,144.004640579,0.0829877,0.0802,0.0511772
637,0.999424,142.006616592,0.0709413,0.0769874,0.0511233
638,0.999582,103.001074791,0.050409,0.0590609,0.0510695
639,0.999509,120.997982025,0.0608548,0.0661036,0.0510158
640,0.999537,114.004898071,0.0531051,0.06586,0.050962
641,0.999489,125.993041992,0.0544101,0.0709354,0.0509084
642,0.999489,125.993041992,0.0723329,0.0719654,0.0508548
643,0.999493,124.994029999,0.0726775,0.0713363,0.0508013
644,0.999477,129.004769325,0.0785361,0.0821841,0.0507478
645,0.99959,101.003050804,0.0440944,0.05778,0.0506944
646,0.999513,119.998970032,0.0513656,0.0648346,0.050641
647,0.999546,112.006874084,0.0539707,0.0670237,0.0505877
648,0.999582,103.001074791,0.0536116,0.0679791,0.0505344
649,0.999554,109.994158745,0.0535265,0.0635289,0.0504812
650,0.999562,107.996134758,0.0691535,0.0710563,0.0504281
651,0.999542,113.005886078,0.0550427,0.0703902,0.050375
652,0.999562,107.996134758,0.0620371,0.0653823,0.050322
653,0.999558,108.995146751,0.061305,0.0699205,0.050269
654,0.999546,112.006874084,0.0560947,0.0622224,0.0502161
655,0.999529,116.002922058,0.0628062,0.0718654,0.0501632
656,0.999582,103.001074791,0.0541733,0.0593283,0.0501104
657,0.999529,116.002922058,0.0574118,0.0609245,0.0500577
658,0.999594,100.004038811,0.0372171,0.0561142,0.050005
659,0.999537,114.004898071,0.0546689,0.0685648,0.0499523
660,0.99946,133.000817299,0.0643633,0.0777634,0.0498997
661,0.999574,104.999098778,0.0462585,0.0589186,0.0498472
662,0.999598,99.0050268173,0.0422209,0.0606826,0.0497947
663,0.999533,115.003910065,0.057887,0.0653466,0.0497423
664,0.99957,105.998110771,0.0545014,0.0649336,0.04969
665,0.999448,135.997853279,0.0698982,0.0768807,0.0496376
666,0.999477,129.004769325,0.0679821,0.0764041,0.0495854
667,0.99946,133.000817299,0.072664,0.0723639,0.0495332
668,0.999533,115.003910065,0.0595293,0.0654567,0.049481
669,0.999546,112.006874084,0.067048,0.0666433,0.049429
670,0.999542,113.005886078,0.0586246,0.0712495,0.0493769
671,0.999456,133.999829292,0.0766973,0.0762631,0.0493249
672,0.999546,112.006874084,0.0583185,0.0578609,0.049273
673,0.99957,105.998110771,0.0525405,0.0610764,0.0492212
674,0.99957,105.998110771,0.0486399,0.0632711,0.0491693
675,0.999586,102.002062798,0.0559223,0.0643697,0.0491176
676,0.999505,121.996994019,0.0580763,0.0745447,0.0490659
677,0.999582,103.001074791,0.0481008,0.0605535,0.0490142
678,0.999497,123.995018005,0.0685126,0.0673319,0.0489626
679,0.999582,103.001074791,0.0516634,0.0613966,0.0489111
680,0.999521,118.000946045,0.0658593,0.0772636,0.0488596
681,0.99957,105.998110771,0.0684206,0.0676106,0.0488082
682,0.999602,98.0060148239,0.045761,0.0573087,0.0487568
683,0.999521,118.000946045,0.0544279,0.0660805,0.0487054
684,0.999537,114.004898071,0.0549673,0.0659262,0.0486542
685,0.999525,117.001934052,0.0631813,0.0686314,0.048603
686,0.999631,90.9982395172,0.0461033,0.0582737,0.0485518
687,0.999643,88.001203537,0.036662,0.0579659,0.0485007
688,0.999639,89.0002155304,0.044564,0.0565566,0.0484496
689,0.999558,108.995146751,0.0483525,0.0651419,0.0483986
690,0.999537,114.004898071,0.0560451,0.0634421,0.0483477
691,0.999566,106.997122765,0.0530882,0.0579133,0.0482968
692,0.999464,132.001805305,0.0551094,0.0648643,0.0482459
693,0.999578,104.000086784,0.0493518,0.057886,0.0481951
694,0.999578,104.000086784,0.0396132,0.0581939,0.0481444
695,0.999566,106.997122765,0.0445529,0.0595237,0.0480937
696,0.999619,93.9952754974,0.0419976,0.059457,0.0480431
697,0.999481,128.005757332,0.070427,0.0790391,0.0479925
698,0.999525,117.001934052,0.0506424,0.0660886,0.047942
699,0.999537,114.004898071,0.0686857,0.0688328,0.0478915
700,0.99946,133.000817299,0.0853564,0.0795136,0.0478411
701,0.999611,95.9932994843,0.0516792,0.0619147,0.0477907
702,0.999525,117.001934052,0.0530725,0.0663874,0.0477404
703,0.999566,106.997122765,0.0434185,0.0630241,0.0476902
704,0.999566,106.997122765,0.0598605,0.0692343,0.04764
705,0.999594,100.004038811,0.0453888,0.0590904,0.0475898
706,0.999594,100.004038811,0.0430958,0.0556141,0.0475397
707,0.999566,106.997122765,0.0451152,0.0598349,0.0474897
708,0.99957,105.998110771,0.0518087,0.0682707,0.0474397
709,0.999529,116.002922058,0.060749,0.0792457,0.0473898
710,0.999533,115.003910065,0.0590038,0.0677696,0.0473399
711,0.999562,107.996134758,0.0601175,0.0649146,0.04729
712,0.999594,100.004038811,0.0501607,0.0652425,0.0472402
713,0.99955,110.993170738,0.0577983,0.06863,0.0471905
714,0.999586,102.002062798,0.0477735,0.0636096,0.0471408
715,0.999619,93.9952754974,0.049763,0.0588947,0.0470912
716,0.999623,92.996263504,0.0430211,0.0610375,0.0470416
717,0.99957,105.998110771,0.0478819,0.0592448,0.0469921
718,0.999562,107.996134758,0.0514872,0.0620801,0.0469426
719,0.999586,102.002062798,0.0472427,0.0641053,0.0468932
720,0.999537,114.004898071,0.0573428,0.0691294,0.0468439
721,0.999525,117.001934052,0.0534121,0.0633091,0.0467946
722,0.999602,98.0060148239,0.0427562,0.0593369,0.0467453
723,0.999627,91.9972515106,0.0407907,0.0570856,0.0466961
724,0.999598,99.0050268173,0.0485573,0.0629428,0.0466469
725,0.99957,105.998110771,0.045584,0.0618658,0.0465978
726,0.999582,103.001074791,0.0515188,0.060939,0.0465488
727,0.999627,91.9972515106,0.0357302,0.0487937,0.0464998
728,0.999651,86.0031795502,0.0314703,0.0520101,0.0464508
729,0.999558,108.995146751,0.0582057,0.0594824,0.0464019
730,0.999667,82.0071315765,0.0268479,0.0485244,0.0463531
731,0.999464,132.001805305,0.0668647,0.071935,0.0463043
732,0.999602,98.0060148239,0.0487255,0.0641942,0.0462555
733,0.99955,110.993170738,0.0455303,0.0616057,0.0462068
734,0.999521,118.000946045,0.0544649,0.0642435,0.0461582
735,0.999602,98.0060148239,0.045362,0.0600767,0.0461096
736,0.99955,110.993170738,0.0456163,0.0668973,0.0460611
737,0.999554,109.994158745,0.0583633,0.0659243,0.0460126
738,0.99955,110.993170738,0.0589783,0.0749616,0.0459641
739,0.999489,125.993041992,0.0588827,0.0669581,0.0459157
740,0.999594,100.004038811,0.0520803,0.0639759,0.0458674
741,0.99955,110.993170738,0.0590964,0.0711741,0.0458191
742,0.999469,131.002793312,0.0679835,0.0703917,0.0457709
743,0.999586,102.002062798,0.0430104,0.0685001,0.0457227
744,0.999558,108.995146751,0.0581872,0.066792,0.0456746
745,0.999554,109.994158745,0.0565437,0.0676785,0.0456265
746,0.999558,108.995146751,0.0504804,0.0613988,0.0455785
747,0.999594,100.004038811,0.0477679,0.0599841,0.0455305
748,0.999505,121.996994019,0.0681709,0.0715827,0.0454825
749,0.99959,101.003050804,0.0453417,0.0651069,0.0454347
750,0.99959,101.003050804,0.0450909,0.0623002,0.0453868
751,0.999546,112.006874084,0.0533382,0.0647531,0.0453391
752,0.99957,105.998110771,0.0430625,0.0579166,0.0452913
753,0.999542,113.005886078,0.0568289,0.0689065,0.0452437
754,0.999606,97.0070028305,0.0419499,0.059494,0.045196
755,0.999594,100.004038811,0.0408331,0.0531116,0.0451484
756,0.999675,79.9944162369,0.041162,0.0565286,0.0451009
757,0.999684,77.9963922501,0.0290021,0.0509356,0.0450534
758,0.999615,94.9942874908,0.0417014,0.0566164,0.045006
759,0.999647,87.0021915436,0.0368654,0.05935,0.0449586
760,0.999582,103.001074791,0.0499265,0.0633871,0.0449113
761,0.999635,89.9992275238,0.041121,0.0568681,0.044864
762,0.999627,91.9972515106,0.0314489,0.0562929,0.0448168
763,0.999651,86.0031795502,0.0324778,0.0524747,0.0447696
764,0.999582,103.001074791,0.0509211,0.0600439,0.0447225
765,0.999619,93.9952754974,0.0497393,0.0583017,0.0446754
766,0.999615,94.9942874908,0.0404609,0.0542391,0.0446284
767,0.999594,100.004038811,0.0525221,0.0625689,0.0445814
768,0.999647,87.0021915436,0.0396835,0.0586231,0.0445345
769,0.999582,103.001074791,0.0503594,0.0636143,0.0444876
770,0.999602,98.0060148239,0.0398209,0.060607,0.0444408
771,0.999558,108.995146751,0.0358569,0.0605457,0.044394
772,0.999643,88.001203537,0.0433394,0.0550066,0.0443472
773,0.999704,73.001332283,0.0228784,0.0415326,0.0443006
774,0.999594,100.004038811,0.0476832,0.0623212,0.0442539
775,0.999647,87.0021915436,0.0389077,0.0563626,0.0442073
776,0.999663,83.0061435699,0.0379449,0.0535949,0.0441608
777,0.999671,80.9934282303,0.0334157,0.0583436,0.0441143
778,0.999615,94.9942874908,0.045759,0.0544774,0.0440679
779,0.999659,84.0051555634,0.0307407,0.0515362,0.0440215
780,0.999594,100.004038811,0.0405062,0.0615511,0.0439751
781,0.999688,76.9973802567,0.0288171,0.0473483,0.0439288
782,0.999655,85.0041675568,0.0347542,0.0569735,0.0438826
783,0.999655,85.0041675568,0.0314182,0.0521653,0.0438364
784,0.999659,84.0051555634,0.0357337,0.0516711,0.0437903
785,0.999663,83.0061435699,0.0304959,0.0452817,0.0437442
786,0.999562,107.996134758,0.0450123,0.0668491,0.0436981
787,0.999574,104.999098778,0.0418275,0.0615256,0.0436521
788,0.999647,87.0021915436,0.0377263,0.0564334,0.0436061
789,0.999732,65.9935569763,0.0318158,0.0489242,0.0435602
790,0.999663,83.0061435699,0.0294548,0.0523722,0.0435144
791,0.999566,106.997122765,0.0406789,0.066553,0.0434686
792,0.99959,101.003050804,0.0466599,0.0632147,0.0434228
793,0.999736,64.9945449829,0.0206088,0.0380539,0.0433771
794,0.999663,83.0061435699,0.0326919,0.0535846,0.0433314
795,0.999611,95.9932994843,0.036725,0.0631966,0.0432858
796,0.999562,107.996134758,0.0561579,0.0635936,0.0432403
797,0.999619,93.9952754974,0.0407515,0.0559026,0.0431947
798,0.999606,97.0070028305,0.0372477,0.057058,0.0431493
799,0.999655,85.0041675568,0.0297006,0.0499117,0.0431038
800,0.999635,89.9992275238,0.0362892,0.0564107,0.0430585
801,0.999708,72.0023202896,0.0284497,0.0497833,0.0430131
802,0.999643,88.001203537,0.0416733,0.0590629,0.0429679
803,0.99959,101.003050804,0.0444959,0.0608379,0.0429226
804,0.999602,98.0060148239,0.0400148,0.0589556,0.0428774
805,0.999663,83.0061435699,0.0326915,0.0539835,0.0428323
806,0.999659,84.0051555634,0.0340039,0.0539394,0.0427872
807,0.999736,64.9945449829,0.0210852,0.0474493,0.0427422
808,0.999643,88.001203537,0.037584,0.0547507,0.0426972
809,0.999655,85.0041675568,0.0330331,0.0515165,0.0426522
810,0.999582,103.001074791,0.0436397,0.0642601,0.0426073
811,0.9997,74.0003442764,0.0231792,0.0434009,0.0425625
812,0.9997,74.0003442764,0.0204952,0.0421088,0.0425177
813,0.999562,107.996134758,0.0465225,0.0640412,0.0424729
814,0.99955,110.993170738,0.0541085,0.0723441,0.0424282
815,0.999667,82.0071315765,0.0317896,0.0523934,0.0423835
816,0.999663,83.0061435699,0.0368411,0.0560312,0.0423389
817,0.999643,88.001203537,0.0299705,0.0569732,0.0422943
818,0.999643,88.001203537,0.0378242,0.0544334,0.0422498
819,0.999688,76.9973802567,0.0264184,0.0457176,0.0422054
820,0.999598,99.0050268173,0.0402935,0.0596538,0.0421609
821,0.999623,92.996263504,0.0367389,0.0552591,0.0421165
822,0.999623,92.996263504,0.0394085,0.061274,0.0420722
823,0.999704,73.001332283,0.0281516,0.0446753,0.0420279
824,0.999574,104.999098778,0.046926,0.0686387,0.0419837
825,0.999655,85.0041675568,0.0314444,0.0524395,0.0419395
826,0.999631,90.9982395172,0.0386343,0.0594247,0.0418953
827,0.999696,74.9993562698,0.0307435,0.0495487,0.0418512
828,0.999635,89.9992275238,0.0332168,0.0566785,0.0418072
829,0.999615,94.9942874908,0.037901,0.0570396,0.0417631
830,0.999643,88.001203537,0.0294878,0.0483159,0.0417192
831,0.999663,83.0061435699,0.0329647,0.0487194,0.0416753
832,0.999708,72.0023202896,0.0192864,0.0416683,0.0416314
833,0.999651,86.0031795502,0.0332037,0.0521224,0.0415876
834,0.999643,88.001203537,0.0406847,0.0544183,0.0415438
835,0.99955,110.993170738,0.0461834,0.0665283,0.0415001
836,0.999663,83.0061435699,0.0375978,0.0564793,0.0414564
837,0.999627,91.9972515106,0.0405139,0.0562468,0.0414127
838,0.999631,90.9982395172,0.0336211,0.0596136,0.0413691
839,0.999578,104.000086784,0.0375943,0.0595376,0.0413256
840,0.999594,100.004038811,0.0300796,0.0594164,0.0412821
841,0.999675,79.9944162369,0.0215497,0.0427062,0.0412386
842,0.99968,78.9954042435,0.0375839,0.0529014,0.0411952
843,0.999631,90.9982395172,0.0384544,0.0557682,0.0411518
844,0.999647,87.0021915436,0.0335435,0.056009,0.0411085
845,0.999582,103.001074791,0.0421692,0.0596506,0.0410652
846,0.999566,106.997122765,0.0475933,0.0657399,0.041022
847,0.999716,70.0042963028,0.0237441,0.0465688,0.0409788
848,0.999675,79.9944162369,0.0357856,0.055274,0.0409357
849,0.999724,68.006272316,0.0235939,0.0464578,0.0408926
850,0.999777,55.0044250488,0.0164034,0.0347254,0.0408496
851,0.999635,89.9992275238,0.0387742,0.0604869,0.0408065
852,0.999635,89.9992275238,0.0294039,0.0523079,0.0407636
853,0.999663,83.0061435699,0.0340184,0.0545923,0.0407207
854,0.999667,82.0071315765,0.0300191,0.0544503,0.0406778
855,0.999647,87.0021915436,0.0347623,0.0512936,0.040635
856,0.999639,89.0002155304,0.0334102,0.0576449,0.0405922
857,0.999655,85.0041675568,0.0426438,0.0599713,0.0405495
858,0.999712,71.0033082962,0.02937,0.0513777,0.0405068
859,0.999736,64.9945449829,0.0238198,0.0432171,0.0404642
860,0.99974,63.9955329895,0.019631,0.0424529,0.0404216
861,0.999639,89.0002155304,0.0376318,0.0584503,0.040379
862,0.999777,55.0044250488,0.015172,0.0342008,0.0403365
863,0.99968,78.9954042435,0.0321704,0.0530539,0.040294
864,0.999712,71.0033082962,0.0234927,0.0447407,0.0402516
865,0.999732,65.9935569763,0.0249548,0.0411501,0.0402092
866,0.999623,92.996263504,0.0439066,0.0565763,0.0401669
867,0.999627,91.9972515106,0.0402853,0.0612059,0.0401246
868,0.999724,68.006272316,0.0179882,0.0418706,0.0400824
869,0.999777,55.0044250488,0.0134018,0.0366244,0.0400402
870,0.999688,76.9973802567,0.0258597,0.0448937,0.039998
871,0.999675,79.9944162369,0.031236,0.0499765,0.0399559
872,0.99968,78.9954042435,0.0272985,0.0461196,0.0399139
873,0.999753,60.9984970093,0.0201629,0.0426753,0.0398719
874,0.999623,92.996263504,0.0444343,0.0615976,0.0398299
875,0.999655,85.0041675568,0.0326375,0.0533473,0.039788
876,0.999639,89.0002155304,0.0376421,0.056214,0.0397461
877,0.999675,79.9944162369,0.0294505,0.0471511,0.0397042
878,0.999675,79.9944162369,0.0208564,0.0527284,0.0396624
879,0.999692,75.9983682632,0.0332812,0.0523484,0.0396207
880,0.999696,74.9993562698,0.024037,0.0483095,0.039579
881,0.999647,87.0021915436,0.0311788,0.0511169,0.0395373
882,0.999635,89.9992275238,0.0320487,0.0560113,0.0394957
883,0.999708,72.0023202896,0.0210781,0.0466737,0.0394541
884,0.99968,78.9954042435,0.0340555,0.0500964,0.0394126
885,0.99968,78.9954042435,0.0272159,0.0547706,0.0393711
886,0.999708,72.0023202896,0.0222685,0.0403705,0.0393296
887,0.999663,83.0061435699,0.0382724,0.054232,0.0392882
888,0.999716,70.0042963028,0.0161721,0.0404199,0.0392469
889,0.999781,54.0054130554,0.0144701,0.0375804,0.0392056
890,0.999761,59.0004730225,0.0215348,0.0411723,0.0391643
891,0.999688,76.9973802567,0.0352235,0.0558348,0.0391231
892,0.999753,60.9984970093,0.0173778,0.0397788,0.0390819
893,0.999651,86.0031795502,0.0370003,0.0522571,0.0390407
894,0.999761,59.0004730225,0.022414,0.044964,0.0389996
895,0.999708,72.0023202896,0.0284923,0.0489389,0.0389586
896,0.999748,61.9975090027,0.0201674,0.0427889,0.0389176
897,0.999716,70.0042963028,0.0251421,0.0454154,0.0388766
898,0.999692,75.9983682632,0.0262381,0.0484287,0.0388357
899,0.999692,75.9983682632,0.0311406,0.0555173,0.0387948
900,0.999728,67.0072603226,0.0329039,0.0493794,0.038754
901,0.999667,82.0071315765,0.0276278,0.048566,0.0387132
902,0.999753,60.9984970093,0.0239605,0.0447037,0.0386724
903,0.999696,74.9993562698,0.0243932,0.0455233,0.0386317
904,0.999753,60.9984970093,0.0171977,0.0360345,0.038591
905,0.999704,73.001332283,0.0260141,0.048258,0.0385504
906,0.999789,51.9926977158,0.0137323,0.0352718,0.0385098
907,0.999716,70.0042963028,0.0228404,0.0436178,0.0384693
908,0.99968,78.9954042435,0.0423101,0.0561383,0.0384288
909,0.9997,74.0003442764,0.0360507,0.0505266,0.0383883
910,0.999704,73.001332283,0.0264074,0.0470636,0.0383479
911,0.999708,72.0023202896,0.0250407,0.0511641,0.0383075
912,0.999712,71.0033082962,0.0234569,0.0467713,0.0382672
913,0.999732,65.9935569763,0.0212425,0.041052,0.0382269
914,0.999748,61.9975090027,0.0212128,0.0392873,0.0381867
915,0.999757,59.9994850159,0.0145262,0.0364718,0.0381465
916,0.999663,83.0061435699,0.0302764,0.0525564,0.0381063
917,0.999688,76.9973802567,0.0256163,0.0454262,0.0380662
918,0.999712,71.0033082962,0.0236186,0.0494584,0.0380261
919,0.999643,88.001203537,0.0355863,0.0571332,0.0379861
920,0.99972,69.0052843094,0.0237072,0.0480979,0.0379461
921,0.999712,71.0033082962,0.0181998,0.0444498,0.0379062
922,0.999765,58.0014610291,0.0158238,0.0340747,0.0378663
923,0.999757,59.9994850159,0.0170005,0.0403619,0.0378264
924,0.999728,67.0072603226,0.020562,0.0463236,0.0377866
925,0.999728,67.0072603226,0.026741,0.0474639,0.0377468
926,0.999781,54.0054130554,0.0163997,0.0373757,0.0377071
927,0.99974,63.9955329895,0.0177663,0.0380264,0.0376674
928,0.999708,72.0023202896,0.020758,0.0449177,0.0376277
929,0.99968,78.9954042435,0.0267433,0.0495032,0.0375881
930,0.999744,62.9965209961,0.0223138,0.044311,0.0375485
931,0.999757,59.9994850159,0.0217499,0.043888,0.037509
932,0.999704,73.001332283,0.0319799,0.0518389,0.0374695
933,0.999761,59.0004730225,0.0235863,0.0396991,0.0374301
934,0.999659,84.0051555634,0.0336826,0.05503,0.0373907
935,0.99972,69.0052843094,0.0262969,0.0450119,0.0373513
936,0.999781,54.0054130554,0.0187201,0.0387361,0.037312
937,0.999785,53.006401062,0.0154213,0.0406074,0.0372727
938,0.999773,56.0034370422,0.0194199,0.043055,0.0372335
939,0.999785,53.006401062,0.0184659,0.0387539,0.0371943
940,0.999821,44.0006017685,0.0128326,0.0294309,0.0371551
941,0.999765,58.0014610291,0.0161885,0.0409722,0.037116
942,0.99968,78.9954042435,0.0270573,0.0469684,0.037077
943,0.99972,69.0052843094,0.0232884,0.0480553,0.0370379
944,0.999769,57.0024490356,0.0168322,0.0409243,0.0369989
945,0.999781,54.0054130554,0.0178287,0.0367331,0.03696
946,0.999736,64.9945449829,0.0150594,0.037725,0.0369211
947,0.999712,71.0033082962,0.0275989,0.048121,0.0368822
948,0.999797,49.9946737289,0.0161307,0.0348544,0.0368434
949,0.999757,59.9994850159,0.0171588,0.0426509,0.0368046
950,0.999712,71.0033082962,0.0292204,0.0500144,0.0367659
951,0.999801,48.9956617355,0.0139331,0.0322763,0.0367271
952,0.999785,53.006401062,0.0168366,0.0364561,0.0366885
953,0.999736,64.9945449829,0.0178091,0.0495037,0.0366499
954,0.999704,73.001332283,0.0223095,0.049601,0.0366113
955,0.999753,60.9984970093,0.0193636,0.039104,0.0365727
956,0.99968,78.9954042435,0.032464,0.0517074,0.0365342
957,0.999809,46.9976377487,0.0153576,0.0312107,0.0364958
958,0.999684,77.9963922501,0.0272183,0.0498494,0.0364574
959,0.999704,73.001332283,0.019977,0.0482268,0.036419
960,0.999761,59.0004730225,0.0139378,0.0374842,0.0363806
961,0.999748,61.9975090027,0.0194463,0.041975,0.0363423
962,0.999753,60.9984970093,0.0209807,0.0411513,0.0363041
963,0.99983,42.0025777817,0.00828772,0.0281426,0.0362659
964,0.999797,49.9946737289,0.0103805,0.0291577,0.0362277
965,0.999781,54.0054130554,0.0145449,0.0321946,0.0361896
966,0.999801,48.9956617355,0.0168289,0.0409481,0.0361515
967,0.999736,64.9945449829,0.0160996,0.0409511,0.0361134
968,0.999724,68.006272316,0.020903,0.0473079,0.0360754
969,0.999773,56.0034370422,0.0168283,0.039601,0.0360374
970,0.99972,69.0052843094,0.0215225,0.0476461,0.0359995
971,0.999744,62.9965209961,0.0218676,0.0438995,0.0359616
972,0.999757,59.9994850159,0.0169402,0.0354446,0.0359237
973,0.999813,45.9986257553,0.0113063,0.0319293,0.0358859
974,0.999736,64.9945449829,0.0235699,0.0430041,0.0358481
975,0.999704,73.001332283,0.0225008,0.0488641,0.0358104
976,0.999728,67.0072603226,0.0213449,0.0417758,0.0357727
977,0.999753,60.9984970093,0.0143922,0.03889,0.035735
978,0.999781,54.0054130554,0.0178437,0.0373927,0.0356974
979,0.999805,47.9966497421,0.0141041,0.0357791,0.0356598
980,0.999781,54.0054130554,0.0196621,0.0437373,0.0356223
981,0.999732,65.9935569763,0.0184895,0.0435501,0.0355848
982,0.999708,72.0023202896,0.0256855,0.0493236,0.0355473
983,0.999696,74.9993562698,0.0230675,0.0454867,0.0355099
984,0.999777,55.0044250488,0.0142323,0.036749,0.0354725
985,0.999773,56.0034370422,0.0140991,0.0402674,0.0354352
986,0.999797,49.9946737289,0.0142507,0.0317621,0.0353979
987,0.999757,59.9994850159,0.0180709,0.0358441,0.0353606
988,0.999789,51.9926977158,0.0155086,0.0371124,0.0353234
989,0.999817,44.9996137619,0.0132115,0.0366334,0.0352862
990,0.999781,54.0054130554,0.0165149,0.0380642,0.0352491
991,0.999744,62.9965209961,0.0181852,0.0412798,0.035212
992,0.999757,59.9994850159,0.0201103,0.038336,0.0351749
993,0.999773,56.0034370422,0.0162501,0.0401858,0.0351379
994,0.999748,61.9975090027,0.0204314,0.0443968,0.0351009
995,0.99974,63.9955329895,0.0190626,0.0422761,0.0350639
996,0.999809,46.9976377487,0.0122053,0.0318001,0.035027
997,0.999765,58.0014610291,0.0154603,0.0381068,0.0349901
998,0.99974,63.9955329895,0.0142151,0.0418404,0.0349533
999,0.999744,62.9965209961,0.0163049,0.0442884,0.0349165
1000,0.999785,53.006401062,0.016939,0.0382921,0.0348797
1001,0.999769,57.0024490356,0.0159387,0.0371939,0.034843
1002,0.999809,46.9976377487,0.0139694,0.0391113,0.0348063
1003,0.999793,50.9936857224,0.0136936,0.0336363,0.0347697
1004,0.999761,59.0004730225,0.0185473,0.0383632,0.0347331
1005,0.999773,56.0034370422,0.0162842,0.0413358,0.0346965
1006,0.999748,61.9975090027,0.0169209,0.0391465,0.03466
1007,0.9997,74.0003442764,0.0189734,0.0461551,0.0346235
1008,0.999797,49.9946737289,0.0147667,0.0346064,0.0345871
1009,0.999781,54.0054130554,0.0187558,0.0426868,0.0345507
1010,0.999809,46.9976377487,0.0108791,0.0335285,0.0345143
1011,0.999753,60.9984970093,0.0169678,0.0387072,0.034478
1012,0.999809,46.9976377487,0.0127399,0.0399716,0.0344417
1013,0.999785,53.006401062,0.013537,0.0407362,0.0344054
1014,0.999753,60.9984970093,0.0237745,0.0460045,0.0343692
1015,0.999728,67.0072603226,0.0208711,0.0425972,0.034333
1016,0.999712,71.0033082962,0.023836,0.048404,0.0342969
1017,0.999769,57.0024490356,0.0138327,0.0368507,0.0342608
1018,0.999757,59.9994850159,0.019333,0.0399751,0.0342247
1019,0.999732,65.9935569763,0.0167863,0.0392405,0.0341887
1020,0.999769,57.0024490356,0.0151666,0.0393503,0.0341527
1021,0.99974,63.9955329895,0.017,0.0429034,0.0341167
1022,0.999789,51.9926977158,0.0115234,0.0365118,0.0340808
1023,0.999846,38.006529808,0.0114328,0.0296212,0.0340449
1024,0.999769,57.0024490356,0.0160036,0.0428215,0.0340091
1025,0.999757,59.9994850159,0.0202455,0.0368421,0.0339733
1026,0.99983,42.0025777817,0.0117934,0.0355369,0.0339375
1027,0.999753,60.9984970093,0.0162647,0.0403202,0.0339018
1028,0.999886,28.0017185211,0.00399166,0.0201102,0.0338661
1029,0.999821,44.0006017685,0.0104237,0.0372945,0.0338305
1030,0.999789,51.9926977158,0.0147178,0.0384721,0.0337948
1031,0.999728,67.0072603226,0.017035,0.0401524,0.0337593
1032,0.999732,65.9935569763,0.0163168,0.0380907,0.0337237
1033,0.999846,38.006529808,0.0112937,0.0294627,0.0336882
1034,0.999773,56.0034370422,0.0166351,0.0391555,0.0336528
1035,0.999797,49.9946737289,0.0134329,0.0370576,0.0336173
1036,0.999765,58.0014610291,0.0167729,0.0413296,0.033582
1037,0.999781,54.0054130554,0.0168208,0.0428685,0.0335466
1038,0.999773,56.0034370422,0.0122911,0.0355659,0.0335113
1039,0.99987,31.9977664948,0.00714307,0.0248283,0.033476
1040,0.999797,49.9946737289,0.0132064,0.0438065,0.0334408
1041,0.999854,35.9938144684,0.00740571,0.0246579,0.0334056
1042,0.999846,38.006529808,0.00833574,0.027523,0.0333704
1043,0.99972,69.0052843094,0.0194457,0.0457471,0.0333353
1044,0.999813,45.9986257553,0.0116484,0.0325141,0.0333002
1045,0.999769,57.0024490356,0.0201475,0.0393383,0.0332651
1046,0.999817,44.9996137619,0.0104827,0.0349792,0.0332301
1047,0.999821,44.0006017685,0.0133744,0.0379032,0.0331951
1048,0.99985,36.9928264618,0.00895466,0.0300416,0.0331602
1049,0.999797,49.9946737289,0.0144419,0.0360168,0.0331253
1050,0.999761,59.0004730225,0.0173846,0.0371227,0.0330904
1051,0.999789,51.9926977158,0.0144697,0.0417068,0.0330556
1052,0.999757,59.9994850159,0.0162802,0.0358235,0.0330208
1053,0.999753,60.9984970093,0.0145468,0.0404566,0.032986
1054,0.999817,44.9996137619,0.0110955,0.0338131,0.0329513
1055,0.999736,64.9945449829,0.0254313,0.0462343,0.0329166
1056,0.999765,58.0014610291,0.0120239,0.042897,0.0328819
1057,0.999781,54.0054130554,0.0150771,0.0346795,0.0328473
1058,0.999748,61.9975090027,0.0146242,0.0465893,0.0328127
1059,0.999777,55.0044250488,0.0187952,0.0469004,0.0327782
1060,0.999834,41.0035657883,0.0113907,0.0296599,0.0327437
1061,0.999793,50.9936857224,0.0148263,0.0395009,0.0327092
1062,0.999748,61.9975090027,0.0144474,0.0361815,0.0326748
1063,0.999765,58.0014610291,0.0155386,0.041979,0.0326404
1064,0.999761,59.0004730225,0.0176831,0.0436498,0.032606
1065,0.999765,58.0014610291,0.0161438,0.0431032,0.0325717
1066,0.999866,32.9967784882,0.00686294,0.0252189,0.0325374
1067,0.999801,48.9956617355,0.00932905,0.0318738,0.0325032
1068,0.999777,55.0044250488,0.0173448,0.0403773,0.032469
1069,0.999801,48.9956617355,0.0132561,0.0366182,0.0324348
1070,0.999854,35.9938144684,0.0103573,0.0284443,0.0324006
1071,0.999858,34.994802475,0.0051695,0.0268867,0.0323665
1072,0.999834,41.0035657883,0.0116889,0.0322425,0.0323324
1073,0.999817,44.9996137619,0.0108337,0.0304316,0.0322984
1074,0.999826,43.0015897751,0.00884526,0.0292701,0.0322644
1075,0.999821,44.0006017685,0.0103094,0.0336805,0.0322304
1076,0.999761,59.0004730225,0.0138491,0.0395375,0.0321965
1077,0.999789,51.9926977158,0.0142143,0.0351759,0.0321626
1078,0.999809,46.9976377487,0.0135104,0.0364427,0.0321288
1079,0.999789,51.9926977158,0.013002,0.0366412,0.0320949
1080,0.999793,50.9936857224,0.0128316,0.0377539,0.0320612
1081,0.999793,50.9936857224,0.0145382,0.0356605,0.0320274
1082,0.999813,45.9986257553,0.00855108,0.0297065,0.0319937
1083,0.999842,39.0055418015,0.00796524,0.02891,0.03196
1084,0.999813,45.9986257553,0.0101095,0.0322311,0.0319264
1085,0.999793,50.9936857224,0.0123941,0.0372658,0.0318928
1086,0.999753,60.9984970093,0.0164567,0.0380165,0.0318592
1087,0.999817,44.9996137619,0.0113411,0.0304209,0.0318256
1088,0.999854,35.9938144684,0.00825828,0.0318181,0.0317921
1089,0.99983,42.0025777817,0.0124232,0.032002,0.0317587
1090,0.99983,42.0025777817,0.0142403,0.0414172,0.0317252
1091,0.999813,45.9986257553,0.0123358,0.042771,0.0316918
1092,0.999801,48.9956617355,0.0138867,0.0322869,0.0316585
1093,0.999773,56.0034370422,0.0154355,0.0385386,0.0316252
1094,0.999805,47.9966497421,0.0147551,0.0372921,0.0315919
1095,0.999834,41.0035657883,0.0077448,0.0265647,0.0315586
1096,0.999842,39.0055418015,0.0102003,0.0273996,0.0315254
1097,0.999817,44.9996137619,0.0111414,0.0324185,0.0314922
1098,0.999858,34.994802475,0.00725421,0.0254462,0.031459
1099,0.999846,38.006529808,0.00990634,0.0305488,0.0314259
1100,0.999894,26.0036945343,0.00774194,0.0233986,0.0313928
1101,0.999878,29.9997425079,0.00647349,0.0228021,0.0313598
1102,0.999862,33.9957904816,0.00806501,0.0277924,0.0313268
1103,0.999777,55.0044250488,0.0108369,0.0420687,0.0312938
1104,0.99985,36.9928264618,0.00791699,0.028092,0.0312609
1105,0.999797,49.9946737289,0.0101669,0.03225,0.031228
1106,0.99983,42.0025777817,0.00931793,0.0318078,0.0311951
1107,0.999821,44.0006017685,0.0120785,0.0323565,0.0311622
1108,0.999826,43.0015897751,0.0127729,0.0388449,0.0311294
1109,0.999817,44.9996137619,0.00895089,0.0285878,0.0310967
1110,0.999846,38.006529808,0.0058917,0.0228343,0.0310639
1111,0.999834,41.0035657883,0.00936853,0.0319613,0.0310312
1112,0.999842,39.0055418015,0.00701905,0.0287259,0.0309986
1113,0.999842,39.0055418015,0.00698549,0.0262168,0.0309659
1114,0.999858,34.994802475,0.00665402,0.0257626,0.0309333
1115,0.999805,47.9966497421,0.0115827,0.033157,0.0309008
1116,0.999842,39.0055418015,0.00844863,0.0293026,0.0308682
1117,0.999765,58.0014610291,0.0150809,0.0401306,0.0308357
1118,0.99983,42.0025777817,0.0110683,0.029975,0.0308033
1119,0.99989,27.0027065277,0.00654103,0.022696,0.0307709
1120,0.99987,31.9977664948,0.00893341,0.02916,0.0307385
1121,0.999809,46.9976377487,0.00928428,0.0304434,0.0307061
1122,0.999826,43.0015897751,0.00833363,0.0307395,0.0306738
1123,0.99987,31.9977664948,0.00684536,0.0243596,0.0306415
1124,0.999781,54.0054130554,0.015358,0.0413515,0.0306092
1125,0.999834,41.0035657883,0.00638012,0.0271534,0.030577
1126,0.99989,27.0027065277,0.00527638,0.0219912,0.0305448
1127,0.999801,48.9956617355,0.0128493,0.0431568,0.0305127
1128,0.999846,38.006529808,0.00877199,0.0282701,0.0304805
1129,0.999826,43.0015897751,0.0100406,0.0305761,0.0304485
1130,0.999894,26.0036945343,0.0070917,0.0228403,0.0304164
1131,0.999821,44.0006017685,0.0112309,0.0344011,0.0303844
1132,0.999866,32.9967784882,0.00702238,0.028536,0.0303524
1133,0.99983,42.0025777817,0.00888357,0.0298692,0.0303204
1134,0.999842,39.0055418015,0.00686669,0.0245439,0.0302885
1135,0.999854,35.9938144684,0.0087608,0.0316144,0.0302566
1136,0.99987,31.9977664948,0.00636951,0.0272624,0.0302248
1137,0.999874,30.9987545013,0.00786372,0.0297522,0.030193
1138,0.999821,44.0006017685,0.0115708,0.03463,0.0301612
1139,0.99985,36.9928264618,0.00831256,0.0266191,0.0301294
1140,0.999874,30.9987545013,0.00517759,0.021727,0.0300977
1141,0.999886,28.0017185211,0.00579424,0.0267001,0.030066
1142,0.999821,44.0006017685,0.0110832,0.0328689,0.0300344
1143,0.999842,39.0055418015,0.00851353,0.0317251,0.0300028
1144,0.99983,42.0025777817,0.00947027,0.0351743,0.0299712
1145,0.99987,31.9977664948,0.00569448,0.0254696,0.0299396
1146,0.999878,29.9997425079,0.00565821,0.0242254,0.0299081
1147,0.999838,40.0045537949,0.0127458,0.0312973,0.0298766
1148,0.99987,31.9977664948,0.00489689,0.0216032,0.0298452
1149,0.999842,39.0055418015,0.0105614,0.0300532,0.0298138
1150,0.999866,32.9967784882,0.00486196,0.0268985,0.0297824
1151,0.999878,29.9997425079,0.00535776,0.0241905,0.029751
1152,0.999797,49.9946737289,0.0129675,0.0357826,0.0297197
1153,0.99985,36.9928264618,0.00669125,0.0269619,0.0296884
1154,0.999907,23.0066585541,0.00596859,0.024545,0.0296572
1155,0.999854,35.9938144684,0.00745977,0.0323733,0.0296259
1156,0.999854,35.9938144684,0.00726795,0.0242631,0.0295948
1157,0.999842,39.0055418015,0.00853384,0.0285366,0.0295636
1158,0.999874,30.9987545013,0.00748495,0.026415,0.0295325
1159,0.999801,48.9956617355,0.0137436,0.0377353,0.0295014
1160,0.999858,34.994802475,0.00610554,0.026616,0.0294703
1161,0.999882,29.0007305145,0.00361034,0.0221891,0.0294393
1162,0.999874,30.9987545013,0.00710497,0.034546,0.0294083
1163,0.999894,26.0036945343,0.00463204,0.0221212,0.0293774
1164,0.999797,49.9946737289,0.0131446,0.0384848,0.0293464
1165,0.999821,44.0006017685,0.00978393,0.0336999,0.0293155
1166,0.999878,29.9997425079,0.0042353,0.0203526,0.0292847
1167,0.999866,32.9967784882,0.00705474,0.0270073,0.0292539
1168,0.999899,25.0046825409,0.0038203,0.0213001,0.0292231
1169,0.999854,35.9938144684,0.00952862,0.031249,0.0291923
1170,0.999781,54.0054130554,0.00981942,0.0367563,0.0291616
1171,0.999834,41.0035657883,0.0102134,0.0352708,0.0291309
1172,0.999874,30.9987545013,0.00597483,0.0260282,0.0291002
1173,0.999878,29.9997425079,0.00576906,0.0299372,0.0290696
1174,0.999894,26.0036945343,0.00592123,0.0231487,0.029039
1175,0.999899,25.0046825409,0.002941,0.0217223,0.0290084
1176,0.999842,39.0055418015,0.00844626,0.0272338,0.0289779
1177,0.999842,39.0055418015,0.0109438,0.0362591,0.0289474
1178,0.999817,44.9996137619,0.00978039,0.0287333,0.0289169
1179,0.999821,44.0006017685,0.00834765,0.0314065,0.0288864
1180,0.999854,35.9938144684,0.00589312,0.0279226,0.028856
1181,0.999907,23.0066585541,0.00293888,0.0166431,0.0288256
1182,0.999886,28.0017185211,0.00455002,0.0205006,0.0287953
1183,0.999899,25.0046825409,0.00564575,0.0218499,0.028765
1184,0.999866,32.9967784882,0.00692814,0.0314236,0.0287347
1185,0.999882,29.0007305145,0.00612235,0.0244534,0.0287045
1186,0.999882,29.0007305145,0.00725637,0.0215699,0.0286742
1187,0.99989,27.0027065277,0.00373249,0.0276573,0.0286441
1188,0.999907,23.0066585541,0.00269811,0.0203325,0.0286139
1189,0.999894,26.0036945343,0.00571192,0.0256478,0.0285838
1190,0.999846,38.006529808,0.00940737,0.029611,0.0285537
1191,0.99983,42.0025777817,0.0079776,0.0278863,0.0285236
1192,0.99985,36.9928264618,0.00722685,0.0299975,0.0284936
1193,0.999878,29.9997425079,0.00680962,0.0270093,0.0284636
1194,0.999911,21.9929552078,0.00504766,0.0223476,0.0284336
1195,0.999858,34.994802475,0.00576367,0.0258968,0.0284037
1196,0.999886,28.0017185211,0.0042144,0.0248944,0.0283738
1197,0.999874,30.9987545013,0.00519959,0.02422,0.0283439
1198,0.999899,25.0046825409,0.00447105,0.0214127,0.0283141
1199,0.999882,29.0007305145,0.0059709,0.0254985,0.0282843
1200,0.999842,39.0055418015,0.0110099,0.0315609,0.0282545
1201,0.999903,24.0056705475,0.00440034,0.0210132,0.0282248
1202,0.99987,31.9977664948,0.00811308,0.0257129,0.0281951
1203,0.999882,29.0007305145,0.00495763,0.0246638,0.0281654
1204,0.999858,34.994802475,0.00873496,0.0278758,0.0281357
1205,0.999842,39.0055418015,0.00884847,0.0281464,0.0281061
1206,0.99983,42.0025777817,0.00963988,0.0300023,0.0280765
1207,0.999874,30.9987545013,0.00608371,0.0217751,0.028047
1208,0.999862,33.9957904816,0.00496535,0.0273135,0.0280175
1209,0.99985,36.9928264618,0.0053391,0.0239191,0.027988
1210,0.999854,35.9938144684,0.00660812,0.0270037,0.0279585
1211,0.999882,29.0007305145,0.00567836,0.0253344,0.0279291
1212,0.99987,31.9977664948,0.00588393,0.0239791,0.0278997
1213,0.999931,16.9978952408,0.00247976,0.016855,0.0278703
1214,0.999874,30.9987545013,0.00441093,0.021242,0.0278409
1215,0.999923,18.9959192276,0.00309586,0.0161857,0.0278116
1216,0.999866,32.9967784882,0.00679509,0.0311487,0.0277824
1217,0.99989,27.0027065277,0.00372138,0.0196321,0.0277531
1218,0.999903,24.0056705475,0.00578015,0.0251097,0.0277239
1219,0.999927,17.9969072342,0.00227339,0.0186897,0.0276947
1220,0.999854,35.9938144684,0.00708352,0.0283903,0.0276656
1221,0.999899,25.0046825409,0.0046131,0.023732,0.0276364
1222,0.999919,19.994931221,0.00330858,0.0196652,0.0276073
1223,0.999943,14.0008592606,0.00164737,0.0149397,0.0275783
1224,0.999911,21.9929552078,0.00560914,0.0271914,0.0275493
1225,0.999878,29.9997425079,0.00546753,0.0231807,0.0275202
1226,0.99987,31.9977664948,0.00696724,0.0301637,0.0274913
1227,0.99989,27.0027065277,0.00450946,0.0230456,0.0274623
1228,0.999894,26.0036945343,0.0027743,0.0184925,0.0274334
1229,0.99987,31.9977664948,0.00725367,0.0301516,0.0274045
1230,0.999858,34.994802475,0.00476714,0.0260066,0.0273757
1231,0.99989,27.0027065277,0.00448153,0.0273711,0.0273469
1232,0.999838,40.0045537949,0.0062143,0.0261388,0.0273181
1233,0.999874,30.9987545013,0.00657357,0.0286275,0.0272893
1234,0.99989,27.0027065277,0.00310601,0.020301,0.0272606
1235,0.999911,21.9929552078,0.00478346,0.0197837,0.0272319
1236,0.99989,27.0027065277,0.00529963,0.0271171,0.0272032
1237,0.999838,40.0045537949,0.00692976,0.0279598,0.0271746
1238,0.99985,36.9928264618,0.00686901,0.0287709,0.027146
1239,0.999923,18.9959192276,0.00448619,0.0215874,0.0271174
1240,0.999874,30.9987545013,0.00363977,0.0236743,0.0270889
1241,0.999903,24.0056705475,0.00546432,0.0225479,0.0270604
1242,0.999927,17.9969072342,0.00230183,0.0161101,0.0270319
1243,0.999834,41.0035657883,0.00765381,0.03398,0.0270034
1244,0.999838,40.0045537949,0.00711171,0.0276297,0.026975
1245,0.999862,33.9957904816,0.00665963,0.0276484,0.0269466
1246,0.999886,28.0017185211,0.00598006,0.0274923,0.0269182
1247,0.99985,36.9928264618,0.00740552,0.0311803,0.0268899
1248,0.999862,33.9957904816,0.00522041,0.0266993,0.0268616
1249,0.999858,34.994802475,0.00910721,0.0268051,0.0268333
1250,0.999919,19.994931221,0.00291567,0.0164494,0.0268051
1251,0.99989,27.0027065277,0.00551846,0.0212759,0.0267768
1252,0.999846,38.006529808,0.00798729,0.0361122,0.0267486
1253,0.999903,24.0056705475,0.003692,0.0218694,0.0267205
1254,0.999935,15.9988832474,0.00272503,0.0136248,0.0266924
1255,0.999919,19.994931221,0.00396696,0.0195695,0.0266643
1256,0.999899,25.0046825409,0.00592533,0.0252053,0.0266362
1257,0.999915,20.9939432144,0.00354917,0.0190202,0.0266081
1258,0.999899,25.0046825409,0.00401735,0.0219331,0.0265801
1259,0.999882,29.0007305145,0.00631882,0.0272154,0.0265522
1260,0.999903,24.0056705475,0.00322408,0.0232922,0.0265242
1261,0.999894,26.0036945343,0.00406083,0.0228863,0.0264963
1262,0.999899,25.0046825409,0.00561055,0.0219728,0.0264684
1263,0.999919,19.994931221,0.00298781,0.019111,0.0264405
1264,0.999927,17.9969072342,0.00308905,0.0173094,0.0264127
1265,0.999927,17.9969072342,0.00181463,0.0202519,0.0263849
1266,0.999894,26.0036945343,0.00428591,0.0247525,0.0263571
1267,0.999874,30.9987545013,0.0061125,0.0224568,0.0263294
1268,0.999931,16.9978952408,0.00285826,0.0169798,0.0263017
1269,0.999903,24.0056705475,0.00490216,0.0205461,0.026274
1270,0.999931,16.9978952408,0.00220494,0.0149171,0.0262463
1271,0.999894,26.0036945343,0.00407565,0.0240519,0.0262187
1272,0.999927,17.9969072342,0.00207686,0.015394,0.0261911
1273,0.999915,20.9939432144,0.00310311,0.0191824,0.0261635
1274,0.999882,29.0007305145,0.00422263,0.0201664,0.026136
1275,0.999874,30.9987545013,0.00562402,0.0314285,0.0261084
1276,0.99987,31.9977664948,0.0033869,0.0236683,0.026081
1277,0.999931,16.9978952408,0.002926,0.0160279,0.0260535
1278,0.999915,20.9939432144,0.00483246,0.019884,0.0260261
1279,0.999935,15.9988832474,0.00211734,0.0155037,0.0259987
1280,0.999947,13.0018472672,0.00140871,0.0129211,0.0259713
1281,0.999911,21.9929552078,0.0035583,0.0228052,0.025944
1282,0.999903,24.0056705475,0.00444886,0.0196726,0.0259167
1283,0.999878,29.9997425079,0.00625386,0.0290704,0.0258894
1284,0.999899,25.0046825409,0.00427209,0.0229269,0.0258621
1285,0.999878,29.9997425079,0.00399178,0.0262433,0.0258349
1286,0.999854,35.9938144684,0.0055402,0.024963,0.0258077
1287,0.999854,35.9938144684,0.00714479,0.0281629,0.0257805
1288,0.999882,29.0007305145,0.00484794,0.0256449,0.0257534
1289,0.999923,18.9959192276,0.00248959,0.0156345,0.0257263
1290,0.999874,30.9987545013,0.005424,0.0247067,0.0256992
1291,0.99989,27.0027065277,0.00356352,0.0238994,0.0256721
1292,0.999894,26.0036945343,0.00475988,0.022055,0.0256451
1293,0.99989,27.0027065277,0.00305658,0.018194,0.0256181
1294,0.999927,17.9969072342,0.0042706,0.0166668,0.0255912
1295,0.999931,16.9978952408,0.001104,0.0145655,0.0255642
1296,0.999911,21.9929552078,0.00374979,0.0197623,0.0255373
1297,0.999858,34.994802475,0.00568565,0.0272432,0.0255104
1298,0.999919,19.994931221,0.00305038,0.0205636,0.0254836
1299,0.999903,24.0056705475,0.00311898,0.0224707,0.0254567
1300,0.999894,26.0036945343,0.00299113,0.0211061,0.0254299
1301,0.999915,20.9939432144,0.00303805,0.0177302,0.0254032
1302,0.999911,21.9929552078,0.00329277,0.0260123,0.0253764
1303,0.999923,18.9959192276,0.00233261,0.0206881,0.0253497
1304,0.999878,29.9997425079,0.00443492,0.0228649,0.025323
1305,0.999874,30.9987545013,0.0055111,0.0254265,0.0252964
1306,0.999923,18.9959192276,0.00312206,0.0156902,0.0252697
1307,0.999911,21.9929552078,0.00329022,0.0179076,0.0252431
1308,0.999963,9.00579929352,0.00108356,0.00891107,0.0252166
1309,0.999915,20.9939432144,0.00360823,0.0198934,0.02519
1310,0.999931,16.9978952408,0.00125655,0.016756,0.0251635
1311,0.999927,17.9969072342,0.00327912,0.0211072,0.025137
1312,0.999927,17.9969072342,0.00261952,0.0151285,0.0251106
1313,0.999915,20.9939432144,0.002135,0.0188323,0.0250841
1314,0.999882,29.0007305145,0.00664325,0.0236192,0.0250577
1315,0.99989,27.0027065277,0.00478505,0.0232932,0.0250313
1316,0.999899,25.0046825409,0.00189601,0.02064,0.025005
1317,0.999915,20.9939432144,0.00348813,0.022099,0.0249787
1318,0.99989,27.0027065277,0.00422807,0.0208647,0.0249524
1319,0.999903,24.0056705475,0.00203453,0.0186234,0.0249261
1320,0.999886,28.0017185211,0.00509861,0.0224992,0.0248999
1321,0.999882,29.0007305145,0.00556972,0.0232918,0.0248736
1322,0.999931,16.9978952408,0.0015967,0.0178836,0.0248475
1323,0.999927,17.9969072342,0.00286803,0.0161161,0.0248213
1324,0.999919,19.994931221,0.00369125,0.0178573,0.0247952
1325,0.999931,16.9978952408,0.00228359,0.0182076,0.0247691
1326,0.999903,24.0056705475,0.00411643,0.0216793,0.024743
1327,0.999939,14.999871254,0.0024546,0.0188641,0.0247169
1328,0.999935,15.9988832474,0.00134056,0.015751,0.0246909
1329,0.999955,11.0038232803,0.000798723,0.0123689,0.0246649
1330,0.999939,14.999871254,0.00198369,0.0151965,0.024639
1331,0.999955,11.0038232803,0.000761359,0.010828,0.024613
1332,0.999931,16.9978952408,0.00334033,0.017062,0.0245871
1333,0.999919,19.994931221,0.00233256,0.0173213,0.0245612
1334,0.999907,23.0066585541,0.00368375,0.0209964,0.0245354
1335,0.999886,28.0017185211,0.00591611,0.0240533,0.0245096
1336,0.99989,27.0027065277,0.00517772,0.0239503,0.0244838
1337,0.999923,18.9959192276,0.00185826,0.0156253,0.024458
1338,0.999931,16.9978952408,0.00199454,0.0183708,0.0244322
1339,0.999911,21.9929552078,0.00308894,0.020057,0.0244065
1340,0.999951,12.0028352737,0.000767977,0.0119262,0.0243808
1341,0.999951,12.0028352737,0.00197975,0.0144078,0.0243552
1342,0.999915,20.9939432144,0.00425496,0.0259487,0.0243295
1343,0.999919,19.994931221,0.00372122,0.02315,0.0243039
1344,0.999927,17.9969072342,0.00294265,0.0185273,0.0242783
1345,0.999951,12.0028352737,0.00107993,0.0140854,0.0242528
1346,0.999907,23.0066585541,0.00318447,0.0280834,0.0242272
1347,0.999886,28.0017185211,0.0056583,0.0255834,0.0242017
1348,0.999886,28.0017185211,0.00446471,0.0251204,0.0241762
1349,0.999935,15.9988832474,0.00190321,0.018375,0.0241508
1350,0.999919,19.994931221,0.00281033,0.0196747,0.0241254
1351,0.999939,14.999871254,0.002798,0.0160338,0.0241
1352,0.999955,11.0038232803,0.0012665,0.01116,0.0240746
1353,0.999947,13.0018472672,0.0028774,0.0182941,0.0240493
1354,0.999955,11.0038232803,0.00150921,0.0109067,0.0240239
1355,0.999959,10.0048112869,0.00115682,0.0124795,0.0239987
1356,0.999943,14.0008592606,0.00194476,0.0146963,0.0239734
1357,0.999947,13.0018472672,0.00143025,0.0143335,0.0239482
1358,0.999951,12.0028352737,0.00220715,0.0117633,0.0239229
1359,0.999935,15.9988832474,0.0013305,0.0139035,0.0238978
1360,0.999919,19.994931221,0.00231418,0.0214299,0.0238726
1361,0.999984,3.99604797363,0.000235864,0.0076155,0.0238475
1362,0.999955,11.0038232803,0.00089165,0.0126074,0.0238224
1363,0.999943,14.0008592606,0.00142013,0.015175,0.0237973
1364,0.999911,21.9929552078,0.00316139,0.0190046,0.0237722
1365,0.999935,15.9988832474,0.00146506,0.0154132,0.0237472
1366,0.999951,12.0028352737,0.00246457,0.0141868,0.0237222
1367,0.999951,12.0028352737,0.000751879,0.0162196,0.0236972
1368,0.999939,14.999871254,0.00204726,0.016838,0.0236723
1369,0.999976,5.99407196045,0.000633545,0.0102306,0.0236474
1370,0.999972,6.99308395386,0.000474446,0.0104865,0.0236225
1371,0.999959,10.0048112869,0.000601906,0.012752,0.0235976
1372,0.999939,14.999871254,0.00221735,0.0254622,0.0235728
1373,0.999963,9.00579929352,0.00099627,0.0136367,0.023548
1374,0.999943,14.0008592606,0.00218371,0.0149346,0.0235232
1375,0.999939,14.999871254,0.00251487,0.0159173,0.0234984
1376,0.999947,13.0018472672,0.00142187,0.0159332,0.0234737
1377,0.999935,15.9988832474,0.00158877,0.0188907,0.023449
1378,0.999927,17.9969072342,0.00192373,0.0191812,0.0234243
1379,0.999927,17.9969072342,0.00211093,0.0172613,0.0233996
1380,0.999951,12.0028352737,0.000956832,0.0134774,0.023375
1381,0.999968,8.00678730011,0.000750738,0.0107125,0.0233504
1382,0.999976,5.99407196045,0.000721118,0.00802972,0.0233258
1383,0.999959,10.0048112869,0.000921942,0.0124831,0.0233012
1384,0.999972,6.99308395386,0.00114027,0.0130649,0.0232767
1385,0.999915,20.9939432144,0.00374824,0.020977,0.0232522
1386,0.999915,20.9939432144,0.00390363,0.0200588,0.0232277
1387,0.999923,18.9959192276,0.00139355,0.0156499,0.0232033
1388,0.999947,13.0018472672,0.0012847,0.0151801,0.0231788
1389,0.999947,13.0018472672,0.000974075,0.0117258,0.0231544
1390,0.999963,9.00579929352,0.000951564,0.0139013,0.0231301
1391,0.999943,14.0008592606,0.00130446,0.0160283,0.0231057
1392,0.999976,5.99407196045,0.000617602,0.00861699,0.0230814
1393,0.999972,6.99308395386,0.000549178,0.00773963,0.0230571
1394,0.999919,19.994931221,0.00285957,0.0199124,0.0230328
1395,0.999939,14.999871254,0.00260993,0.0137004,0.0230086
1396,0.999963,9.00579929352,0.000851762,0.0112144,0.0229844
1397,0.999992,1.99802398682,0.000774796,0.00993763,0.0229602
1398,0.999996,0.999011993408,1.21872e-05,0.00105323,0.022936
1399,0.999992,1.99802398682,4.79446e-05,0.00215547,0.0229118
1400,1.0,0.0,0.0,0.0,0.0228877
1.0,0.0,5026.109169006348,1.90332,0.00966976581436,0.00076250652065
