2,80,0.7,2,1000, .1 
0,0.496884,124007.997816,1.91591e+06,312.611,0.0999999
1,0.871941,31564.004302,3186.72,7.57813,0.0996439
2,0.990486,2345.00435829,50.2799,0.868286,0.0992893
3,0.997403,639.999403954,3.22113,0.223067,0.0989359
4,0.998499,370.001721382,0.430234,0.116154,0.0985838
5,0.998791,297.999401093,0.16863,0.0952057,0.0982329
6,0.998901,270.996694565,0.132543,0.0928941,0.0978832
7,0.999079,226.996092796,0.114395,0.0746982,0.0975348
8,0.998892,272.994718552,0.134001,0.0893868,0.0971877
9,0.998982,251.001763344,0.128312,0.0837383,0.0968418
10,0.999014,242.994976044,0.116273,0.0858144,0.0964971
11,0.998864,280.002493858,0.136392,0.0909282,0.0961536
12,0.999095,223.000044823,0.0925335,0.0682562,0.0958114
13,0.998888,273.993730545,0.112329,0.0874428,0.0954704
14,0.999111,219.003996849,0.100286,0.0703997,0.0951306
15,0.998978,252.000775337,0.116311,0.0821842,0.094792
16,0.999103,221.002020836,0.107303,0.075614,0.0944546
17,0.999051,234.003868103,0.111336,0.0789917,0.0941184
18,0.999006,244.993000031,0.112316,0.0794731,0.0937834
19,0.999063,231.006832123,0.107572,0.0753129,0.0934496
20,0.999018,241.99596405,0.11415,0.0807223,0.093117
21,0.999087,224.99806881,0.108945,0.0749428,0.0927856
22,0.998941,261.006574631,0.141214,0.0879188,0.0924553
23,0.999136,212.995233536,0.0994489,0.0736755,0.0921263
24,0.998978,252.000775337,0.107981,0.0821598,0.0917984
25,0.998961,255.996823311,0.119723,0.0850115,0.0914716
26,0.999099,222.001032829,0.113393,0.0751769,0.0911461
27,0.999034,237.999916077,0.108252,0.082823,0.0908217
28,0.998965,254.997811317,0.12882,0.0850766,0.0904984
29,0.999164,206.002149582,0.0762327,0.0662797,0.0901763
30,0.999209,194.998326302,0.08056,0.0673888,0.0898553
31,0.999063,231.006832123,0.107434,0.0795505,0.0895355
32,0.999132,213.994245529,0.114026,0.0778016,0.0892168
33,0.999136,212.995233536,0.0798696,0.0714803,0.0888993
34,0.999168,205.003137589,0.0861625,0.0687134,0.0885829
35,0.999099,222.001032829,0.098389,0.0741118,0.0882676
36,0.999107,220.003008842,0.0921852,0.0774724,0.0879534
37,0.999026,239.997940063,0.103724,0.082371,0.0876404
38,0.999051,234.003868103,0.0949001,0.0805554,0.0873284
39,0.998965,254.997811317,0.109304,0.0803161,0.0870176
40,0.999047,235.002880096,0.104286,0.0804604,0.0867079
41,0.99916,207.001161575,0.0836253,0.0662851,0.0863993
42,0.99912,217.005972862,0.081025,0.0672267,0.0860918
43,0.999209,194.998326302,0.0908474,0.0736387,0.0857854
44,0.99912,217.005972862,0.0996796,0.0716198,0.08548
45,0.999051,234.003868103,0.0962991,0.072814,0.0851758
46,0.999099,222.001032829,0.0932258,0.0732216,0.0848726
47,0.999189,199.993386269,0.0810368,0.065808,0.0845705
48,0.999116,218.004984856,0.0860814,0.0722633,0.0842695
49,0.99914,211.996221542,0.0946657,0.0697208,0.0839696
50,0.999262,181.996479034,0.0650098,0.063342,0.0836707
51,0.999128,214.993257523,0.0816656,0.0695693,0.0833729
52,0.999189,199.993386269,0.0749423,0.0665107,0.0830762
53,0.999156,208.000173569,0.0958326,0.0789079,0.0827805
54,0.999103,221.002020836,0.088934,0.0748861,0.0824859
55,0.999282,177.001419067,0.060851,0.0616509,0.0821923
56,0.999229,190.003266335,0.0796573,0.0670168,0.0818997
57,0.999087,224.99806881,0.105526,0.0803992,0.0816082
58,0.999233,189.004254341,0.0674987,0.0641408,0.0813178
59,0.999184,201.007089615,0.0634763,0.0674234,0.0810283
60,0.999083,225.997080803,0.0884688,0.0741467,0.0807399
61,0.999103,221.002020836,0.102336,0.0797813,0.0804526
62,0.999136,212.995233536,0.0920326,0.0749669,0.0801662
63,0.999221,192.001290321,0.0659988,0.062119,0.0798809
64,0.99929,175.003395081,0.0674791,0.067709,0.0795966
65,0.999318,167.995619774,0.0583791,0.0584999,0.0793133
66,0.999193,198.994374275,0.071893,0.0728037,0.079031
67,0.999132,213.994245529,0.089156,0.0725568,0.0787497
68,0.99916,207.001161575,0.0773011,0.0624754,0.0784694
69,0.99914,211.996221542,0.0865062,0.0695859,0.0781901
70,0.99914,211.996221542,0.0831981,0.068589,0.0779118
71,0.999201,196.996350288,0.076978,0.0719937,0.0776345
72,0.999262,181.996479034,0.0682102,0.0649012,0.0773582
73,0.999237,188.005242348,0.0654771,0.0648624,0.0770828
74,0.999237,188.005242348,0.0835132,0.0707579,0.0768085
75,0.999241,187.006230354,0.0703631,0.0686766,0.0765351
76,0.99929,175.003395081,0.058416,0.0586464,0.0762627
77,0.99927,179.998455048,0.0609471,0.0649129,0.0759913
78,0.999322,166.99660778,0.0585712,0.0593426,0.0757208
79,0.999327,165.997595787,0.055399,0.0584059,0.0754513
80,0.999193,198.994374275,0.067352,0.0659731,0.0751827
81,0.999286,176.002407074,0.0718151,0.0616272,0.0749151
82,0.999254,183.994503021,0.0650438,0.0627051,0.0746485
83,0.999298,173.005371094,0.0633991,0.0611443,0.0743828
84,0.999286,176.002407074,0.0556738,0.0605743,0.074118
85,0.999314,168.994631767,0.0480781,0.0589886,0.0738542
86,0.999371,154.993772507,0.0493918,0.054117,0.0735914
87,0.999302,172.0063591,0.0521812,0.059528,0.0733294
88,0.999249,184.993515015,0.0548395,0.0569346,0.0730684
89,0.999266,180.997467041,0.0638186,0.0633243,0.0728084
90,0.999367,155.9927845,0.0480707,0.0530587,0.0725492
91,0.999343,162.001547813,0.0499357,0.0560431,0.072291
92,0.999282,177.001419067,0.0585525,0.0613395,0.0720337
93,0.999339,163.000559807,0.0615065,0.0598597,0.0717773
94,0.999286,176.002407074,0.0555708,0.061544,0.0715219
95,0.999322,166.99660778,0.051768,0.0580155,0.0712673
96,0.999347,161.00253582,0.0490594,0.0555698,0.0710136
97,0.999241,187.006230354,0.0664972,0.0630626,0.0707609
98,0.999375,153.994760513,0.0469073,0.0538347,0.070509
99,0.9994,148.000688553,0.0371547,0.0493035,0.0702581
100,0.999343,162.001547813,0.0429178,0.0531077,0.070008
101,0.999404,147.001676559,0.0497583,0.0520674,0.0697588
102,0.999205,195.997338295,0.0660591,0.0639973,0.0695105
103,0.999339,163.000559807,0.0601266,0.0642874,0.0692631
104,0.999383,151.996736526,0.0544011,0.0548191,0.0690166
105,0.999249,184.993515015,0.0624592,0.0655676,0.068771
106,0.999351,160.003523827,0.0570377,0.0598347,0.0685262
107,0.999391,149.99871254,0.0423721,0.05653,0.0682823
108,0.999322,166.99660778,0.0475976,0.0529131,0.0680393
109,0.999351,160.003523827,0.0432007,0.0572123,0.0677971
110,0.999359,158.00549984,0.0528868,0.0596783,0.0675558
111,0.999282,177.001419067,0.0541318,0.0617296,0.0673153
112,0.999233,189.004254341,0.0565006,0.0602099,0.0670757
113,0.999391,149.99871254,0.0405937,0.0502576,0.066837
114,0.999408,146.002664566,0.0438021,0.0507851,0.0665991
115,0.99942,143.005628586,0.04207,0.0517587,0.0663621
116,0.999327,165.997595787,0.0539792,0.0567688,0.0661259
117,0.999359,158.00549984,0.0479322,0.0539153,0.0658905
118,0.999395,148.999700546,0.0479327,0.0557537,0.065656
119,0.999359,158.00549984,0.0468634,0.0530454,0.0654223
120,0.999391,149.99871254,0.0393439,0.0508403,0.0651895
121,0.999395,148.999700546,0.0399673,0.0506689,0.0649574
122,0.999351,160.003523827,0.0572542,0.0603325,0.0647262
123,0.999416,144.004640579,0.0470179,0.0541284,0.0644959
124,0.999395,148.999700546,0.0407152,0.055654,0.0642663
125,0.999347,161.00253582,0.0495942,0.05583,0.0640376
126,0.99942,143.005628586,0.0423528,0.0505001,0.0638096
127,0.999416,144.004640579,0.0364984,0.0472529,0.0635825
128,0.999436,138.994889259,0.0390209,0.049249,0.0633562
129,0.999404,147.001676559,0.0424414,0.051455,0.0631307
130,0.999428,140.992913246,0.0416196,0.0536737,0.062906
131,0.999481,128.005757332,0.0324919,0.0432032,0.0626821
132,0.999408,146.002664566,0.047459,0.0529171,0.062459
133,0.999404,147.001676559,0.0406438,0.0488464,0.0622367
134,0.999379,152.99574852,0.0437828,0.0526872,0.0620152
135,0.99944,137.995877266,0.0314552,0.0469431,0.0617945
136,0.999537,114.004898071,0.0280322,0.04024,0.0615745
137,0.999493,124.994029999,0.0322365,0.0468337,0.0613554
138,0.999383,151.996736526,0.0464934,0.0588929,0.061137
139,0.999404,147.001676559,0.0386132,0.0497993,0.0609194
140,0.999367,155.9927845,0.0465636,0.0591918,0.0607026
141,0.99942,143.005628586,0.0383574,0.0516382,0.0604865
142,0.999501,122.996006012,0.0323704,0.0415835,0.0602712
143,0.999517,118.999958038,0.0298653,0.0436175,0.0600567
144,0.999432,139.993901253,0.0404516,0.0495719,0.0598429
145,0.999456,133.999829292,0.0363299,0.0472307,0.0596299
146,0.999436,138.994889259,0.03393,0.0488255,0.0594177
147,0.999379,152.99574852,0.036218,0.0512922,0.0592062
148,0.999379,152.99574852,0.0405167,0.0521846,0.0589955
149,0.999513,119.998970032,0.0325354,0.0428973,0.0587855
150,0.99944,137.995877266,0.036405,0.0485254,0.0585763
151,0.999473,130.003781319,0.0304573,0.0445191,0.0583678
152,0.999493,124.994029999,0.0317831,0.0451171,0.0581601
153,0.999448,135.997853279,0.0309938,0.0481638,0.057953
154,0.999525,117.001934052,0.0344469,0.046293,0.0577468
155,0.999485,127.006745338,0.0302404,0.0448556,0.0575412
156,0.999521,118.000946045,0.0329818,0.0437477,0.0573364
157,0.999473,130.003781319,0.0323893,0.0425656,0.0571324
158,0.999473,130.003781319,0.0342286,0.0504484,0.056929
159,0.999481,128.005757332,0.0344606,0.0501979,0.0567264
160,0.999517,118.999958038,0.0233227,0.0404675,0.0565245
161,0.999464,132.001805305,0.031939,0.0440676,0.0563233
162,0.999509,120.997982025,0.0256053,0.0401528,0.0561228
163,0.999404,147.001676559,0.0372473,0.0503221,0.0559231
164,0.999424,142.006616592,0.0344529,0.0509847,0.055724
165,0.99946,133.000817299,0.037342,0.0524307,0.0555257
166,0.999525,117.001934052,0.0293958,0.0443145,0.0553281
167,0.999509,120.997982025,0.0287838,0.0419064,0.0551311
168,0.999602,98.0060148239,0.0230536,0.0388749,0.0549349
169,0.99955,110.993170738,0.0263671,0.0452835,0.0547394
170,0.99946,133.000817299,0.0315024,0.0476713,0.0545446
171,0.999493,124.994029999,0.0322437,0.0468167,0.0543504
172,0.99944,137.995877266,0.0362019,0.0513259,0.054157
173,0.999533,115.003910065,0.0329111,0.0425114,0.0539642
174,0.999521,118.000946045,0.0232625,0.0420999,0.0537722
175,0.999533,115.003910065,0.0295758,0.0491097,0.0535808
176,0.999477,129.004769325,0.0319059,0.0445363,0.0533901
177,0.999485,127.006745338,0.0295954,0.04517,0.0532
178,0.999606,97.0070028305,0.0226916,0.0384649,0.0530107
179,0.999489,125.993041992,0.0298192,0.0443227,0.052822
180,0.999529,116.002922058,0.0221718,0.0414873,0.052634
181,0.999477,129.004769325,0.0279002,0.0447457,0.0524467
182,0.999651,86.0031795502,0.0216843,0.0353486,0.05226
183,0.999485,127.006745338,0.0284608,0.0471175,0.052074
184,0.99957,105.998110771,0.023369,0.0379328,0.0518886
185,0.999485,127.006745338,0.0293301,0.0436304,0.051704
186,0.999546,112.006874084,0.0232501,0.0397478,0.0515199
187,0.99959,101.003050804,0.0227168,0.036972,0.0513366
188,0.999631,90.9982395172,0.0205496,0.0361138,0.0511538
189,0.999501,122.996006012,0.0285645,0.0464622,0.0509718
190,0.999464,132.001805305,0.0229588,0.0410118,0.0507903
191,0.999594,100.004038811,0.0210194,0.0399863,0.0506096
192,0.999574,104.999098778,0.0254264,0.0395699,0.0504294
193,0.999578,104.000086784,0.0215289,0.0392755,0.0502499
194,0.999537,114.004898071,0.0216251,0.0402961,0.0500711
195,0.999533,115.003910065,0.0242805,0.041699,0.0498929
196,0.999574,104.999098778,0.0232825,0.0374776,0.0497153
197,0.999578,104.000086784,0.0207336,0.0361577,0.0495384
198,0.999582,103.001074791,0.0197261,0.0391456,0.049362
199,0.999578,104.000086784,0.0226883,0.0402647,0.0491863
200,0.999542,113.005886078,0.0212843,0.0389121,0.0490113
201,0.999505,121.996994019,0.0318928,0.0487851,0.0488368
202,0.999497,123.995018005,0.0269806,0.043625,0.048663
203,0.999525,117.001934052,0.027565,0.0436613,0.0484898
204,0.999529,116.002922058,0.0214328,0.0373576,0.0483172
205,0.999517,118.999958038,0.027342,0.0443395,0.0481452
206,0.999631,90.9982395172,0.0206192,0.0356139,0.0479739
207,0.999667,82.0071315765,0.0119587,0.0327939,0.0478031
208,0.999602,98.0060148239,0.0186258,0.0378424,0.047633
209,0.999586,102.002062798,0.0234124,0.039021,0.0474635
210,0.99968,78.9954042435,0.0141571,0.0344389,0.0472945
211,0.999558,108.995146751,0.0222851,0.0401047,0.0471262
212,0.999566,106.997122765,0.0201501,0.0397046,0.0469585
213,0.999643,88.001203537,0.0167451,0.0354764,0.0467913
214,0.999602,98.0060148239,0.0196604,0.0364871,0.0466248
215,0.999566,106.997122765,0.0234316,0.0405694,0.0464588
216,0.999611,95.9932994843,0.0197792,0.0378711,0.0462935
217,0.999558,108.995146751,0.0224452,0.0408534,0.0461287
218,0.999635,89.9992275238,0.0182993,0.0361764,0.0459645
219,0.999546,112.006874084,0.0205156,0.0435865,0.0458009
220,0.999627,91.9972515106,0.0159456,0.0344186,0.0456379
221,0.999635,89.9992275238,0.0148045,0.0340687,0.0454755
222,0.99957,105.998110771,0.0184831,0.0361139,0.0453136
223,0.999615,94.9942874908,0.0171457,0.0355039,0.0451523
224,0.999554,109.994158745,0.0215384,0.0410874,0.0449916
225,0.999627,91.9972515106,0.0174072,0.0361959,0.0448315
226,0.999606,97.0070028305,0.0191088,0.0354822,0.0446719
227,0.999619,93.9952754974,0.0185157,0.036419,0.0445129
228,0.999602,98.0060148239,0.0181205,0.036455,0.0443545
229,0.999611,95.9932994843,0.0165748,0.0358897,0.0441966
230,0.999647,87.0021915436,0.0137441,0.037744,0.0440393
231,0.999611,95.9932994843,0.0172499,0.0352016,0.0438826
232,0.999688,76.9973802567,0.0121665,0.0322419,0.0437264
233,0.999631,90.9982395172,0.0154618,0.0342577,0.0435707
234,0.99957,105.998110771,0.0208928,0.042379,0.0434157
235,0.999643,88.001203537,0.0154035,0.0350722,0.0432611
236,0.999647,87.0021915436,0.0143271,0.0332892,0.0431072
237,0.999619,93.9952754974,0.018985,0.0351423,0.0429537
238,0.999615,94.9942874908,0.0171772,0.0355072,0.0428008
239,0.999639,89.0002155304,0.0150008,0.032301,0.0426485
240,0.999606,97.0070028305,0.0159221,0.0372163,0.0424967
241,0.999675,79.9944162369,0.0163025,0.0328399,0.0423455
242,0.999627,91.9972515106,0.0153944,0.0333754,0.0421947
243,0.999675,79.9944162369,0.0163751,0.0317489,0.0420446
244,0.999631,90.9982395172,0.0164924,0.0363423,0.0418949
245,0.999659,84.0051555634,0.014086,0.0365516,0.0417458
246,0.999582,103.001074791,0.0188308,0.0396285,0.0415972
247,0.99968,78.9954042435,0.0108954,0.0292882,0.0414492
248,0.999667,82.0071315765,0.01527,0.034767,0.0413016
249,0.999611,95.9932994843,0.0188191,0.037351,0.0411546
250,0.999651,86.0031795502,0.018927,0.0340065,0.0410081
251,0.999631,90.9982395172,0.0180783,0.0352241,0.0408622
252,0.999582,103.001074791,0.02125,0.0390752,0.0407167
253,0.999639,89.0002155304,0.0170226,0.034121,0.0405718
254,0.999659,84.0051555634,0.0122871,0.0303665,0.0404274
255,0.999651,86.0031795502,0.0144176,0.0337262,0.0402835
256,0.999671,80.9934282303,0.0141825,0.0308591,0.0401402
257,0.999655,85.0041675568,0.0150473,0.0322169,0.0399973
258,0.9997,74.0003442764,0.0109181,0.0279732,0.0398549
259,0.999684,77.9963922501,0.0157225,0.0336586,0.0397131
260,0.999631,90.9982395172,0.0169488,0.0356343,0.0395717
261,0.999663,83.0061435699,0.0152516,0.0321407,0.0394309
262,0.999615,94.9942874908,0.0163534,0.034826,0.0392905
263,0.999631,90.9982395172,0.0123043,0.0315756,0.0391507
264,0.999748,61.9975090027,0.013359,0.0294698,0.0390113
265,0.999696,74.9993562698,0.0124011,0.0317773,0.0388725
266,0.9997,74.0003442764,0.0130514,0.0321299,0.0387341
267,0.999667,82.0071315765,0.0122038,0.03448,0.0385963
268,0.999663,83.0061435699,0.0134547,0.0330296,0.0384589
269,0.999663,83.0061435699,0.0126068,0.0312898,0.038322
270,0.999716,70.0042963028,0.0100566,0.0291339,0.0381856
271,0.999712,71.0033082962,0.00828616,0.0281014,0.0380497
272,0.99968,78.9954042435,0.0108046,0.0304364,0.0379143
273,0.999615,94.9942874908,0.0147065,0.0334891,0.0377793
274,0.999671,80.9934282303,0.0143437,0.0354795,0.0376449
275,0.999724,68.006272316,0.0093423,0.0290643,0.0375109
276,0.999696,74.9993562698,0.0109224,0.0315004,0.0373774
277,0.999712,71.0033082962,0.012003,0.0334433,0.0372443
278,0.999712,71.0033082962,0.0120497,0.0299738,0.0371118
279,0.999696,74.9993562698,0.0115111,0.0302548,0.0369797
280,0.999704,73.001332283,0.0119743,0.0316843,0.0368481
281,0.999716,70.0042963028,0.0071995,0.026343,0.0367169
282,0.999688,76.9973802567,0.0118947,0.0340928,0.0365862
283,0.999769,57.0024490356,0.00879917,0.0268492,0.036456
284,0.999712,71.0033082962,0.0125079,0.0306727,0.0363263
285,0.999692,75.9983682632,0.0107331,0.0300928,0.036197
286,0.99974,63.9955329895,0.0103825,0.0268941,0.0360681
287,0.999716,70.0042963028,0.0094575,0.0300296,0.0359397
288,0.999708,72.0023202896,0.012628,0.0319231,0.0358118
289,0.999696,74.9993562698,0.00984852,0.0302231,0.0356844
290,0.999773,56.0034370422,0.0100461,0.0256221,0.0355574
291,0.999704,73.001332283,0.0115648,0.0319845,0.0354308
292,0.999761,59.0004730225,0.00815655,0.024411,0.0353047
293,0.999757,59.9994850159,0.00847112,0.0309922,0.035179
294,0.999769,57.0024490356,0.00739302,0.0247891,0.0350538
295,0.999769,57.0024490356,0.00971631,0.0267001,0.0349291
296,0.99974,63.9955329895,0.00903866,0.0284836,0.0348047
297,0.999736,64.9945449829,0.00831236,0.0300065,0.0346809
298,0.999781,54.0054130554,0.00734312,0.0226591,0.0345574
299,0.99974,63.9955329895,0.00820116,0.0263048,0.0344344
300,0.999724,68.006272316,0.00798105,0.0280945,0.0343119
301,0.999744,62.9965209961,0.00869133,0.0251178,0.0341897
302,0.999675,79.9944162369,0.0114605,0.0308414,0.034068
303,0.999688,76.9973802567,0.0107374,0.0321898,0.0339468
304,0.999757,59.9994850159,0.00777798,0.0272798,0.033826
305,0.999736,64.9945449829,0.00840459,0.0292752,0.0337056
306,0.999785,53.006401062,0.00675674,0.0232518,0.0335856
307,0.999684,77.9963922501,0.00970169,0.030536,0.0334661
308,0.999728,67.0072603226,0.00854542,0.0272017,0.033347
309,0.999773,56.0034370422,0.00598059,0.0237135,0.0332283
310,0.99972,69.0052843094,0.0073543,0.0274433,0.03311
311,0.999785,53.006401062,0.00506176,0.0247657,0.0329922
312,0.999728,67.0072603226,0.0088025,0.0306132,0.0328747
313,0.999797,49.9946737289,0.00445569,0.0216243,0.0327577
314,0.999805,47.9966497421,0.00596112,0.0239875,0.0326411
315,0.999728,67.0072603226,0.00796779,0.0282921,0.0325249
316,0.999769,57.0024490356,0.00814382,0.0260855,0.0324092
317,0.999744,62.9965209961,0.00856558,0.0281025,0.0322938
318,0.999748,61.9975090027,0.00982326,0.0292029,0.0321789
319,0.999777,55.0044250488,0.00808135,0.026597,0.0320644
320,0.999769,57.0024490356,0.0082348,0.0282997,0.0319502
321,0.999838,40.0045537949,0.00523189,0.023576,0.0318365
322,0.999785,53.006401062,0.00607,0.0220707,0.0317232
323,0.999813,45.9986257553,0.00602374,0.0222703,0.0316103
324,0.999765,58.0014610291,0.00663971,0.0260845,0.0314978
325,0.999761,59.0004730225,0.00664638,0.0254622,0.0313857
326,0.999838,40.0045537949,0.00478164,0.0220425,0.031274
327,0.99983,42.0025777817,0.00416939,0.0195386,0.0311626
328,0.999821,44.0006017685,0.00595568,0.0193923,0.0310517
329,0.999765,58.0014610291,0.00777089,0.0266963,0.0309412
330,0.999748,61.9975090027,0.00711179,0.0262185,0.0308311
331,0.999801,48.9956617355,0.00588176,0.0235984,0.0307213
332,0.999813,45.9986257553,0.00500487,0.0206258,0.030612
333,0.999834,41.0035657883,0.00410532,0.0220452,0.030503
334,0.999834,41.0035657883,0.00480327,0.0208555,0.0303945
335,0.999789,51.9926977158,0.00515471,0.0231257,0.0302863
336,0.999757,59.9994850159,0.00757877,0.030109,0.0301785
337,0.999834,41.0035657883,0.0043381,0.0204277,0.0300711
338,0.999821,44.0006017685,0.00376823,0.0194641,0.0299641
339,0.999842,39.0055418015,0.00371895,0.0208042,0.0298574
340,0.999757,59.9994850159,0.00706447,0.0260256,0.0297511
341,0.999821,44.0006017685,0.00396517,0.0218118,0.0296453
342,0.999773,56.0034370422,0.00742504,0.025612,0.0295397
343,0.999801,48.9956617355,0.00461528,0.0236193,0.0294346
344,0.999866,32.9967784882,0.00360012,0.0174772,0.0293298
345,0.999736,64.9945449829,0.00655494,0.0296724,0.0292254
346,0.999809,46.9976377487,0.00469232,0.021196,0.0291214
347,0.999821,44.0006017685,0.00407288,0.0233284,0.0290178
348,0.999809,46.9976377487,0.00597434,0.0233316,0.0289145
349,0.999805,47.9966497421,0.00610728,0.0243356,0.0288116
350,0.999793,50.9936857224,0.00532935,0.023161,0.028709
351,0.999757,59.9994850159,0.00489432,0.0241626,0.0286068
352,0.999813,45.9986257553,0.00501645,0.0226374,0.028505
353,0.999842,39.0055418015,0.00375869,0.0199169,0.0284036
354,0.999809,46.9976377487,0.00432219,0.0210398,0.0283025
355,0.999793,50.9936857224,0.00466434,0.0225062,0.0282017
356,0.99983,42.0025777817,0.00508866,0.0209561,0.0281014
357,0.999813,45.9986257553,0.00315655,0.0206843,0.0280013
358,0.99985,36.9928264618,0.00312454,0.0181064,0.0279017
359,0.999854,35.9938144684,0.00388513,0.022777,0.0278024
360,0.999789,51.9926977158,0.0054552,0.0235466,0.0277034
361,0.999838,40.0045537949,0.00312386,0.0191173,0.0276048
362,0.999805,47.9966497421,0.00557217,0.0239379,0.0275066
363,0.999862,33.9957904816,0.00215001,0.0186872,0.0274087
364,0.999817,44.9996137619,0.00480436,0.0220464,0.0273111
365,0.99987,31.9977664948,0.00311608,0.0188374,0.0272139
366,0.999846,38.006529808,0.00321717,0.0182235,0.027117
367,0.999838,40.0045537949,0.00398543,0.0218372,0.0270205
368,0.999813,45.9986257553,0.00490921,0.0231725,0.0269243
369,0.999744,62.9965209961,0.00547352,0.0253124,0.0268285
370,0.999834,41.0035657883,0.00370435,0.0219146,0.026733
371,0.999858,34.994802475,0.00369864,0.021669,0.0266379
372,0.999801,48.9956617355,0.00481458,0.0273114,0.0265431
373,0.999834,41.0035657883,0.0035777,0.0213387,0.0264486
374,0.99987,31.9977664948,0.00234784,0.0154882,0.0263545
375,0.999826,43.0015897751,0.00544394,0.0257977,0.0262607
376,0.999834,41.0035657883,0.00413313,0.0186804,0.0261672
377,0.99987,31.9977664948,0.00177112,0.0169495,0.026074
378,0.999878,29.9997425079,0.00245853,0.0167772,0.0259812
379,0.999846,38.006529808,0.00361615,0.0203557,0.0258888
380,0.999899,25.0046825409,0.0020755,0.0179757,0.0257966
381,0.999907,23.0066585541,0.00217507,0.016759,0.0257048
382,0.99985,36.9928264618,0.00305932,0.0209428,0.0256133
383,0.999866,32.9967784882,0.00257783,0.016569,0.0255222
384,0.99987,31.9977664948,0.00318377,0.0188713,0.0254313
385,0.999878,29.9997425079,0.00250496,0.0170995,0.0253408
386,0.999886,28.0017185211,0.00186688,0.0164161,0.0252506
387,0.999894,26.0036945343,0.0018022,0.014669,0.0251607
388,0.999878,29.9997425079,0.00242479,0.0135576,0.0250712
389,0.999939,14.999871254,0.00124744,0.0156768,0.0249819
390,0.999903,24.0056705475,0.00150406,0.0148866,0.024893
391,0.999911,21.9929552078,0.00105621,0.014951,0.0248044
392,0.999923,18.9959192276,0.00184327,0.0112287,0.0247161
393,0.999878,29.9997425079,0.00234593,0.0168758,0.0246282
394,0.99989,27.0027065277,0.00208089,0.0146114,0.0245405
395,0.999862,33.9957904816,0.00279898,0.0172293,0.0244532
396,0.999874,30.9987545013,0.0022838,0.0184143,0.0243661
397,0.999899,25.0046825409,0.00133317,0.0126856,0.0242794
398,0.999919,19.994931221,0.000995527,0.0133361,0.024193
399,0.999886,28.0017185211,0.00188891,0.0170096,0.0241069
400,0.999886,28.0017185211,0.00215143,0.0172132,0.0240211
401,0.999882,29.0007305145,0.00220953,0.0181191,0.0239356
402,0.999882,29.0007305145,0.00296529,0.0188034,0.0238504
403,0.999878,29.9997425079,0.00252578,0.017821,0.0237655
404,0.999911,21.9929552078,0.00185424,0.0138062,0.0236809
405,0.999907,23.0066585541,0.00167747,0.0145498,0.0235966
406,0.999923,18.9959192276,0.00138105,0.0130841,0.0235126
407,0.999915,20.9939432144,0.00132712,0.0157585,0.023429
408,0.999931,16.9978952408,0.000814783,0.0101968,0.0233456
409,0.999899,25.0046825409,0.00172943,0.015236,0.0232625
410,0.999903,24.0056705475,0.00132216,0.0126168,0.0231797
411,0.999923,18.9959192276,0.00107842,0.0153561,0.0230972
412,0.999886,28.0017185211,0.00190266,0.0172225,0.023015
413,0.99989,27.0027065277,0.0020723,0.0163418,0.0229331
414,0.999874,30.9987545013,0.00132198,0.0159877,0.0228514
415,0.999907,23.0066585541,0.0016464,0.0147445,0.0227701
416,0.999886,28.0017185211,0.0018935,0.0151684,0.0226891
417,0.999927,17.9969072342,0.000980627,0.0115385,0.0226083
418,0.999959,10.0048112869,0.000621816,0.00852523,0.0225278
419,0.999907,23.0066585541,0.00118914,0.0135149,0.0224476
420,0.999899,25.0046825409,0.00191173,0.0180579,0.0223677
421,0.999923,18.9959192276,0.0013944,0.0139383,0.0222881
422,0.999907,23.0066585541,0.00194032,0.0157248,0.0222088
423,0.999915,20.9939432144,0.00137987,0.0141445,0.0221298
424,0.999903,24.0056705475,0.00134773,0.0132,0.022051
425,0.999911,21.9929552078,0.00141111,0.0128531,0.0219725
426,0.999886,28.0017185211,0.00170366,0.0158686,0.0218943
427,0.999915,20.9939432144,0.0017206,0.0158366,0.0218164
428,0.999955,11.0038232803,0.000516006,0.00880386,0.0217387
429,0.999923,18.9959192276,0.000802433,0.0124039,0.0216614
430,0.999927,17.9969072342,0.0011757,0.0109345,0.0215843
431,0.999935,15.9988832474,0.00153087,0.0138851,0.0215074
432,0.999931,16.9978952408,0.000890976,0.0159342,0.0214309
433,0.999951,12.0028352737,0.000731554,0.0109094,0.0213546
434,0.999963,9.00579929352,0.000415975,0.0105254,0.0212786
435,0.999947,13.0018472672,0.000657244,0.0112771,0.0212029
436,0.999931,16.9978952408,0.000612721,0.0100483,0.0211274
437,0.999968,8.00678730011,0.000562203,0.00795783,0.0210522
438,0.999968,8.00678730011,0.000376964,0.00683653,0.0209773
439,0.999951,12.0028352737,0.000475387,0.00974236,0.0209026
440,0.999984,3.99604797363,0.000300484,0.00840764,0.0208282
441,0.999968,8.00678730011,0.000901636,0.0102544,0.0207541
442,0.999935,15.9988832474,0.000915163,0.0125118,0.0206802
443,0.999939,14.999871254,0.000636414,0.0113843,0.0206066
444,0.999968,8.00678730011,0.000405338,0.00911015,0.0205333
445,0.999935,15.9988832474,0.00103508,0.0116863,0.0204602
446,0.999943,14.0008592606,0.00113093,0.011945,0.0203874
447,0.999955,11.0038232803,0.000949554,0.0105656,0.0203148
448,0.999951,12.0028352737,0.000658421,0.00862055,0.0202425
449,0.999988,2.99703598022,0.000249426,0.00377679,0.0201704
450,0.999988,2.99703598022,9.29097e-05,0.00518802,0.0200986
451,1.0,0.0,7.43674e-06,0.00380449,0.0200271
1.0,7.43674e-06,1636.256337404251,0.00683594,0.00986146195897,0.000691904952712
