8,80,0.2,2,1000, .1 
0,0.485524,126808.000717,1.86792e+06,308.228,0.0999993
1,0.756528,60011.0030365,407.029,2.97126,0.0984033
2,0.972119,6871.99782372,3.14924,0.309289,0.0968328
3,0.998057,478.996868134,0.0108188,0.0201271,0.0952873
4,0.998986,250.00275135,0.00298372,0.0123236,0.0937664
5,0.998994,248.004727364,0.0032146,0.0127783,0.0922699
6,0.998961,255.996823311,0.00329364,0.0127838,0.0907972
7,0.998888,273.993730545,0.00354888,0.0140969,0.0893481
8,0.999002,246.006703377,0.00307517,0.0123364,0.087922
9,0.999022,240.996952057,0.00311735,0.0126487,0.0865188
10,0.998896,271.995706558,0.0033315,0.0131133,0.0851379
11,0.998994,248.004727364,0.00323181,0.0131439,0.0837791
12,0.999043,236.00189209,0.00291978,0.0122286,0.0824419
13,0.99901,243.993988037,0.00300569,0.0125959,0.0811261
14,0.999189,199.993386269,0.00242221,0.0107121,0.0798313
15,0.999124,216.006960869,0.00277042,0.0123164,0.0785571
16,0.999136,212.995233536,0.00250617,0.0120017,0.0773033
17,0.99918,202.006101608,0.0026005,0.0118764,0.0760695
18,0.999136,212.995233536,0.00277182,0.0128029,0.0748554
19,0.999164,206.002149582,0.0022987,0.0108824,0.0736607
20,0.999132,213.994245529,0.00267579,0.0119002,0.0724851
21,0.999254,183.994503021,0.00220384,0.0110988,0.0713282
22,0.999184,201.007089615,0.00224027,0.0106054,0.0701898
23,0.999249,184.993515015,0.00221203,0.0110717,0.0690695
24,0.99927,179.998455048,0.00216728,0.0109176,0.0679671
25,0.999245,186.007218361,0.0022206,0.0111632,0.0668823
26,0.999254,183.994503021,0.00209047,0.0101436,0.0658149
27,0.99918,202.006101608,0.00229362,0.0112618,0.0647644
28,0.999233,189.004254341,0.00218171,0.0104762,0.0637308
29,0.999229,190.003266335,0.0021534,0.0112795,0.0627136
30,0.999318,167.995619774,0.00193849,0.0102881,0.0617127
31,0.999322,166.99660778,0.00197308,0.01036,0.0607277
32,0.999294,174.004383087,0.00186083,0.00977845,0.0597585
33,0.999335,163.9995718,0.00181453,0.00971563,0.0588047
34,0.999355,159.004511833,0.00183822,0.0096432,0.0578661
35,0.999164,206.002149582,0.00232114,0.0117714,0.0569426
36,0.999347,161.00253582,0.00175523,0.00996731,0.0560337
37,0.999339,163.000559807,0.00172134,0.00931162,0.0551394
38,0.999274,178.999443054,0.00208843,0.0106503,0.0542594
39,0.999347,161.00253582,0.00180025,0.00957194,0.0533934
40,0.999327,165.997595787,0.00177497,0.01011,0.0525412
41,0.999335,163.9995718,0.00184602,0.0094232,0.0517026
42,0.999464,132.001805305,0.00139967,0.00846205,0.0508774
43,0.9994,148.000688553,0.0016394,0.0103131,0.0500654
44,0.999404,147.001676559,0.00160245,0.00940787,0.0492663
45,0.999473,130.003781319,0.00131731,0.00838569,0.04848
46,0.999379,152.99574852,0.00162254,0.00926407,0.0477063
47,0.999444,136.996865273,0.00153008,0.00906256,0.0469448
48,0.999537,114.004898071,0.00121482,0.00808276,0.0461956
49,0.999513,119.998970032,0.00131438,0.0076503,0.0454583
50,0.999464,132.001805305,0.00144244,0.00859722,0.0447327
51,0.999501,122.996006012,0.00130633,0.00831184,0.0440188
52,0.999464,132.001805305,0.00138721,0.00879914,0.0433162
53,0.999542,113.005886078,0.00120681,0.00768695,0.0426249
54,0.999469,131.002793312,0.00125088,0.00832722,0.0419446
55,0.999485,127.006745338,0.00130036,0.00808092,0.0412751
56,0.999574,104.999098778,0.00111679,0.00753059,0.0406164
57,0.999464,132.001805305,0.00134654,0.0085887,0.0399681
58,0.999578,104.000086784,0.00109753,0.00721155,0.0393302
59,0.999598,99.0050268173,0.00109696,0.00755715,0.0387025
60,0.999533,115.003910065,0.00125086,0.0077878,0.0380848
61,0.999586,102.002062798,0.00112677,0.00758001,0.0374769
62,0.99959,101.003050804,0.00111992,0.00749335,0.0368788
63,0.999586,102.002062798,0.0010572,0.00699547,0.0362902
64,0.999529,116.002922058,0.00109128,0.0073168,0.035711
65,0.999623,92.996263504,0.001032,0.00713573,0.035141
66,0.999594,100.004038811,0.00102293,0.00740568,0.0345801
67,0.999562,107.996134758,0.00112784,0.00813342,0.0340282
68,0.999558,108.995146751,0.00112966,0.00859822,0.0334851
69,0.999594,100.004038811,0.00107343,0.00749702,0.0329507
70,0.999619,93.9952754974,0.00102487,0.00723081,0.0324248
71,0.999631,90.9982395172,0.000982548,0.00741302,0.0319073
72,0.999635,89.9992275238,0.000959282,0.00706979,0.031398
73,0.999655,85.0041675568,0.00091755,0.0066623,0.0308969
74,0.999627,91.9972515106,0.00100173,0.00730837,0.0304038
75,0.999631,90.9982395172,0.000911428,0.00648448,0.0299185
76,0.999659,84.0051555634,0.0009349,0.00690509,0.029441
77,0.999651,86.0031795502,0.000886152,0.00703133,0.0289711
78,0.999631,90.9982395172,0.000939384,0.00693425,0.0285087
79,0.999696,74.9993562698,0.000845472,0.00605343,0.0280537
80,0.9997,74.0003442764,0.000884711,0.00627709,0.0276059
81,0.999663,83.0061435699,0.000911267,0.00673354,0.0271653
82,0.999667,82.0071315765,0.00090686,0.00684883,0.0267318
83,0.999692,75.9983682632,0.000832324,0.00703066,0.0263051
84,0.999688,76.9973802567,0.000877693,0.00647984,0.0258853
85,0.999712,71.0033082962,0.000836911,0.00659357,0.0254721
86,0.999692,75.9983682632,0.0008444,0.00593601,0.0250656
87,0.999708,72.0023202896,0.000829529,0.00614652,0.0246655
88,0.9997,74.0003442764,0.000777468,0.00624599,0.0242719
89,0.999704,73.001332283,0.000785899,0.0059567,0.0238845
90,0.999765,58.0014610291,0.00072303,0.00559542,0.0235033
91,0.999728,67.0072603226,0.000791654,0.00599751,0.0231282
92,0.999744,62.9965209961,0.000719496,0.00526639,0.022759
93,0.999712,71.0033082962,0.0007408,0.00601072,0.0223958
94,0.999761,59.0004730225,0.000759847,0.00586901,0.0220383
95,0.999728,67.0072603226,0.00077042,0.00592124,0.0216866
96,0.999748,61.9975090027,0.000768867,0.00624166,0.0213405
97,0.999781,54.0054130554,0.000715484,0.00574967,0.0209999
98,0.999744,62.9965209961,0.000733069,0.00562063,0.0206647
99,0.999809,46.9976377487,0.000639251,0.00504314,0.0203349
100,0.999793,50.9936857224,0.000684566,0.00538402,0.0200103
101,0.999801,48.9956617355,0.000661009,0.00558403,0.0196909
102,0.999777,55.0044250488,0.000673855,0.00542327,0.0193767
103,0.999773,56.0034370422,0.000715339,0.00585152,0.0190674
104,0.999757,59.9994850159,0.000693837,0.00584036,0.0187631
105,0.999813,45.9986257553,0.000651285,0.00516001,0.0184636
106,0.99983,42.0025777817,0.000612718,0.00534242,0.0181689
107,0.999809,46.9976377487,0.000634883,0.00516868,0.017879
108,0.999805,47.9966497421,0.000643016,0.00536788,0.0175936
109,0.999805,47.9966497421,0.000647396,0.00526688,0.0173128
110,0.999842,39.0055418015,0.000622417,0.00510543,0.0170365
111,0.999826,43.0015897751,0.000636758,0.0054053,0.0167646
112,0.999826,43.0015897751,0.000643129,0.00510056,0.016497
113,0.999813,45.9986257553,0.000620694,0.00495582,0.0162337
114,0.999846,38.006529808,0.000598083,0.0050085,0.0159746
115,0.999821,44.0006017685,0.000593376,0.0049786,0.0157196
116,0.999821,44.0006017685,0.000616141,0.00516362,0.0154687
117,0.999817,44.9996137619,0.000631454,0.00549194,0.0152219
118,0.999858,34.994802475,0.000562757,0.00436514,0.0149789
119,0.999817,44.9996137619,0.000609001,0.0048605,0.0147398
120,0.99985,36.9928264618,0.00057485,0.00456536,0.0145046
121,0.999834,41.0035657883,0.000567743,0.00423258,0.0142731
122,0.999862,33.9957904816,0.000548989,0.00450992,0.0140453
123,0.999842,39.0055418015,0.000570363,0.00448818,0.0138211
124,0.999842,39.0055418015,0.000568123,0.00485192,0.0136005
125,0.999842,39.0055418015,0.000574819,0.00489191,0.0133835
126,0.999846,38.006529808,0.000573323,0.00498046,0.0131698
127,0.999858,34.994802475,0.000557215,0.00457052,0.0129597
128,0.999858,34.994802475,0.000560424,0.00502213,0.0127528
129,0.99987,31.9977664948,0.000556819,0.00462476,0.0125493
130,0.99985,36.9928264618,0.000550259,0.0045503,0.012349
131,0.999858,34.994802475,0.000542115,0.0041085,0.0121519
132,0.999842,39.0055418015,0.000540447,0.00426072,0.0119579
133,0.999846,38.006529808,0.000557855,0.00435666,0.0117671
134,0.999854,35.9938144684,0.000538955,0.00466133,0.0115793
135,0.999858,34.994802475,0.000533196,0.00450718,0.0113945
136,0.999862,33.9957904816,0.000542926,0.00462442,0.0112126
137,0.999854,35.9938144684,0.000534199,0.00480904,0.0110336
138,0.999862,33.9957904816,0.000527184,0.00440107,0.0108575
139,0.999842,39.0055418015,0.000519812,0.00430394,0.0106843
140,0.999886,28.0017185211,0.000527093,0.00419639,0.0105137
141,0.999886,28.0017185211,0.00050178,0.00395799,0.0103459
142,0.99989,27.0027065277,0.000503628,0.0038261,0.0101808
143,0.999882,29.0007305145,0.000512602,0.00430692,0.0100183
144,0.999899,25.0046825409,0.000497406,0.00353793,0.00985841
145,0.99987,31.9977664948,0.000510505,0.0042574,0.00970107
146,0.999854,35.9938144684,0.000519582,0.00406267,0.00954624
147,0.999899,25.0046825409,0.000503923,0.00428673,0.00939388
148,0.999886,28.0017185211,0.000493806,0.00386233,0.00924395
149,0.999886,28.0017185211,0.000510332,0.00414142,0.00909641
150,0.999874,30.9987545013,0.000487789,0.00385089,0.00895122
151,0.999878,29.9997425079,0.000485301,0.00408029,0.00880836
152,0.999886,28.0017185211,0.000492672,0.00412741,0.00866777
153,0.999882,29.0007305145,0.000495497,0.0043228,0.00852943
154,0.999878,29.9997425079,0.00049056,0.00389237,0.0083933
155,0.99987,31.9977664948,0.000486118,0.00370941,0.00825934
156,0.999878,29.9997425079,0.000483166,0.00378598,0.00812752
157,0.99987,31.9977664948,0.000483852,0.00374089,0.0079978
158,0.999882,29.0007305145,0.000470311,0.00332445,0.00787015
159,0.99987,31.9977664948,0.000473782,0.00355222,0.00774454
160,0.999874,30.9987545013,0.000464136,0.0034644,0.00762093
161,0.999899,25.0046825409,0.000472989,0.00375005,0.0074993
162,0.999866,32.9967784882,0.000470905,0.0040874,0.00737961
163,0.999882,29.0007305145,0.000475704,0.00374605,0.00726183
164,0.999878,29.9997425079,0.000466702,0.00340428,0.00714592
165,0.999878,29.9997425079,0.000471384,0.0038612,0.00703187
166,0.999878,29.9997425079,0.000467375,0.00349898,0.00691964
167,0.999882,29.0007305145,0.000464148,0.00356195,0.0068092
168,0.999899,25.0046825409,0.000458522,0.00321362,0.00670052
169,0.999882,29.0007305145,0.000461527,0.00326331,0.00659358
170,0.999878,29.9997425079,0.000468193,0.00392555,0.00648834
171,0.99989,27.0027065277,0.000456781,0.00349332,0.00638479
172,0.999886,28.0017185211,0.000464301,0.00352766,0.00628288
173,0.999866,32.9967784882,0.000448027,0.00331975,0.0061826
174,0.999886,28.0017185211,0.000453308,0.00339283,0.00608393
175,0.999886,28.0017185211,0.000461796,0.0038965,0.00598683
176,0.99989,27.0027065277,0.000457494,0.00358924,0.00589127
177,0.999882,29.0007305145,0.000455049,0.00382698,0.00579725
178,0.999894,26.0036945343,0.000445333,0.00322058,0.00570472
179,0.999886,28.0017185211,0.000442121,0.00292156,0.00561367
180,0.999882,29.0007305145,0.000447972,0.00348643,0.00552407
181,0.999878,29.9997425079,0.000444691,0.0031185,0.00543591
182,0.999882,29.0007305145,0.000442819,0.00316987,0.00534915
183,0.999882,29.0007305145,0.000443613,0.0030307,0.00526377
184,0.999894,26.0036945343,0.000438428,0.00302304,0.00517976
185,0.999874,30.9987545013,0.000449999,0.00371427,0.00509709
186,0.999878,29.9997425079,0.000445966,0.00332615,0.00501574
187,0.999878,29.9997425079,0.000446004,0.00360169,0.00493569
188,0.99989,27.0027065277,0.000436849,0.00305083,0.00485691
189,0.999882,29.0007305145,0.000434415,0.00319867,0.00477939
190,0.999882,29.0007305145,0.000430211,0.00283346,0.00470311
191,0.999874,30.9987545013,0.000434206,0.00346234,0.00462805
192,0.999882,29.0007305145,0.000435929,0.00299424,0.00455418
193,0.999878,29.9997425079,0.000440778,0.00346516,0.00448149
194,0.999882,29.0007305145,0.000431046,0.00324517,0.00440997
195,0.999882,29.0007305145,0.000437542,0.0033191,0.00433958
196,0.999878,29.9997425079,0.000432621,0.00296395,0.00427032
197,0.999882,29.0007305145,0.000430807,0.00315023,0.00420217
198,0.999882,29.0007305145,0.000433033,0.00326838,0.0041351
199,0.999882,29.0007305145,0.000433379,0.00301421,0.0040691
200,0.999886,28.0017185211,0.000428644,0.00273769,0.00400416
201,0.99987,31.9977664948,0.000436462,0.0034847,0.00394025
202,0.999886,28.0017185211,0.00043191,0.00299894,0.00387736
203,0.99989,27.0027065277,0.000430227,0.00294803,0.00381547
204,0.999886,28.0017185211,0.000422635,0.00274558,0.00375458
205,0.999878,29.9997425079,0.000429048,0.00302357,0.00369465
206,0.999878,29.9997425079,0.000426491,0.00316223,0.00363569
207,0.99989,27.0027065277,0.000422732,0.00299135,0.00357766
208,0.999882,29.0007305145,0.000428242,0.00329396,0.00352056
209,0.99989,27.0027065277,0.000423518,0.00264518,0.00346437
210,0.99989,27.0027065277,0.000426161,0.00319084,0.00340907
211,0.999878,29.9997425079,0.000424063,0.00284301,0.00335466
212,0.999882,29.0007305145,0.000425957,0.00310463,0.00330112
213,0.999894,26.0036945343,0.000420812,0.00255131,0.00324844
214,0.999886,28.0017185211,0.00041807,0.00251114,0.00319659
215,0.999882,29.0007305145,0.00042329,0.00291227,0.00314557
216,0.99989,27.0027065277,0.000425581,0.00317668,0.00309537
217,0.99989,27.0027065277,0.000421414,0.00296251,0.00304596
218,0.999882,29.0007305145,0.000420491,0.00288008,0.00299735
219,0.999882,29.0007305145,0.000421993,0.0032363,0.00294951
220,0.999886,28.0017185211,0.000419262,0.0027808,0.00290243
221,0.999894,26.0036945343,0.000419506,0.00265056,0.00285611
222,0.99989,27.0027065277,0.000418979,0.00272065,0.00281052
223,0.999894,26.0036945343,0.000418875,0.00277002,0.00276567
224,0.999882,29.0007305145,0.000419579,0.0029877,0.00272153
225,0.99989,27.0027065277,0.00041732,0.00261851,0.00267809
226,0.999886,28.0017185211,0.000418705,0.00277866,0.00263535
227,0.99989,27.0027065277,0.000415352,0.00262846,0.00259328
228,0.999882,29.0007305145,0.000415125,0.00257755,0.0025519
229,0.99989,27.0027065277,0.00041366,0.00260729,0.00251117
230,0.999882,29.0007305145,0.000415566,0.00270328,0.00247109
231,0.999886,28.0017185211,0.000410834,0.00238835,0.00243165
232,0.999886,28.0017185211,0.000414798,0.00260409,0.00239284
233,0.99989,27.0027065277,0.000411875,0.00226723,0.00235465
234,0.999886,28.0017185211,0.000413461,0.00301074,0.00231707
235,0.999886,28.0017185211,0.000411065,0.00254861,0.00228008
236,0.999894,26.0036945343,0.000413891,0.00270349,0.00224369
237,0.99989,27.0027065277,0.000411394,0.00246592,0.00220788
238,0.999899,25.0046825409,0.000413812,0.0025643,0.00217264
239,0.99989,27.0027065277,0.000409996,0.00260214,0.00213797
240,0.999886,28.0017185211,0.000412307,0.00277723,0.00210384
241,0.99989,27.0027065277,0.000412183,0.00267122,0.00207027
242,0.99989,27.0027065277,0.000410992,0.00245025,0.00203722
243,0.99989,27.0027065277,0.000410216,0.00263216,0.00200471
244,0.999886,28.0017185211,0.000409612,0.0026019,0.00197271
245,0.99989,27.0027065277,0.000410948,0.00261953,0.00194123
246,0.999886,28.0017185211,0.000407953,0.00249828,0.00191024
247,0.999899,25.0046825409,0.000411019,0.00276155,0.00187976
248,0.999894,26.0036945343,0.000409551,0.00255046,0.00184975
249,0.999886,28.0017185211,0.000410745,0.00261724,0.00182023
250,0.999882,29.0007305145,0.000408299,0.00271429,0.00179118
251,0.999894,26.0036945343,0.000409964,0.00288241,0.00176259
252,0.999894,26.0036945343,0.000409156,0.00282735,0.00173446
253,0.999894,26.0036945343,0.000406689,0.002415,0.00170678
254,0.99989,27.0027065277,0.000409763,0.00272113,0.00167954
255,0.999894,26.0036945343,0.000407645,0.00246067,0.00165273
256,0.99989,27.0027065277,0.000407818,0.00250755,0.00162635
257,0.999899,25.0046825409,0.000408568,0.00285467,0.0016004
258,0.999894,26.0036945343,0.000406831,0.00253439,0.00157485
259,0.999899,25.0046825409,0.000406094,0.00269339,0.00154972
260,0.999899,25.0046825409,0.000406503,0.00253049,0.00152498
261,0.999899,25.0046825409,0.000405431,0.00246405,0.00150064
262,0.999894,26.0036945343,0.000407375,0.00270164,0.00147669
263,0.999894,26.0036945343,0.000406367,0.00273458,0.00145312
264,0.999894,26.0036945343,0.000405498,0.00262328,0.00142993
265,0.999894,26.0036945343,0.000405745,0.00241808,0.00140711
266,0.99989,27.0027065277,0.000404848,0.0025737,0.00138465
267,0.999894,26.0036945343,0.000404694,0.00247504,0.00136255
268,0.999899,25.0046825409,0.000405522,0.00250347,0.0013408
269,0.999903,24.0056705475,0.000403585,0.0025409,0.0013194
270,0.999907,23.0066585541,0.000404926,0.00284843,0.00129835
271,0.999899,25.0046825409,0.000403356,0.00238286,0.00127762
272,0.999907,23.0066585541,0.000403679,0.002741,0.00125723
273,0.999899,25.0046825409,0.000403944,0.00237983,0.00123717
274,0.999907,23.0066585541,0.000403738,0.00250389,0.00121742
275,0.999903,24.0056705475,0.000403936,0.00261327,0.00119799
276,0.999903,24.0056705475,0.000402581,0.00235973,0.00117887
277,0.999903,24.0056705475,0.000402922,0.00245255,0.00116006
278,0.999903,24.0056705475,0.000403689,0.00295745,0.00114154
279,0.999907,23.0066585541,0.000402554,0.0028191,0.00112332
280,0.999894,26.0036945343,0.000403718,0.00288931,0.00110539
281,0.999899,25.0046825409,0.000401932,0.00265433,0.00108775
282,0.999899,25.0046825409,0.000402524,0.00258072,0.00107039
283,0.999907,23.0066585541,0.000401512,0.00240479,0.0010533
284,0.999894,26.0036945343,0.000402222,0.00277518,0.00103649
285,0.999903,24.0056705475,0.000401135,0.00276065,0.00101995
286,0.999903,24.0056705475,0.000400877,0.0023624,0.00100367
287,0.999907,23.0066585541,0.000403153,0.00276252,0.000987653
288,0.999907,23.0066585541,0.000402197,0.00255395,0.00097189
289,0.99989,27.0027065277,0.000401256,0.00242665,0.000956378
290,0.999903,24.0056705475,0.000401575,0.00256197,0.000941114
291,0.999903,24.0056705475,0.000400865,0.00228897,0.000926093
292,0.999903,24.0056705475,0.000400993,0.00254635,0.000911312
293,0.999903,24.0056705475,0.000401235,0.00269927,0.000896767
294,0.999903,24.0056705475,0.000400856,0.00260173,0.000882455
295,0.999903,24.0056705475,0.000400352,0.00270736,0.00086837
296,0.999894,26.0036945343,0.000401275,0.00265143,0.000854511
297,0.999907,23.0066585541,0.000400162,0.0026243,0.000840872
298,0.999899,25.0046825409,0.000400088,0.0026693,0.000827452
299,0.999907,23.0066585541,0.000399995,0.00261479,0.000814245
300,0.999899,25.0046825409,0.00039926,0.00237448,0.00080125
301,0.999903,24.0056705475,0.000399967,0.00245405,0.000788461
302,0.999903,24.0056705475,0.000399365,0.00233428,0.000775877
303,0.999907,23.0066585541,0.000399303,0.00241717,0.000763494
304,0.999907,23.0066585541,0.000400578,0.00302966,0.000751308
305,0.999903,24.0056705475,0.000400397,0.00270446,0.000739317
306,0.999903,24.0056705475,0.000399001,0.0023802,0.000727517
307,0.999903,24.0056705475,0.000398855,0.00236564,0.000715906
308,0.999903,24.0056705475,0.000398783,0.0022587,0.00070448
309,0.999903,24.0056705475,0.000398508,0.00224582,0.000693236
310,0.999907,23.0066585541,0.000399206,0.00286788,0.000682171
311,0.999903,24.0056705475,0.000398796,0.00254199,0.000671284
312,0.999907,23.0066585541,0.000398506,0.00262387,0.00066057
313,0.999911,21.9929552078,0.000398631,0.00255051,0.000650027
314,0.999903,24.0056705475,0.000397975,0.00265442,0.000639652
315,0.999903,24.0056705475,0.000399293,0.00251129,0.000629443
316,0.999903,24.0056705475,0.000398281,0.00240032,0.000619397
317,0.999903,24.0056705475,0.000398085,0.00223084,0.000609511
318,0.999903,24.0056705475,0.000398722,0.00269934,0.000599783
319,0.999903,24.0056705475,0.000397616,0.00240502,0.00059021
320,0.999903,24.0056705475,0.000397822,0.00239358,0.00058079
321,0.999903,24.0056705475,0.000397635,0.0026129,0.00057152
322,0.999903,24.0056705475,0.000398485,0.00242926,0.000562399
323,0.999903,24.0056705475,0.000397162,0.00240655,0.000553423
324,0.999903,24.0056705475,0.000397222,0.00228915,0.00054459
325,0.999903,24.0056705475,0.000397321,0.00226531,0.000535898
326,0.999903,24.0056705475,0.000397204,0.00226744,0.000527345
327,0.999907,23.0066585541,0.000397369,0.00249635,0.000518928
328,0.999907,23.0066585541,0.000397642,0.00258258,0.000510646
329,0.999903,24.0056705475,0.000397445,0.00261461,0.000502496
330,0.999903,24.0056705475,0.000397098,0.00211076,0.000494475
331,0.999903,24.0056705475,0.000396783,0.00243126,0.000486584
332,0.999907,23.0066585541,0.000397354,0.00254244,0.000478817
333,0.999903,24.0056705475,0.000396778,0.00253391,0.000471175
334,0.999903,24.0056705475,0.000396485,0.00245524,0.000463655
335,0.999903,24.0056705475,0.000396688,0.00223789,0.000456255
336,0.999903,24.0056705475,0.000396713,0.00260009,0.000448973
337,0.999903,24.0056705475,0.000396818,0.00251388,0.000441807
338,0.999903,24.0056705475,0.000396226,0.00223864,0.000434756
339,0.999903,24.0056705475,0.0003964,0.0024417,0.000427817
340,0.999903,24.0056705475,0.000396765,0.0025304,0.000420989
341,0.999907,23.0066585541,0.000395996,0.00222977,0.00041427
342,0.999903,24.0056705475,0.000396548,0.0024464,0.000407658
343,0.999903,24.0056705475,0.000396609,0.00259929,0.000401151
344,0.999903,24.0056705475,0.000396563,0.00236692,0.000394749
345,0.999903,24.0056705475,0.000395892,0.00223364,0.000388448
346,0.999903,24.0056705475,0.000396365,0.00261111,0.000382249
347,0.999903,24.0056705475,0.00039615,0.00258277,0.000376148
348,0.999903,24.0056705475,0.000395887,0.00228863,0.000370144
349,0.999907,23.0066585541,0.000395782,0.00225137,0.000364237
350,0.999903,24.0056705475,0.000395487,0.0025372,0.000358423
351,0.999903,24.0056705475,0.000395885,0.00252221,0.000352703
352,0.999903,24.0056705475,0.000396013,0.00246699,0.000347073
353,0.999903,24.0056705475,0.00039592,0.00239645,0.000341534
354,0.999907,23.0066585541,0.000395671,0.00243893,0.000336083
355,0.999907,23.0066585541,0.000395828,0.00243058,0.000330719
356,0.999903,24.0056705475,0.000395528,0.00260494,0.000325441
357,0.999903,24.0056705475,0.000395649,0.00255613,0.000320246
358,0.999907,23.0066585541,0.00039587,0.00251143,0.000315135
359,0.999903,24.0056705475,0.000395449,0.00250155,0.000310105
360,0.999907,23.0066585541,0.000395288,0.00226038,0.000305156
361,0.999907,23.0066585541,0.000395569,0.00242881,0.000300286
362,0.999907,23.0066585541,0.000395257,0.00242413,0.000295493
363,0.999903,24.0056705475,0.000395419,0.00247718,0.000290777
364,0.999903,24.0056705475,0.000395233,0.00232851,0.000286136
365,0.999903,24.0056705475,0.000395218,0.00251677,0.000281569
366,0.999903,24.0056705475,0.000395301,0.00238248,0.000277075
367,0.999903,24.0056705475,0.000395632,0.00241101,0.000272653
368,0.999903,24.0056705475,0.000395188,0.00249032,0.000268301
369,0.999903,24.0056705475,0.000395364,0.00252229,0.000264019
370,0.999903,24.0056705475,0.000395164,0.00239192,0.000259805
371,0.999907,23.0066585541,0.000395065,0.0024415,0.000255658
372,0.999907,23.0066585541,0.000395204,0.00247266,0.000251578
373,0.999903,24.0056705475,0.000394878,0.00222719,0.000247563
374,0.999907,23.0066585541,0.000394806,0.00220005,0.000243612
375,0.999907,23.0066585541,0.000395139,0.00229039,0.000239723
376,0.999907,23.0066585541,0.00039474,0.002467,0.000235897
377,0.999903,24.0056705475,0.000394971,0.00233934,0.000232132
378,0.999907,23.0066585541,0.000394612,0.00227358,0.000228427
379,0.999903,24.0056705475,0.000394848,0.00259983,0.000224782
380,0.999903,24.0056705475,0.000395088,0.002585,0.000221194
381,0.999907,23.0066585541,0.000394607,0.00217011,0.000217664
382,0.999903,24.0056705475,0.00039466,0.00241294,0.00021419
383,0.999903,24.0056705475,0.000394651,0.00233372,0.000210771
384,0.999907,23.0066585541,0.000394675,0.00226036,0.000207407
385,0.999903,24.0056705475,0.00039458,0.00214607,0.000204097
386,0.999903,24.0056705475,0.000394597,0.00232336,0.000200839
387,0.999903,24.0056705475,0.000394406,0.00230206,0.000197634
388,0.999903,24.0056705475,0.00039458,0.00245676,0.000194479
389,0.999903,24.0056705475,0.000394578,0.00232769,0.000191376
390,0.999903,24.0056705475,0.000394542,0.00252078,0.000188321
391,0.999903,24.0056705475,0.000394561,0.00231352,0.000185315
392,0.999903,24.0056705475,0.000394461,0.00241422,0.000182358
393,0.999903,24.0056705475,0.000394414,0.00248992,0.000179447
394,0.999903,24.0056705475,0.00039438,0.00232419,0.000176583
395,0.999903,24.0056705475,0.000394363,0.00267066,0.000173765
396,0.999903,24.0056705475,0.000394454,0.00252257,0.000170991
397,0.999903,24.0056705475,0.000394488,0.00242183,0.000168262
398,0.999903,24.0056705475,0.000394571,0.00271665,0.000165577
399,0.999903,24.0056705475,0.000394293,0.00239985,0.000162934
400,0.999903,24.0056705475,0.000394208,0.0021494,0.000160334
401,0.999907,23.0066585541,0.000394116,0.00242696,0.000157775
402,0.999903,24.0056705475,0.000394273,0.00256871,0.000155257
403,0.999907,23.0066585541,0.000393947,0.00225942,0.000152779
404,0.999903,24.0056705475,0.000394059,0.00229932,0.00015034
405,0.999903,24.0056705475,0.00039435,0.00253092,0.000147941
406,0.999907,23.0066585541,0.000394075,0.0024595,0.000145579
407,0.999907,23.0066585541,0.000394082,0.00247268,0.000143256
408,0.999903,24.0056705475,0.000394236,0.00236915,0.000140969
409,0.999903,24.0056705475,0.000394077,0.00222807,0.00013872
410,0.999907,23.0066585541,0.000394025,0.00205425,0.000136506
411,0.999903,24.0056705475,0.000394057,0.00240608,0.000134327
412,0.999903,24.0056705475,0.000394059,0.00243884,0.000132183
413,0.999903,24.0056705475,0.00039405,0.002258,0.000130073
414,0.999903,24.0056705475,0.000394063,0.00228428,0.000127997
415,0.999907,23.0066585541,0.000393915,0.0021991,0.000125954
416,0.999907,23.0066585541,0.00039398,0.00245135,0.000123944
417,0.999907,23.0066585541,0.000393931,0.00237368,0.000121966
418,0.999903,24.0056705475,0.00039406,0.00237267,0.000120019
419,0.999903,24.0056705475,0.000393837,0.00244596,0.000118104
420,0.999907,23.0066585541,0.000393898,0.00222223,0.000116219
421,0.999907,23.0066585541,0.000393978,0.00251544,0.000114364
422,0.999907,23.0066585541,0.00039397,0.00248773,0.000112538
423,0.999903,24.0056705475,0.000393885,0.00248611,0.000110742
424,0.999903,24.0056705475,0.00039369,0.00216046,0.000108975
425,0.999903,24.0056705475,0.000393824,0.00232085,0.000107236
426,0.999907,23.0066585541,0.00039376,0.00236415,0.000105524
427,0.999907,23.0066585541,0.000393761,0.00247544,0.00010384
428,0.999907,23.0066585541,0.000393802,0.00254895,0.000102182
429,0.999903,24.0056705475,0.000393763,0.00227761,0.000100552
430,0.999903,24.0056705475,0.000393893,0.00251365,9.89468e-05
431,0.999907,23.0066585541,0.000393686,0.00228355,9.73675e-05
432,0.999903,24.0056705475,0.000393735,0.00220978,9.58135e-05
433,0.999903,24.0056705475,0.000393724,0.00238262,9.42843e-05
434,0.999907,23.0066585541,0.000393749,0.00243828,9.27795e-05
435,0.999903,24.0056705475,0.000393727,0.00237023,9.12987e-05
436,0.999903,24.0056705475,0.000393686,0.00199425,8.98416e-05
437,0.999903,24.0056705475,0.000393715,0.00233191,8.84076e-05
438,0.999907,23.0066585541,0.000393701,0.00221393,8.69966e-05
439,0.999907,23.0066585541,0.000393606,0.00210353,8.56081e-05
440,0.999903,24.0056705475,0.000393644,0.00250142,8.42418e-05
441,0.999903,24.0056705475,0.0003937,0.0023514,8.28972e-05
442,0.999903,24.0056705475,0.000393666,0.00225299,8.15741e-05
443,0.999903,24.0056705475,0.000393641,0.00231,8.02722e-05
444,0.999903,24.0056705475,0.000393649,0.00191244,7.8991e-05
445,0.999903,24.0056705475,0.000393549,0.0021296,7.77303e-05
446,0.999903,24.0056705475,0.000393547,0.00220401,7.64897e-05
447,0.999907,23.0066585541,0.000393523,0.00210912,7.52689e-05
448,0.999903,24.0056705475,0.000393542,0.00230472,7.40676e-05
449,0.999907,23.0066585541,0.000393584,0.00232384,7.28854e-05
450,0.999903,24.0056705475,0.000393583,0.00237845,7.17221e-05
451,0.999903,24.0056705475,0.000393518,0.00235523,7.05774e-05
452,0.999903,24.0056705475,0.000393487,0.00229855,6.9451e-05
453,0.999907,23.0066585541,0.000393528,0.00216037,6.83425e-05
454,0.999903,24.0056705475,0.000393468,0.00210091,6.72517e-05
455,0.999903,24.0056705475,0.000393528,0.00238823,6.61783e-05
456,0.999903,24.0056705475,0.000393499,0.00248738,6.51221e-05
457,0.999903,24.0056705475,0.000393462,0.00200124,6.40828e-05
458,0.999903,24.0056705475,0.000393504,0.00226433,6.306e-05
459,0.999903,24.0056705475,0.000393505,0.00217082,6.20535e-05
460,0.999903,24.0056705475,0.00039348,0.00221077,6.10631e-05
461,0.999903,24.0056705475,0.000393556,0.00232843,6.00885e-05
462,0.999907,23.0066585541,0.000393477,0.00215486,5.91295e-05
463,0.999907,23.0066585541,0.000393458,0.00222311,5.81857e-05
464,0.999903,24.0056705475,0.0003935,0.00210235,5.72571e-05
465,0.999903,24.0056705475,0.000393465,0.00207874,5.63432e-05
466,0.999903,24.0056705475,0.000393442,0.00209585,5.54439e-05
467,0.999903,24.0056705475,0.000393472,0.00207344,5.4559e-05
468,0.999903,24.0056705475,0.00039347,0.0023507,5.36883e-05
469,0.999903,24.0056705475,0.000393498,0.00225437,5.28314e-05
470,0.999903,24.0056705475,0.00039344,0.00203687,5.19882e-05
471,0.999903,24.0056705475,0.000393417,0.00210068,5.11584e-05
472,0.999903,24.0056705475,0.000393468,0.00235483,5.03419e-05
473,0.999903,24.0056705475,0.00039346,0.00227478,4.95384e-05
474,0.999903,24.0056705475,0.000393434,0.00217574,4.87477e-05
475,0.999903,24.0056705475,0.000393413,0.00236376,4.79697e-05
476,0.999903,24.0056705475,0.000393403,0.0021223,4.72041e-05
477,0.999903,24.0056705475,0.000393381,0.00224025,4.64507e-05
478,0.999903,24.0056705475,0.000393422,0.00199206,4.57094e-05
479,0.999907,23.0066585541,0.000393383,0.00203665,4.49798e-05
480,0.999903,24.0056705475,0.000393408,0.00227668,4.42619e-05
481,0.999907,23.0066585541,0.000393415,0.00187564,4.35555e-05
482,0.999903,24.0056705475,0.000393384,0.00212506,4.28603e-05
483,0.999907,23.0066585541,0.000393393,0.00221493,4.21762e-05
484,0.999907,23.0066585541,0.000393377,0.00218142,4.15031e-05
485,0.999907,23.0066585541,0.000393439,0.00213714,4.08407e-05
486,0.999903,24.0056705475,0.000393403,0.00187391,4.01889e-05
487,0.999907,23.0066585541,0.000393358,0.00203814,3.95474e-05
488,0.999903,24.0056705475,0.000393346,0.00211899,3.89162e-05
489,0.999903,24.0056705475,0.000393331,0.00207897,3.82951e-05
490,0.999903,24.0056705475,0.000393319,0.00233207,3.76839e-05
491,0.999907,23.0066585541,0.000393324,0.0022845,3.70824e-05
492,0.999907,23.0066585541,0.000393324,0.00216551,3.64906e-05
493,0.999907,23.0066585541,0.000393296,0.00183879,3.59082e-05
494,0.999907,23.0066585541,0.000393346,0.00222114,3.53351e-05
495,0.999907,23.0066585541,0.000393305,0.002178,3.47711e-05
496,0.999907,23.0066585541,0.000393323,0.00205192,3.42162e-05
497,0.999907,23.0066585541,0.000393299,0.00218524,3.36701e-05
498,0.999907,23.0066585541,0.000393303,0.00213978,3.31327e-05
499,0.999907,23.0066585541,0.000393313,0.00224351,3.26039e-05
500,0.999907,23.0066585541,0.000393356,0.0021998,3.20835e-05
501,0.999907,23.0066585541,0.000393314,0.00193385,3.15714e-05
502,0.999907,23.0066585541,0.000393327,0.00193276,3.10675e-05
503,0.999907,23.0066585541,0.000393347,0.00218333,3.05717e-05
504,0.999907,23.0066585541,0.000393339,0.00220029,3.00837e-05
505,0.999907,23.0066585541,0.000393339,0.0019599,2.96036e-05
506,0.999907,23.0066585541,0.000393346,0.00200192,2.91311e-05
507,0.999907,23.0066585541,0.000393337,0.00202457,2.86662e-05
508,0.999907,23.0066585541,0.000393368,0.00214084,2.82086e-05
509,0.999907,23.0066585541,0.00039332,0.00187882,2.77584e-05
510,0.999907,23.0066585541,0.000393355,0.00202809,2.73154e-05
511,0.999907,23.0066585541,0.000393341,0.00188247,2.68794e-05
512,0.999907,23.0066585541,0.000393371,0.00189013,2.64504e-05
513,0.999907,23.0066585541,0.000393376,0.00189425,2.60283e-05
514,0.999907,23.0066585541,0.00039336,0.00204177,2.56128e-05
515,0.999907,23.0066585541,0.000393391,0.00209872,2.5204e-05
516,0.999907,23.0066585541,0.000393391,0.00183891,2.48018e-05
517,0.999907,23.0066585541,0.000393426,0.00215811,2.44059e-05
518,0.999907,23.0066585541,0.000393435,0.00195283,2.40164e-05
519,0.999907,23.0066585541,0.000393459,0.0019727,2.36331e-05
520,0.999907,23.0066585541,0.000393461,0.00204582,2.32559e-05
521,0.999907,23.0066585541,0.000393465,0.00204796,2.28847e-05
522,0.999907,23.0066585541,0.000393472,0.00205119,2.25195e-05
523,0.999907,23.0066585541,0.000393477,0.00214102,2.216e-05
524,0.999907,23.0066585541,0.000393519,0.0022755,2.18064e-05
525,0.999907,23.0066585541,0.000393475,0.00200205,2.14583e-05
526,0.999907,23.0066585541,0.00039351,0.00199065,2.11158e-05
527,0.999907,23.0066585541,0.000393511,0.00211468,2.07788e-05
528,0.999907,23.0066585541,0.00039353,0.00235326,2.04472e-05
529,0.999907,23.0066585541,0.000393526,0.00203912,2.01208e-05
530,0.999907,23.0066585541,0.00039358,0.00238877,1.97997e-05
531,0.999907,23.0066585541,0.000393559,0.00184533,1.94837e-05
532,0.999907,23.0066585541,0.000393591,0.00228967,1.91727e-05
533,0.999907,23.0066585541,0.000393591,0.00207402,1.88667e-05
534,0.999907,23.0066585541,0.000393596,0.00211382,1.85656e-05
535,0.999907,23.0066585541,0.000393612,0.00211171,1.82693e-05
536,0.999907,23.0066585541,0.000393656,0.0020863,1.79777e-05
537,0.999907,23.0066585541,0.000393632,0.00215278,1.76908e-05
538,0.999907,23.0066585541,0.000393628,0.00210127,1.74084e-05
539,0.999907,23.0066585541,0.000393666,0.00213586,1.71306e-05
540,0.999907,23.0066585541,0.000393654,0.00219497,1.68571e-05
541,0.999907,23.0066585541,0.000393676,0.00215573,1.65881e-05
542,0.999907,23.0066585541,0.00039365,0.00222148,1.63234e-05
543,0.999907,23.0066585541,0.000393663,0.00210914,1.60628e-05
544,0.999907,23.0066585541,0.00039367,0.00211967,1.58065e-05
545,0.999907,23.0066585541,0.000393692,0.00193717,1.55542e-05
546,0.999907,23.0066585541,0.000393707,0.00212243,1.53059e-05
547,0.999907,23.0066585541,0.000393713,0.00202159,1.50616e-05
548,0.999907,23.0066585541,0.000393714,0.00196478,1.48213e-05
549,0.999907,23.0066585541,0.000393727,0.00203258,1.45847e-05
550,0.999907,23.0066585541,0.000393749,0.00192833,1.43519e-05
551,0.999907,23.0066585541,0.00039377,0.00203729,1.41228e-05
552,0.999907,23.0066585541,0.000393763,0.00195978,1.38975e-05
553,0.999907,23.0066585541,0.000393788,0.00213889,1.36756e-05
554,0.999907,23.0066585541,0.000393807,0.00204503,1.34574e-05
555,0.999907,23.0066585541,0.000393833,0.00203984,1.32426e-05
556,0.999907,23.0066585541,0.000393828,0.00214345,1.30312e-05
557,0.999907,23.0066585541,0.000393863,0.00211378,1.28232e-05
558,0.999907,23.0066585541,0.000393865,0.00206497,1.26186e-05
559,0.999907,23.0066585541,0.00039387,0.0020161,1.24172e-05
560,0.999907,23.0066585541,0.000393895,0.00193304,1.2219e-05
561,0.999907,23.0066585541,0.000393916,0.00211042,1.2024e-05
562,0.999907,23.0066585541,0.000393933,0.00206723,1.18321e-05
563,0.999907,23.0066585541,0.000393947,0.00198453,1.16432e-05
564,0.999907,23.0066585541,0.000393941,0.0021437,1.14574e-05
565,0.999907,23.0066585541,0.000393937,0.00194577,1.12745e-05
566,0.999907,23.0066585541,0.000393935,0.00195829,1.10946e-05
567,0.999907,23.0066585541,0.000393938,0.00191078,1.09175e-05
568,0.999907,23.0066585541,0.000393925,0.0019944,1.07433e-05
569,0.999907,23.0066585541,0.000393933,0.00196035,1.05718e-05
570,0.999907,23.0066585541,0.00039393,0.00200303,1.04031e-05
571,0.999907,23.0066585541,0.000393934,0.00210606,1.0237e-05
572,0.999907,23.0066585541,0.00039393,0.0020654,1.00736e-05
573,0.999907,23.0066585541,0.000393931,0.00205272,9.91286e-06
574,0.999907,23.0066585541,0.000393927,0.00198673,9.75465e-06
575,0.999907,23.0066585541,0.000393923,0.00206681,9.59896e-06
576,0.999907,23.0066585541,0.000393922,0.00199776,9.44576e-06
577,0.999907,23.0066585541,0.000393924,0.00211486,9.295e-06
578,0.999907,23.0066585541,0.000393917,0.00203144,9.14664e-06
579,0.999907,23.0066585541,0.000393927,0.00191961,9.00067e-06
580,0.999907,23.0066585541,0.00039392,0.00200366,8.85701e-06
581,0.999907,23.0066585541,0.000393928,0.00189732,8.71564e-06
582,0.999907,23.0066585541,0.000393923,0.00186708,8.57654e-06
583,0.999907,23.0066585541,0.000393935,0.00185615,8.43966e-06
584,0.999907,23.0066585541,0.000393929,0.00180459,8.30496e-06
585,0.999907,23.0066585541,0.000393931,0.00188005,8.1724e-06
586,0.999907,23.0066585541,0.000393925,0.00194393,8.04197e-06
587,0.999907,23.0066585541,0.000393926,0.00181755,7.91362e-06
588,0.999907,23.0066585541,0.000393938,0.00183835,7.78731e-06
589,0.999907,23.0066585541,0.000393926,0.0018543,7.66302e-06
590,0.999907,23.0066585541,0.000393931,0.00178408,7.54072e-06
591,0.999907,23.0066585541,0.000393929,0.00182224,7.42036e-06
592,0.999907,23.0066585541,0.000393923,0.00174462,7.30193e-06
593,0.999907,23.0066585541,0.000393934,0.00191593,7.18539e-06
594,0.999907,23.0066585541,0.000393931,0.00191197,7.07071e-06
595,0.999907,23.0066585541,0.000393928,0.00186092,6.95786e-06
596,0.999907,23.0066585541,0.000393914,0.00197988,6.8468e-06
597,0.999907,23.0066585541,0.000393906,0.00186324,6.73753e-06
598,0.999907,23.0066585541,0.000393913,0.00195599,6.63e-06
599,0.999907,23.0066585541,0.000393911,0.00197697,6.52418e-06
600,0.999907,23.0066585541,0.000393914,0.00198362,6.42005e-06
601,0.999907,23.0066585541,0.000393908,0.00197857,6.31758e-06
602,0.999907,23.0066585541,0.0003939,0.00203938,6.21675e-06
603,0.999907,23.0066585541,0.000393898,0.001946,6.11753e-06
604,0.999907,23.0066585541,0.000393893,0.00203569,6.01989e-06
605,0.999907,23.0066585541,0.000393901,0.00204436,5.92381e-06
606,0.999907,23.0066585541,0.000393903,0.00201214,5.82926e-06
607,0.999907,23.0066585541,0.000393904,0.00205306,5.73623e-06
608,0.999907,23.0066585541,0.000393895,0.00200014,5.64468e-06
609,0.999907,23.0066585541,0.000393901,0.00201982,5.55458e-06
610,0.999907,23.0066585541,0.000393901,0.00203111,5.46593e-06
611,0.999907,23.0066585541,0.000393904,0.00201663,5.37869e-06
612,0.999907,23.0066585541,0.000393897,0.00207562,5.29285e-06
613,0.999907,23.0066585541,0.000393908,0.00202505,5.20837e-06
614,0.999907,23.0066585541,0.00039391,0.00197017,5.12524e-06
615,0.999907,23.0066585541,0.000393907,0.00205837,5.04344e-06
616,0.999907,23.0066585541,0.000393902,0.00198419,4.96294e-06
617,0.999907,23.0066585541,0.000393906,0.00199619,4.88373e-06
618,0.999907,23.0066585541,0.000393904,0.00194143,4.80579e-06
619,0.999907,23.0066585541,0.00039391,0.00205583,4.72909e-06
620,0.999907,23.0066585541,0.0003939,0.00204152,4.65361e-06
621,0.999907,23.0066585541,0.000393903,0.00203768,4.57934e-06
622,0.999907,23.0066585541,0.000393901,0.00203091,4.50625e-06
623,0.999907,23.0066585541,0.000393908,0.00203508,4.43432e-06
624,0.999907,23.0066585541,0.000393918,0.0019341,4.36355e-06
625,0.999907,23.0066585541,0.000393913,0.00199975,4.29391e-06
626,0.999907,23.0066585541,0.000393915,0.00197313,4.22537e-06
627,0.999907,23.0066585541,0.000393916,0.00202993,4.15793e-06
628,0.999907,23.0066585541,0.000393917,0.00202993,4.09157e-06
629,0.999907,23.0066585541,0.000393924,0.00207388,4.02627e-06
630,0.999907,23.0066585541,0.000393922,0.00204472,3.96201e-06
631,0.999907,23.0066585541,0.000393927,0.00207914,3.89877e-06
632,0.999907,23.0066585541,0.000393924,0.00201594,3.83655e-06
633,0.999907,23.0066585541,0.000393931,0.00201557,3.77531e-06
634,0.999907,23.0066585541,0.000393932,0.00201424,3.71506e-06
635,0.999907,23.0066585541,0.000393933,0.00210099,3.65577e-06
636,0.999907,23.0066585541,0.000393945,0.00210615,3.59742e-06
637,0.999907,23.0066585541,0.000393949,0.00213811,3.54e-06
638,0.999907,23.0066585541,0.000393958,0.00214861,3.4835e-06
639,0.999907,23.0066585541,0.000393963,0.00210763,3.4279e-06
640,0.999907,23.0066585541,0.000393963,0.00206876,3.37319e-06
641,0.999907,23.0066585541,0.000393974,0.00213359,3.31935e-06
642,0.999907,23.0066585541,0.000393974,0.00212426,3.26638e-06
643,0.999907,23.0066585541,0.000393978,0.00216013,3.21424e-06
644,0.999907,23.0066585541,0.000393983,0.00216013,3.16294e-06
645,0.999907,23.0066585541,0.000393985,0.00216164,3.11246e-06
646,0.999907,23.0066585541,0.000393989,0.00215636,3.06279e-06
647,0.999907,23.0066585541,0.000393991,0.00210106,3.0139e-06
648,0.999907,23.0066585541,0.000393997,0.00224074,2.9658e-06
649,0.999907,23.0066585541,0.000393998,0.00220964,2.91846e-06
650,0.999907,23.0066585541,0.000393996,0.00211616,2.87188e-06
651,0.999907,23.0066585541,0.000394007,0.00219632,2.82605e-06
652,0.999907,23.0066585541,0.000394011,0.00216251,2.78094e-06
653,0.999907,23.0066585541,0.000394004,0.00224566,2.73656e-06
654,0.999907,23.0066585541,0.000394008,0.00219966,2.69288e-06
655,0.999907,23.0066585541,0.000394012,0.00219591,2.6499e-06
656,0.999907,23.0066585541,0.000394007,0.00217548,2.60761e-06
657,0.999907,23.0066585541,0.00039401,0.00220651,2.56599e-06
658,0.999907,23.0066585541,0.000394011,0.00220138,2.52503e-06
659,0.999907,23.0066585541,0.000394006,0.00221294,2.48473e-06
660,0.999907,23.0066585541,0.000393999,0.00218334,2.44508e-06
661,0.999907,23.0066585541,0.000394002,0.0021859,2.40605e-06
662,0.999907,23.0066585541,0.000394008,0.00221049,2.36765e-06
663,0.999907,23.0066585541,0.000394004,0.00224564,2.32986e-06
664,0.999907,23.0066585541,0.000394005,0.00222726,2.29268e-06
665,0.999907,23.0066585541,0.000394005,0.00223286,2.25608e-06
666,0.999907,23.0066585541,0.000394012,0.00220885,2.22008e-06
667,0.999907,23.0066585541,0.000394008,0.00219608,2.18464e-06
668,0.999907,23.0066585541,0.00039401,0.00214561,2.14978e-06
669,0.999907,23.0066585541,0.000394011,0.00215129,2.11546e-06
670,0.999907,23.0066585541,0.000394009,0.00216433,2.0817e-06
671,0.999907,23.0066585541,0.000394004,0.00215868,2.04848e-06
672,0.999907,23.0066585541,0.000394012,0.00216433,2.01578e-06
673,0.999907,23.0066585541,0.000394016,0.00219035,1.98361e-06
674,0.999907,23.0066585541,0.00039401,0.00219802,1.95195e-06
675,0.999907,23.0066585541,0.000394014,0.00217185,1.9208e-06
676,0.999907,23.0066585541,0.000394009,0.0021579,1.89014e-06
677,0.999907,23.0066585541,0.000394007,0.00223995,1.85997e-06
678,0.999907,23.0066585541,0.00039401,0.0022006,1.83029e-06
679,0.999907,23.0066585541,0.000394005,0.00223995,1.80107e-06
680,0.999907,23.0066585541,0.000394008,0.00223238,1.77233e-06
681,0.999907,23.0066585541,0.000394008,0.00215271,1.74404e-06
682,0.999907,23.0066585541,0.000394008,0.00223238,1.7162e-06
683,0.999907,23.0066585541,0.000394009,0.00221117,1.68881e-06
684,0.999907,23.0066585541,0.000394007,0.00225034,1.66186e-06
685,0.999907,23.0066585541,0.000394011,0.00221882,1.63534e-06
686,0.999907,23.0066585541,0.000394011,0.00219918,1.60923e-06
687,0.999907,23.0066585541,0.000394009,0.00216867,1.58355e-06
688,0.999907,23.0066585541,0.000394009,0.00218493,1.55828e-06
689,0.999907,23.0066585541,0.00039401,0.00217949,1.53341e-06
690,0.999907,23.0066585541,0.000394009,0.00217716,1.50893e-06
691,0.999907,23.0066585541,0.00039401,0.00217716,1.48485e-06
692,0.999907,23.0066585541,0.000394011,0.00218493,1.46115e-06
693,0.999907,23.0066585541,0.000394012,0.00217716,1.43783e-06
694,0.999907,23.0066585541,0.000394011,0.00217716,1.41488e-06
695,0.999907,23.0066585541,0.000394011,0.0021449,1.3923e-06
696,0.999907,23.0066585541,0.000394012,0.0021449,1.37008e-06
697,0.999907,23.0066585541,0.000394014,0.0021449,1.34821e-06
698,0.999907,23.0066585541,0.000394012,0.00217116,1.32669e-06
699,0.999907,23.0066585541,0.000394013,0.00211361,1.30552e-06
700,0.999907,23.0066585541,0.000394013,0.00215846,1.28468e-06
701,0.999907,23.0066585541,0.000394015,0.00213205,1.26418e-06
702,0.999907,23.0066585541,0.000394015,0.00220777,1.244e-06
703,0.999907,23.0066585541,0.000394013,0.00218195,1.22415e-06
704,0.999907,23.0066585541,0.000394015,0.00220777,1.20461e-06
705,0.999907,23.0066585541,0.000394011,0.00218195,1.18538e-06
706,0.999907,23.0066585541,0.000394009,0.00220777,1.16646e-06
707,0.999907,23.0066585541,0.000394013,0.00218195,1.14784e-06
708,0.999907,23.0066585541,0.000394014,0.00220777,1.12952e-06
709,0.999907,23.0066585541,0.000394015,0.00218195,1.1115e-06
710,0.999907,23.0066585541,0.000394014,0.00220777,1.09376e-06
711,0.999907,23.0066585541,0.000394014,0.00218195,1.0763e-06
712,0.999907,23.0066585541,0.00039401,0.00213427,1.05912e-06
713,0.999907,23.0066585541,0.000394014,0.00218195,1.04222e-06
714,0.999907,23.0066585541,0.000394011,0.00213427,1.02558e-06
715,0.999907,23.0066585541,0.000394016,0.00220777,1.00922e-06
716,0.999907,23.0066585541,0.000394017,0.00219939,9.93108e-07
717,0.999907,23.0066585541,0.000394021,0.00217347,9.77257e-07
718,0.999907,23.0066585541,0.000394025,0.00217347,9.6166e-07
719,0.999907,23.0066585541,0.000394023,0.00218195,9.46312e-07
720,0.999907,23.0066585541,0.000394022,0.00218195,9.31208e-07
721,0.999907,23.0066585541,0.000394021,0.00218195,9.16345e-07
722,0.999907,23.0066585541,0.000394021,0.00218195,9.0172e-07
723,0.999907,23.0066585541,0.00039402,0.00218195,8.87328e-07
724,0.999907,23.0066585541,0.000394018,0.00214959,8.73166e-07
725,0.999907,23.0066585541,0.000394019,0.00214959,8.5923e-07
726,0.999907,23.0066585541,0.000394019,0.00214959,8.45517e-07
727,0.999907,23.0066585541,0.000394021,0.00212496,8.32022e-07
728,0.999907,23.0066585541,0.000394022,0.00212496,8.18742e-07
729,0.999907,23.0066585541,0.000394022,0.00212496,8.05675e-07
730,0.999907,23.0066585541,0.000394022,0.00212496,7.92816e-07
731,0.999907,23.0066585541,0.000394021,0.00216631,7.80162e-07
732,0.999907,23.0066585541,0.000394019,0.00219213,7.6771e-07
733,0.999907,23.0066585541,0.000394016,0.00219213,7.55458e-07
734,0.999907,23.0066585541,0.000394015,0.00219213,7.434e-07
735,0.999907,23.0066585541,0.000394016,0.00219213,7.31535e-07
736,0.999907,23.0066585541,0.000394016,0.00219213,7.1986e-07
0.999907,0.000394016,2461.1950163841248,0.0110474,0.00931858216968,0.000746884220319
