9,80,0.9,2,1000, .1 
0,0.49118,125413.997011,2.37376e+06,363.817,0.1
1,0.880599,29429.9971533,1472.05,5.16279,0.0998947
2,0.991768,2028.99335861,11.6223,0.528101,0.0997895
3,0.99841,391.99467659,0.126497,0.0689801,0.0996845
4,0.99899,249.003739357,0.0454145,0.0485448,0.0995795
5,0.998901,270.996694565,0.0479492,0.0518356,0.0994747
6,0.998949,258.993859291,0.040103,0.0489829,0.09937
7,0.998933,263.004598618,0.0412902,0.0509888,0.0992654
8,0.998836,286.995577812,0.0481112,0.0530447,0.0991609
9,0.998876,277.005457878,0.0469915,0.052412,0.0990565
10,0.998888,273.993730545,0.0447542,0.0504405,0.0989522
11,0.99884,285.996565819,0.0497089,0.0527354,0.0988481
12,0.999087,224.99806881,0.0348332,0.0429565,0.098744
13,0.998852,282.999529839,0.0525705,0.0551843,0.09864
14,0.998872,278.004469872,0.0427338,0.0521003,0.0985362
15,0.998823,290.007305145,0.0471443,0.0535483,0.0984325
16,0.998961,255.996823311,0.0423608,0.050835,0.0983289
17,0.998969,253.998799324,0.0407723,0.0508342,0.0982253
18,0.998892,272.994718552,0.0496258,0.0501258,0.0981219
19,0.998953,257.994847298,0.0396305,0.0484814,0.0980186
20,0.998868,279.003481865,0.0469745,0.0513312,0.0979155
21,0.998917,267.000646591,0.0497186,0.0543638,0.0978124
22,0.998941,261.006574631,0.0401451,0.0516187,0.0977094
23,0.998815,292.005329132,0.0486299,0.0523935,0.0976066
24,0.999026,239.997940063,0.038368,0.047196,0.0975038
25,0.998706,318.993344307,0.0580832,0.0582986,0.0974012
26,0.998945,259.992871284,0.0371461,0.0461921,0.0972986
27,0.998868,279.003481865,0.0441619,0.0491252,0.0971962
28,0.998856,282.000517845,0.0499867,0.0527701,0.0970939
29,0.998986,250.00275135,0.0384214,0.0471704,0.0969917
30,0.999014,242.994976044,0.0401581,0.0500952,0.0968896
31,0.998941,261.006574631,0.0448117,0.0510999,0.0967876
32,0.999124,216.006960869,0.0363048,0.0450871,0.0966857
33,0.998823,290.007305145,0.0455023,0.0539994,0.0965839
34,0.999043,236.00189209,0.0395457,0.0459256,0.0964822
35,0.998892,272.994718552,0.0446862,0.0517452,0.0963807
36,0.998896,271.995706558,0.0445422,0.052647,0.0962792
37,0.998909,268.998670578,0.0452463,0.0490087,0.0961778
38,0.998998,247.00571537,0.0416926,0.0479347,0.0960766
39,0.999002,246.006703377,0.0410825,0.0487742,0.0959755
40,0.998921,266.001634598,0.0413516,0.051091,0.0958744
41,0.998787,298.998413086,0.052015,0.0572183,0.0957735
42,0.998913,267.999658585,0.0403965,0.0482808,0.0956727
43,0.999059,232.005844116,0.0350743,0.0450431,0.095572
44,0.99886,281.001505852,0.0422003,0.0522129,0.0954713
45,0.998949,258.993859291,0.0424695,0.0497778,0.0953708
46,0.998986,250.00275135,0.0404781,0.0499155,0.0952704
47,0.998905,269.997682571,0.0475381,0.0540532,0.0951702
48,0.998836,286.995577812,0.0462587,0.0542357,0.09507
49,0.999075,227.99510479,0.0359125,0.0437142,0.0949699
50,0.999026,239.997940063,0.0420445,0.0486333,0.0948699
51,0.999034,237.999916077,0.0360587,0.0461086,0.09477
52,0.998836,286.995577812,0.0445791,0.0528095,0.0946703
53,0.998953,257.994847298,0.042041,0.0493132,0.0945706
54,0.998965,254.997811317,0.0350495,0.0454686,0.0944711
55,0.99903,238.99892807,0.0378712,0.0460472,0.0943716
56,0.999014,242.994976044,0.0329477,0.0458824,0.0942723
57,0.998856,282.000517845,0.0431064,0.0520217,0.094173
58,0.998937,262.005586624,0.0392243,0.0466859,0.0940739
59,0.998836,286.995577812,0.0468271,0.0540027,0.0939749
60,0.99899,249.003739357,0.0398232,0.0504185,0.0938759
61,0.999038,237.000904083,0.0362539,0.0462383,0.0937771
62,0.999026,239.997940063,0.0388285,0.0478242,0.0936784
63,0.99899,249.003739357,0.0408132,0.0497635,0.0935798
64,0.998986,250.00275135,0.034805,0.0465675,0.0934813
65,0.998901,270.996694565,0.0422084,0.0530373,0.0933828
66,0.999034,237.999916077,0.0351364,0.0455772,0.0932845
67,0.999059,232.005844116,0.0361373,0.0447939,0.0931863
68,0.998949,258.993859291,0.0483367,0.0548924,0.0930882
69,0.998941,261.006574631,0.0381956,0.0449229,0.0929902
70,0.998921,266.001634598,0.0431376,0.0549245,0.0928923
71,0.998913,267.999658585,0.0433536,0.0508833,0.0927946
72,0.999051,234.003868103,0.0387251,0.0486647,0.0926969
73,0.998868,279.003481865,0.0424388,0.0533186,0.0925993
74,0.998905,269.997682571,0.0441156,0.0490411,0.0925018
75,0.999026,239.997940063,0.036452,0.0459222,0.0924044
76,0.999116,218.004984856,0.0320584,0.0427556,0.0923072
77,0.999091,223.999056816,0.0337376,0.0428939,0.09221
78,0.999034,237.999916077,0.0365066,0.047465,0.0921129
79,0.998872,278.004469872,0.0462226,0.0512715,0.092016
80,0.998933,263.004598618,0.0415275,0.0508904,0.0919191
81,0.999006,244.993000031,0.0350311,0.0488665,0.0918223
82,0.999087,224.99806881,0.0331882,0.0448349,0.0917257
83,0.998965,254.997811317,0.0410335,0.0507418,0.0916291
84,0.998828,288.993601799,0.0467788,0.0559956,0.0915326
85,0.999124,216.006960869,0.0304129,0.0468549,0.0914363
86,0.999051,234.003868103,0.0360918,0.0444417,0.09134
87,0.999107,220.003008842,0.0345764,0.040855,0.0912439
88,0.998965,254.997811317,0.0382049,0.0491729,0.0911478
89,0.999034,237.999916077,0.0413012,0.0490764,0.0910519
90,0.999002,246.006703377,0.0355552,0.0469186,0.090956
91,0.999075,227.99510479,0.0294453,0.0434842,0.0908603
92,0.999034,237.999916077,0.0378601,0.0480073,0.0907646
93,0.999022,240.996952057,0.0321194,0.0453096,0.0906691
94,0.998925,265.002622604,0.0421866,0.0504901,0.0905736
95,0.999026,239.997940063,0.038903,0.0500005,0.0904783
96,0.998994,248.004727364,0.0388449,0.0505083,0.090383
97,0.998969,253.998799324,0.0388493,0.0508101,0.0902879
98,0.999047,235.002880096,0.033995,0.0458737,0.0901928
99,0.999103,221.002020836,0.0356274,0.045759,0.0900979
100,0.998949,258.993859291,0.0372621,0.0491715,0.090003
101,0.999107,220.003008842,0.0333977,0.0445589,0.0899083
102,0.998978,252.000775337,0.040279,0.0497967,0.0898136
103,0.998917,267.000646591,0.0408565,0.0509555,0.0897191
104,0.998901,270.996694565,0.0474472,0.0536966,0.0896246
105,0.998945,259.992871284,0.0439441,0.0521418,0.0895303
106,0.999022,240.996952057,0.0377631,0.0470575,0.089436
107,0.998864,280.002493858,0.04319,0.0514146,0.0893419
108,0.999148,209.998197556,0.0319371,0.0437226,0.0892478
109,0.999047,235.002880096,0.0360628,0.0442102,0.0891539
110,0.999099,222.001032829,0.0347056,0.0440382,0.08906
111,0.999043,236.00189209,0.03507,0.044899,0.0889663
112,0.998815,292.005329132,0.0467632,0.056433,0.0888726
113,0.998961,255.996823311,0.0392382,0.0483079,0.0887791
114,0.998949,258.993859291,0.0403505,0.0513921,0.0886856
115,0.998969,253.998799324,0.0407217,0.0513861,0.0885923
116,0.999087,224.99806881,0.0321508,0.0430112,0.088499
117,0.999051,234.003868103,0.0326539,0.0425572,0.0884058
118,0.999067,229.993128777,0.037912,0.0445592,0.0883128
119,0.999034,237.999916077,0.0329934,0.047298,0.0882198
120,0.999095,223.000044823,0.0319478,0.0440366,0.0881269
121,0.99903,238.99892807,0.0389203,0.0486097,0.0880342
122,0.999116,218.004984856,0.0317297,0.0450105,0.0879415
123,0.998905,269.997682571,0.0422892,0.0518799,0.0878489
124,0.999067,229.993128777,0.0325763,0.0459986,0.0877564
125,0.999018,241.99596405,0.0337836,0.0474147,0.087664
126,0.998998,247.00571537,0.0362183,0.048443,0.0875718
127,0.99899,249.003739357,0.0397144,0.0502917,0.0874796
128,0.999006,244.993000031,0.0349714,0.0467345,0.0873875
129,0.999059,232.005844116,0.0328287,0.044425,0.0872955
130,0.999095,223.000044823,0.0321492,0.0435306,0.0872036
131,0.998892,272.994718552,0.040622,0.0501004,0.0871118
132,0.999083,225.997080803,0.0313146,0.0436423,0.0870201
133,0.999063,231.006832123,0.03302,0.0453148,0.0869285
134,0.999075,227.99510479,0.0334422,0.0425057,0.086837
135,0.999087,224.99806881,0.0308125,0.0468228,0.0867456
136,0.999059,232.005844116,0.0339855,0.0450254,0.0866542
137,0.998978,252.000775337,0.0383458,0.0479845,0.086563
138,0.998933,263.004598618,0.0398847,0.0489873,0.0864719
139,0.999043,236.00189209,0.0365864,0.0479327,0.0863809
140,0.999075,227.99510479,0.0284567,0.0425783,0.0862899
141,0.999095,223.000044823,0.0293371,0.0462323,0.0861991
142,0.999002,246.006703377,0.0369863,0.0478677,0.0861083
143,0.998949,258.993859291,0.0415369,0.0494518,0.0860177
144,0.999043,236.00189209,0.0336677,0.0496368,0.0859272
145,0.998961,255.996823311,0.0374934,0.0481777,0.0858367
146,0.999148,209.998197556,0.0332114,0.0431605,0.0857463
147,0.999043,236.00189209,0.0358979,0.0462409,0.0856561
148,0.99903,238.99892807,0.0350033,0.0480381,0.0855659
149,0.999095,223.000044823,0.0334292,0.0432842,0.0854758
150,0.999132,213.994245529,0.0297678,0.0425579,0.0853858
151,0.999087,224.99806881,0.0324222,0.0453387,0.085296
152,0.998905,269.997682571,0.0387374,0.049664,0.0852062
153,0.99916,207.001161575,0.0278604,0.0417337,0.0851165
154,0.999087,224.99806881,0.0301085,0.0421349,0.0850269
155,0.999229,190.003266335,0.0269372,0.0424518,0.0849374
156,0.999063,231.006832123,0.0347371,0.0453627,0.0848479
157,0.99914,211.996221542,0.0276522,0.0422603,0.0847586
158,0.999075,227.99510479,0.031463,0.0430707,0.0846694
159,0.999091,223.999056816,0.0343823,0.0473636,0.0845803
160,0.999152,208.999185562,0.0306011,0.0429357,0.0844912
161,0.99901,243.993988037,0.0395692,0.0452546,0.0844023
162,0.999047,235.002880096,0.0360678,0.0477011,0.0843134
163,0.999124,216.006960869,0.0304827,0.0428036,0.0842247
164,0.999095,223.000044823,0.0272345,0.043292,0.084136
165,0.999067,229.993128777,0.0356213,0.0476953,0.0840474
166,0.999055,233.00485611,0.0320779,0.0442408,0.083959
167,0.99916,207.001161575,0.0285247,0.0417992,0.0838706
168,0.998937,262.005586624,0.0382377,0.0489404,0.0837823
169,0.999071,228.994116783,0.0342308,0.0469008,0.0836941
170,0.999071,228.994116783,0.0371639,0.0459256,0.083606
171,0.999168,205.003137589,0.0309873,0.043758,0.083518
172,0.999132,213.994245529,0.0332425,0.0455623,0.08343
173,0.99899,249.003739357,0.0366306,0.0487648,0.0833422
174,0.999091,223.999056816,0.0328973,0.0440968,0.0832545
175,0.999091,223.999056816,0.0298799,0.042198,0.0831668
176,0.999144,210.997209549,0.0298546,0.042334,0.0830793
177,0.999254,183.994503021,0.0279483,0.0404186,0.0829918
178,0.999184,201.007089615,0.029894,0.0428785,0.0829045
179,0.999043,236.00189209,0.0344124,0.045852,0.0828172
180,0.99916,207.001161575,0.0253955,0.0418961,0.08273
181,0.999055,233.00485611,0.0317845,0.045929,0.0826429
182,0.99914,211.996221542,0.0284157,0.0402706,0.0825559
183,0.999176,203.005113602,0.0269584,0.0415857,0.082469
184,0.999026,239.997940063,0.0387248,0.0486634,0.0823822
185,0.999051,234.003868103,0.0371005,0.0448336,0.0822955
186,0.999038,237.000904083,0.0295218,0.0454493,0.0822088
187,0.999148,209.998197556,0.0299963,0.0434877,0.0821223
188,0.999205,195.997338295,0.025043,0.0375937,0.0820358
189,0.999152,208.999185562,0.0278572,0.0427205,0.0819495
190,0.999026,239.997940063,0.0338491,0.0446069,0.0818632
191,0.999107,220.003008842,0.0311961,0.0444981,0.081777
192,0.999103,221.002020836,0.0331619,0.0434582,0.0816909
193,0.999152,208.999185562,0.0304943,0.0450287,0.081605
194,0.999103,221.002020836,0.0323445,0.0440936,0.081519
195,0.999128,214.993257523,0.0289486,0.0441288,0.0814332
196,0.999184,201.007089615,0.0322199,0.0415396,0.0813475
197,0.999043,236.00189209,0.0339427,0.0458324,0.0812619
198,0.999262,181.996479034,0.0252257,0.0394013,0.0811763
199,0.999298,173.005371094,0.0211597,0.0379767,0.0810909
200,0.999124,216.006960869,0.0316341,0.0441548,0.0810055
201,0.999107,220.003008842,0.0317673,0.0436826,0.0809202
202,0.999237,188.005242348,0.0216001,0.0384293,0.080835
203,0.999209,194.998326302,0.0272437,0.0380301,0.0807499
204,0.999209,194.998326302,0.0266724,0.0397231,0.0806649
205,0.999128,214.993257523,0.0298011,0.047224,0.08058
206,0.99916,207.001161575,0.0300401,0.0408081,0.0804952
207,0.999071,228.994116783,0.0287828,0.0455476,0.0804105
208,0.999111,219.003996849,0.029637,0.0436501,0.0803258
209,0.999111,219.003996849,0.0314147,0.0453125,0.0802413
210,0.999184,201.007089615,0.0264134,0.0413419,0.0801568
211,0.999034,237.999916077,0.0344464,0.0485931,0.0800724
212,0.999124,216.006960869,0.0262272,0.0420767,0.0799881
213,0.999043,236.00189209,0.0354906,0.0491003,0.0799039
214,0.999144,210.997209549,0.0262228,0.0444564,0.0798198
215,0.999193,198.994374275,0.021981,0.036911,0.0797358
216,0.999124,216.006960869,0.0332115,0.0430318,0.0796518
217,0.999099,222.001032829,0.0271792,0.0439209,0.079568
218,0.999095,223.000044823,0.0298645,0.0413038,0.0794842
219,0.999083,225.997080803,0.0302967,0.0440625,0.0794005
220,0.999176,203.005113602,0.0270884,0.0409156,0.0793169
221,0.999201,196.996350288,0.027887,0.0395063,0.0792335
222,0.999107,220.003008842,0.0336838,0.0447669,0.07915
223,0.999164,206.002149582,0.027208,0.0412859,0.0790667
224,0.999018,241.99596405,0.0374904,0.0481013,0.0789835
225,0.999221,192.001290321,0.0224325,0.0386348,0.0789003
226,0.999176,203.005113602,0.0251548,0.039171,0.0788173
227,0.99918,202.006101608,0.0257766,0.0414759,0.0787343
228,0.999217,193.000302315,0.0240116,0.0403275,0.0786514
229,0.99916,207.001161575,0.0296122,0.0423162,0.0785686
230,0.999245,186.007218361,0.0256228,0.0366993,0.0784859
231,0.99918,202.006101608,0.0261716,0.0382545,0.0784033
232,0.999164,206.002149582,0.0300747,0.0407884,0.0783208
233,0.999209,194.998326302,0.027749,0.0401945,0.0782383
234,0.999116,218.004984856,0.027094,0.0401608,0.0781559
235,0.999249,184.993515015,0.0216978,0.0377504,0.0780737
236,0.999075,227.99510479,0.0258816,0.0429685,0.0779915
237,0.999124,216.006960869,0.0284356,0.0445919,0.0779094
238,0.999172,204.004125595,0.0287389,0.0432738,0.0778274
239,0.999047,235.002880096,0.0350643,0.0486384,0.0777454
240,0.999286,176.002407074,0.0224522,0.0347852,0.0776636
241,0.999111,219.003996849,0.0291697,0.0436571,0.0775818
242,0.999103,221.002020836,0.0310919,0.0461003,0.0775002
243,0.999209,194.998326302,0.0237846,0.0400768,0.0774186
244,0.999087,224.99806881,0.0328491,0.0449393,0.0773371
245,0.999213,193.999314308,0.024636,0.0399066,0.0772557
246,0.99912,217.005972862,0.0277783,0.0452275,0.0771743
247,0.99914,211.996221542,0.0280599,0.0416761,0.0770931
248,0.999176,203.005113602,0.0283059,0.0444324,0.0770119
249,0.999148,209.998197556,0.028665,0.0455959,0.0769309
250,0.999164,206.002149582,0.0306871,0.0436844,0.0768499
251,0.999055,233.00485611,0.032079,0.0456972,0.076769
252,0.999229,190.003266335,0.0254414,0.0365103,0.0766882
253,0.999217,193.000302315,0.0262514,0.038735,0.0766074
254,0.99914,211.996221542,0.0269042,0.0440862,0.0765268
255,0.99927,179.998455048,0.0200018,0.0355682,0.0764462
256,0.999132,213.994245529,0.0283775,0.0434326,0.0763658
257,0.999059,232.005844116,0.0340874,0.0477937,0.0762854
258,0.99927,179.998455048,0.0202942,0.0368211,0.0762051
259,0.999156,208.000173569,0.0248942,0.0379573,0.0761248
260,0.99912,217.005972862,0.0268793,0.0434113,0.0760447
261,0.99918,202.006101608,0.0298296,0.0433228,0.0759646
262,0.99929,175.003395081,0.0196094,0.0359896,0.0758847
263,0.999148,209.998197556,0.0272283,0.0413973,0.0758048
264,0.999245,186.007218361,0.0205225,0.0390002,0.075725
265,0.999152,208.999185562,0.026651,0.0420954,0.0756453
266,0.999209,194.998326302,0.0246315,0.0383703,0.0755656
267,0.999221,192.001290321,0.0233883,0.0370145,0.0754861
268,0.999107,220.003008842,0.0293636,0.0434453,0.0754066
269,0.999071,228.994116783,0.0275496,0.0430383,0.0753272
270,0.999258,182.995491028,0.0246765,0.0399866,0.0752479
271,0.999225,191.002278328,0.0209168,0.0368266,0.0751687
272,0.999201,196.996350288,0.0273692,0.0433716,0.0750896
273,0.999128,214.993257523,0.0289698,0.0441403,0.0750106
274,0.999209,194.998326302,0.0251565,0.0378565,0.0749316
275,0.999217,193.000302315,0.0242086,0.0378234,0.0748527
276,0.999213,193.999314308,0.0252468,0.0389677,0.0747739
277,0.999278,178.000431061,0.0209772,0.0368634,0.0746952
278,0.999176,203.005113602,0.0260651,0.0408649,0.0746166
279,0.999254,183.994503021,0.0258343,0.0394439,0.074538
280,0.999168,205.003137589,0.0278563,0.0403962,0.0744595
281,0.999083,225.997080803,0.0343401,0.0458355,0.0743812
282,0.999286,176.002407074,0.0229873,0.0376961,0.0743029
283,0.999213,193.999314308,0.0248054,0.0389891,0.0742246
284,0.999205,195.997338295,0.021573,0.0394519,0.0741465
285,0.999197,197.995362282,0.0270328,0.0407147,0.0740684
286,0.999233,189.004254341,0.0245754,0.0409337,0.0739905
287,0.999318,167.995619774,0.0190183,0.0363269,0.0739126
288,0.999132,213.994245529,0.028311,0.042455,0.0738348
289,0.999209,194.998326302,0.026055,0.0399817,0.0737571
290,0.999258,182.995491028,0.0241149,0.039486,0.0736794
291,0.999193,198.994374275,0.0239621,0.0386552,0.0736018
292,0.999209,194.998326302,0.025815,0.0409466,0.0735244
293,0.999322,166.99660778,0.0206554,0.0381801,0.073447
294,0.999282,177.001419067,0.0233807,0.0373399,0.0733696
295,0.999193,198.994374275,0.0261328,0.0406502,0.0732924
296,0.999201,196.996350288,0.0251918,0.0399344,0.0732153
297,0.999189,199.993386269,0.0256329,0.0397172,0.0731382
298,0.999144,210.997209549,0.0261035,0.0436015,0.0730612
299,0.999339,163.000559807,0.0163024,0.0348567,0.0729843
300,0.999278,178.000431061,0.0223405,0.0403577,0.0729074
301,0.999209,194.998326302,0.0223575,0.039101,0.0728307
302,0.999278,178.000431061,0.0224391,0.0378146,0.072754
303,0.999148,209.998197556,0.023479,0.0430493,0.0726774
304,0.999245,186.007218361,0.0257095,0.0402086,0.0726009
305,0.999201,196.996350288,0.0222066,0.040662,0.0725245
306,0.999298,173.005371094,0.0220269,0.0357205,0.0724481
307,0.999144,210.997209549,0.0279064,0.0427312,0.0723719
308,0.999197,197.995362282,0.0248077,0.0407574,0.0722957
309,0.99918,202.006101608,0.0271378,0.0420236,0.0722196
310,0.999249,184.993515015,0.0241638,0.0373352,0.0721436
311,0.999156,208.000173569,0.0245079,0.041636,0.0720676
312,0.999176,203.005113602,0.0284487,0.0425263,0.0719918
313,0.999225,191.002278328,0.0253663,0.0405967,0.071916
314,0.999152,208.999185562,0.0286349,0.0441038,0.0718403
315,0.999367,155.9927845,0.0181868,0.0351423,0.0717646
316,0.999209,194.998326302,0.0221414,0.0377145,0.0716891
317,0.999241,187.006230354,0.0247871,0.0403806,0.0716136
318,0.999322,166.99660778,0.0191992,0.0363323,0.0715382
319,0.999318,167.995619774,0.019797,0.0372732,0.0714629
320,0.999254,183.994503021,0.0228842,0.0380708,0.0713877
321,0.99929,175.003395081,0.0206643,0.0368953,0.0713125
322,0.999339,163.000559807,0.0172219,0.035241,0.0712375
323,0.999225,191.002278328,0.0231966,0.0378445,0.0711625
324,0.999201,196.996350288,0.0258783,0.041263,0.0710876
325,0.999262,181.996479034,0.0215344,0.0365587,0.0710127
326,0.999286,176.002407074,0.0246955,0.040093,0.070938
327,0.999164,206.002149582,0.0267345,0.0437222,0.0708633
328,0.999306,170.992655754,0.016499,0.0347735,0.0707887
329,0.999225,191.002278328,0.0212177,0.0402897,0.0707142
330,0.999193,198.994374275,0.02516,0.0410413,0.0706397
331,0.999282,177.001419067,0.0216115,0.038863,0.0705654
332,0.999347,161.00253582,0.0201933,0.0350379,0.0704911
333,0.999254,183.994503021,0.0221253,0.0392086,0.0704169
334,0.99918,202.006101608,0.0290672,0.0462306,0.0703428
335,0.999262,181.996479034,0.0212741,0.0366282,0.0702687
336,0.999217,193.000302315,0.0242706,0.040389,0.0701947
337,0.999237,188.005242348,0.0253281,0.0424997,0.0701208
338,0.999306,170.992655754,0.0164618,0.0331996,0.070047
339,0.999254,183.994503021,0.0230162,0.037902,0.0699733
340,0.999209,194.998326302,0.0243569,0.0394033,0.0698996
341,0.999395,148.999700546,0.0153483,0.0318234,0.069826
342,0.999286,176.002407074,0.021125,0.0365193,0.0697525
343,0.999193,198.994374275,0.025385,0.0420329,0.0696791
344,0.999274,178.999443054,0.0194184,0.0381331,0.0696057
345,0.999262,181.996479034,0.0200643,0.038075,0.0695325
346,0.999335,163.9995718,0.0187623,0.036159,0.0694593
347,0.999282,177.001419067,0.0215589,0.0399282,0.0693862
348,0.999331,164.998583794,0.0209604,0.0353214,0.0693131
349,0.999205,195.997338295,0.0226519,0.0388316,0.0692401
350,0.999237,188.005242348,0.0240891,0.0419361,0.0691673
351,0.999322,166.99660778,0.0178086,0.0350544,0.0690944
352,0.999262,181.996479034,0.0221293,0.0411949,0.0690217
353,0.999217,193.000302315,0.0236306,0.0385317,0.068949
354,0.999339,163.000559807,0.0178367,0.0353642,0.0688765
355,0.999355,159.004511833,0.018647,0.0365289,0.068804
356,0.999286,176.002407074,0.0191733,0.0368932,0.0687315
357,0.999262,181.996479034,0.0211071,0.0376374,0.0686592
358,0.99929,175.003395081,0.0212117,0.0367236,0.0685869
359,0.999383,151.996736526,0.0159957,0.0323196,0.0685147
360,0.999335,163.9995718,0.0193842,0.0380736,0.0684426
361,0.999314,168.994631767,0.0196779,0.0345718,0.0683705
362,0.999322,166.99660778,0.0185602,0.0371819,0.0682985
363,0.999282,177.001419067,0.0202669,0.0373151,0.0682266
364,0.999254,183.994503021,0.0218489,0.0387461,0.0681548
365,0.999262,181.996479034,0.0234947,0.0395807,0.0680831
366,0.999225,191.002278328,0.0211927,0.0391607,0.0680114
367,0.999258,182.995491028,0.0211844,0.0402175,0.0679398
368,0.999327,165.997595787,0.0196129,0.0363739,0.0678683
369,0.999148,209.998197556,0.0294551,0.0433505,0.0677968
370,0.999379,152.99574852,0.0166782,0.0330205,0.0677255
371,0.999339,163.000559807,0.018839,0.0347542,0.0676542
372,0.999262,181.996479034,0.0177171,0.0358802,0.067583
373,0.999335,163.9995718,0.0172454,0.0335065,0.0675118
374,0.99931,169.993643761,0.0186153,0.0341813,0.0674407
375,0.99931,169.993643761,0.0227563,0.0388484,0.0673697
376,0.999266,180.997467041,0.0214531,0.0379967,0.0672988
377,0.999379,152.99574852,0.0167822,0.0338148,0.067228
378,0.999278,178.000431061,0.0192485,0.0361658,0.0671572
379,0.999322,166.99660778,0.0190904,0.0371294,0.0670865
380,0.999209,194.998326302,0.0217203,0.040436,0.0670159
381,0.999237,188.005242348,0.0210781,0.0373832,0.0669453
382,0.999339,163.000559807,0.0169281,0.0350411,0.0668749
383,0.999278,178.000431061,0.0203005,0.0366147,0.0668045
384,0.999258,182.995491028,0.0199666,0.0397167,0.0667341
385,0.999274,178.999443054,0.0212317,0.0389035,0.0666639
386,0.99931,169.993643761,0.0167324,0.0358982,0.0665937
387,0.999314,168.994631767,0.0161288,0.0336711,0.0665236
388,0.999371,154.993772507,0.0186487,0.0337926,0.0664536
389,0.999387,150.997724533,0.0160523,0.0322697,0.0663836
390,0.999314,168.994631767,0.01961,0.0375453,0.0663137
391,0.999294,174.004383087,0.0183221,0.0368412,0.0662439
392,0.99931,169.993643761,0.0208093,0.0365084,0.0661742
393,0.999314,168.994631767,0.02116,0.0350595,0.0661045
394,0.999331,164.998583794,0.0189107,0.0351917,0.0660349
395,0.999237,188.005242348,0.0238109,0.0386656,0.0659654
396,0.99929,175.003395081,0.0203923,0.0381596,0.065896
397,0.999339,163.000559807,0.0188988,0.0324835,0.0658266
398,0.999335,163.9995718,0.0239448,0.0362655,0.0657573
399,0.999217,193.000302315,0.0239362,0.0434657,0.0656881
400,0.999359,158.00549984,0.0159558,0.0324684,0.0656189
401,0.999274,178.999443054,0.0194697,0.0371452,0.0655499
402,0.999363,157.006487846,0.0171126,0.0349666,0.0654809
403,0.999391,149.99871254,0.016187,0.0316828,0.0654119
404,0.999274,178.999443054,0.0176017,0.0366788,0.0653431
405,0.999335,163.9995718,0.0182308,0.0350059,0.0652743
406,0.9994,148.000688553,0.014945,0.0321584,0.0652056
407,0.999302,172.0063591,0.0185933,0.0362066,0.0651369
408,0.999331,164.998583794,0.0201235,0.0359001,0.0650684
409,0.999314,168.994631767,0.0198458,0.0364704,0.0649999
410,0.999327,165.997595787,0.0167197,0.0350239,0.0649314
411,0.99929,175.003395081,0.021562,0.0388816,0.0648631
412,0.999314,168.994631767,0.0158056,0.0346302,0.0647948
413,0.999306,170.992655754,0.0199747,0.0371096,0.0647266
414,0.999306,170.992655754,0.0187658,0.0351875,0.0646584
415,0.999322,166.99660778,0.0163336,0.0328649,0.0645904
416,0.999375,153.994760513,0.0163306,0.0348282,0.0645224
417,0.999343,162.001547813,0.0182092,0.0344337,0.0644545
418,0.999375,153.994760513,0.0179955,0.0353977,0.0643866
419,0.999355,159.004511833,0.0176519,0.0350337,0.0643188
420,0.99927,179.998455048,0.0215918,0.0380766,0.0642511
421,0.9994,148.000688553,0.015117,0.0319545,0.0641835
422,0.999375,153.994760513,0.0180268,0.0361517,0.0641159
423,0.999363,157.006487846,0.0171573,0.0341076,0.0640484
424,0.99929,175.003395081,0.0196204,0.0377152,0.063981
425,0.99918,202.006101608,0.023491,0.0402476,0.0639136
426,0.999351,160.003523827,0.0171245,0.0336553,0.0638464
427,0.99929,175.003395081,0.0226639,0.0354061,0.0637791
428,0.999327,165.997595787,0.0192057,0.0360526,0.063712
429,0.99931,169.993643761,0.0179776,0.034544,0.0636449
430,0.999318,167.995619774,0.0202669,0.0349448,0.0635779
431,0.999282,177.001419067,0.0199041,0.0376679,0.063511
432,0.999408,146.002664566,0.0134947,0.0306852,0.0634442
433,0.999391,149.99871254,0.0178918,0.0334727,0.0633774
434,0.999339,163.000559807,0.0178552,0.0350252,0.0633106
435,0.999294,174.004383087,0.0180102,0.0374123,0.063244
436,0.9994,148.000688553,0.0171682,0.0321507,0.0631774
437,0.999327,165.997595787,0.0193978,0.0354524,0.0631109
438,0.999266,180.997467041,0.0196038,0.038139,0.0630445
439,0.999375,153.994760513,0.0181034,0.0339154,0.0629781
440,0.999375,153.994760513,0.0183019,0.0333421,0.0629118
441,0.999347,161.00253582,0.0179554,0.0359819,0.0628456
442,0.99931,169.993643761,0.0161377,0.0340258,0.0627794
443,0.999343,162.001547813,0.0149748,0.0329835,0.0627133
444,0.999282,177.001419067,0.0179055,0.0373135,0.0626473
445,0.999294,174.004383087,0.019831,0.037036,0.0625814
446,0.999375,153.994760513,0.017863,0.0331113,0.0625155
447,0.999391,149.99871254,0.015424,0.0327343,0.0624497
448,0.99942,143.005628586,0.0162678,0.033007,0.0623839
449,0.999395,148.999700546,0.0155772,0.0314207,0.0623183
450,0.999416,144.004640579,0.0167191,0.0322639,0.0622527
451,0.999322,166.99660778,0.0165258,0.0341406,0.0621871
452,0.999371,154.993772507,0.0168798,0.0329704,0.0621217
453,0.999383,151.996736526,0.0171236,0.0337894,0.0620563
454,0.999286,176.002407074,0.0197956,0.0374545,0.0619909
455,0.999347,161.00253582,0.0168295,0.0343332,0.0619257
456,0.999347,161.00253582,0.0175588,0.0333641,0.0618605
457,0.999339,163.000559807,0.018284,0.0378895,0.0617954
458,0.999404,147.001676559,0.0164502,0.0314801,0.0617303
459,0.999432,139.993901253,0.0145356,0.0308054,0.0616653
460,0.999318,167.995619774,0.0163804,0.0350913,0.0616004
461,0.999314,168.994631767,0.0158968,0.0337303,0.0615356
462,0.999395,148.999700546,0.0176502,0.033479,0.0614708
463,0.99946,133.000817299,0.0137292,0.0303553,0.0614061
464,0.999331,164.998583794,0.0175816,0.0364212,0.0613414
465,0.999331,164.998583794,0.0153254,0.0356371,0.0612769
466,0.999485,127.006745338,0.0113833,0.027758,0.0612123
467,0.999367,155.9927845,0.016599,0.0333409,0.0611479
468,0.999339,163.000559807,0.0155949,0.0321982,0.0610835
469,0.999513,119.998970032,0.0106183,0.0266185,0.0610192
470,0.999379,152.99574852,0.0166777,0.0327866,0.060955
471,0.999408,146.002664566,0.0144103,0.0337698,0.0608908
472,0.999363,157.006487846,0.0140865,0.0329077,0.0608267
473,0.999363,157.006487846,0.0159117,0.0333946,0.0607627
474,0.99942,143.005628586,0.0140136,0.0295517,0.0606987
475,0.999448,135.997853279,0.0119299,0.0294332,0.0606348
476,0.9994,148.000688553,0.0144672,0.0319559,0.060571
477,0.999469,131.002793312,0.014029,0.0298261,0.0605072
478,0.999404,147.001676559,0.0151262,0.0319133,0.0604436
479,0.999408,146.002664566,0.0136335,0.031987,0.0603799
480,0.999432,139.993901253,0.0124114,0.029924,0.0603164
481,0.999436,138.994889259,0.0132892,0.0306541,0.0602529
482,0.999416,144.004640579,0.0143194,0.0318983,0.0601894
483,0.999464,132.001805305,0.0139676,0.0275792,0.0601261
484,0.999416,144.004640579,0.0161803,0.0329175,0.0600628
485,0.999387,150.997724533,0.0159141,0.0319439,0.0599995
486,0.99942,143.005628586,0.01473,0.032242,0.0599364
487,0.999339,163.000559807,0.0165226,0.0340501,0.0598733
488,0.999412,145.003652573,0.014065,0.0298498,0.0598103
489,0.999452,134.998841286,0.0127275,0.0275571,0.0597473
490,0.999416,144.004640579,0.0153303,0.0341146,0.0596844
491,0.999395,148.999700546,0.0182879,0.0354328,0.0596216
492,0.999436,138.994889259,0.0142048,0.0307143,0.0595588
493,0.999428,140.992913246,0.0147056,0.0317709,0.0594961
494,0.999387,150.997724533,0.0154366,0.0341948,0.0594335
495,0.999428,140.992913246,0.0150886,0.0309486,0.0593709
496,0.999412,145.003652573,0.0144584,0.0344099,0.0593084
497,0.999327,165.997595787,0.0167243,0.0347031,0.059246
498,0.999444,136.996865273,0.0130284,0.0327418,0.0591836
499,0.999416,144.004640579,0.0152509,0.0323845,0.0591213
500,0.999489,125.993041992,0.011878,0.0276224,0.0590591
501,0.999464,132.001805305,0.0109454,0.0272358,0.0589969
502,0.999387,150.997724533,0.0141977,0.0319717,0.0589348
503,0.999481,128.005757332,0.0103965,0.0271623,0.0588727
504,0.999383,151.996736526,0.0155076,0.0341058,0.0588108
505,0.999489,125.993041992,0.0131003,0.0272699,0.0587489
506,0.99946,133.000817299,0.0129069,0.0296009,0.058687
507,0.999412,145.003652573,0.0149404,0.0334895,0.0586252
508,0.999367,155.9927845,0.0163157,0.0330123,0.0585635
509,0.999322,166.99660778,0.0153653,0.0339831,0.0585019
510,0.999469,131.002793312,0.0141334,0.030728,0.0584403
511,0.999379,152.99574852,0.0130394,0.0302709,0.0583788
512,0.999489,125.993041992,0.0146308,0.0292112,0.0583173
513,0.999469,131.002793312,0.0115428,0.028887,0.0582559
514,0.999314,168.994631767,0.0187696,0.0374563,0.0581946
515,0.999513,119.998970032,0.00953532,0.0263814,0.0581333
516,0.999408,146.002664566,0.0134487,0.0312534,0.0580721
517,0.999432,139.993901253,0.0138005,0.0308453,0.058011
518,0.999436,138.994889259,0.014009,0.0287519,0.0579499
519,0.999448,135.997853279,0.0125563,0.0303614,0.0578889
520,0.999477,129.004769325,0.0128571,0.030936,0.057828
521,0.999367,155.9927845,0.0167785,0.0345779,0.0577671
522,0.999493,124.994029999,0.0125255,0.0304125,0.0577063
523,0.999371,154.993772507,0.0157203,0.035537,0.0576455
524,0.999481,128.005757332,0.0131846,0.0278848,0.0575849
525,0.999432,139.993901253,0.014104,0.0319355,0.0575242
526,0.999343,162.001547813,0.0170227,0.0348138,0.0574637
527,0.999428,140.992913246,0.0122857,0.0318781,0.0574032
528,0.999424,142.006616592,0.0141118,0.0308814,0.0573428
529,0.99946,133.000817299,0.0119224,0.0299771,0.0572824
530,0.999424,142.006616592,0.0161959,0.0310805,0.0572221
531,0.999395,148.999700546,0.0129286,0.0313046,0.0571619
532,0.999448,135.997853279,0.0138952,0.0320631,0.0571017
533,0.999294,174.004383087,0.0180029,0.0374194,0.0570416
534,0.999424,142.006616592,0.0140406,0.0308531,0.0569815
535,0.999404,147.001676559,0.0140113,0.0314176,0.0569215
536,0.999469,131.002793312,0.0135619,0.0304761,0.0568616
537,0.999404,147.001676559,0.0126552,0.0316759,0.0568018
538,0.999558,108.995146751,0.0102097,0.0241041,0.056742
539,0.99946,133.000817299,0.0116642,0.0289549,0.0566822
540,0.999294,174.004383087,0.0178729,0.0375668,0.0566226
541,0.999339,163.000559807,0.0194768,0.0358611,0.056563
542,0.999493,124.994029999,0.0121811,0.0279309,0.0565034
543,0.999444,136.996865273,0.0123472,0.0289932,0.0564439
544,0.999481,128.005757332,0.0125059,0.0288251,0.0563845
545,0.99944,137.995877266,0.0122313,0.0296735,0.0563251
546,0.999464,132.001805305,0.0129361,0.031292,0.0562659
547,0.999367,155.9927845,0.014919,0.033166,0.0562066
548,0.999489,125.993041992,0.00943326,0.028196,0.0561475
549,0.999448,135.997853279,0.0131968,0.0319373,0.0560884
550,0.999493,124.994029999,0.0115162,0.0277229,0.0560293
551,0.99946,133.000817299,0.0141996,0.0314518,0.0559703
552,0.999464,132.001805305,0.012316,0.0290741,0.0559114
553,0.9994,148.000688553,0.0157123,0.0325486,0.0558525
554,0.999347,161.00253582,0.0171201,0.0369614,0.0557937
555,0.999436,138.994889259,0.0122324,0.0312233,0.055735
556,0.999424,142.006616592,0.0153972,0.0319956,0.0556763
557,0.999464,132.001805305,0.0099563,0.0298082,0.0556177
558,0.999489,125.993041992,0.0127753,0.0304502,0.0555592
559,0.99946,133.000817299,0.0132804,0.0326092,0.0555007
560,0.999363,157.006487846,0.0164863,0.0345134,0.0554423
561,0.999367,155.9927845,0.013621,0.0339406,0.0553839
562,0.999554,109.994158745,0.00828731,0.0256393,0.0553256
563,0.9994,148.000688553,0.0146071,0.0322233,0.0552674
564,0.999448,135.997853279,0.0139179,0.0303153,0.0552092
565,0.999428,140.992913246,0.0120134,0.0311261,0.0551511
566,0.999477,129.004769325,0.0138331,0.0291025,0.055093
567,0.999424,142.006616592,0.0143922,0.0340385,0.055035
568,0.99944,137.995877266,0.0108427,0.0287178,0.0549771
569,0.999469,131.002793312,0.0125591,0.0313086,0.0549192
570,0.999473,130.003781319,0.011028,0.0285696,0.0548614
571,0.999521,118.000946045,0.0118572,0.027937,0.0548036
572,0.999444,136.996865273,0.0129071,0.0314692,0.0547459
573,0.999363,157.006487846,0.0171408,0.0353046,0.0546883
574,0.999436,138.994889259,0.0121483,0.0306586,0.0546307
575,0.999432,139.993901253,0.012122,0.0317454,0.0545732
576,0.99942,143.005628586,0.0107365,0.0282177,0.0545158
577,0.999477,129.004769325,0.0129732,0.0305566,0.0544584
578,0.999489,125.993041992,0.0125898,0.0313272,0.0544011
579,0.999521,118.000946045,0.00925867,0.0267333,0.0543438
580,0.999477,129.004769325,0.0124834,0.0303197,0.0542866
581,0.999456,133.999829292,0.0127599,0.0302091,0.0542294
582,0.999505,121.996994019,0.0106905,0.0275803,0.0541723
583,0.999513,119.998970032,0.0101734,0.0261203,0.0541153
584,0.999408,146.002664566,0.0127106,0.0306373,0.0540583
585,0.999505,121.996994019,0.0102741,0.0304307,0.0540014
586,0.999391,149.99871254,0.0152447,0.0336432,0.0539446
587,0.999505,121.996994019,0.0128487,0.0293765,0.0538878
588,0.999424,142.006616592,0.0115324,0.0307388,0.0538311
589,0.999452,134.998841286,0.0115688,0.0310223,0.0537744
590,0.999509,120.997982025,0.00929441,0.0238578,0.0537178
591,0.999464,132.001805305,0.0118057,0.028649,0.0536612
592,0.999562,107.996134758,0.00888213,0.0256992,0.0536048
593,0.999505,121.996994019,0.0104006,0.0288896,0.0535483
594,0.999469,131.002793312,0.0105495,0.0286334,0.053492
595,0.999456,133.999829292,0.013033,0.0309155,0.0534356
596,0.999509,120.997982025,0.00995021,0.0271163,0.0533794
597,0.999546,112.006874084,0.0101959,0.0252153,0.0533232
598,0.99955,110.993170738,0.0100171,0.0248789,0.0532671
599,0.999586,102.002062798,0.00838327,0.0227512,0.053211
600,0.999391,149.99871254,0.0149584,0.0338461,0.053155
601,0.999509,120.997982025,0.00920069,0.0280903,0.053099
602,0.999558,108.995146751,0.0100029,0.0254094,0.0530431
603,0.999493,124.994029999,0.0106338,0.0276143,0.0529873
604,0.999444,136.996865273,0.0142784,0.0335868,0.0529315
605,0.999558,108.995146751,0.00836757,0.0267423,0.0528758
606,0.999537,114.004898071,0.0118406,0.0279785,0.0528201
607,0.999517,118.999958038,0.00995474,0.0289764,0.0527645
608,0.999602,98.0060148239,0.00731816,0.024432,0.052709
609,0.999542,113.005886078,0.0103527,0.0268627,0.0526535
610,0.999489,125.993041992,0.0107271,0.0298178,0.052598
611,0.999537,114.004898071,0.0107723,0.0279288,0.0525427
612,0.999469,131.002793312,0.0128944,0.0301762,0.0524874
613,0.999525,117.001934052,0.0102258,0.0288898,0.0524321
614,0.999533,115.003910065,0.00831083,0.0252206,0.0523769
615,0.999598,99.0050268173,0.00775883,0.023185,0.0523218
616,0.999477,129.004769325,0.0109724,0.0300306,0.0522667
617,0.999408,146.002664566,0.0116125,0.0317139,0.0522117
618,0.999424,142.006616592,0.0138945,0.0317202,0.0521567
619,0.999469,131.002793312,0.00985192,0.0285574,0.0521018
620,0.999517,118.999958038,0.0105241,0.0278581,0.052047
621,0.999521,118.000946045,0.00921304,0.0268397,0.0519922
622,0.999517,118.999958038,0.010295,0.0281699,0.0519374
623,0.99946,133.000817299,0.0117829,0.0288279,0.0518828
624,0.999493,124.994029999,0.00970459,0.0282848,0.0518281
625,0.999456,133.999829292,0.0123351,0.031482,0.0517736
626,0.999493,124.994029999,0.0108315,0.0289784,0.0517191
627,0.999497,123.995018005,0.011632,0.0291321,0.0516646
628,0.999578,104.000086784,0.00890374,0.0236139,0.0516103
629,0.999432,139.993901253,0.0125625,0.0323501,0.0515559
630,0.999477,129.004769325,0.0127744,0.0314359,0.0515016
631,0.999501,122.996006012,0.0132545,0.0301117,0.0514474
632,0.999542,113.005886078,0.0109516,0.0293729,0.0513933
633,0.999448,135.997853279,0.0129188,0.0311657,0.0513392
634,0.999578,104.000086784,0.00784802,0.026334,0.0512851
635,0.999473,130.003781319,0.0110901,0.0283193,0.0512311
636,0.999477,129.004769325,0.0112001,0.0301725,0.0511772
637,0.999525,117.001934052,0.00889278,0.0276933,0.0511233
638,0.999578,104.000086784,0.00804646,0.0239969,0.0510695
639,0.999444,136.996865273,0.0134573,0.0338018,0.0510158
640,0.999444,136.996865273,0.0104514,0.0319933,0.050962
641,0.999533,115.003910065,0.01002,0.0257053,0.0509084
642,0.999509,120.997982025,0.0102914,0.0292104,0.0508548
643,0.999562,107.996134758,0.00782001,0.0252894,0.0508013
644,0.999558,108.995146751,0.00945885,0.0269488,0.0507478
645,0.999546,112.006874084,0.0084105,0.0283538,0.0506944
646,0.999562,107.996134758,0.00938448,0.0275777,0.050641
647,0.999546,112.006874084,0.00973245,0.0298214,0.0505877
648,0.999464,132.001805305,0.0111489,0.0310453,0.0505344
649,0.999525,117.001934052,0.0101893,0.0271411,0.0504812
650,0.999542,113.005886078,0.00773785,0.0247808,0.0504281
651,0.999469,131.002793312,0.0100356,0.0278374,0.050375
652,0.999481,128.005757332,0.00919496,0.0288009,0.050322
653,0.999578,104.000086784,0.010025,0.025095,0.050269
654,0.999529,116.002922058,0.00968748,0.025009,0.0502161
655,0.99955,110.993170738,0.00842554,0.0261646,0.0501632
656,0.999489,125.993041992,0.0121282,0.0283958,0.0501104
657,0.999517,118.999958038,0.0104464,0.0284705,0.0500577
658,0.999525,117.001934052,0.00792492,0.0278737,0.050005
659,0.999505,121.996994019,0.0110923,0.0283943,0.0499523
660,0.999546,112.006874084,0.00855461,0.0262482,0.0498997
661,0.999586,102.002062798,0.00792204,0.0235964,0.0498472
662,0.999562,107.996134758,0.00910078,0.0253355,0.0497947
663,0.999542,113.005886078,0.00937436,0.0274583,0.0497423
664,0.999598,99.0050268173,0.00820069,0.0262652,0.04969
665,0.999529,116.002922058,0.0103113,0.028492,0.0496376
666,0.999598,99.0050268173,0.00815171,0.0239971,0.0495854
667,0.999566,106.997122765,0.00785566,0.0255922,0.0495332
668,0.999647,87.0021915436,0.00576348,0.0215191,0.049481
669,0.999554,109.994158745,0.0102656,0.0287417,0.049429
670,0.999586,102.002062798,0.00876248,0.0282431,0.0493769
671,0.999473,130.003781319,0.00916182,0.0281028,0.0493249
672,0.999537,114.004898071,0.0102989,0.0289847,0.049273
673,0.999594,100.004038811,0.00834617,0.0247251,0.0492212
674,0.999489,125.993041992,0.0106849,0.0293412,0.0491693
675,0.999623,92.996263504,0.00695342,0.0231675,0.0491176
676,0.999497,123.995018005,0.00935713,0.0290815,0.0490659
677,0.999501,122.996006012,0.00927066,0.0272195,0.0490142
678,0.999574,104.999098778,0.00715087,0.0239189,0.0489626
679,0.999513,119.998970032,0.00978558,0.0284844,0.0489111
680,0.999404,147.001676559,0.0116221,0.030365,0.0488596
681,0.99946,133.000817299,0.0109553,0.0299218,0.0488082
682,0.999546,112.006874084,0.00842566,0.027285,0.0487568
683,0.99957,105.998110771,0.00814144,0.0256366,0.0487054
684,0.999558,108.995146751,0.00964982,0.0265365,0.0486542
685,0.99957,105.998110771,0.00999302,0.0246623,0.048603
686,0.999594,100.004038811,0.00918438,0.0255486,0.0485518
687,0.999473,130.003781319,0.0112912,0.0311966,0.0485007
688,0.999521,118.000946045,0.0095737,0.0275415,0.0484496
689,0.99957,105.998110771,0.00982064,0.0274961,0.0483986
690,0.99957,105.998110771,0.0100576,0.0257464,0.0483477
691,0.999602,98.0060148239,0.0077575,0.0243746,0.0482968
692,0.999598,99.0050268173,0.00832469,0.0234128,0.0482459
693,0.999562,107.996134758,0.0070277,0.0229021,0.0481951
694,0.999582,103.001074791,0.00861077,0.0257595,0.0481444
695,0.999481,128.005757332,0.0102146,0.0301885,0.0480937
696,0.999598,99.0050268173,0.00859722,0.0240303,0.0480431
697,0.999529,116.002922058,0.00927382,0.0296443,0.0479925
698,0.999554,109.994158745,0.00879229,0.0264686,0.047942
699,0.99957,105.998110771,0.00676389,0.0234632,0.0478915
700,0.999537,114.004898071,0.0097362,0.0268713,0.0478411
701,0.999606,97.0070028305,0.00751907,0.0236229,0.0477907
702,0.999562,107.996134758,0.0083157,0.0255449,0.0477404
703,0.999578,104.000086784,0.00852571,0.0264511,0.0476902
704,0.99946,133.000817299,0.01113,0.0299736,0.04764
705,0.999562,107.996134758,0.00850663,0.0268877,0.0475898
706,0.999513,119.998970032,0.00919167,0.0264395,0.0475397
707,0.999623,92.996263504,0.00753672,0.0229034,0.0474897
708,0.999485,127.006745338,0.0103289,0.0293331,0.0474397
709,0.99955,110.993170738,0.00740559,0.0271278,0.0473898
710,0.999602,98.0060148239,0.00838246,0.0243413,0.0473399
711,0.999627,91.9972515106,0.00670673,0.0211891,0.04729
712,0.999513,119.998970032,0.00993118,0.0287934,0.0472402
713,0.999602,98.0060148239,0.00846352,0.0259357,0.0471905
714,0.999562,107.996134758,0.00868643,0.0261751,0.0471408
715,0.999659,84.0051555634,0.00723129,0.0254332,0.0470912
716,0.999562,107.996134758,0.0084876,0.0253934,0.0470416
717,0.999582,103.001074791,0.00801695,0.024809,0.0469921
718,0.999578,104.000086784,0.007351,0.0253076,0.0469426
719,0.999578,104.000086784,0.00708309,0.0245357,0.0468932
720,0.99959,101.003050804,0.00721514,0.0233559,0.0468439
721,0.999631,90.9982395172,0.00586262,0.0236914,0.0467946
722,0.999635,89.9992275238,0.00574065,0.0241258,0.0467453
723,0.999598,99.0050268173,0.00654683,0.0249546,0.0466961
724,0.999594,100.004038811,0.00782447,0.0234659,0.0466469
725,0.999582,103.001074791,0.00699208,0.0244538,0.0465978
726,0.999566,106.997122765,0.00842309,0.0247036,0.0465488
727,0.999505,121.996994019,0.0106215,0.031087,0.0464998
728,0.999566,106.997122765,0.00753271,0.0234294,0.0464508
729,0.999529,116.002922058,0.0094109,0.0297197,0.0464019
730,0.99955,110.993170738,0.00892201,0.0255137,0.0463531
731,0.999537,114.004898071,0.00850755,0.0273983,0.0463043
732,0.999554,109.994158745,0.0094039,0.0269925,0.0462555
733,0.999578,104.000086784,0.00889066,0.026402,0.0462068
734,0.999606,97.0070028305,0.00635475,0.0244046,0.0461582
735,0.999542,113.005886078,0.0107266,0.0273968,0.0461096
736,0.999558,108.995146751,0.00755417,0.0248381,0.0460611
737,0.999602,98.0060148239,0.00789572,0.0246833,0.0460126
738,0.999586,102.002062798,0.00667818,0.0246633,0.0459641
739,0.999554,109.994158745,0.00801206,0.0254045,0.0459157
740,0.999529,116.002922058,0.00928274,0.0250904,0.0458674
741,0.999643,88.001203537,0.00648757,0.0228169,0.0458191
742,0.999602,98.0060148239,0.00824139,0.0261247,0.0457709
743,0.999675,79.9944162369,0.00454922,0.0199086,0.0457227
744,0.999594,100.004038811,0.00699681,0.0251411,0.0456746
745,0.999521,118.000946045,0.00908333,0.02718,0.0456265
746,0.999639,89.0002155304,0.0056985,0.0209991,0.0455785
747,0.9997,74.0003442764,0.00629187,0.0212423,0.0455305
748,0.999566,106.997122765,0.00747818,0.0258147,0.0454825
749,0.99959,101.003050804,0.00672743,0.0249851,0.0454347
750,0.999619,93.9952754974,0.00603738,0.021571,0.0453868
751,0.999566,106.997122765,0.00736764,0.0245504,0.0453391
752,0.999663,83.0061435699,0.00453332,0.0215541,0.0452913
753,0.999651,86.0031795502,0.00600999,0.020856,0.0452437
754,0.999627,91.9972515106,0.0072201,0.0232881,0.045196
755,0.999611,95.9932994843,0.00681302,0.0240571,0.0451484
756,0.999513,119.998970032,0.00794122,0.0251181,0.0451009
757,0.999574,104.999098778,0.00696345,0.0255255,0.0450534
758,0.999627,91.9972515106,0.00640767,0.0222159,0.045006
759,0.999659,84.0051555634,0.00645539,0.023086,0.0449586
760,0.999602,98.0060148239,0.00693061,0.024229,0.0449113
761,0.999692,75.9983682632,0.00536204,0.0210289,0.044864
762,0.999578,104.000086784,0.00747912,0.0258215,0.0448168
763,0.999643,88.001203537,0.00543087,0.023838,0.0447696
764,0.99955,110.993170738,0.0077855,0.0274106,0.0447225
765,0.999574,104.999098778,0.0090687,0.0251484,0.0446754
766,0.999639,89.0002155304,0.00783109,0.0225148,0.0446284
767,0.999594,100.004038811,0.00585662,0.0242634,0.0445814
768,0.999594,100.004038811,0.00751024,0.0266737,0.0445345
769,0.99955,110.993170738,0.00809659,0.0271618,0.0444876
770,0.999606,97.0070028305,0.0070238,0.023071,0.0444408
771,0.999562,107.996134758,0.00757365,0.0253725,0.044394
772,0.999582,103.001074791,0.00746739,0.0248729,0.0443472
773,0.999602,98.0060148239,0.00700223,0.0250616,0.0443006
774,0.999708,72.0023202896,0.00525293,0.0182233,0.0442539
775,0.999631,90.9982395172,0.00595348,0.0221516,0.0442073
776,0.999688,76.9973802567,0.00523345,0.0201365,0.0441608
777,0.999684,77.9963922501,0.00546877,0.0173056,0.0441143
778,0.999497,123.995018005,0.0090316,0.0272898,0.0440679
779,0.999671,80.9934282303,0.00558033,0.0218097,0.0440215
780,0.999635,89.9992275238,0.00667992,0.0244948,0.0439751
781,0.999566,106.997122765,0.00859304,0.0264985,0.0439288
782,0.999602,98.0060148239,0.00715936,0.0261681,0.0438826
783,0.999517,118.999958038,0.00829211,0.0283274,0.0438364
784,0.999562,107.996134758,0.00790207,0.0255897,0.0437903
785,0.999606,97.0070028305,0.00641706,0.0234616,0.0437442
786,0.999631,90.9982395172,0.00709284,0.0239535,0.0436981
787,0.999663,83.0061435699,0.00460612,0.0202923,0.0436521
788,0.999635,89.9992275238,0.00623694,0.0246023,0.0436061
789,0.999558,108.995146751,0.00927785,0.0294558,0.0435602
790,0.999586,102.002062798,0.00688684,0.0244763,0.0435144
791,0.99957,105.998110771,0.00650743,0.025997,0.0434686
792,0.999606,97.0070028305,0.00646069,0.0235035,0.0434228
793,0.999615,94.9942874908,0.00629468,0.0236059,0.0433771
794,0.999615,94.9942874908,0.00643695,0.0232449,0.0433314
795,0.999639,89.0002155304,0.0066164,0.0238485,0.0432858
796,0.999647,87.0021915436,0.00592494,0.0204567,0.0432403
797,0.999623,92.996263504,0.00572983,0.021696,0.0431947
798,0.999639,89.0002155304,0.0059798,0.0225915,0.0431493
799,0.999659,84.0051555634,0.00562948,0.0210165,0.0431038
800,0.999671,80.9934282303,0.00532067,0.0190062,0.0430585
801,0.999578,104.000086784,0.00722627,0.0244658,0.0430131
802,0.999627,91.9972515106,0.00672964,0.0234575,0.0429679
803,0.999623,92.996263504,0.00689163,0.0227194,0.0429226
804,0.999602,98.0060148239,0.00717823,0.0249516,0.0428774
805,0.999611,95.9932994843,0.00541843,0.0201287,0.0428323
806,0.999635,89.9992275238,0.00715768,0.0229576,0.0427872
807,0.999586,102.002062798,0.00740713,0.0245742,0.0427422
808,0.999627,91.9972515106,0.00547767,0.0213652,0.0426972
809,0.999639,89.0002155304,0.00583242,0.0230045,0.0426522
810,0.999635,89.9992275238,0.00605079,0.0240013,0.0426073
811,0.999546,112.006874084,0.00851421,0.026513,0.0425625
812,0.999615,94.9942874908,0.006555,0.0234603,0.0425177
813,0.999647,87.0021915436,0.00636373,0.0236672,0.0424729
814,0.999619,93.9952754974,0.00796525,0.026229,0.0424282
815,0.999619,93.9952754974,0.0055127,0.0229414,0.0423835
816,0.999667,82.0071315765,0.00717619,0.0241762,0.0423389
817,0.999663,83.0061435699,0.00503788,0.021397,0.0422943
818,0.999663,83.0061435699,0.0057376,0.0229755,0.0422498
819,0.999663,83.0061435699,0.00523264,0.0213269,0.0422054
820,0.999631,90.9982395172,0.00501885,0.0223174,0.0421609
821,0.999598,99.0050268173,0.00608541,0.0231907,0.0421165
822,0.999615,94.9942874908,0.00594948,0.0233113,0.0420722
823,0.999667,82.0071315765,0.00585414,0.0224805,0.0420279
824,0.999615,94.9942874908,0.00510721,0.022184,0.0419837
825,0.999619,93.9952754974,0.00721634,0.0242424,0.0419395
826,0.999635,89.9992275238,0.0057751,0.0216718,0.0418953
827,0.99968,78.9954042435,0.00577979,0.0212454,0.0418512
828,0.999602,98.0060148239,0.0074112,0.024941,0.0418072
829,0.999631,90.9982395172,0.00532812,0.0208971,0.0417631
830,0.999667,82.0071315765,0.00577252,0.0219052,0.0417192
831,0.999684,77.9963922501,0.00476829,0.0204718,0.0416753
832,0.999708,72.0023202896,0.00457608,0.0193648,0.0416314
833,0.999663,83.0061435699,0.00480587,0.0194361,0.0415876
834,0.999651,86.0031795502,0.0063321,0.0215043,0.0415438
835,0.999647,87.0021915436,0.00646551,0.0216952,0.0415001
836,0.999671,80.9934282303,0.00466842,0.0178119,0.0414564
837,0.999611,95.9932994843,0.00602648,0.0244575,0.0414127
838,0.999631,90.9982395172,0.00553679,0.0243759,0.0413691
839,0.999631,90.9982395172,0.00644001,0.0216385,0.0413256
840,0.999631,90.9982395172,0.00592944,0.0219822,0.0412821
841,0.999554,109.994158745,0.00733244,0.0267862,0.0412386
842,0.999627,91.9972515106,0.00714238,0.0241042,0.0411952
843,0.999647,87.0021915436,0.00520667,0.0214762,0.0411518
844,0.999635,89.9992275238,0.00621252,0.0248832,0.0411085
845,0.9997,74.0003442764,0.00464568,0.0204241,0.0410652
846,0.999627,91.9972515106,0.00547873,0.0228144,0.041022
847,0.999663,83.0061435699,0.00548726,0.0201445,0.0409788
848,0.999639,89.0002155304,0.00547361,0.0209271,0.0409357
849,0.999667,82.0071315765,0.00544192,0.0223499,0.0408926
850,0.999574,104.999098778,0.00670258,0.0251539,0.0408496
851,0.999684,77.9963922501,0.0044894,0.0192292,0.0408065
852,0.999635,89.9992275238,0.00514976,0.0206608,0.0407636
853,0.999631,90.9982395172,0.0041419,0.0219439,0.0407207
854,0.999688,76.9973802567,0.0043835,0.0193947,0.0406778
855,0.999728,67.0072603226,0.00427651,0.0194985,0.040635
856,0.999631,90.9982395172,0.00628604,0.0219334,0.0405922
857,0.999671,80.9934282303,0.00498922,0.0217335,0.0405495
858,0.999692,75.9983682632,0.00508888,0.0189346,0.0405068
859,0.999667,82.0071315765,0.0047545,0.0197742,0.0404642
860,0.999688,76.9973802567,0.0045893,0.0218259,0.0404216
861,0.999712,71.0033082962,0.00405365,0.0182583,0.040379
862,0.999619,93.9952754974,0.00778119,0.0259435,0.0403365
863,0.999602,98.0060148239,0.00648151,0.0238918,0.040294
864,0.999692,75.9983682632,0.00403895,0.0206678,0.0402516
865,0.99968,78.9954042435,0.00428542,0.021523,0.0402092
866,0.999712,71.0033082962,0.00425682,0.0182566,0.0401669
867,0.999724,68.006272316,0.00333007,0.0169026,0.0401246
868,0.999716,70.0042963028,0.00461994,0.019606,0.0400824
869,0.999671,80.9934282303,0.00656587,0.0244847,0.0400402
870,0.999716,70.0042963028,0.00415241,0.0183258,0.039998
871,0.999635,89.9992275238,0.00505326,0.0206104,0.0399559
872,0.999704,73.001332283,0.00518212,0.0203952,0.0399139
873,0.999659,84.0051555634,0.00542884,0.0213623,0.0398719
874,0.999602,98.0060148239,0.00682442,0.023423,0.0398299
875,0.999639,89.0002155304,0.00658335,0.0252531,0.039788
876,0.999671,80.9934282303,0.00498956,0.0210816,0.0397461
877,0.99972,69.0052843094,0.0037714,0.0183804,0.0397042
878,0.999696,74.9993562698,0.00480319,0.0209655,0.0396624
879,0.999708,72.0023202896,0.00404991,0.0192658,0.0396207
880,0.999651,86.0031795502,0.00435079,0.0216051,0.039579
881,0.999667,82.0071315765,0.00555038,0.0229149,0.0395373
882,0.999623,92.996263504,0.00561464,0.023509,0.0394957
883,0.999627,91.9972515106,0.00636337,0.0226405,0.0394541
884,0.999688,76.9973802567,0.00437093,0.0196413,0.0394126
885,0.999684,77.9963922501,0.0052538,0.0182406,0.0393711
886,0.999643,88.001203537,0.00636007,0.0241181,0.0393296
887,0.999627,91.9972515106,0.00599245,0.0240791,0.0392882
888,0.999631,90.9982395172,0.00674427,0.0233553,0.0392469
889,0.999688,76.9973802567,0.00466582,0.0192948,0.0392056
890,0.999736,64.9945449829,0.00438848,0.0189797,0.0391643
891,0.999671,80.9934282303,0.00511027,0.0214641,0.0391231
892,0.999635,89.9992275238,0.00653097,0.0225213,0.0390819
893,0.999663,83.0061435699,0.00434049,0.0193629,0.0390407
894,0.999736,64.9945449829,0.00438597,0.0187592,0.0389996
895,0.999684,77.9963922501,0.00473633,0.0202626,0.0389586
896,0.99968,78.9954042435,0.00450367,0.0206059,0.0389176
897,0.999667,82.0071315765,0.00592326,0.0238588,0.0388766
898,0.999688,76.9973802567,0.00450546,0.0177444,0.0388357
899,0.999639,89.0002155304,0.00582807,0.0209277,0.0387948
900,0.999655,85.0041675568,0.00516784,0.0222946,0.038754
901,0.999627,91.9972515106,0.00517205,0.0212609,0.0387132
902,0.999696,74.9993562698,0.00406604,0.0214677,0.0386724
903,0.999671,80.9934282303,0.00464861,0.0222972,0.0386317
904,0.999586,102.002062798,0.00664806,0.025705,0.038591
905,0.999704,73.001332283,0.00329212,0.0203825,0.0385504
906,0.999728,67.0072603226,0.00461758,0.0179652,0.0385098
907,0.999732,65.9935569763,0.00264416,0.0174367,0.0384693
908,0.999704,73.001332283,0.00492229,0.0193188,0.0384288
909,0.99968,78.9954042435,0.00391345,0.0198028,0.0383883
910,0.999692,75.9983682632,0.00486006,0.0211697,0.0383479
911,0.999777,55.0044250488,0.00263707,0.0151178,0.0383075
912,0.999692,75.9983682632,0.00474958,0.0209607,0.0382672
913,0.999773,56.0034370422,0.00336162,0.0168032,0.0382269
914,0.999712,71.0033082962,0.00475834,0.0204259,0.0381867
915,0.9997,74.0003442764,0.00338389,0.0187614,0.0381465
916,0.999663,83.0061435699,0.00537105,0.0229503,0.0381063
917,0.999736,64.9945449829,0.00382948,0.0195534,0.0380662
918,0.999712,71.0033082962,0.00380928,0.020041,0.0380261
919,0.9997,74.0003442764,0.00447092,0.019908,0.0379861
920,0.999684,77.9963922501,0.0042419,0.0195406,0.0379461
921,0.999655,85.0041675568,0.00472577,0.0217644,0.0379062
922,0.999728,67.0072603226,0.00330133,0.0168678,0.0378663
923,0.9997,74.0003442764,0.00426167,0.0198463,0.0378264
924,0.999732,65.9935569763,0.00398495,0.02052,0.0377866
925,0.99972,69.0052843094,0.00496665,0.019802,0.0377468
926,0.999663,83.0061435699,0.00441356,0.0218822,0.0377071
927,0.999675,79.9944162369,0.00448883,0.0202414,0.0376674
928,0.999688,76.9973802567,0.00379899,0.0205642,0.0376277
929,0.999627,91.9972515106,0.00546179,0.0222146,0.0375881
930,0.999688,76.9973802567,0.00447161,0.0193622,0.0375485
931,0.999675,79.9944162369,0.00480931,0.0215854,0.037509
932,0.999643,88.001203537,0.00434232,0.0216284,0.0374695
933,0.999651,86.0031795502,0.00519359,0.0214857,0.0374301
934,0.99972,69.0052843094,0.00338933,0.0194601,0.0373907
935,0.999757,59.9994850159,0.00309441,0.0165607,0.0373513
936,0.99968,78.9954042435,0.00467185,0.0189813,0.037312
937,0.999667,82.0071315765,0.00429796,0.0224329,0.0372727
938,0.999732,65.9935569763,0.00355649,0.0190864,0.0372335
939,0.999716,70.0042963028,0.00425284,0.0201482,0.0371943
940,0.99968,78.9954042435,0.00360187,0.0207343,0.0371551
941,0.999744,62.9965209961,0.00327117,0.0186651,0.037116
942,0.999692,75.9983682632,0.00468067,0.0205854,0.037077
943,0.999748,61.9975090027,0.00311311,0.0171972,0.0370379
944,0.999712,71.0033082962,0.00426444,0.0193405,0.0369989
945,0.999769,57.0024490356,0.00260689,0.014482,0.03696
946,0.999684,77.9963922501,0.00402335,0.020777,0.0369211
947,0.999667,82.0071315765,0.00452944,0.0206922,0.0368822
948,0.999716,70.0042963028,0.00407673,0.0177559,0.0368434
949,0.99972,69.0052843094,0.00374401,0.0207791,0.0368046
950,0.999716,70.0042963028,0.00326741,0.0195785,0.0367659
951,0.999675,79.9944162369,0.00439722,0.0207425,0.0367271
952,0.999777,55.0044250488,0.00207776,0.0153858,0.0366885
953,0.999732,65.9935569763,0.00405653,0.0174392,0.0366499
954,0.999761,59.0004730225,0.00329461,0.0170923,0.0366113
955,0.999744,62.9965209961,0.00242698,0.0179178,0.0365727
956,0.999704,73.001332283,0.00460139,0.0201054,0.0365342
957,0.999692,75.9983682632,0.00356848,0.0203537,0.0364958
958,0.999692,75.9983682632,0.00472092,0.0199227,0.0364574
959,0.999671,80.9934282303,0.00478967,0.0191124,0.036419
960,0.999736,64.9945449829,0.00390646,0.0213027,0.0363806
961,0.999671,80.9934282303,0.00452786,0.0205244,0.0363423
962,0.999704,73.001332283,0.00376993,0.020811,0.0363041
963,0.99972,69.0052843094,0.00380799,0.0190122,0.0362659
964,0.999688,76.9973802567,0.00432668,0.0194107,0.0362277
965,0.999753,60.9984970093,0.00353025,0.019675,0.0361896
966,0.999765,58.0014610291,0.00308105,0.0167542,0.0361515
967,0.999736,64.9945449829,0.00410431,0.0179101,0.0361134
968,0.999753,60.9984970093,0.00255848,0.0168143,0.0360754
969,0.999692,75.9983682632,0.00356906,0.0209104,0.0360374
970,0.999716,70.0042963028,0.00315101,0.0180939,0.0359995
971,0.999732,65.9935569763,0.00278167,0.0176668,0.0359616
972,0.999704,73.001332283,0.00438461,0.0206554,0.0359237
973,0.999712,71.0033082962,0.00499971,0.0177452,0.0358859
974,0.999688,76.9973802567,0.00486482,0.0198557,0.0358481
975,0.999748,61.9975090027,0.00335523,0.0152088,0.0358104
976,0.99968,78.9954042435,0.00538264,0.0208267,0.0357727
977,0.999663,83.0061435699,0.00387768,0.0209624,0.035735
978,0.999753,60.9984970093,0.00369445,0.0174968,0.0356974
979,0.999692,75.9983682632,0.00405764,0.0194017,0.0356598
980,0.999667,82.0071315765,0.00495777,0.0217988,0.0356223
981,0.999805,47.9966497421,0.00290408,0.0133694,0.0355848
982,0.999797,49.9946737289,0.00216129,0.0148663,0.0355473
983,0.999696,74.9993562698,0.00410065,0.0194495,0.0355099
984,0.999724,68.006272316,0.0032021,0.0181329,0.0354725
985,0.999744,62.9965209961,0.00297858,0.0176585,0.0354352
986,0.9997,74.0003442764,0.00451005,0.0209039,0.0353979
987,0.999793,50.9936857224,0.00238145,0.0131803,0.0353606
988,0.999817,44.9996137619,0.00204891,0.0132411,0.0353234
989,0.999675,79.9944162369,0.00512332,0.0210685,0.0352862
990,0.999821,44.0006017685,0.00217254,0.0127262,0.0352491
991,0.999773,56.0034370422,0.00328151,0.0157954,0.035212
992,0.999765,58.0014610291,0.00235006,0.0164368,0.0351749
993,0.999732,65.9935569763,0.00296153,0.0174882,0.0351379
994,0.999724,68.006272316,0.0033019,0.0186498,0.0351009
995,0.999797,49.9946737289,0.00188663,0.0142655,0.0350639
996,0.999708,72.0023202896,0.00433973,0.0202959,0.035027
997,0.9997,74.0003442764,0.00386482,0.0211935,0.0349901
998,0.999761,59.0004730225,0.00395017,0.0172908,0.0349533
999,0.999704,73.001332283,0.00438436,0.0192195,0.0349165
1000,0.999748,61.9975090027,0.00257084,0.0165245,0.0348797
1001,0.999785,53.006401062,0.00261944,0.0149921,0.034843
1002,0.999781,54.0054130554,0.00232982,0.0140957,0.0348063
1003,0.999736,64.9945449829,0.00336747,0.0174507,0.0347697
1004,0.9997,74.0003442764,0.00353429,0.0193546,0.0347331
1005,0.99974,63.9955329895,0.00373653,0.0178718,0.0346965
1006,0.999712,71.0033082962,0.00424954,0.0211761,0.03466
1007,0.999777,55.0044250488,0.00271325,0.0149539,0.0346235
1008,0.999765,58.0014610291,0.00312762,0.0167986,0.0345871
1009,0.999748,61.9975090027,0.00317988,0.0181078,0.0345507
1010,0.999708,72.0023202896,0.00381139,0.0199475,0.0345143
1011,0.999757,59.9994850159,0.00297291,0.0154575,0.034478
1012,0.999777,55.0044250488,0.00269761,0.01548,0.0344417
1013,0.999716,70.0042963028,0.00289465,0.0171504,0.0344054
1014,0.999748,61.9975090027,0.00325012,0.0194288,0.0343692
1015,0.999684,77.9963922501,0.00493595,0.0223772,0.034333
1016,0.999748,61.9975090027,0.00388874,0.0183535,0.0342969
1017,0.999821,44.0006017685,0.00246551,0.0138863,0.0342608
1018,0.999757,59.9994850159,0.00318079,0.0153473,0.0342247
1019,0.999801,48.9956617355,0.00223004,0.0147285,0.0341887
1020,0.99974,63.9955329895,0.00367704,0.0185785,0.0341527
1021,0.999753,60.9984970093,0.00359758,0.0176069,0.0341167
1022,0.999826,43.0015897751,0.00235589,0.0135585,0.0340808
1023,0.999773,56.0034370422,0.00257596,0.017411,0.0340449
1024,0.999728,67.0072603226,0.00312433,0.0181736,0.0340091
1025,0.999777,55.0044250488,0.00234341,0.0157177,0.0339733
1026,0.999708,72.0023202896,0.0039445,0.0200996,0.0339375
1027,0.99974,63.9955329895,0.00324756,0.017233,0.0339018
1028,0.999704,73.001332283,0.00346723,0.0184437,0.0338661
1029,0.999663,83.0061435699,0.00428771,0.0231273,0.0338305
1030,0.999773,56.0034370422,0.00276165,0.0158872,0.0337948
1031,0.999761,59.0004730225,0.00324332,0.015957,0.0337593
1032,0.999777,55.0044250488,0.00228088,0.0151836,0.0337237
1033,0.999821,44.0006017685,0.00232175,0.0128238,0.0336882
1034,0.999805,47.9966497421,0.00217857,0.0142851,0.0336528
1035,0.999826,43.0015897751,0.00216164,0.0153616,0.0336173
1036,0.999765,58.0014610291,0.00292202,0.0162135,0.033582
1037,0.999809,46.9976377487,0.00198837,0.0147247,0.0335466
1038,0.999809,46.9976377487,0.00297365,0.0140958,0.0335113
1039,0.99974,63.9955329895,0.00275176,0.0192059,0.033476
1040,0.999728,67.0072603226,0.00347556,0.0192965,0.0334408
1041,0.999748,61.9975090027,0.00337735,0.0166178,0.0334056
1042,0.999809,46.9976377487,0.00211755,0.0122833,0.0333704
1043,0.999748,61.9975090027,0.00307317,0.0172712,0.0333353
1044,0.999793,50.9936857224,0.00221852,0.0173595,0.0333002
1045,0.999769,57.0024490356,0.00254533,0.0159102,0.0332651
1046,0.999769,57.0024490356,0.00293737,0.0142903,0.0332301
1047,0.999797,49.9946737289,0.00237817,0.014597,0.0331951
1048,0.999899,25.0046825409,0.000867244,0.00897254,0.0331602
1049,0.999797,49.9946737289,0.00245655,0.0153964,0.0331253
1050,0.999789,51.9926977158,0.00284304,0.0153055,0.0330904
1051,0.999785,53.006401062,0.00285727,0.0149692,0.0330556
1052,0.999789,51.9926977158,0.00235142,0.0148414,0.0330208
1053,0.999769,57.0024490356,0.00223046,0.0175381,0.032986
1054,0.999781,54.0054130554,0.00206368,0.014778,0.0329513
1055,0.999797,49.9946737289,0.00208855,0.0148285,0.0329166
1056,0.999805,47.9966497421,0.00216762,0.0150693,0.0328819
1057,0.99985,36.9928264618,0.00160649,0.0121629,0.0328473
1058,0.999793,50.9936857224,0.0025166,0.0157653,0.0328127
1059,0.999769,57.0024490356,0.00340359,0.0168262,0.0327782
1060,0.999777,55.0044250488,0.00275694,0.01597,0.0327437
1061,0.999801,48.9956617355,0.00179584,0.0134208,0.0327092
1062,0.999744,62.9965209961,0.00273053,0.0166447,0.0326748
1063,0.999834,41.0035657883,0.00155591,0.0132571,0.0326404
1064,0.999789,51.9926977158,0.00245538,0.0165524,0.032606
1065,0.999744,62.9965209961,0.00313663,0.0171444,0.0325717
1066,0.999793,50.9936857224,0.00235936,0.0136029,0.0325374
1067,0.999789,51.9926977158,0.00235951,0.0148924,0.0325032
1068,0.999728,67.0072603226,0.00251438,0.0171965,0.032469
1069,0.999781,54.0054130554,0.00218939,0.0160718,0.0324348
1070,0.999744,62.9965209961,0.00339688,0.0166965,0.0324006
1071,0.999777,55.0044250488,0.00296629,0.0157305,0.0323665
1072,0.999801,48.9956617355,0.00213728,0.0139482,0.0323324
1073,0.999777,55.0044250488,0.00225199,0.0161607,0.0322984
1074,0.999753,60.9984970093,0.00284194,0.0169843,0.0322644
1075,0.999793,50.9936857224,0.00244867,0.0158291,0.0322304
1076,0.999781,54.0054130554,0.0020289,0.0148859,0.0321965
1077,0.999757,59.9994850159,0.00311333,0.0165586,0.0321626
1078,0.999748,61.9975090027,0.00321694,0.0193216,0.0321288
1079,0.999842,39.0055418015,0.0018564,0.0121094,0.0320949
1080,0.999793,50.9936857224,0.00211408,0.0140471,0.0320612
1081,0.999748,61.9975090027,0.00284381,0.0178846,0.0320274
1082,0.999773,56.0034370422,0.00280078,0.0173067,0.0319937
1083,0.999777,55.0044250488,0.00288713,0.01698,0.03196
1084,0.99974,63.9955329895,0.00254814,0.0171147,0.0319264
1085,0.999736,64.9945449829,0.00316339,0.0190026,0.0318928
1086,0.999773,56.0034370422,0.00229775,0.0155492,0.0318592
1087,0.999793,50.9936857224,0.00223402,0.0167477,0.0318256
1088,0.999793,50.9936857224,0.00231147,0.0147331,0.0317921
1089,0.999777,55.0044250488,0.00269226,0.0165669,0.0317587
1090,0.999748,61.9975090027,0.00303078,0.0187148,0.0317252
1091,0.999761,59.0004730225,0.00229101,0.0150187,0.0316918
1092,0.999748,61.9975090027,0.00271103,0.0160355,0.0316585
1093,0.999826,43.0015897751,0.00150192,0.0132438,0.0316252
1094,0.999789,51.9926977158,0.00217794,0.0148942,0.0315919
1095,0.999773,56.0034370422,0.00220338,0.0148956,0.0315586
1096,0.999777,55.0044250488,0.00213193,0.0157185,0.0315254
1097,0.999801,48.9956617355,0.00242077,0.0151303,0.0314922
1098,0.999785,53.006401062,0.00225452,0.0167909,0.031459
1099,0.999789,51.9926977158,0.00282497,0.016251,0.0314259
1100,0.999813,45.9986257553,0.00223791,0.0147595,0.0313928
1101,0.999809,46.9976377487,0.00259655,0.0157991,0.0313598
1102,0.999817,44.9996137619,0.00156787,0.0124868,0.0313268
1103,0.999797,49.9946737289,0.00229768,0.0141256,0.0312938
1104,0.999878,29.9997425079,0.0012069,0.012065,0.0312609
1105,0.999805,47.9966497421,0.001931,0.0149835,0.031228
1106,0.999761,59.0004730225,0.00257745,0.0172118,0.0311951
1107,0.999838,40.0045537949,0.00133417,0.0130974,0.0311622
1108,0.999862,33.9957904816,0.0015762,0.0123216,0.0311294
1109,0.999882,29.0007305145,0.00116711,0.0115557,0.0310967
1110,0.999753,60.9984970093,0.00305856,0.018563,0.0310639
1111,0.99983,42.0025777817,0.00178355,0.0122896,0.0310312
1112,0.999732,65.9935569763,0.00335195,0.0175315,0.0309986
1113,0.999773,56.0034370422,0.00253388,0.0155675,0.0309659
1114,0.999805,47.9966497421,0.00213573,0.0155419,0.0309333
1115,0.999809,46.9976377487,0.00195489,0.0144366,0.0309008
1116,0.999805,47.9966497421,0.00175431,0.0173704,0.0308682
1117,0.999866,32.9967784882,0.00203673,0.0119923,0.0308357
1118,0.999801,48.9956617355,0.00182399,0.0154451,0.0308033
1119,0.999785,53.006401062,0.0025409,0.0171683,0.0307709
1120,0.999805,47.9966497421,0.00174417,0.014104,0.0307385
1121,0.999765,58.0014610291,0.00216408,0.0154352,0.0307061
1122,0.999777,55.0044250488,0.00252954,0.0171781,0.0306738
1123,0.999809,46.9976377487,0.00221404,0.0148411,0.0306415
1124,0.999817,44.9996137619,0.00239141,0.0139179,0.0306092
1125,0.999805,47.9966497421,0.00214713,0.0137921,0.030577
1126,0.999765,58.0014610291,0.00246446,0.0160933,0.0305448
1127,0.999834,41.0035657883,0.00213068,0.0143413,0.0305127
1128,0.999826,43.0015897751,0.00127943,0.0142664,0.0304805
1129,0.999834,41.0035657883,0.00156556,0.0134825,0.0304485
1130,0.999801,48.9956617355,0.00241978,0.0152967,0.0304164
1131,0.999854,35.9938144684,0.00178619,0.0125216,0.0303844
1132,0.999838,40.0045537949,0.00167454,0.0123066,0.0303524
1133,0.999854,35.9938144684,0.00160594,0.011651,0.0303204
1134,0.99987,31.9977664948,0.00134499,0.0135014,0.0302885
1135,0.999842,39.0055418015,0.00140901,0.0130017,0.0302566
1136,0.999801,48.9956617355,0.00224978,0.0150512,0.0302248
1137,0.999805,47.9966497421,0.00183667,0.0155604,0.030193
1138,0.999744,62.9965209961,0.00316429,0.0182386,0.0301612
1139,0.999789,51.9926977158,0.0020051,0.0143247,0.0301294
1140,0.999757,59.9994850159,0.00281825,0.0165258,0.0300977
1141,0.999789,51.9926977158,0.00199747,0.0145418,0.030066
1142,0.999769,57.0024490356,0.00265232,0.0169557,0.0300344
1143,0.999781,54.0054130554,0.00241548,0.017917,0.0300028
1144,0.999834,41.0035657883,0.0014679,0.0130577,0.0299712
1145,0.999854,35.9938144684,0.00162131,0.0124921,0.0299396
1146,0.999834,41.0035657883,0.00161889,0.0151365,0.0299081
1147,0.999821,44.0006017685,0.00165682,0.0141697,0.0298766
1148,0.999834,41.0035657883,0.00177347,0.012971,0.0298452
1149,0.999826,43.0015897751,0.00184807,0.0146437,0.0298138
1150,0.99985,36.9928264618,0.00206451,0.0132154,0.0297824
1151,0.999826,43.0015897751,0.00224322,0.0131694,0.029751
1152,0.999805,47.9966497421,0.00201419,0.0147734,0.0297197
1153,0.999866,32.9967784882,0.000941637,0.0102903,0.0296884
1154,0.999858,34.994802475,0.00135066,0.0124754,0.0296572
1155,0.999838,40.0045537949,0.00113262,0.0130534,0.0296259
1156,0.99987,31.9977664948,0.000929209,0.0116462,0.0295948
1157,0.999858,34.994802475,0.00138441,0.0123365,0.0295636
1158,0.999878,29.9997425079,0.000910093,0.00954172,0.0295325
1159,0.999821,44.0006017685,0.00161965,0.0143728,0.0295014
1160,0.999805,47.9966497421,0.00186584,0.0133478,0.0294703
1161,0.99989,27.0027065277,0.00114859,0.0103262,0.0294393
1162,0.999838,40.0045537949,0.0021463,0.0132349,0.0294083
1163,0.999826,43.0015897751,0.00158967,0.0138692,0.0293774
1164,0.999821,44.0006017685,0.00164183,0.0115165,0.0293464
1165,0.999801,48.9956617355,0.00211042,0.0151996,0.0293155
1166,0.999826,43.0015897751,0.00223256,0.0147817,0.0292847
1167,0.999805,47.9966497421,0.00210866,0.0150265,0.0292539
1168,0.999858,34.994802475,0.00141785,0.0125118,0.0292231
1169,0.999842,39.0055418015,0.00172229,0.0117958,0.0291923
1170,0.999785,53.006401062,0.00202543,0.0173959,0.0291616
1171,0.999813,45.9986257553,0.0019624,0.0143873,0.0291309
1172,0.999789,51.9926977158,0.0026488,0.0163584,0.0291002
1173,0.999797,49.9946737289,0.00209687,0.0142531,0.0290696
1174,0.999838,40.0045537949,0.0015869,0.012235,0.029039
1175,0.999854,35.9938144684,0.00128047,0.0110984,0.0290084
1176,0.999854,35.9938144684,0.00124476,0.0111959,0.0289779
1177,0.999842,39.0055418015,0.0019195,0.0140219,0.0289474
1178,0.999834,41.0035657883,0.00174838,0.0138606,0.0289169
1179,0.999862,33.9957904816,0.00119475,0.0119336,0.0288864
1180,0.999781,54.0054130554,0.00260078,0.0156852,0.028856
1181,0.999801,48.9956617355,0.00250635,0.0154443,0.0288256
1182,0.999826,43.0015897751,0.001991,0.0132489,0.0287953
1183,0.999907,23.0066585541,0.000656914,0.00981658,0.028765
1184,0.999886,28.0017185211,0.000761029,0.00914017,0.0287347
1185,0.99987,31.9977664948,0.00121104,0.0104415,0.0287045
1186,0.999826,43.0015897751,0.00150238,0.0133083,0.0286742
1187,0.999878,29.9997425079,0.00126219,0.0102421,0.0286441
1188,0.999793,50.9936857224,0.00231582,0.0180024,0.0286139
1189,0.999797,49.9946737289,0.00208958,0.0157952,0.0285838
1190,0.999813,45.9986257553,0.00188278,0.0135912,0.0285537
1191,0.999862,33.9957904816,0.0012047,0.010473,0.0285236
1192,0.999805,47.9966497421,0.00212272,0.0157964,0.0284936
1193,0.999801,48.9956617355,0.00239928,0.015103,0.0284636
1194,0.999862,33.9957904816,0.000958777,0.0113876,0.0284336
1195,0.999809,46.9976377487,0.00213481,0.0157178,0.0284037
1196,0.999838,40.0045537949,0.00173627,0.0123203,0.0283738
1197,0.999789,51.9926977158,0.00233147,0.0174549,0.0283439
1198,0.999842,39.0055418015,0.00122838,0.0112524,0.0283141
1199,0.999878,29.9997425079,0.00106906,0.011216,0.0282843
1200,0.999821,44.0006017685,0.00148038,0.0138252,0.0282545
1201,0.999817,44.9996137619,0.00133819,0.0137664,0.0282248
1202,0.99987,31.9977664948,0.00111753,0.0122366,0.0281951
1203,0.999846,38.006529808,0.00123329,0.0111373,0.0281654
1204,0.999821,44.0006017685,0.00179186,0.0155491,0.0281357
1205,0.99983,42.0025777817,0.00190771,0.013933,0.0281061
1206,0.99985,36.9928264618,0.000960926,0.0116071,0.0280765
1207,0.999846,38.006529808,0.00172458,0.0124067,0.028047
1208,0.999866,32.9967784882,0.00115525,0.0103629,0.0280175
1209,0.999817,44.9996137619,0.00134084,0.0135783,0.027988
1210,0.999805,47.9966497421,0.00204177,0.0125913,0.0279585
1211,0.99983,42.0025777817,0.00147797,0.0128747,0.0279291
1212,0.999817,44.9996137619,0.00137889,0.0138991,0.0278997
1213,0.999862,33.9957904816,0.000983057,0.0102705,0.0278703
1214,0.999862,33.9957904816,0.000967474,0.00959862,0.0278409
1215,0.99985,36.9928264618,0.00168167,0.012797,0.0278116
1216,0.999854,35.9938144684,0.00110055,0.0104092,0.0277824
1217,0.999858,34.994802475,0.00110687,0.0126205,0.0277531
1218,0.999874,30.9987545013,0.00116111,0.0120719,0.0277239
1219,0.999838,40.0045537949,0.00159506,0.0131661,0.0276947
1220,0.99985,36.9928264618,0.00143179,0.0124361,0.0276656
1221,0.999866,32.9967784882,0.0012938,0.0119137,0.0276364
1222,0.99983,42.0025777817,0.00134053,0.0123901,0.0276073
1223,0.999838,40.0045537949,0.00146802,0.0149428,0.0275783
1224,0.999878,29.9997425079,0.00120272,0.0106364,0.0275493
1225,0.999842,39.0055418015,0.00114186,0.012752,0.0275202
1226,0.999878,29.9997425079,0.0011571,0.0109215,0.0274913
1227,0.999862,33.9957904816,0.000922536,0.0113664,0.0274623
1228,0.999858,34.994802475,0.0010202,0.014014,0.0274334
1229,0.999842,39.0055418015,0.00170812,0.0142912,0.0274045
1230,0.999846,38.006529808,0.00144754,0.0119667,0.0273757
1231,0.99987,31.9977664948,0.00117581,0.0105343,0.0273469
1232,0.999866,32.9967784882,0.00097015,0.0111836,0.0273181
1233,0.999846,38.006529808,0.00147293,0.0126754,0.0272893
1234,0.999882,29.0007305145,0.00124149,0.0112251,0.0272606
1235,0.999813,45.9986257553,0.00149981,0.0125669,0.0272319
1236,0.99987,31.9977664948,0.00062769,0.00940621,0.0272032
1237,0.999834,41.0035657883,0.00148845,0.01244,0.0271746
1238,0.999874,30.9987545013,0.00101293,0.0106187,0.027146
1239,0.999854,35.9938144684,0.00135578,0.013518,0.0271174
1240,0.999862,33.9957904816,0.0011818,0.0110999,0.0270889
1241,0.999854,35.9938144684,0.00104875,0.0112275,0.0270604
1242,0.999842,39.0055418015,0.00143974,0.0133659,0.0270319
1243,0.999826,43.0015897751,0.00146695,0.0129082,0.0270034
1244,0.999899,25.0046825409,0.000895729,0.0108797,0.026975
1245,0.999894,26.0036945343,0.00139063,0.0113071,0.0269466
1246,0.999862,33.9957904816,0.00144032,0.0128688,0.0269182
1247,0.999894,26.0036945343,0.00112808,0.0115388,0.0268899
1248,0.999866,32.9967784882,0.00119034,0.0113152,0.0268616
1249,0.999911,21.9929552078,0.000686234,0.0092976,0.0268333
1250,0.999899,25.0046825409,0.00103298,0.0100808,0.0268051
1251,0.999911,21.9929552078,0.000859299,0.00970205,0.0267768
1252,0.999866,32.9967784882,0.000820515,0.0117808,0.0267486
1253,0.999866,32.9967784882,0.00126734,0.0117848,0.0267205
1254,0.999899,25.0046825409,0.000928784,0.00962759,0.0266924
1255,0.99987,31.9977664948,0.00100853,0.0121842,0.0266643
1256,0.999866,32.9967784882,0.00128881,0.011785,0.0266362
1257,0.999862,33.9957904816,0.00103147,0.0117864,0.0266081
1258,0.999854,35.9938144684,0.00155637,0.013746,0.0265801
1259,0.999858,34.994802475,0.000854577,0.0112803,0.0265522
1260,0.999878,29.9997425079,0.00095808,0.0113262,0.0265242
1261,0.999931,16.9978952408,0.000555292,0.00851403,0.0264963
1262,0.999886,28.0017185211,0.000904913,0.00982191,0.0264684
1263,0.99985,36.9928264618,0.000980804,0.0119009,0.0264405
1264,0.999903,24.0056705475,0.000635089,0.00995719,0.0264127
1265,0.999903,24.0056705475,0.00072449,0.00956846,0.0263849
1266,0.999907,23.0066585541,0.00083333,0.00990484,0.0263571
1267,0.999927,17.9969072342,0.000526438,0.00890264,0.0263294
1268,0.99985,36.9928264618,0.00128898,0.012337,0.0263017
1269,0.999821,44.0006017685,0.00130596,0.0148548,0.026274
1270,0.999882,29.0007305145,0.000964058,0.0097154,0.0262463
1271,0.999874,30.9987545013,0.00145524,0.0113936,0.0262187
1272,0.999866,32.9967784882,0.000999425,0.0114878,0.0261911
1273,0.999854,35.9938144684,0.00102948,0.0117776,0.0261635
1274,0.999886,28.0017185211,0.00116255,0.0115771,0.026136
1275,0.99989,27.0027065277,0.000836093,0.0098021,0.0261084
1276,0.99987,31.9977664948,0.00120887,0.0115799,0.026081
1277,0.999911,21.9929552078,0.00085906,0.00916925,0.0260535
1278,0.999903,24.0056705475,0.000873725,0.009404,0.0260261
1279,0.999878,29.9997425079,0.000885586,0.00930841,0.0259987
1280,0.999919,19.994931221,0.000663841,0.00910164,0.0259713
1281,0.999915,20.9939432144,0.000602384,0.00861101,0.025944
1282,0.999874,30.9987545013,0.000946946,0.0122053,0.0259167
1283,0.999866,32.9967784882,0.00132862,0.0116713,0.0258894
1284,0.999894,26.0036945343,0.000562343,0.00812213,0.0258621
1285,0.999858,34.994802475,0.00103439,0.0120162,0.0258349
1286,0.999842,39.0055418015,0.00152467,0.0135063,0.0258077
1287,0.999874,30.9987545013,0.000921598,0.010913,0.0257805
1288,0.99987,31.9977664948,0.000779164,0.0113293,0.0257534
1289,0.99985,36.9928264618,0.00178375,0.0124584,0.0257263
1290,0.999886,28.0017185211,0.000956259,0.0100009,0.0256992
1291,0.99989,27.0027065277,0.000964268,0.00948679,0.0256721
1292,0.99987,31.9977664948,0.000925014,0.0100442,0.0256451
1293,0.999899,25.0046825409,0.00068015,0.010377,0.0256181
1294,0.999886,28.0017185211,0.000912739,0.0112213,0.0255912
1295,0.999834,41.0035657883,0.00134483,0.0118964,0.0255642
1296,0.999862,33.9957904816,0.000935902,0.00961954,0.0255373
1297,0.999899,25.0046825409,0.00060462,0.00983992,0.0255104
1298,0.99987,31.9977664948,0.000865747,0.0117729,0.0254836
1299,0.999854,35.9938144684,0.00140422,0.0131109,0.0254567
1300,0.999903,24.0056705475,0.000876729,0.00883996,0.0254299
1301,0.999923,18.9959192276,0.000553335,0.00689991,0.0254032
1302,0.999907,23.0066585541,0.000914945,0.009645,0.0253764
1303,0.99985,36.9928264618,0.0012064,0.0129068,0.0253497
1304,0.999903,24.0056705475,0.00108836,0.0105042,0.025323
1305,0.999878,29.9997425079,0.000951749,0.00984239,0.0252964
1306,0.999826,43.0015897751,0.00148189,0.014141,0.0252697
1307,0.99987,31.9977664948,0.000687547,0.0118286,0.0252431
1308,0.999858,34.994802475,0.000867172,0.0118114,0.0252166
1309,0.999878,29.9997425079,0.000954468,0.0106543,0.02519
1310,0.999903,24.0056705475,0.0009806,0.0113716,0.0251635
1311,0.999886,28.0017185211,0.000891548,0.010075,0.025137
1312,0.999878,29.9997425079,0.00114403,0.0101572,0.0251106
1313,0.999834,41.0035657883,0.00117701,0.012467,0.0250841
1314,0.999878,29.9997425079,0.00143495,0.0112592,0.0250577
1315,0.99987,31.9977664948,0.000883988,0.0114308,0.0250313
1316,0.999882,29.0007305145,0.000809185,0.010616,0.025005
1317,0.999862,33.9957904816,0.00116548,0.0120876,0.0249787
1318,0.99989,27.0027065277,0.000884069,0.0116234,0.0249524
1319,0.999842,39.0055418015,0.00129688,0.0116355,0.0249261
1320,0.999858,34.994802475,0.00152021,0.0129196,0.0248999
1321,0.999939,14.999871254,0.00036881,0.00652448,0.0248736
1322,0.999935,15.9988832474,0.000387702,0.00740129,0.0248475
1323,0.999886,28.0017185211,0.000883037,0.0106573,0.0248213
1324,0.999874,30.9987545013,0.000841969,0.0098561,0.0247952
1325,0.99989,27.0027065277,0.00102528,0.0114343,0.0247691
1326,0.999886,28.0017185211,0.000766336,0.0130375,0.024743
1327,0.99987,31.9977664948,0.00121782,0.0123826,0.0247169
1328,0.999911,21.9929552078,0.000594159,0.00981616,0.0246909
1329,0.999866,32.9967784882,0.00110799,0.0115917,0.0246649
1330,0.999907,23.0066585541,0.000524991,0.0099297,0.024639
1331,0.999939,14.999871254,0.000449968,0.00941145,0.024613
1332,0.999886,28.0017185211,0.000721894,0.00980357,0.0245871
1333,0.999915,20.9939432144,0.000708914,0.0100298,0.0245612
1334,0.999886,28.0017185211,0.000818554,0.0105231,0.0245354
1335,0.999935,15.9988832474,0.000618642,0.00804722,0.0245096
1336,0.999882,29.0007305145,0.000723468,0.00971944,0.0244838
1337,0.999874,30.9987545013,0.00109659,0.0109752,0.024458
1338,0.99989,27.0027065277,0.000791881,0.00909445,0.0244322
1339,0.999874,30.9987545013,0.00092745,0.00937346,0.0244065
1340,0.999866,32.9967784882,0.00121146,0.012332,0.0243808
1341,0.999886,28.0017185211,0.000714709,0.010631,0.0243552
1342,0.999915,20.9939432144,0.0005871,0.00807121,0.0243295
1343,0.999894,26.0036945343,0.000777753,0.00876005,0.0243039
1344,0.999915,20.9939432144,0.000505168,0.00798144,0.0242783
1345,0.999907,23.0066585541,0.000460263,0.00930434,0.0242528
1346,0.999894,26.0036945343,0.000878624,0.00957265,0.0242272
1347,0.999939,14.999871254,0.000423723,0.00655,0.0242017
1348,0.99989,27.0027065277,0.000839395,0.010106,0.0241762
1349,0.999923,18.9959192276,0.000508771,0.00770471,0.0241508
1350,0.999886,28.0017185211,0.00103491,0.0101212,0.0241254
1351,0.999911,21.9929552078,0.000472087,0.00881173,0.0241
1352,0.999878,29.9997425079,0.000999311,0.0108674,0.0240746
1353,0.999858,34.994802475,0.00109663,0.012571,0.0240493
1354,0.99985,36.9928264618,0.00099445,0.0113751,0.0240239
1355,0.999907,23.0066585541,0.000414394,0.00987185,0.0239987
1356,0.999931,16.9978952408,0.000456039,0.00750664,0.0239734
1357,0.999878,29.9997425079,0.000950016,0.0101581,0.0239482
1358,0.99989,27.0027065277,0.000697243,0.00858222,0.0239229
1359,0.999862,33.9957904816,0.000792052,0.0114818,0.0238978
1360,0.999907,23.0066585541,0.00102795,0.00979706,0.0238726
1361,0.999939,14.999871254,0.000424108,0.00939328,0.0238475
1362,0.999919,19.994931221,0.000434721,0.00907559,0.0238224
1363,0.999915,20.9939432144,0.000602182,0.00869611,0.0237973
1364,0.999899,25.0046825409,0.000526177,0.00862734,0.0237722
1365,0.999923,18.9959192276,0.000523566,0.00720812,0.0237472
1366,0.999919,19.994931221,0.000636662,0.00891218,0.0237222
1367,0.999919,19.994931221,0.000418411,0.0094164,0.0236972
1368,0.999907,23.0066585541,0.000665209,0.00867619,0.0236723
1369,0.999899,25.0046825409,0.000457603,0.00857578,0.0236474
1370,0.99987,31.9977664948,0.000948696,0.00998586,0.0236225
1371,0.999903,24.0056705475,0.000699298,0.00987613,0.0235976
1372,0.999911,21.9929552078,0.000740844,0.00928158,0.0235728
1373,0.999919,19.994931221,0.000533945,0.00856361,0.023548
1374,0.999935,15.9988832474,0.000379567,0.00672441,0.0235232
1375,0.999899,25.0046825409,0.000915226,0.00949034,0.0234984
1376,0.999939,14.999871254,0.000357513,0.00737596,0.0234737
1377,0.99989,27.0027065277,0.000788048,0.0109619,0.023449
1378,0.999882,29.0007305145,0.000667463,0.0106117,0.0234243
1379,0.999935,15.9988832474,0.000345435,0.00676319,0.0233996
1380,0.999939,14.999871254,0.000295243,0.00720987,0.023375
1381,0.999927,17.9969072342,0.000507532,0.00787818,0.0233504
1382,0.999911,21.9929552078,0.000753218,0.0081927,0.0233258
1383,0.999907,23.0066585541,0.000555287,0.00800182,0.0233012
1384,0.999919,19.994931221,0.000585342,0.00944306,0.0232767
1385,0.999903,24.0056705475,0.00087907,0.0101113,0.0232522
1386,0.99989,27.0027065277,0.000883255,0.00998289,0.0232277
1387,0.999935,15.9988832474,0.00042293,0.00712227,0.0232033
1388,0.999911,21.9929552078,0.000679101,0.00923938,0.0231788
1389,0.999915,20.9939432144,0.000651129,0.00775835,0.0231544
1390,0.999915,20.9939432144,0.000595367,0.0101485,0.0231301
1391,0.999911,21.9929552078,0.000681193,0.00877934,0.0231057
1392,0.999919,19.994931221,0.000640187,0.0084487,0.0230814
1393,0.999935,15.9988832474,0.000499733,0.00792538,0.0230571
1394,0.999894,26.0036945343,0.00105839,0.0116033,0.0230328
1395,0.999907,23.0066585541,0.000552141,0.00905257,0.0230086
1396,0.999882,29.0007305145,0.000745773,0.0106839,0.0229844
1397,0.999907,23.0066585541,0.000853673,0.00874051,0.0229602
1398,0.999947,13.0018472672,0.000279394,0.00696183,0.022936
1399,0.999903,24.0056705475,0.000587823,0.00910861,0.0229118
1400,0.999915,20.9939432144,0.000363093,0.00809889,0.0228877
1401,0.999931,16.9978952408,0.000380616,0.00778933,0.0228636
1402,0.999923,18.9959192276,0.000545225,0.00796691,0.0228396
1403,0.999907,23.0066585541,0.000749578,0.0106205,0.0228155
1404,0.999907,23.0066585541,0.00059105,0.0110037,0.0227915
1405,0.999907,23.0066585541,0.000607708,0.0088366,0.0227675
1406,0.999878,29.9997425079,0.000705853,0.0105801,0.0227435
1407,0.999907,23.0066585541,0.000714375,0.0081622,0.0227196
1408,0.999923,18.9959192276,0.000538497,0.00760471,0.0226957
1409,0.999907,23.0066585541,0.00048991,0.00862409,0.0226718
1410,0.999915,20.9939432144,0.00061349,0.0111816,0.0226479
1411,0.999911,21.9929552078,0.000507734,0.00917426,0.0226241
1412,0.999927,17.9969072342,0.00039579,0.00931267,0.0226003
1413,0.999919,19.994931221,0.000593853,0.00833108,0.0225765
1414,0.999947,13.0018472672,0.000283977,0.0059109,0.0225527
1415,0.999915,20.9939432144,0.000503864,0.00791662,0.022529
1416,0.999907,23.0066585541,0.000708136,0.00933488,0.0225053
1417,0.999882,29.0007305145,0.000702159,0.0108635,0.0224816
1418,0.999927,17.9969072342,0.000493173,0.00669784,0.0224579
1419,0.999951,12.0028352737,0.000197428,0.00535154,0.0224343
1420,0.999923,18.9959192276,0.000382344,0.00790781,0.0224106
1421,0.999878,29.9997425079,0.000830132,0.011497,0.022387
1422,0.999927,17.9969072342,0.000490838,0.00697179,0.0223635
1423,0.999931,16.9978952408,0.000464009,0.0066208,0.0223399
1424,0.999911,21.9929552078,0.000518243,0.0084562,0.0223164
1425,0.999923,18.9959192276,0.000643231,0.00718613,0.0222929
1426,0.999935,15.9988832474,0.000322267,0.00785986,0.0222695
1427,0.999943,14.0008592606,0.000443707,0.00690705,0.022246
1428,0.999915,20.9939432144,0.000484837,0.00739115,0.0222226
1429,0.999931,16.9978952408,0.000441866,0.00777239,0.0221992
1430,0.999931,16.9978952408,0.000453241,0.00801155,0.0221758
1431,0.999923,18.9959192276,0.000419907,0.00884123,0.0221525
1432,0.999919,19.994931221,0.000536512,0.00843098,0.0221292
1433,0.999955,11.0038232803,0.000198309,0.00647863,0.0221059
1434,0.999972,6.99308395386,0.000266039,0.00536166,0.0220826
1435,0.999963,9.00579929352,0.000168492,0.00490197,0.0220594
1436,0.999943,14.0008592606,0.000534714,0.00659003,0.0220361
1437,0.999931,16.9978952408,0.000591,0.00823454,0.0220129
1438,0.999947,13.0018472672,0.000317342,0.00754747,0.0219898
1439,0.999931,16.9978952408,0.000375282,0.00807761,0.0219666
1440,0.999907,23.0066585541,0.000614048,0.0117146,0.0219435
1441,0.999943,14.0008592606,0.000339624,0.00652235,0.0219204
1442,0.999919,19.994931221,0.000613614,0.00943026,0.0218973
1443,0.999947,13.0018472672,0.0001979,0.00718527,0.0218743
1444,0.999931,16.9978952408,0.000466422,0.00772358,0.0218512
1445,0.999943,14.0008592606,0.00034874,0.00698174,0.0218282
1446,0.999935,15.9988832474,0.000335667,0.00707522,0.0218053
1447,0.999955,11.0038232803,0.000372005,0.00570656,0.0217823
1448,0.999915,20.9939432144,0.00043085,0.00746637,0.0217594
1449,0.999923,18.9959192276,0.00045369,0.0077747,0.0217365
1450,0.999943,14.0008592606,0.000249726,0.00706248,0.0217136
1451,0.999915,20.9939432144,0.000494151,0.00747897,0.0216907
1452,0.999915,20.9939432144,0.000447231,0.00715876,0.0216679
1453,0.999947,13.0018472672,0.000292496,0.0060364,0.0216451
1454,0.999959,10.0048112869,0.000207967,0.00513312,0.0216223
1455,0.999955,11.0038232803,0.000241013,0.00551573,0.0215995
1456,0.999951,12.0028352737,0.000178524,0.00551519,0.0215768
1457,0.999919,19.994931221,0.000596274,0.00849468,0.0215541
1458,0.999931,16.9978952408,0.000344695,0.00843858,0.0215314
1459,0.999935,15.9988832474,0.000435271,0.00729734,0.0215087
1460,0.999951,12.0028352737,0.000350497,0.00845035,0.0214861
1461,0.999923,18.9959192276,0.000461922,0.0075548,0.0214635
1462,0.999947,13.0018472672,0.000253892,0.00755279,0.0214409
1463,0.999943,14.0008592606,0.000392845,0.00761609,0.0214183
1464,0.999939,14.999871254,0.000481498,0.0070681,0.0213957
1465,0.999943,14.0008592606,0.000353334,0.00755512,0.0213732
1466,0.999955,11.0038232803,0.000361366,0.00683228,0.0213507
1467,0.999931,16.9978952408,0.000415972,0.00757609,0.0213282
1468,0.999968,8.00678730011,0.000210068,0.00429624,0.0213058
1469,0.999951,12.0028352737,0.000210041,0.00571277,0.0212834
1470,0.999903,24.0056705475,0.000606328,0.00888102,0.021261
1471,0.999915,20.9939432144,0.000573478,0.00882467,0.0212386
1472,0.999951,12.0028352737,0.000277441,0.00541826,0.0212162
1473,0.999911,21.9929552078,0.000643153,0.00906185,0.0211939
1474,0.999923,18.9959192276,0.000335113,0.00885952,0.0211716
1475,0.999951,12.0028352737,0.000284252,0.00735342,0.0211493
1476,0.999939,14.999871254,0.000572852,0.00809503,0.021127
1477,0.999935,15.9988832474,0.000587609,0.00744065,0.0211048
1478,0.999931,16.9978952408,0.000666411,0.0076271,0.0210826
1479,0.999959,10.0048112869,0.000233186,0.00479688,0.0210604
1480,0.999951,12.0028352737,0.000307654,0.00664497,0.0210382
1481,0.999947,13.0018472672,0.000255374,0.0065824,0.0210161
1482,0.999951,12.0028352737,0.000160943,0.00504467,0.0209939
1483,0.999959,10.0048112869,0.000173974,0.00459794,0.0209718
1484,0.999943,14.0008592606,0.000402524,0.00615661,0.0209497
1485,0.999927,17.9969072342,0.000328908,0.00591764,0.0209277
1486,0.999943,14.0008592606,0.000434696,0.00716264,0.0209057
1487,0.999923,18.9959192276,0.000426108,0.00816973,0.0208837
1488,0.999915,20.9939432144,0.00049886,0.00846961,0.0208617
1489,0.999923,18.9959192276,0.00034366,0.0076786,0.0208397
1490,0.999939,14.999871254,0.000374986,0.00727177,0.0208178
1491,0.999968,8.00678730011,0.00018787,0.00634696,0.0207959
1492,0.999947,13.0018472672,0.000327313,0.00654232,0.020774
1493,0.999943,14.0008592606,0.000311304,0.00732427,0.0207521
1494,0.999935,15.9988832474,0.000374395,0.0080803,0.0207303
1495,0.999947,13.0018472672,0.000323564,0.00678659,0.0207084
1496,0.999968,8.00678730011,0.000248859,0.00419901,0.0206866
1497,0.999935,15.9988832474,0.000351847,0.00757627,0.0206649
1498,0.999931,16.9978952408,0.000452108,0.0082712,0.0206431
1499,0.999923,18.9959192276,0.000403998,0.00889074,0.0206214
1500,0.999939,14.999871254,0.000507138,0.00825218,0.0205997
1501,0.999931,16.9978952408,0.00043587,0.00726149,0.020578
1502,0.999963,9.00579929352,0.000147897,0.00688015,0.0205563
1503,0.999939,14.999871254,0.000322975,0.00725896,0.0205347
1504,0.999931,16.9978952408,0.0003992,0.00678078,0.0205131
1505,0.999923,18.9959192276,0.000519344,0.00687814,0.0204915
1506,0.999947,13.0018472672,0.000178622,0.00657623,0.0204699
1507,0.999931,16.9978952408,0.000331351,0.00752783,0.0204483
1508,0.999955,11.0038232803,0.000208124,0.00615904,0.0204268
1509,0.99998,4.99505996704,0.000101306,0.00327959,0.0204053
1510,0.999947,13.0018472672,0.000272443,0.00694986,0.0203838
1511,0.999988,2.99703598022,9.39735e-05,0.00380554,0.0203624
1512,0.999988,2.99703598022,7.69762e-05,0.00450691,0.0203409
1513,0.99998,4.99505996704,0.000201076,0.00356212,0.0203195
1514,0.999963,9.00579929352,0.000138627,0.00551725,0.0202981
1515,0.999972,6.99308395386,7.96696e-05,0.00477073,0.0202768
1516,0.999947,13.0018472672,0.000336383,0.00768057,0.0202554
1517,0.999947,13.0018472672,0.000226555,0.00818196,0.0202341
1518,0.999959,10.0048112869,0.000154458,0.00585504,0.0202128
1519,0.999972,6.99308395386,0.000150081,0.00609304,0.0201915
1520,0.999951,12.0028352737,0.000291013,0.00698307,0.0201703
1521,0.99998,4.99505996704,0.000105261,0.00453088,0.020149
1522,0.999963,9.00579929352,0.000171538,0.00546793,0.0201278
1523,0.999951,12.0028352737,0.000217354,0.00600958,0.0201066
1524,0.999947,13.0018472672,0.000256391,0.00561009,0.0200855
1525,0.999972,6.99308395386,0.000180258,0.00490175,0.0200643
1526,0.999935,15.9988832474,0.000268657,0.0074042,0.0200432
1527,0.999935,15.9988832474,0.000281142,0.00689248,0.0200221
1528,0.999911,21.9929552078,0.000452393,0.0104153,0.020001
1529,0.999939,14.999871254,0.000381239,0.00726867,0.01998
1530,0.999963,9.00579929352,0.000215095,0.00464226,0.0199589
1531,0.999943,14.0008592606,0.000303842,0.00679485,0.0199379
1532,0.999927,17.9969072342,0.000502799,0.00748328,0.0199169
1533,0.999959,10.0048112869,0.000186876,0.00509896,0.019896
1534,0.999947,13.0018472672,0.000285209,0.00525936,0.019875
1535,0.999972,6.99308395386,0.000162664,0.00421111,0.0198541
1536,0.999976,5.99407196045,0.000150855,0.00502652,0.0198332
1537,0.999988,2.99703598022,4.5192e-05,0.00286861,0.0198123
1538,0.999996,0.999011993408,1.43188e-05,0.0025005,0.0197915
1539,0.999976,5.99407196045,0.000130954,0.00475911,0.0197706
1540,0.999988,2.99703598022,4.63781e-05,0.00328932,0.0197498
1541,0.999968,8.00678730011,0.000139751,0.0047415,0.019729
1542,0.999943,14.0008592606,0.00021922,0.00563249,0.0197083
1543,0.999951,12.0028352737,0.000239005,0.0061189,0.0196875
1544,0.999963,9.00579929352,0.000287859,0.00804523,0.0196668
1545,0.999972,6.99308395386,0.000190745,0.00583063,0.0196461
1546,0.999951,12.0028352737,0.000232243,0.00738697,0.0196254
1547,0.999984,3.99604797363,6.41191e-05,0.00291195,0.0196047
1548,0.99998,4.99505996704,9.84608e-05,0.00272551,0.0195841
1549,0.999984,3.99604797363,9.83481e-05,0.00275879,0.0195635
1550,0.999963,9.00579929352,0.000143455,0.00475738,0.0195429
1551,0.999959,10.0048112869,0.000359348,0.00732213,0.0195223
1552,0.999951,12.0028352737,0.000357705,0.00725952,0.0195018
1553,0.999959,10.0048112869,0.000239588,0.00584235,0.0194812
1554,0.999951,12.0028352737,0.000249186,0.00555923,0.0194607
1555,0.999931,16.9978952408,0.000409842,0.00942171,0.0194402
1556,0.999988,2.99703598022,3.48972e-05,0.00262576,0.0194198
1557,0.999988,2.99703598022,4.29989e-05,0.00361073,0.0193993
1558,0.999959,10.0048112869,0.000236658,0.00585653,0.0193789
1559,0.999988,2.99703598022,6.97308e-05,0.00270924,0.0193585
1560,0.999955,11.0038232803,0.000223585,0.00620456,0.0193381
1561,0.999963,9.00579929352,0.000179893,0.00633721,0.0193178
1562,0.999968,8.00678730011,0.000197222,0.00443632,0.0192974
1563,0.999976,5.99407196045,0.000103392,0.00396386,0.0192771
1564,0.999951,12.0028352737,0.000240992,0.00672848,0.0192568
1565,0.999963,9.00579929352,0.000215307,0.0059814,0.0192366
1566,0.999984,3.99604797363,6.10544e-05,0.0030025,0.0192163
1567,0.999955,11.0038232803,0.000142542,0.00634419,0.0191961
1568,0.999968,8.00678730011,0.000150828,0.00478629,0.0191759
1569,0.999976,5.99407196045,0.000122757,0.00315078,0.0191557
1570,0.999984,3.99604797363,9.13782e-05,0.00269607,0.0191355
1571,0.999988,2.99703598022,4.8163e-05,0.00145004,0.0191154
1572,0.999996,0.999011993408,2.34612e-05,0.000865011,0.0190952
1573,0.999984,3.99604797363,5.40882e-05,0.0024218,0.0190751
1574,0.999992,1.99802398682,3.72907e-05,0.00212729,0.0190551
1575,0.999996,0.999011993408,2.36152e-05,0.000650036,0.019035
1576,0.999996,0.999011993408,2.36152e-05,0.000650036,0.019015
0.999996,2.36152e-05,5508.029875040054,1.03989,0.00967553153519,0.000777886576389
