69,80,0.8,2,1000, .1 
0,0.484133,127150.999732,1.72916e+06,299.007,0.0999999
1,0.924793,18537.0054388,462.943,3.58386,0.0997771
2,0.996535,853.993649483,1.11672,0.170804,0.0995548
3,0.998864,280.002493858,0.0628268,0.0587255,0.0993329
4,0.999103,221.002020836,0.0498167,0.0554996,0.0991116
5,0.998994,248.004727364,0.044203,0.054691,0.0988908
6,0.999018,241.99596405,0.0472229,0.0555238,0.0986704
7,0.99899,249.003739357,0.0515706,0.0519891,0.0984505
8,0.998836,286.995577812,0.0673707,0.0659454,0.0982312
9,0.998937,262.005586624,0.0563771,0.0560111,0.0980123
10,0.999055,233.00485611,0.0457844,0.049221,0.0977939
11,0.998941,261.006574631,0.0571403,0.0579018,0.097576
12,0.99888,276.006445885,0.0566367,0.0594291,0.0973586
13,0.999002,246.006703377,0.0542771,0.0535513,0.0971416
14,0.999026,239.997940063,0.0410157,0.0514368,0.0969252
15,0.998892,272.994718552,0.0580838,0.0586828,0.0967092
16,0.998998,247.00571537,0.0433562,0.0504768,0.0964937
17,0.999026,239.997940063,0.0470102,0.0540153,0.0962787
18,0.999205,195.997338295,0.033641,0.0416481,0.0960642
19,0.999022,240.996952057,0.0510423,0.0593913,0.0958501
20,0.999038,237.000904083,0.0426159,0.0500114,0.0956365
21,0.999075,227.99510479,0.0450549,0.0498823,0.0954235
22,0.998913,267.999658585,0.0566712,0.0626044,0.0952108
23,0.999099,222.001032829,0.0441658,0.0496472,0.0949987
24,0.998998,247.00571537,0.0463524,0.0510121,0.094787
25,0.999083,225.997080803,0.0390895,0.0440853,0.0945758
26,0.999075,227.99510479,0.0422056,0.0457805,0.0943651
27,0.999067,229.993128777,0.0469752,0.0532675,0.0941548
28,0.998953,257.994847298,0.0526314,0.0558048,0.093945
29,0.998941,261.006574631,0.0510037,0.0552875,0.0937357
30,0.998945,259.992871284,0.0458719,0.0534678,0.0935268
31,0.998929,264.003610611,0.0492121,0.0590249,0.0933184
32,0.998998,247.00571537,0.0448874,0.0559129,0.0931105
33,0.999055,233.00485611,0.0492072,0.0543167,0.092903
34,0.998929,264.003610611,0.0423289,0.0567617,0.092696
35,0.999038,237.000904083,0.0432368,0.0536548,0.0924894
36,0.998982,251.001763344,0.0460838,0.0553946,0.0922833
37,0.998953,257.994847298,0.0458267,0.0579247,0.0920777
38,0.999043,236.00189209,0.043916,0.0506942,0.0918726
39,0.999176,203.005113602,0.0321375,0.0448404,0.0916678
40,0.999059,232.005844116,0.0402529,0.0496296,0.0914636
41,0.99903,238.99892807,0.0430493,0.0547942,0.0912598
42,0.999051,234.003868103,0.0434746,0.0542717,0.0910564
43,0.99914,211.996221542,0.0337153,0.0446371,0.0908535
44,0.999002,246.006703377,0.0523241,0.0561766,0.0906511
45,0.99903,238.99892807,0.0430779,0.0523698,0.0904491
46,0.999034,237.999916077,0.0491954,0.0546712,0.0902476
47,0.999067,229.993128777,0.0447088,0.0492512,0.0900465
48,0.999022,240.996952057,0.0444584,0.052725,0.0898458
49,0.999047,235.002880096,0.0433994,0.0507179,0.0896456
50,0.999018,241.99596405,0.0454251,0.0536601,0.0894459
51,0.999059,232.005844116,0.0394986,0.0515096,0.0892466
52,0.99914,211.996221542,0.032876,0.0440137,0.0890477
53,0.999172,204.004125595,0.0359388,0.0466444,0.0888493
54,0.999059,232.005844116,0.0430033,0.0469227,0.0886513
55,0.999201,196.996350288,0.0365049,0.044635,0.0884538
56,0.99916,207.001161575,0.033636,0.0452678,0.0882567
57,0.999168,205.003137589,0.0304878,0.0434505,0.08806
58,0.999221,192.001290321,0.0293328,0.0407969,0.0878638
59,0.99903,238.99892807,0.0436955,0.0535178,0.087668
60,0.999055,233.00485611,0.0405095,0.0519961,0.0874727
61,0.999229,190.003266335,0.03294,0.0449217,0.0872778
62,0.999111,219.003996849,0.0339103,0.0461343,0.0870833
63,0.999128,214.993257523,0.0394312,0.0490982,0.0868893
64,0.999091,223.999056816,0.0390814,0.0476189,0.0866957
65,0.999245,186.007218361,0.0310455,0.0411393,0.0865025
66,0.99914,211.996221542,0.0412039,0.0511349,0.0863097
67,0.999209,194.998326302,0.0329546,0.0437564,0.0861174
68,0.999014,242.994976044,0.0492973,0.054508,0.0859255
69,0.999014,242.994976044,0.0431847,0.0566269,0.0857341
70,0.999217,193.000302315,0.0293255,0.0470909,0.085543
71,0.999099,222.001032829,0.0399404,0.0474856,0.0853524
72,0.999043,236.00189209,0.0431939,0.0531565,0.0851622
73,0.999087,224.99806881,0.0357954,0.0548739,0.0849725
74,0.999213,193.999314308,0.0265873,0.0426467,0.0847831
75,0.99916,207.001161575,0.0334667,0.0451416,0.0845942
76,0.999059,232.005844116,0.0439815,0.0532429,0.0844057
77,0.99918,202.006101608,0.0310887,0.0424181,0.0842177
78,0.999148,209.998197556,0.0366354,0.046119,0.08403
79,0.999124,216.006960869,0.0441349,0.0562302,0.0838428
80,0.999006,244.993000031,0.0440637,0.0533433,0.0836559
81,0.999103,221.002020836,0.0372427,0.049978,0.0834695
82,0.999132,213.994245529,0.0350958,0.04748,0.0832835
83,0.999111,219.003996849,0.0371623,0.0487549,0.083098
84,0.999225,191.002278328,0.0257472,0.0419945,0.0829128
85,0.999262,181.996479034,0.0275614,0.0425801,0.0827281
86,0.999148,209.998197556,0.0312045,0.0433812,0.0825437
87,0.999136,212.995233536,0.0376192,0.0511139,0.0823598
88,0.999152,208.999185562,0.0340405,0.0473198,0.0821763
89,0.99916,207.001161575,0.0342941,0.0451819,0.0819932
90,0.999298,173.005371094,0.0283767,0.0407445,0.0818105
91,0.999168,205.003137589,0.0336926,0.0482164,0.0816282
92,0.999278,178.000431061,0.0256159,0.0394911,0.0814463
93,0.99912,217.005972862,0.0358262,0.0514075,0.0812648
94,0.999217,193.000302315,0.0323838,0.0456792,0.0810837
95,0.999274,178.999443054,0.0253282,0.0409588,0.0809031
96,0.999193,198.994374275,0.0330006,0.0474228,0.0807228
97,0.999314,168.994631767,0.0222075,0.0368167,0.0805429
98,0.999217,193.000302315,0.0334039,0.0472228,0.0803635
99,0.999266,180.997467041,0.0289288,0.0420984,0.0801844
100,0.999144,210.997209549,0.0387902,0.0491221,0.0800057
101,0.999189,199.993386269,0.0287847,0.0462329,0.0798275
102,0.999286,176.002407074,0.0290029,0.0447049,0.0796496
103,0.999241,187.006230354,0.0296968,0.0452599,0.0794721
104,0.999306,170.992655754,0.0286063,0.0428102,0.079295
105,0.999209,194.998326302,0.0298318,0.0422423,0.0791183
106,0.999286,176.002407074,0.0243014,0.0405599,0.078942
107,0.999237,188.005242348,0.0294545,0.0450566,0.0787661
108,0.999262,181.996479034,0.0303547,0.0406898,0.0785906
109,0.999327,165.997595787,0.0220758,0.0380495,0.0784155
110,0.999217,193.000302315,0.0308038,0.0441584,0.0782408
111,0.999221,192.001290321,0.0322398,0.0448002,0.0780664
112,0.999347,161.00253582,0.0210623,0.0364728,0.0778925
113,0.999262,181.996479034,0.030382,0.0428642,0.0777189
114,0.999193,198.994374275,0.0288053,0.043546,0.0775458
115,0.999347,161.00253582,0.0223938,0.0405036,0.077373
116,0.999217,193.000302315,0.0289226,0.0402013,0.0772006
117,0.999351,160.003523827,0.0206836,0.0347706,0.0770285
118,0.999124,216.006960869,0.0356414,0.0498279,0.0768569
119,0.999351,160.003523827,0.0251751,0.0379659,0.0766857
120,0.999306,170.992655754,0.0264587,0.0406325,0.0765148
121,0.999213,193.999314308,0.0291878,0.0446894,0.0763443
122,0.99927,179.998455048,0.0267993,0.0424877,0.0761742
123,0.999209,194.998326302,0.0313283,0.0454462,0.0760044
124,0.999229,190.003266335,0.0304033,0.0452691,0.0758351
125,0.999254,183.994503021,0.0291482,0.0440084,0.0756661
126,0.9994,148.000688553,0.0188523,0.0351213,0.0754975
127,0.999237,188.005242348,0.0263255,0.0452756,0.0753293
128,0.99929,175.003395081,0.0211436,0.0384689,0.0751614
129,0.999314,168.994631767,0.0246178,0.0425507,0.074994
130,0.999294,174.004383087,0.0223321,0.0353312,0.0748269
131,0.999262,181.996479034,0.0257553,0.0422386,0.0746601
132,0.999387,150.997724533,0.0201247,0.033568,0.0744938
133,0.999294,174.004383087,0.0265261,0.0402476,0.0743278
134,0.999335,163.9995718,0.0246604,0.0406477,0.0741622
135,0.999229,190.003266335,0.0299639,0.0436451,0.0739969
136,0.999335,163.9995718,0.021383,0.0407519,0.073832
137,0.999327,165.997595787,0.0249808,0.0383898,0.0736675
138,0.999225,191.002278328,0.0296892,0.0458984,0.0735034
139,0.999314,168.994631767,0.0221638,0.0381457,0.0733396
140,0.999241,187.006230354,0.0333594,0.0452042,0.0731762
141,0.99931,169.993643761,0.0225637,0.0394693,0.0730131
142,0.999205,195.997338295,0.0312575,0.044066,0.0728504
143,0.999156,208.000173569,0.0315977,0.0466427,0.0726881
144,0.999278,178.000431061,0.0281509,0.0442428,0.0725261
145,0.99929,175.003395081,0.0263395,0.0436825,0.0723645
146,0.999209,194.998326302,0.0273094,0.0410354,0.0722033
147,0.9994,148.000688553,0.0178447,0.0356036,0.0720424
148,0.999282,177.001419067,0.0255588,0.0417012,0.0718819
149,0.999359,158.00549984,0.0217646,0.0367233,0.0717217
150,0.999343,162.001547813,0.0196385,0.0358465,0.0715619
151,0.999432,139.993901253,0.0153979,0.0337516,0.0714024
152,0.99931,169.993643761,0.021353,0.0401328,0.0712433
153,0.99944,137.995877266,0.0178736,0.0339437,0.0710846
154,0.999379,152.99574852,0.0190646,0.0352305,0.0709262
155,0.999363,157.006487846,0.0187129,0.034486,0.0707682
156,0.999436,138.994889259,0.0169457,0.0336599,0.0706105
157,0.999343,162.001547813,0.0214776,0.0406322,0.0704531
158,0.999266,180.997467041,0.0248575,0.0401045,0.0702961
159,0.999371,154.993772507,0.0180719,0.0346886,0.0701395
160,0.999331,164.998583794,0.0248654,0.0402509,0.0699832
161,0.999266,180.997467041,0.0242267,0.0440845,0.0698273
162,0.999249,184.993515015,0.0247933,0.04359,0.0696717
163,0.999339,163.000559807,0.0214155,0.0375724,0.0695164
164,0.999391,149.99871254,0.0209243,0.0374737,0.0693616
165,0.999436,138.994889259,0.0168712,0.0333523,0.069207
166,0.999428,140.992913246,0.017194,0.0353383,0.0690528
167,0.999489,125.993041992,0.0166532,0.0339451,0.0688989
168,0.999379,152.99574852,0.0198383,0.0365596,0.0687454
169,0.999404,147.001676559,0.0220295,0.0356843,0.0685922
170,0.999278,178.000431061,0.0225689,0.039488,0.0684394
171,0.9994,148.000688553,0.019805,0.035121,0.0682869
172,0.999537,114.004898071,0.0118335,0.0260447,0.0681347
173,0.999469,131.002793312,0.0146589,0.0338133,0.0679829
174,0.999477,129.004769325,0.0149551,0.0327081,0.0678314
175,0.999367,155.9927845,0.0200796,0.0337589,0.0676803
176,0.999347,161.00253582,0.0231407,0.040212,0.0675295
177,0.999481,128.005757332,0.0176701,0.0322663,0.067379
178,0.999387,150.997724533,0.018026,0.0337199,0.0672289
179,0.999335,163.9995718,0.0220788,0.0415404,0.0670791
180,0.999404,147.001676559,0.0185732,0.0363043,0.0669296
181,0.999339,163.000559807,0.0212297,0.0383218,0.0667805
182,0.999343,162.001547813,0.0217505,0.0393186,0.0666317
183,0.999408,146.002664566,0.0192146,0.0369132,0.0664832
184,0.99946,133.000817299,0.0168709,0.0344397,0.0663351
185,0.999412,145.003652573,0.0187744,0.0340743,0.0661872
186,0.999432,139.993901253,0.0171452,0.0323177,0.0660398
187,0.999331,164.998583794,0.0211875,0.0424568,0.0658926
188,0.999456,133.999829292,0.0193965,0.0387962,0.0657458
189,0.999383,151.996736526,0.0192596,0.0378363,0.0655993
190,0.99944,137.995877266,0.0192365,0.0370327,0.0654531
191,0.999387,150.997724533,0.0178823,0.0369148,0.0653073
192,0.999359,158.00549984,0.020098,0.036607,0.0651618
193,0.999339,163.000559807,0.021633,0.0393891,0.0650166
194,0.999343,162.001547813,0.0187338,0.0349707,0.0648717
195,0.999432,139.993901253,0.0180002,0.0349559,0.0647271
196,0.999513,119.998970032,0.0125996,0.0315796,0.0645829
197,0.999469,131.002793312,0.0155131,0.0308073,0.064439
198,0.999509,120.997982025,0.0136556,0.028954,0.0642954
199,0.999485,127.006745338,0.0142158,0.0302531,0.0641522
200,0.999302,172.0063591,0.0268377,0.0422684,0.0640092
201,0.999428,140.992913246,0.0179,0.0335091,0.0638666
202,0.999448,135.997853279,0.014993,0.0349603,0.0637243
203,0.999391,149.99871254,0.0195153,0.0373191,0.0635823
204,0.999379,152.99574852,0.0186998,0.0365606,0.0634406
205,0.999432,139.993901253,0.0179048,0.0338232,0.0632993
206,0.9994,148.000688553,0.0182285,0.037779,0.0631582
207,0.999517,118.999958038,0.0139064,0.0312383,0.0630175
208,0.999485,127.006745338,0.0139125,0.0302356,0.0628771
209,0.999473,130.003781319,0.0159091,0.0329572,0.062737
210,0.999355,159.004511833,0.0184744,0.0368018,0.0625972
211,0.999375,153.994760513,0.0181869,0.0364697,0.0624577
212,0.999395,148.999700546,0.0144616,0.0337828,0.0623185
213,0.999347,161.00253582,0.0199525,0.0379531,0.0621797
214,0.999359,158.00549984,0.019943,0.0372682,0.0620411
215,0.999343,162.001547813,0.0179967,0.0370225,0.0619029
216,0.999497,123.995018005,0.0148252,0.0326917,0.0617649
217,0.999485,127.006745338,0.0144109,0.0329178,0.0616273
218,0.999481,128.005757332,0.0161274,0.0335888,0.06149
219,0.999444,136.996865273,0.0171452,0.0338992,0.061353
220,0.999566,106.997122765,0.0112256,0.0285708,0.0612163
221,0.999444,136.996865273,0.0182007,0.0328323,0.0610799
222,0.999387,150.997724533,0.0190751,0.0369234,0.0609438
223,0.999383,151.996736526,0.0173451,0.0384254,0.060808
224,0.999428,140.992913246,0.0171756,0.0375778,0.0606725
225,0.999371,154.993772507,0.0199322,0.0371686,0.0605373
226,0.999432,139.993901253,0.017583,0.0316372,0.0604024
227,0.999582,103.001074791,0.0120008,0.0287697,0.0602678
228,0.999517,118.999958038,0.0122334,0.0271024,0.0601335
229,0.999481,128.005757332,0.0144487,0.0302065,0.0599995
230,0.999485,127.006745338,0.0142239,0.0326134,0.0598658
231,0.999477,129.004769325,0.012169,0.0295953,0.0597324
232,0.999469,131.002793312,0.0146246,0.0325825,0.0595993
233,0.999562,107.996134758,0.0110158,0.0276675,0.0594665
234,0.99946,133.000817299,0.0137139,0.033133,0.059334
235,0.999432,139.993901253,0.016501,0.0322718,0.0592018
236,0.999424,142.006616592,0.0155746,0.0349487,0.0590699
237,0.999533,115.003910065,0.0132869,0.0307573,0.0589383
238,0.999529,116.002922058,0.0123937,0.0284796,0.058807
239,0.99942,143.005628586,0.0171267,0.0380263,0.0586759
240,0.999509,120.997982025,0.0128608,0.0317519,0.0585452
241,0.999521,118.000946045,0.0119798,0.0297042,0.0584147
242,0.999598,99.0050268173,0.00920023,0.0272103,0.0582846
243,0.999473,130.003781319,0.0145706,0.0311526,0.0581547
244,0.999424,142.006616592,0.0154265,0.0351529,0.0580251
245,0.999464,132.001805305,0.0149433,0.0324138,0.0578958
246,0.999533,115.003910065,0.0117467,0.027092,0.0577668
247,0.999537,114.004898071,0.0126949,0.0295516,0.0576381
248,0.999489,125.993041992,0.0128322,0.0308074,0.0575097
249,0.999525,117.001934052,0.0101536,0.0282177,0.0573815
250,0.999566,106.997122765,0.0110515,0.0293219,0.0572537
251,0.999505,121.996994019,0.0140974,0.0330449,0.0571261
252,0.999521,118.000946045,0.0124301,0.0292956,0.0569988
253,0.999517,118.999958038,0.0113332,0.031188,0.0568718
254,0.999473,130.003781319,0.0119972,0.030582,0.0567451
255,0.999501,122.996006012,0.0128501,0.0288442,0.0566186
256,0.999412,145.003652573,0.0151275,0.0340576,0.0564925
257,0.999428,140.992913246,0.0152423,0.0334605,0.0563666
258,0.999529,116.002922058,0.0100208,0.0275896,0.056241
259,0.999525,117.001934052,0.0155162,0.0322212,0.0561157
260,0.999659,84.0051555634,0.00803459,0.0230077,0.0559906
261,0.999469,131.002793312,0.013112,0.031923,0.0558659
262,0.999477,129.004769325,0.0127476,0.0326776,0.0557414
263,0.999513,119.998970032,0.0114863,0.032259,0.0556172
264,0.999481,128.005757332,0.0133172,0.0308314,0.0554933
265,0.999627,91.9972515106,0.00744489,0.0215078,0.0553696
266,0.999525,117.001934052,0.0112778,0.0287803,0.0552462
267,0.999631,90.9982395172,0.00889776,0.0234353,0.0551231
268,0.999554,109.994158745,0.0104222,0.02656,0.0550003
269,0.999586,102.002062798,0.0102739,0.0269765,0.0548778
270,0.999566,106.997122765,0.0124879,0.0301094,0.0547555
271,0.999574,104.999098778,0.0115609,0.0265219,0.0546335
272,0.99955,110.993170738,0.0106273,0.0298131,0.0545117
273,0.999619,93.9952754974,0.00839941,0.0268695,0.0543903
274,0.999623,92.996263504,0.00794879,0.0216325,0.0542691
275,0.999631,90.9982395172,0.00790666,0.0223118,0.0541481
276,0.999517,118.999958038,0.0123328,0.0312604,0.0540275
277,0.999497,123.995018005,0.0129797,0.032533,0.0539071
278,0.999537,114.004898071,0.0109628,0.0290319,0.053787
279,0.999529,116.002922058,0.00948667,0.0270931,0.0536671
280,0.999533,115.003910065,0.0106679,0.0283835,0.0535476
281,0.999505,121.996994019,0.0113234,0.0274173,0.0534282
282,0.999493,124.994029999,0.0126081,0.0339282,0.0533092
283,0.999639,89.0002155304,0.00801735,0.0238279,0.0531904
284,0.999611,95.9932994843,0.00846548,0.0259832,0.0530719
285,0.999525,117.001934052,0.00933215,0.0298179,0.0529536
286,0.999606,97.0070028305,0.0087159,0.023221,0.0528356
287,0.999546,112.006874084,0.0105766,0.0246969,0.0527179
288,0.999586,102.002062798,0.0095614,0.0265319,0.0526004
289,0.999452,134.998841286,0.0146141,0.0322081,0.0524832
290,0.999542,113.005886078,0.0120678,0.0301965,0.0523663
291,0.999582,103.001074791,0.0103233,0.0274694,0.0522496
292,0.999566,106.997122765,0.00878723,0.0255576,0.0521332
293,0.999497,123.995018005,0.0118416,0.0312899,0.052017
294,0.99959,101.003050804,0.00944158,0.026454,0.0519011
295,0.99959,101.003050804,0.0100908,0.027963,0.0517855
296,0.999602,98.0060148239,0.00678026,0.0231494,0.0516701
297,0.99959,101.003050804,0.00882751,0.026845,0.0515549
298,0.99959,101.003050804,0.00836774,0.0247767,0.0514401
299,0.999582,103.001074791,0.00950419,0.0271625,0.0513254
300,0.999542,113.005886078,0.0100268,0.0282329,0.0512111
301,0.999554,109.994158745,0.0087872,0.0265934,0.051097
302,0.999627,91.9972515106,0.00934261,0.0243893,0.0509831
303,0.999574,104.999098778,0.0105231,0.0268965,0.0508695
304,0.999594,100.004038811,0.00875759,0.0263582,0.0507562
305,0.999602,98.0060148239,0.00779189,0.0248673,0.0506431
306,0.999602,98.0060148239,0.00803756,0.0238745,0.0505302
307,0.999436,138.994889259,0.0135271,0.0341236,0.0504176
308,0.999578,104.000086784,0.00904201,0.0263305,0.0503053
309,0.999631,90.9982395172,0.00897181,0.0232878,0.0501932
310,0.999606,97.0070028305,0.00826949,0.0252559,0.0500814
311,0.999696,74.9993562698,0.00666397,0.0198592,0.0499698
312,0.999578,104.000086784,0.0103386,0.0293421,0.0498584
313,0.999586,102.002062798,0.00874695,0.0243479,0.0497473
314,0.999728,67.0072603226,0.00448948,0.0165062,0.0496365
315,0.999619,93.9952754974,0.00879077,0.0247726,0.0495259
316,0.999623,92.996263504,0.00719998,0.0248101,0.0494155
317,0.999728,67.0072603226,0.00631295,0.0213084,0.0493054
318,0.999606,97.0070028305,0.00691013,0.0240699,0.0491956
319,0.999675,79.9944162369,0.00662309,0.0219721,0.0490859
320,0.999558,108.995146751,0.0103884,0.0304143,0.0489766
321,0.999631,90.9982395172,0.00626934,0.023721,0.0488674
322,0.999639,89.0002155304,0.00717711,0.0225622,0.0487585
323,0.999606,97.0070028305,0.00763287,0.0233941,0.0486499
324,0.999623,92.996263504,0.00757295,0.0236143,0.0485415
325,0.999627,91.9972515106,0.00740669,0.0250859,0.0484333
326,0.999582,103.001074791,0.00855531,0.0271686,0.0483254
327,0.999615,94.9942874908,0.00734309,0.0245821,0.0482177
328,0.999623,92.996263504,0.00768189,0.0268395,0.0481103
329,0.999647,87.0021915436,0.00602637,0.0209814,0.0480031
330,0.999631,90.9982395172,0.00623684,0.0230753,0.0478961
331,0.9997,74.0003442764,0.00634791,0.0194564,0.0477894
332,0.999688,76.9973802567,0.00550742,0.0211907,0.0476829
333,0.99968,78.9954042435,0.00609193,0.0213246,0.0475767
334,0.999582,103.001074791,0.00791862,0.0239981,0.0474707
335,0.999659,84.0051555634,0.00496871,0.0211795,0.0473649
336,0.999696,74.9993562698,0.00653098,0.0215376,0.0472593
337,0.999619,93.9952754974,0.00682134,0.022608,0.047154
338,0.999594,100.004038811,0.00802816,0.0253824,0.047049
339,0.999684,77.9963922501,0.00552192,0.0209336,0.0469441
340,0.999688,76.9973802567,0.00538427,0.0205787,0.0468395
341,0.999675,79.9944162369,0.0052592,0.0209631,0.0467352
342,0.999692,75.9983682632,0.00525529,0.0211915,0.046631
343,0.999635,89.9992275238,0.00701786,0.0244812,0.0465271
344,0.999627,91.9972515106,0.00730197,0.0245615,0.0464234
345,0.999684,77.9963922501,0.00650729,0.0211821,0.04632
346,0.999578,104.000086784,0.00977857,0.0292551,0.0462168
347,0.999615,94.9942874908,0.00738329,0.0240047,0.0461138
348,0.999651,86.0031795502,0.00740298,0.0216155,0.0460111
349,0.999704,73.001332283,0.00476288,0.0193393,0.0459085
350,0.999671,80.9934282303,0.00474659,0.0205396,0.0458062
351,0.999696,74.9993562698,0.00586993,0.0233711,0.0457042
352,0.999647,87.0021915436,0.00676469,0.0216679,0.0456023
353,0.999671,80.9934282303,0.00510686,0.0200999,0.0455007
354,0.999647,87.0021915436,0.00678438,0.0211758,0.0453993
355,0.999578,104.000086784,0.00885316,0.0286298,0.0452982
356,0.9997,74.0003442764,0.0051103,0.0202821,0.0451972
357,0.999692,75.9983682632,0.00530503,0.0221257,0.0450965
358,0.999671,80.9934282303,0.00495679,0.0202216,0.044996
359,0.999728,67.0072603226,0.0050817,0.0204665,0.0448958
360,0.999769,57.0024490356,0.00427448,0.0173126,0.0447957
361,0.999667,82.0071315765,0.00505605,0.0200559,0.0446959
362,0.999647,87.0021915436,0.00770516,0.023804,0.0445963
363,0.999684,77.9963922501,0.00561059,0.0181826,0.044497
364,0.999647,87.0021915436,0.00636652,0.0230793,0.0443978
365,0.999659,84.0051555634,0.00586064,0.021288,0.0442989
366,0.999659,84.0051555634,0.00590923,0.0219744,0.0442002
367,0.999659,84.0051555634,0.00521424,0.0195185,0.0441017
368,0.999655,85.0041675568,0.0060421,0.0217156,0.0440034
369,0.999692,75.9983682632,0.00539316,0.0199912,0.0439054
370,0.999708,72.0023202896,0.0050905,0.0190694,0.0438075
371,0.999696,74.9993562698,0.00612885,0.0204153,0.0437099
372,0.999688,76.9973802567,0.00492072,0.0208512,0.0436125
373,0.999611,95.9932994843,0.00683161,0.0239274,0.0435154
374,0.999704,73.001332283,0.00467552,0.0196423,0.0434184
375,0.999696,74.9993562698,0.00574542,0.0209518,0.0433217
376,0.999696,74.9993562698,0.0053969,0.0217056,0.0432251
377,0.999671,80.9934282303,0.00480513,0.0202187,0.0431288
378,0.999732,65.9935569763,0.0040464,0.0177839,0.0430327
379,0.999744,62.9965209961,0.00376549,0.0185072,0.0429368
380,0.999684,77.9963922501,0.00495844,0.0204135,0.0428411
381,0.999724,68.006272316,0.00317955,0.01632,0.0427457
382,0.99974,63.9955329895,0.00496444,0.0190385,0.0426504
383,0.999671,80.9934282303,0.00502445,0.0205715,0.0425554
384,0.999765,58.0014610291,0.00318452,0.0138413,0.0424606
385,0.999708,72.0023202896,0.00494071,0.0205684,0.042366
386,0.999696,74.9993562698,0.00533804,0.0220565,0.0422716
387,0.999732,65.9935569763,0.00350363,0.0174399,0.0421774
388,0.999748,61.9975090027,0.00395417,0.0179501,0.0420834
389,0.999716,70.0042963028,0.00529526,0.0194836,0.0419896
390,0.999728,67.0072603226,0.00459665,0.0179469,0.0418961
391,0.999704,73.001332283,0.00414741,0.0188081,0.0418027
392,0.999732,65.9935569763,0.00447494,0.0182015,0.0417096
393,0.999761,59.0004730225,0.00303321,0.0152603,0.0416166
394,0.999744,62.9965209961,0.00412819,0.0191899,0.0415239
395,0.999728,67.0072603226,0.00421259,0.0190099,0.0414314
396,0.999724,68.006272316,0.00330975,0.0183938,0.0413391
397,0.999757,59.9994850159,0.00455794,0.017354,0.0412469
398,0.999736,64.9945449829,0.00362949,0.0191199,0.041155
399,0.999659,84.0051555634,0.00480411,0.0224706,0.0410633
400,0.999732,65.9935569763,0.00435259,0.0200451,0.0409718
401,0.999712,71.0033082962,0.00359197,0.0199742,0.0408805
402,0.99974,63.9955329895,0.00380704,0.0178493,0.0407895
403,0.999777,55.0044250488,0.00387152,0.0173689,0.0406986
404,0.999684,77.9963922501,0.00580687,0.0208405,0.0406079
405,0.999732,65.9935569763,0.00415042,0.0171849,0.0405174
406,0.99972,69.0052843094,0.00414411,0.0176793,0.0404271
407,0.999728,67.0072603226,0.00311373,0.0162329,0.040337
408,0.999793,50.9936857224,0.00330842,0.0153078,0.0402471
409,0.999753,60.9984970093,0.00277835,0.0167736,0.0401575
410,0.999736,64.9945449829,0.00420359,0.0190012,0.040068
411,0.999789,51.9926977158,0.00303055,0.0161275,0.0399787
412,0.999712,71.0033082962,0.00400074,0.0186193,0.0398896
413,0.999761,59.0004730225,0.00375404,0.016202,0.0398007
414,0.999757,59.9994850159,0.00334562,0.0159104,0.0397121
415,0.999736,64.9945449829,0.00360552,0.0170419,0.0396236
416,0.999684,77.9963922501,0.00627415,0.023247,0.0395353
417,0.999724,68.006272316,0.00370806,0.0199435,0.0394472
418,0.999769,57.0024490356,0.00352232,0.0153935,0.0393593
419,0.999753,60.9984970093,0.00375346,0.0163194,0.0392716
420,0.999765,58.0014610291,0.00327631,0.0160775,0.0391841
421,0.999728,67.0072603226,0.00453726,0.0190619,0.0390968
422,0.999736,64.9945449829,0.00457891,0.0178733,0.0390097
423,0.999708,72.0023202896,0.00353505,0.0175368,0.0389227
424,0.999769,57.0024490356,0.00291269,0.0144108,0.038836
425,0.999773,56.0034370422,0.00384318,0.0170149,0.0387495
426,0.999748,61.9975090027,0.00334168,0.0159031,0.0386631
427,0.999769,57.0024490356,0.00272842,0.0153026,0.038577
428,0.999813,45.9986257553,0.00242877,0.0131567,0.038491
429,0.999744,62.9965209961,0.00270617,0.0179563,0.0384053
430,0.999753,60.9984970093,0.00283386,0.0164749,0.0383197
431,0.999744,62.9965209961,0.00397905,0.0173369,0.0382343
432,0.999748,61.9975090027,0.00374583,0.0190123,0.0381491
433,0.999817,44.9996137619,0.00261664,0.014632,0.0380641
434,0.999793,50.9936857224,0.00282954,0.0143322,0.0379793
435,0.999785,53.006401062,0.00235878,0.013636,0.0378946
436,0.999777,55.0044250488,0.00297017,0.0167453,0.0378102
437,0.999781,54.0054130554,0.00260605,0.0142653,0.037726
438,0.999748,61.9975090027,0.00276275,0.0165389,0.0376419
439,0.999761,59.0004730225,0.00289751,0.015897,0.037558
440,0.999785,53.006401062,0.00295588,0.0150894,0.0374743
441,0.999757,59.9994850159,0.0044696,0.0208003,0.0373908
442,0.999777,55.0044250488,0.00289963,0.0154253,0.0373075
443,0.999809,46.9976377487,0.00200162,0.0129217,0.0372244
444,0.999781,54.0054130554,0.00260414,0.0144095,0.0371414
445,0.999744,62.9965209961,0.00411111,0.0175992,0.0370587
446,0.99972,69.0052843094,0.00385941,0.0190957,0.0369761
447,0.999789,51.9926977158,0.00350213,0.0154866,0.0368937
448,0.999789,51.9926977158,0.00284556,0.015423,0.0368115
449,0.999753,60.9984970093,0.00305688,0.0158868,0.0367295
450,0.999789,51.9926977158,0.00269226,0.01371,0.0366477
451,0.999801,48.9956617355,0.00213636,0.0131175,0.036566
452,0.999793,50.9936857224,0.00294561,0.0150071,0.0364845
453,0.999777,55.0044250488,0.00328063,0.0174214,0.0364032
454,0.999781,54.0054130554,0.00268431,0.0165858,0.0363221
455,0.999773,56.0034370422,0.00340065,0.018956,0.0362412
456,0.999761,59.0004730225,0.00259758,0.0142963,0.0361604
457,0.999769,57.0024490356,0.00340802,0.0170013,0.0360798
458,0.999753,60.9984970093,0.00284143,0.016964,0.0359994
459,0.99972,69.0052843094,0.0031192,0.0184856,0.0359192
460,0.999797,49.9946737289,0.00220621,0.0148012,0.0358392
461,0.999781,54.0054130554,0.00242522,0.015628,0.0357593
462,0.999809,46.9976377487,0.00191054,0.0133815,0.0356797
463,0.999797,49.9946737289,0.00213057,0.0156011,0.0356002
464,0.999769,57.0024490356,0.00222496,0.0158528,0.0355208
465,0.999712,71.0033082962,0.00349028,0.0190651,0.0354417
466,0.999858,34.994802475,0.00170326,0.0116191,0.0353627
467,0.999805,47.9966497421,0.00287583,0.0147048,0.0352839
468,0.999805,47.9966497421,0.0025725,0.0146476,0.0352053
469,0.999789,51.9926977158,0.00275019,0.0151045,0.0351268
470,0.999781,54.0054130554,0.00260737,0.0145517,0.0350486
471,0.999834,41.0035657883,0.00227275,0.0132086,0.0349705
472,0.999809,46.9976377487,0.00196979,0.0135744,0.0348926
473,0.999793,50.9936857224,0.00202845,0.0150704,0.0348148
474,0.999785,53.006401062,0.00334456,0.0159191,0.0347372
475,0.999821,44.0006017685,0.00198571,0.0135144,0.0346598
476,0.999781,54.0054130554,0.00236941,0.0171178,0.0345826
477,0.999842,39.0055418015,0.0022676,0.0132736,0.0345055
478,0.999821,44.0006017685,0.00193145,0.0149244,0.0344287
479,0.999842,39.0055418015,0.00192756,0.0128031,0.0343519
480,0.999834,41.0035657883,0.00145607,0.0130808,0.0342754
481,0.999809,46.9976377487,0.00242185,0.014586,0.034199
482,0.999866,32.9967784882,0.00121435,0.0111141,0.0341228
483,0.999797,49.9946737289,0.00244094,0.0146901,0.0340468
484,0.999878,29.9997425079,0.00120996,0.00994541,0.0339709
485,0.999826,43.0015897751,0.00180674,0.0138661,0.0338952
486,0.999858,34.994802475,0.00176739,0.0128318,0.0338197
487,0.999769,57.0024490356,0.0026661,0.0177752,0.0337443
488,0.999842,39.0055418015,0.00173834,0.0126316,0.0336692
489,0.999777,55.0044250488,0.00264972,0.0142128,0.0335941
490,0.999834,41.0035657883,0.00143935,0.0114345,0.0335193
491,0.999777,55.0044250488,0.00264066,0.015605,0.0334446
492,0.999826,43.0015897751,0.00190811,0.0134073,0.0333701
493,0.999821,44.0006017685,0.00181274,0.0135224,0.0332957
494,0.999858,34.994802475,0.00112145,0.0123292,0.0332215
495,0.99983,42.0025777817,0.00204271,0.0148552,0.0331475
496,0.999785,53.006401062,0.00245526,0.0150795,0.0330736
497,0.999821,44.0006017685,0.00206294,0.0138521,0.0329999
498,0.999801,48.9956617355,0.00217386,0.014745,0.0329264
499,0.999862,33.9957904816,0.00157828,0.0125043,0.032853
500,0.99987,31.9977664948,0.00207736,0.0120539,0.0327798
501,0.999826,43.0015897751,0.00159338,0.0130567,0.0327068
502,0.999874,30.9987545013,0.00125216,0.0109926,0.0326339
503,0.999834,41.0035657883,0.00182892,0.0132346,0.0325612
504,0.999878,29.9997425079,0.00149086,0.0107522,0.0324887
505,0.999769,57.0024490356,0.00249519,0.0149138,0.0324163
506,0.999834,41.0035657883,0.00169451,0.0122357,0.032344
507,0.99983,42.0025777817,0.0017924,0.0135048,0.032272
508,0.999842,39.0055418015,0.00157116,0.013028,0.0322
509,0.999789,51.9926977158,0.00222671,0.0155437,0.0321283
510,0.999817,44.9996137619,0.00183728,0.0138289,0.0320567
511,0.999826,43.0015897751,0.00193876,0.0152886,0.0319853
512,0.999834,41.0035657883,0.00158984,0.0130764,0.031914
513,0.999838,40.0045537949,0.00186536,0.0121565,0.0318429
514,0.99985,36.9928264618,0.00143587,0.011372,0.031772
515,0.999838,40.0045537949,0.00164543,0.0144277,0.0317012
516,0.999805,47.9966497421,0.00170387,0.0133641,0.0316305
517,0.999866,32.9967784882,0.00169382,0.0124499,0.03156
518,0.999797,49.9946737289,0.00225576,0.0145361,0.0314897
519,0.999789,51.9926977158,0.00193743,0.0157257,0.0314195
520,0.999821,44.0006017685,0.00176515,0.0134416,0.0313495
521,0.99987,31.9977664948,0.00141875,0.0091837,0.0312797
522,0.99983,42.0025777817,0.00162136,0.0127908,0.03121
523,0.999846,38.006529808,0.00120379,0.0112625,0.0311404
524,0.999854,35.9938144684,0.00140867,0.0125365,0.0310711
525,0.999878,29.9997425079,0.00109701,0.0113609,0.0310018
526,0.999821,44.0006017685,0.0018683,0.0131672,0.0309327
527,0.999882,29.0007305145,0.00138298,0.0112867,0.0308638
528,0.999858,34.994802475,0.00141089,0.0128656,0.030795
529,0.999882,29.0007305145,0.00112322,0.0114265,0.0307264
530,0.999858,34.994802475,0.00134921,0.0130197,0.030658
531,0.999805,47.9966497421,0.00218996,0.0150917,0.0305896
532,0.999817,44.9996137619,0.00149104,0.0142538,0.0305215
533,0.999821,44.0006017685,0.00234047,0.0141937,0.0304535
534,0.999858,34.994802475,0.0013857,0.0115093,0.0303856
535,0.999821,44.0006017685,0.00191528,0.0149653,0.0303179
536,0.999842,39.0055418015,0.00149782,0.0132573,0.0302504
537,0.999842,39.0055418015,0.00201221,0.0151389,0.030183
538,0.999874,30.9987545013,0.00126003,0.0102781,0.0301157
539,0.999854,35.9938144684,0.00145063,0.0129626,0.0300486
540,0.999817,44.9996137619,0.00173277,0.0138718,0.0299816
541,0.99983,42.0025777817,0.0013645,0.0130763,0.0299148
542,0.999846,38.006529808,0.00162172,0.0140202,0.0298482
543,0.999842,39.0055418015,0.0016734,0.0128534,0.0297817
544,0.999858,34.994802475,0.00153318,0.0116284,0.0297153
545,0.999915,20.9939432144,0.000547046,0.00793137,0.0296491
546,0.99985,36.9928264618,0.0011092,0.0135799,0.029583
547,0.999907,23.0066585541,0.000677041,0.00943292,0.0295171
548,0.999878,29.9997425079,0.0012773,0.0101799,0.0294513
549,0.999842,39.0055418015,0.0017019,0.0129208,0.0293857
550,0.999894,26.0036945343,0.00107642,0.0105479,0.0293202
551,0.999858,34.994802475,0.00165526,0.0116552,0.0292549
552,0.999858,34.994802475,0.00106581,0.0112259,0.0291897
553,0.99989,27.0027065277,0.000888762,0.0104862,0.0291247
554,0.999882,29.0007305145,0.00101204,0.0115657,0.0290598
555,0.999874,30.9987545013,0.00122583,0.0100866,0.028995
556,0.999858,34.994802475,0.00120285,0.0112014,0.0289304
557,0.99985,36.9928264618,0.00130771,0.0105943,0.028866
558,0.99987,31.9977664948,0.00125434,0.0113295,0.0288016
559,0.99987,31.9977664948,0.000808551,0.0108449,0.0287375
560,0.999838,40.0045537949,0.00113889,0.0132055,0.0286734
561,0.999862,33.9957904816,0.000822217,0.0100616,0.0286095
562,0.999866,32.9967784882,0.00111198,0.0117833,0.0285458
563,0.999858,34.994802475,0.00126653,0.0117902,0.0284822
564,0.999894,26.0036945343,0.000866879,0.00900749,0.0284187
565,0.999874,30.9987545013,0.00100358,0.0111676,0.0283554
566,0.999886,28.0017185211,0.00071727,0.0103821,0.0282922
567,0.999882,29.0007305145,0.000905248,0.0114176,0.0282292
568,0.999866,32.9967784882,0.00116755,0.0102635,0.0281663
569,0.99985,36.9928264618,0.00160712,0.012313,0.0281035
570,0.999874,30.9987545013,0.00100301,0.0115642,0.0280409
571,0.999862,33.9957904816,0.00137058,0.0113143,0.0279784
572,0.999866,32.9967784882,0.00101599,0.0107689,0.0279161
573,0.999874,30.9987545013,0.00111232,0.0111806,0.0278539
574,0.999854,35.9938144684,0.00128498,0.0128308,0.0277918
575,0.99985,36.9928264618,0.00137211,0.0106793,0.0277299
576,0.999878,29.9997425079,0.00140296,0.00951924,0.0276681
577,0.99987,31.9977664948,0.00108972,0.0113649,0.0276064
578,0.999858,34.994802475,0.001388,0.01185,0.0275449
579,0.999907,23.0066585541,0.000783888,0.010417,0.0274836
580,0.999899,25.0046825409,0.000926615,0.01045,0.0274223
581,0.999874,30.9987545013,0.00101046,0.0108916,0.0273612
582,0.999882,29.0007305145,0.00105571,0.0107054,0.0273002
583,0.999915,20.9939432144,0.000859126,0.00774207,0.0272394
584,0.999899,25.0046825409,0.000507325,0.00685517,0.0271787
585,0.999915,20.9939432144,0.000775869,0.00924413,0.0271182
586,0.999963,9.00579929352,0.000151735,0.00460206,0.0270577
587,0.999951,12.0028352737,0.000576583,0.00678582,0.0269974
588,0.999894,26.0036945343,0.000738455,0.00957608,0.0269373
589,0.99989,27.0027065277,0.00084615,0.0113474,0.0268773
590,0.999919,19.994931221,0.000453482,0.00823476,0.0268174
591,0.999878,29.9997425079,0.000851992,0.010415,0.0267576
592,0.999935,15.9988832474,0.00043902,0.00866723,0.026698
593,0.999927,17.9969072342,0.000428953,0.00826706,0.0266385
594,0.999923,18.9959192276,0.000418808,0.00802072,0.0265791
595,0.999894,26.0036945343,0.000656866,0.00967988,0.0265199
596,0.999878,29.9997425079,0.000950119,0.00995682,0.0264608
597,0.99989,27.0027065277,0.00100921,0.0105227,0.0264019
598,0.999943,14.0008592606,0.000285576,0.00534213,0.026343
599,0.999919,19.994931221,0.00065075,0.0092051,0.0262843
600,0.999907,23.0066585541,0.000694421,0.0102111,0.0262258
601,0.999882,29.0007305145,0.00110051,0.0119332,0.0261673
602,0.999882,29.0007305145,0.000824422,0.010919,0.026109
603,0.999903,24.0056705475,0.000742303,0.0101251,0.0260509
604,0.999894,26.0036945343,0.000966183,0.00992817,0.0259928
605,0.999899,25.0046825409,0.000665838,0.00887101,0.0259349
606,0.999899,25.0046825409,0.000583627,0.0113977,0.0258771
607,0.999899,25.0046825409,0.000898784,0.00986675,0.0258194
608,0.999886,28.0017185211,0.00094748,0.0102685,0.0257619
609,0.999874,30.9987545013,0.00118399,0.00948469,0.0257045
610,0.999886,28.0017185211,0.000669126,0.0113887,0.0256472
611,0.999878,29.9997425079,0.000916188,0.0102388,0.0255901
612,0.999878,29.9997425079,0.000828105,0.0108316,0.0255331
613,0.999927,17.9969072342,0.000516649,0.00839743,0.0254762
614,0.999919,19.994931221,0.000422794,0.00939102,0.0254194
615,0.999943,14.0008592606,0.000432386,0.00711236,0.0253628
616,0.999886,28.0017185211,0.000864218,0.0107173,0.0253062
617,0.999931,16.9978952408,0.000441482,0.0070423,0.0252499
618,0.999947,13.0018472672,0.0002824,0.00612098,0.0251936
619,0.999907,23.0066585541,0.000601905,0.00892549,0.0251375
620,0.999862,33.9957904816,0.00105142,0.0119685,0.0250814
621,0.999919,19.994931221,0.000603616,0.00829856,0.0250256
622,0.999923,18.9959192276,0.000440293,0.00715755,0.0249698
623,0.99989,27.0027065277,0.000976313,0.00993488,0.0249142
624,0.999947,13.0018472672,0.000279885,0.00523297,0.0248586
625,0.999923,18.9959192276,0.000423006,0.0084947,0.0248033
626,0.999919,19.994931221,0.000575981,0.00789741,0.024748
627,0.999915,20.9939432144,0.000482449,0.00851404,0.0246928
628,0.999927,17.9969072342,0.000609306,0.00859933,0.0246378
629,0.999915,20.9939432144,0.000384357,0.00847063,0.0245829
630,0.999943,14.0008592606,0.000315927,0.00787441,0.0245281
631,0.999915,20.9939432144,0.00087938,0.0120223,0.0244735
632,0.999923,18.9959192276,0.000499459,0.00865952,0.024419
633,0.999894,26.0036945343,0.000753973,0.011806,0.0243645
634,0.99989,27.0027065277,0.000943985,0.0106817,0.0243103
635,0.999939,14.999871254,0.000452142,0.00642616,0.0242561
636,0.999923,18.9959192276,0.000678442,0.00926854,0.024202
637,0.999939,14.999871254,0.000379939,0.00761926,0.0241481
638,0.999919,19.994931221,0.00044445,0.00683872,0.0240943
639,0.999899,25.0046825409,0.000609661,0.00946791,0.0240406
640,0.999907,23.0066585541,0.0010123,0.0116558,0.0239871
641,0.999955,11.0038232803,0.000352401,0.00643892,0.0239336
642,0.999963,9.00579929352,0.000162035,0.0053892,0.0238803
643,0.999968,8.00678730011,0.000119102,0.00513683,0.0238271
644,0.99998,4.99505996704,0.000105581,0.00454249,0.023774
645,0.999984,3.99604797363,5.72687e-05,0.00374242,0.023721
646,0.999968,8.00678730011,0.000263824,0.00585627,0.0236681
647,0.999939,14.999871254,0.000426369,0.00699779,0.0236154
648,0.999894,26.0036945343,0.000806428,0.010045,0.0235628
649,0.999951,12.0028352737,0.000270073,0.00737394,0.0235103
650,0.999947,13.0018472672,0.00032043,0.00765659,0.0234579
651,0.999976,5.99407196045,8.08897e-05,0.00439103,0.0234056
652,0.999972,6.99308395386,0.000120292,0.00537219,0.0233535
653,0.999935,15.9988832474,0.000324438,0.00641783,0.0233014
654,0.999963,9.00579929352,0.000214175,0.00729894,0.0232495
655,0.999943,14.0008592606,0.000271408,0.00716235,0.0231977
656,0.999935,15.9988832474,0.000298179,0.00637586,0.023146
657,0.999935,15.9988832474,0.000334291,0.00846495,0.0230944
658,0.999935,15.9988832474,0.000338984,0.00680586,0.023043
659,0.999963,9.00579929352,0.000165316,0.00608087,0.0229916
660,0.999963,9.00579929352,0.000300063,0.0051854,0.0229404
661,0.999963,9.00579929352,0.000315937,0.00649715,0.0228893
662,0.999984,3.99604797363,6.32678e-05,0.00450613,0.0228383
663,0.999996,0.999011993408,2.93607e-05,0.00373072,0.0227874
664,0.99998,4.99505996704,8.00445e-05,0.00455425,0.0227366
665,0.99998,4.99505996704,6.28899e-05,0.00296562,0.022686
666,0.999988,2.99703598022,6.88978e-05,0.00394186,0.0226354
667,0.999984,3.99604797363,0.00011113,0.00403569,0.022585
668,0.999943,14.0008592606,0.000345324,0.00792057,0.0225347
669,0.999955,11.0038232803,0.000159119,0.00620005,0.0224844
670,0.999963,9.00579929352,0.000194661,0.00489037,0.0224343
671,0.999959,10.0048112869,0.00025386,0.00439121,0.0223844
672,1.0,0.0,0.0,0.0,0.0223345
1.0,0.0,2257.7273621559143,1.01318,0.0104398512945,0.000826648842166
