3,80,0.1,2,1000, .1 
0,0.485013,126934.001105,1.68352e+06,297.894,0.0999991
1,0.780299,54152.0033741,2271.12,5.62112,0.0977235
2,0.920963,19480.9983158,62.9074,1.10994,0.0954998
3,0.991306,2142.99825668,1.1374,0.134531,0.0933267
4,0.997472,623.001508713,0.0734366,0.0407567,0.091203
5,0.998828,288.993601799,0.00884033,0.0206364,0.0891276
6,0.998998,247.00571537,0.00560116,0.0193899,0.0870995
7,0.999055,233.00485611,0.00538298,0.0174234,0.0851175
8,0.999201,196.996350288,0.00380057,0.0156223,0.0831806
9,0.999059,232.005844116,0.00550312,0.0182966,0.0812878
10,0.999205,195.997338295,0.00381003,0.0155615,0.079438
11,0.999278,178.000431061,0.00369119,0.0147,0.0776304
12,0.99927,179.998455048,0.00341452,0.0150469,0.0758639
13,0.99944,137.995877266,0.00293432,0.0120971,0.0741375
14,0.999351,160.003523827,0.00283217,0.0125417,0.0724505
15,0.999318,167.995619774,0.00319141,0.0132876,0.0708019
16,0.999331,164.998583794,0.0030323,0.0147392,0.0691907
17,0.999302,172.0063591,0.00287659,0.0140728,0.0676163
18,0.999233,189.004254341,0.00336047,0.0146756,0.0660776
19,0.9994,148.000688553,0.00245821,0.0121354,0.064574
20,0.999416,144.004640579,0.00234004,0.0123333,0.0631046
21,0.999395,148.999700546,0.00232282,0.0129145,0.0616686
22,0.999375,153.994760513,0.00257097,0.012564,0.0602653
23,0.999481,128.005757332,0.00208201,0.0111717,0.0588939
24,0.999371,154.993772507,0.00252387,0.0133682,0.0575538
25,0.999509,120.997982025,0.00170043,0.0107727,0.0562441
26,0.99957,105.998110771,0.00148762,0.0090858,0.0549643
27,0.999513,119.998970032,0.00163319,0.0104795,0.0537135
28,0.999562,107.996134758,0.001607,0.0106758,0.0524912
29,0.999574,104.999098778,0.00150469,0.00962193,0.0512968
30,0.999452,134.998841286,0.00193193,0.0111447,0.0501295
31,0.999513,119.998970032,0.0017572,0.0109221,0.0489888
32,0.999578,104.000086784,0.00147561,0.00936346,0.047874
33,0.999525,117.001934052,0.00153252,0.00982816,0.0467846
34,0.999623,92.996263504,0.00130719,0.0106186,0.04572
35,0.999675,79.9944162369,0.00101048,0.00829559,0.0446796
36,0.999675,79.9944162369,0.00092149,0.00858563,0.0436629
37,0.999712,71.0033082962,0.000964956,0.00833065,0.0426694
38,0.999647,87.0021915436,0.00109266,0.00881873,0.0416984
39,0.99972,69.0052843094,0.000811802,0.00809619,0.0407495
40,0.999696,74.9993562698,0.00096991,0.00983462,0.0398222
41,0.999688,76.9973802567,0.00104909,0.0106107,0.0389161
42,0.999675,79.9944162369,0.000916543,0.00912993,0.0380305
43,0.999696,74.9993562698,0.000974275,0.0111859,0.0371651
44,0.999748,61.9975090027,0.000671967,0.00695086,0.0363194
45,0.999801,48.9956617355,0.000585011,0.00602802,0.0354929
46,0.999781,54.0054130554,0.000582385,0.00652386,0.0346853
47,0.999757,59.9994850159,0.000736453,0.0072417,0.033896
48,0.99974,63.9955329895,0.000780439,0.00967685,0.0331247
49,0.999817,44.9996137619,0.000518489,0.00551442,0.0323709
50,0.999769,57.0024490356,0.000660377,0.00710389,0.0316343
51,0.99983,42.0025777817,0.000508089,0.00612911,0.0309144
52,0.999846,38.006529808,0.000454948,0.00534814,0.030211
53,0.999789,51.9926977158,0.00057929,0.00846351,0.0295235
54,0.999809,46.9976377487,0.000520519,0.00569915,0.0288517
55,0.99989,27.0027065277,0.000344913,0.00407284,0.0281952
56,0.999854,35.9938144684,0.000500846,0.00631776,0.0275536
57,0.999821,44.0006017685,0.000480814,0.00737535,0.0269266
58,0.999894,26.0036945343,0.000341713,0.00416752,0.0263138
59,0.999866,32.9967784882,0.000391375,0.0048569,0.0257151
60,0.999846,38.006529808,0.000342059,0.00537517,0.0251299
61,0.999862,33.9957904816,0.000432414,0.00685797,0.0245581
62,0.999854,35.9938144684,0.000341881,0.00503039,0.0239992
63,0.999846,38.006529808,0.000387909,0.00679958,0.0234531
64,0.999886,28.0017185211,0.000321019,0.00541673,0.0229194
65,0.999862,33.9957904816,0.000384818,0.00547771,0.0223979
66,0.999899,25.0046825409,0.000293082,0.00466783,0.0218882
67,0.999903,24.0056705475,0.000306881,0.00524686,0.0213901
68,0.999866,32.9967784882,0.000350129,0.00589684,0.0209034
69,0.999899,25.0046825409,0.000327319,0.00562637,0.0204277
70,0.999923,18.9959192276,0.000242117,0.00453825,0.0199629
71,0.999899,25.0046825409,0.000309293,0.00435933,0.0195086
72,0.999907,23.0066585541,0.000279965,0.00492805,0.0190647
73,0.999919,19.994931221,0.000247893,0.00542513,0.0186309
74,0.999923,18.9959192276,0.000244776,0.00489976,0.0182069
75,0.999927,17.9969072342,0.000246574,0.00509517,0.0177926
76,0.999927,17.9969072342,0.000248349,0.00456173,0.0173877
77,0.999923,18.9959192276,0.00023433,0.00447699,0.0169921
78,0.999927,17.9969072342,0.000217432,0.00374456,0.0166054
79,0.999951,12.0028352737,0.000188637,0.00405341,0.0162275
80,0.999919,19.994931221,0.000238413,0.00514301,0.0158583
81,0.999951,12.0028352737,0.000170515,0.00327665,0.0154974
82,0.999923,18.9959192276,0.000213722,0.00411455,0.0151447
83,0.999955,11.0038232803,0.000169307,0.00363319,0.0148001
84,0.999943,14.0008592606,0.000192293,0.00426198,0.0144633
85,0.999955,11.0038232803,0.000175808,0.00348668,0.0141342
86,0.999959,10.0048112869,0.000178597,0.00406989,0.0138126
87,0.999955,11.0038232803,0.000172948,0.00344798,0.0134983
88,0.999959,10.0048112869,0.000179333,0.00360213,0.0131911
89,0.999955,11.0038232803,0.000165737,0.00353891,0.0128909
90,0.999951,12.0028352737,0.000161642,0.00406851,0.0125976
91,0.999955,11.0038232803,0.000151835,0.00359069,0.0123109
92,0.999955,11.0038232803,0.000172208,0.00361093,0.0120308
93,0.999972,6.99308395386,0.000161127,0.00378507,0.011757
94,0.999939,14.999871254,0.000221433,0.00692027,0.0114895
95,0.999968,8.00678730011,0.00015572,0.00385489,0.011228
96,0.999963,9.00579929352,0.000145681,0.00319002,0.0109725
97,0.999976,5.99407196045,0.000130715,0.00285929,0.0107229
98,0.999976,5.99407196045,0.000137532,0.00295131,0.0104789
99,0.999968,8.00678730011,0.000141785,0.00358946,0.0102404
100,0.99998,4.99505996704,0.000123313,0.00291185,0.0100074
101,0.999976,5.99407196045,0.000120828,0.00256133,0.00977966
102,0.999972,6.99308395386,0.000125141,0.00336001,0.00955712
103,0.999976,5.99407196045,0.000127665,0.00345134,0.00933964
104,0.999968,8.00678730011,0.00013059,0.00347988,0.00912711
105,0.999976,5.99407196045,0.000118809,0.00257682,0.00891942
106,0.999972,6.99308395386,0.000126942,0.00342326,0.00871646
107,0.999976,5.99407196045,0.00011963,0.00289164,0.00851811
108,0.999972,6.99308395386,0.00011306,0.00262041,0.00832428
109,0.999972,6.99308395386,0.000121467,0.0031033,0.00813485
110,0.999976,5.99407196045,0.00011436,0.00308906,0.00794974
111,0.99998,4.99505996704,0.000116978,0.00394902,0.00776884
112,0.99998,4.99505996704,0.000113016,0.00264827,0.00759206
113,0.999968,8.00678730011,0.000126506,0.00312518,0.0074193
114,0.999976,5.99407196045,0.000116471,0.00420227,0.00725047
115,0.999976,5.99407196045,0.000101473,0.00235468,0.00708548
116,0.999976,5.99407196045,0.000100166,0.00208541,0.00692425
117,0.999976,5.99407196045,9.85277e-05,0.00243162,0.00676668
118,0.99998,4.99505996704,0.000103721,0.00269443,0.0066127
119,0.999976,5.99407196045,9.98674e-05,0.00260023,0.00646223
120,0.999976,5.99407196045,9.62167e-05,0.00253413,0.00631518
121,0.999976,5.99407196045,9.25676e-05,0.00241794,0.00617147
122,0.999976,5.99407196045,9.78769e-05,0.00282211,0.00603104
123,0.999976,5.99407196045,9.97308e-05,0.00269016,0.0058938
124,0.999976,5.99407196045,0.000102526,0.00253299,0.00575968
125,0.99998,4.99505996704,9.05665e-05,0.00182757,0.00562862
126,0.999976,5.99407196045,8.79083e-05,0.0020747,0.00550053
127,0.999976,5.99407196045,9.28883e-05,0.00251396,0.00537537
128,0.999976,5.99407196045,9.01109e-05,0.00238461,0.00525305
129,0.99998,4.99505996704,9.34589e-05,0.00322858,0.00513351
130,0.999984,3.99604797363,8.75636e-05,0.00202046,0.0050167
131,0.999976,5.99407196045,9.02613e-05,0.00230264,0.00490254
132,0.999976,5.99407196045,9.33192e-05,0.0024527,0.00479098
133,0.99998,4.99505996704,8.51117e-05,0.00150374,0.00468196
134,0.999984,3.99604797363,8.53301e-05,0.00183968,0.00457542
135,0.999984,3.99604797363,8.88004e-05,0.00209519,0.0044713
136,0.99998,4.99505996704,8.79988e-05,0.00216947,0.00436956
137,0.99998,4.99505996704,8.83043e-05,0.00238472,0.00427013
138,0.99998,4.99505996704,8.54783e-05,0.0021019,0.00417296
139,0.99998,4.99505996704,8.38822e-05,0.00164504,0.004078
140,0.999984,3.99604797363,8.67876e-05,0.00197953,0.0039852
141,0.99998,4.99505996704,8.27472e-05,0.00172081,0.00389452
142,0.99998,4.99505996704,8.39073e-05,0.00202992,0.0038059
143,0.99998,4.99505996704,8.23224e-05,0.00156312,0.00371929
144,0.999984,3.99604797363,7.95274e-05,0.00176491,0.00363466
145,0.999984,3.99604797363,7.829e-05,0.00161263,0.00355195
146,0.999984,3.99604797363,8.20904e-05,0.00253996,0.00347112
147,0.999984,3.99604797363,7.81114e-05,0.00189682,0.00339214
148,0.99998,4.99505996704,7.85687e-05,0.00178888,0.00331495
149,0.999984,3.99604797363,7.80488e-05,0.0020405,0.00323951
150,0.999984,3.99604797363,7.63946e-05,0.00188034,0.0031658
151,0.999984,3.99604797363,7.84763e-05,0.00166707,0.00309376
152,0.999984,3.99604797363,7.82241e-05,0.00178857,0.00302336
153,0.99998,4.99505996704,7.99134e-05,0.00154645,0.00295456
154,0.999984,3.99604797363,7.7743e-05,0.00187438,0.00288733
155,0.999984,3.99604797363,7.57179e-05,0.00143244,0.00282162
156,0.999984,3.99604797363,7.58101e-05,0.00197413,0.00275742
157,0.999984,3.99604797363,7.85535e-05,0.00228681,0.00269467
158,0.999984,3.99604797363,7.79588e-05,0.0015122,0.00263335
159,0.999984,3.99604797363,7.49997e-05,0.00158755,0.00257343
160,0.999984,3.99604797363,7.55066e-05,0.00197584,0.00251487
161,0.999984,3.99604797363,7.61861e-05,0.0017011,0.00245764
162,0.999984,3.99604797363,7.45786e-05,0.00164486,0.00240172
163,0.999984,3.99604797363,7.49446e-05,0.00202237,0.00234706
164,0.999984,3.99604797363,7.32318e-05,0.00152878,0.00229366
165,0.999984,3.99604797363,7.38801e-05,0.00178365,0.00224146
166,0.999984,3.99604797363,7.47318e-05,0.0024112,0.00219046
167,0.999984,3.99604797363,7.41365e-05,0.00147565,0.00214061
168,0.999988,2.99703598022,7.39211e-05,0.00211391,0.0020919
169,0.999984,3.99604797363,7.47071e-05,0.00212347,0.0020443
170,0.999984,3.99604797363,7.25031e-05,0.00184239,0.00199778
171,0.999984,3.99604797363,7.31042e-05,0.00186893,0.00195232
172,0.999984,3.99604797363,7.2298e-05,0.00160596,0.00190789
173,0.999984,3.99604797363,7.24601e-05,0.00151555,0.00186448
174,0.999984,3.99604797363,7.22429e-05,0.0015014,0.00182205
175,0.999984,3.99604797363,7.18627e-05,0.00146899,0.00178059
176,0.999984,3.99604797363,7.18802e-05,0.00143006,0.00174007
177,0.999984,3.99604797363,7.2081e-05,0.00163447,0.00170048
178,0.999984,3.99604797363,7.22837e-05,0.00117343,0.00166178
179,0.999984,3.99604797363,7.17935e-05,0.00123104,0.00162397
180,0.999984,3.99604797363,7.15179e-05,0.00136398,0.00158701
181,0.999984,3.99604797363,7.20922e-05,0.00190348,0.0015509
182,0.999984,3.99604797363,7.15776e-05,0.00204875,0.00151561
183,0.999984,3.99604797363,7.00044e-05,0.00163945,0.00148112
184,0.999984,3.99604797363,7.06564e-05,0.00177691,0.00144742
185,0.999984,3.99604797363,6.94705e-05,0.00120001,0.00141448
186,0.999984,3.99604797363,6.97655e-05,0.00147236,0.00138229
187,0.999984,3.99604797363,6.89765e-05,0.0013031,0.00135084
188,0.999984,3.99604797363,7.00918e-05,0.00130149,0.0013201
189,0.999984,3.99604797363,6.90109e-05,0.00129092,0.00129006
190,0.999988,2.99703598022,6.97197e-05,0.00212084,0.0012607
191,0.999984,3.99604797363,6.91529e-05,0.00165866,0.00123201
192,0.999988,2.99703598022,6.88274e-05,0.00156515,0.00120398
193,0.999988,2.99703598022,6.95989e-05,0.00170534,0.00117658
194,0.999988,2.99703598022,6.91014e-05,0.00159433,0.00114981
195,0.999984,3.99604797363,6.93696e-05,0.00197398,0.00112364
196,0.999984,3.99604797363,6.91024e-05,0.00118531,0.00109808
197,0.999984,3.99604797363,6.94362e-05,0.00139429,0.00107309
198,0.999984,3.99604797363,6.899e-05,0.0014149,0.00104867
199,0.999984,3.99604797363,6.85988e-05,0.00133712,0.00102481
200,0.999984,3.99604797363,6.88848e-05,0.00135264,0.00100149
201,0.999984,3.99604797363,6.7529e-05,0.00138932,0.000978697
202,0.999988,2.99703598022,6.7534e-05,0.00122271,0.000956427
203,0.999988,2.99703598022,6.73871e-05,0.00143309,0.000934662
204,0.999988,2.99703598022,6.71817e-05,0.00158306,0.000913394
205,0.999988,2.99703598022,6.76073e-05,0.00126416,0.000892609
206,0.999984,3.99604797363,6.78104e-05,0.00142662,0.000872297
207,0.999988,2.99703598022,6.75256e-05,0.00168477,0.000852448
208,0.999988,2.99703598022,6.74058e-05,0.0016352,0.00083305
209,0.999988,2.99703598022,6.72178e-05,0.00130705,0.000814094
210,0.999988,2.99703598022,6.7237e-05,0.00146729,0.000795568
211,0.999988,2.99703598022,6.78218e-05,0.0015666,0.000777465
212,0.999988,2.99703598022,6.77654e-05,0.00153164,0.000759774
213,0.999988,2.99703598022,6.72836e-05,0.001209,0.000742484
214,0.999988,2.99703598022,6.70213e-05,0.00136096,0.000725589
215,0.999988,2.99703598022,6.7272e-05,0.00174855,0.000709078
216,0.999988,2.99703598022,6.7121e-05,0.00114227,0.000692942
217,0.999988,2.99703598022,6.71077e-05,0.00163284,0.000677174
218,0.999988,2.99703598022,6.64436e-05,0.00213423,0.000661765
219,0.999988,2.99703598022,6.64422e-05,0.00151152,0.000646706
220,0.999988,2.99703598022,6.63619e-05,0.00126806,0.00063199
221,0.999988,2.99703598022,6.6542e-05,0.00169787,0.000617609
222,0.999988,2.99703598022,6.6594e-05,0.00138589,0.000603554
223,0.999988,2.99703598022,6.63724e-05,0.00112068,0.00058982
224,0.999988,2.99703598022,6.64322e-05,0.00163315,0.000576399
225,0.999988,2.99703598022,6.60011e-05,0.00115785,0.000563282
226,0.999988,2.99703598022,6.63088e-05,0.00159405,0.000550465
227,0.999988,2.99703598022,6.60238e-05,0.00128727,0.000537939
228,0.999988,2.99703598022,6.63079e-05,0.00169391,0.000525698
229,0.999988,2.99703598022,6.60752e-05,0.00112604,0.000513735
230,0.999988,2.99703598022,6.60014e-05,0.00146785,0.000502045
231,0.999988,2.99703598022,6.60915e-05,0.00141642,0.00049062
232,0.999988,2.99703598022,6.59488e-05,0.0010906,0.000479456
233,0.999988,2.99703598022,6.59844e-05,0.00130719,0.000468546
234,0.999988,2.99703598022,6.52648e-05,0.00141279,0.000457884
235,0.999988,2.99703598022,6.54245e-05,0.00117779,0.000447465
236,0.999988,2.99703598022,6.55714e-05,0.00158812,0.000437282
237,0.999988,2.99703598022,6.55788e-05,0.00157899,0.000427332
238,0.999988,2.99703598022,6.55463e-05,0.00191707,0.000417608
239,0.999988,2.99703598022,6.52697e-05,0.00158843,0.000408105
240,0.999988,2.99703598022,6.53459e-05,0.00152046,0.000398818
241,0.999988,2.99703598022,6.54321e-05,0.00136729,0.000389743
242,0.999988,2.99703598022,6.54525e-05,0.00161393,0.000380874
243,0.999988,2.99703598022,6.53268e-05,0.00138182,0.000372207
244,0.999988,2.99703598022,6.54177e-05,0.0012652,0.000363737
245,0.999988,2.99703598022,6.51879e-05,0.000994402,0.00035546
246,0.999988,2.99703598022,6.52384e-05,0.00151721,0.000347372
247,0.999988,2.99703598022,6.52583e-05,0.00155675,0.000339467
248,0.999988,2.99703598022,6.53144e-05,0.00127213,0.000331742
249,0.999988,2.99703598022,6.53652e-05,0.00147215,0.000324193
250,0.999988,2.99703598022,6.51808e-05,0.00151316,0.000316816
251,0.999988,2.99703598022,6.52043e-05,0.000997251,0.000309607
252,0.999988,2.99703598022,6.47694e-05,0.00119743,0.000302562
253,0.999988,2.99703598022,6.49057e-05,0.0017454,0.000295677
254,0.999988,2.99703598022,6.47882e-05,0.00129346,0.000288949
255,0.999988,2.99703598022,6.47631e-05,0.00100747,0.000282373
256,0.999988,2.99703598022,6.49344e-05,0.00168243,0.000275948
257,0.999988,2.99703598022,6.48176e-05,0.0014705,0.000269668
258,0.999988,2.99703598022,6.47234e-05,0.00116081,0.000263532
259,0.999988,2.99703598022,6.47813e-05,0.001618,0.000257535
260,0.999988,2.99703598022,6.4892e-05,0.00160963,0.000251675
261,0.999988,2.99703598022,6.47456e-05,0.00153948,0.000245948
262,0.999988,2.99703598022,6.4742e-05,0.00126879,0.000240351
263,0.999988,2.99703598022,6.4798e-05,0.00144619,0.000234882
264,0.999988,2.99703598022,6.47835e-05,0.00117823,0.000229537
265,0.999988,2.99703598022,6.47775e-05,0.00145908,0.000224314
266,0.999988,2.99703598022,6.48075e-05,0.00147495,0.00021921
267,0.999988,2.99703598022,6.4609e-05,0.00156766,0.000214221
268,0.999988,2.99703598022,6.45388e-05,0.00122212,0.000209347
269,0.999988,2.99703598022,6.45464e-05,0.00152142,0.000204583
270,0.999988,2.99703598022,6.44499e-05,0.00116325,0.000199927
271,0.999988,2.99703598022,6.44823e-05,0.00129877,0.000195378
272,0.999988,2.99703598022,6.44315e-05,0.00107333,0.000190932
273,0.999988,2.99703598022,6.45052e-05,0.00136588,0.000186587
274,0.999988,2.99703598022,6.43654e-05,0.00146286,0.000182341
275,0.999988,2.99703598022,6.44596e-05,0.00170874,0.000178192
276,0.999988,2.99703598022,6.44406e-05,0.00162105,0.000174137
277,0.999988,2.99703598022,6.4426e-05,0.00160471,0.000170175
278,0.999988,2.99703598022,6.44408e-05,0.0016572,0.000166302
279,0.999988,2.99703598022,6.44482e-05,0.0016515,0.000162518
280,0.999988,2.99703598022,6.43774e-05,0.0015771,0.00015882
281,0.999988,2.99703598022,6.43697e-05,0.00168814,0.000155206
282,0.999988,2.99703598022,6.43236e-05,0.00156717,0.000151674
283,0.999988,2.99703598022,6.43563e-05,0.00150282,0.000148223
284,0.999988,2.99703598022,6.41703e-05,0.00101215,0.00014485
285,0.999988,2.99703598022,6.41053e-05,0.00129362,0.000141554
286,0.999988,2.99703598022,6.4312e-05,0.00203077,0.000138333
287,0.999988,2.99703598022,6.41517e-05,0.0013185,0.000135185
288,0.999988,2.99703598022,6.42029e-05,0.00144789,0.000132108
289,0.999988,2.99703598022,6.42044e-05,0.00152444,0.000129102
290,0.999988,2.99703598022,6.42038e-05,0.00130089,0.000126164
291,0.999988,2.99703598022,6.41838e-05,0.00182047,0.000123294
292,0.999988,2.99703598022,6.42434e-05,0.00134232,0.000120488
293,0.999988,2.99703598022,6.41654e-05,0.0015015,0.000117746
294,0.999988,2.99703598022,6.41613e-05,0.00112033,0.000115067
295,0.999988,2.99703598022,6.41396e-05,0.00178157,0.000112448
296,0.999988,2.99703598022,6.41619e-05,0.00168797,0.00010989
297,0.999988,2.99703598022,6.413e-05,0.00174467,0.000107389
298,0.999988,2.99703598022,6.41948e-05,0.0013481,0.000104945
299,0.999988,2.99703598022,6.40464e-05,0.00140024,0.000102557
300,0.999988,2.99703598022,6.39763e-05,0.00151528,0.000100224
301,0.999988,2.99703598022,6.40306e-05,0.00155705,9.79429e-05
302,0.999988,2.99703598022,6.40534e-05,0.00174771,9.57141e-05
303,0.999988,2.99703598022,6.40639e-05,0.00187564,9.35362e-05
304,0.999988,2.99703598022,6.40386e-05,0.00140249,9.14077e-05
305,0.999988,2.99703598022,6.40154e-05,0.00115142,8.93277e-05
306,0.999988,2.99703598022,6.40045e-05,0.00135312,8.72949e-05
307,0.999988,2.99703598022,6.40206e-05,0.00168229,8.53085e-05
308,0.999988,2.99703598022,6.40139e-05,0.00147206,8.33673e-05
309,0.999988,2.99703598022,6.3978e-05,0.00130537,8.14702e-05
310,0.999988,2.99703598022,6.4002e-05,0.00163732,7.96163e-05
311,0.999988,2.99703598022,6.40533e-05,0.00154689,7.78046e-05
312,0.999988,2.99703598022,6.39602e-05,0.000942813,7.60341e-05
313,0.999988,2.99703598022,6.40229e-05,0.00141567,7.43039e-05
314,0.999988,2.99703598022,6.40084e-05,0.00114266,7.26131e-05
315,0.999988,2.99703598022,6.39012e-05,0.00116651,7.09608e-05
316,0.999988,2.99703598022,6.3937e-05,0.0015324,6.9346e-05
317,0.999988,2.99703598022,6.39103e-05,0.00130675,6.7768e-05
318,0.999988,2.99703598022,6.39198e-05,0.00157754,6.62259e-05
319,0.999988,2.99703598022,6.39384e-05,0.00137532,6.47189e-05
320,0.999988,2.99703598022,6.39162e-05,0.00139993,6.32462e-05
321,0.999988,2.99703598022,6.39142e-05,0.00130444,6.1807e-05
322,0.999988,2.99703598022,6.38853e-05,0.00118809,6.04006e-05
323,0.999988,2.99703598022,6.38747e-05,0.00114859,5.90261e-05
324,0.999988,2.99703598022,6.38972e-05,0.00163604,5.7683e-05
325,0.999988,2.99703598022,6.38905e-05,0.00136301,5.63703e-05
326,0.999988,2.99703598022,6.38945e-05,0.00124664,5.50876e-05
327,0.999988,2.99703598022,6.38909e-05,0.00122893,5.38341e-05
328,0.999988,2.99703598022,6.38782e-05,0.00146809,5.26091e-05
329,0.999988,2.99703598022,6.38827e-05,0.00121268,5.14119e-05
330,0.999988,2.99703598022,6.3904e-05,0.00151127,5.0242e-05
331,0.999988,2.99703598022,6.38239e-05,0.00147408,4.90987e-05
332,0.999988,2.99703598022,6.38603e-05,0.00128577,4.79815e-05
333,0.999988,2.99703598022,6.38409e-05,0.00122911,4.68896e-05
334,0.999988,2.99703598022,6.38369e-05,0.00122656,4.58226e-05
335,0.999988,2.99703598022,6.38359e-05,0.00172009,4.47799e-05
336,0.999988,2.99703598022,6.38594e-05,0.00130137,4.37609e-05
337,0.999988,2.99703598022,6.38292e-05,0.00121725,4.27651e-05
338,0.999988,2.99703598022,6.38433e-05,0.00123656,4.1792e-05
339,0.999988,2.99703598022,6.38298e-05,0.00112864,4.0841e-05
340,0.999988,2.99703598022,6.38229e-05,0.001261,3.99116e-05
341,0.999988,2.99703598022,6.38339e-05,0.00133439,3.90034e-05
342,0.999988,2.99703598022,6.38217e-05,0.0010394,3.81159e-05
343,0.999988,2.99703598022,6.38241e-05,0.00119609,3.72485e-05
344,0.999988,2.99703598022,6.38403e-05,0.0013937,3.64009e-05
345,0.999988,2.99703598022,6.38432e-05,0.00178249,3.55726e-05
346,0.999988,2.99703598022,6.38084e-05,0.00145596,3.47631e-05
347,0.999988,2.99703598022,6.37972e-05,0.00134539,3.39721e-05
348,0.999988,2.99703598022,6.37794e-05,0.00102929,3.3199e-05
349,0.999988,2.99703598022,6.37852e-05,0.00126015,3.24436e-05
350,0.999988,2.99703598022,6.37737e-05,0.00125974,3.17053e-05
351,0.999988,2.99703598022,6.37852e-05,0.00138217,3.09838e-05
352,0.999988,2.99703598022,6.38007e-05,0.00172387,3.02788e-05
353,0.999988,2.99703598022,6.37786e-05,0.0012204,2.95898e-05
354,0.999988,2.99703598022,6.3767e-05,0.00130902,2.89164e-05
355,0.999988,2.99703598022,6.37732e-05,0.00124024,2.82584e-05
356,0.999988,2.99703598022,6.37752e-05,0.00108673,2.76154e-05
357,0.999988,2.99703598022,6.3783e-05,0.0013214,2.6987e-05
358,0.999988,2.99703598022,6.37856e-05,0.00124234,2.63729e-05
359,0.999988,2.99703598022,6.37829e-05,0.000999798,2.57728e-05
360,0.999988,2.99703598022,6.37718e-05,0.00101013,2.51863e-05
361,0.999988,2.99703598022,6.37836e-05,0.00137678,2.46132e-05
362,0.999988,2.99703598022,6.37842e-05,0.00147433,2.40531e-05
363,0.999988,2.99703598022,6.37799e-05,0.0013375,2.35058e-05
364,0.999988,2.99703598022,6.37804e-05,0.00109839,2.29709e-05
365,0.999988,2.99703598022,6.37818e-05,0.00140472,2.24482e-05
366,0.999988,2.99703598022,6.37818e-05,0.00124724,2.19373e-05
367,0.999988,2.99703598022,6.37812e-05,0.00130531,2.14381e-05
368,0.999988,2.99703598022,6.37853e-05,0.00137222,2.09503e-05
369,0.999988,2.99703598022,6.37904e-05,0.00123585,2.04736e-05
370,0.999988,2.99703598022,6.37961e-05,0.0013368,2.00077e-05
371,0.999988,2.99703598022,6.37987e-05,0.00129989,1.95524e-05
372,0.999988,2.99703598022,6.37981e-05,0.00142218,1.91075e-05
373,0.999988,2.99703598022,6.3797e-05,0.00156728,1.86727e-05
374,0.999988,2.99703598022,6.38238e-05,0.00165438,1.82478e-05
375,0.999988,2.99703598022,6.3823e-05,0.00160024,1.78325e-05
376,0.999988,2.99703598022,6.38122e-05,0.00114935,1.74268e-05
377,0.999988,2.99703598022,6.38269e-05,0.00149299,1.70302e-05
378,0.999988,2.99703598022,6.38177e-05,0.00128885,1.66427e-05
379,0.999988,2.99703598022,6.38161e-05,0.00106508,1.62639e-05
380,0.999988,2.99703598022,6.381e-05,0.00115845,1.58939e-05
381,0.999988,2.99703598022,6.38168e-05,0.00118394,1.55322e-05
382,0.999988,2.99703598022,6.38128e-05,0.00117531,1.51787e-05
383,0.999988,2.99703598022,6.38245e-05,0.00137145,1.48333e-05
384,0.999988,2.99703598022,6.3822e-05,0.00150817,1.44958e-05
385,0.999988,2.99703598022,6.382e-05,0.00120771,1.41659e-05
386,0.999988,2.99703598022,6.38258e-05,0.00115041,1.38436e-05
387,0.999988,2.99703598022,6.38281e-05,0.00137944,1.35286e-05
388,0.999988,2.99703598022,6.38375e-05,0.00126465,1.32207e-05
389,0.999988,2.99703598022,6.38379e-05,0.00122566,1.29199e-05
390,0.999988,2.99703598022,6.38308e-05,0.00113278,1.26259e-05
391,0.999988,2.99703598022,6.38339e-05,0.00128669,1.23386e-05
392,0.999988,2.99703598022,6.38272e-05,0.000978355,1.20578e-05
393,0.999988,2.99703598022,6.38279e-05,0.00119403,1.17834e-05
394,0.999988,2.99703598022,6.3817e-05,0.00131638,1.15153e-05
395,0.999988,2.99703598022,6.38148e-05,0.00102038,1.12532e-05
396,0.999988,2.99703598022,6.38282e-05,0.0014579,1.09972e-05
397,0.999988,2.99703598022,6.38245e-05,0.00131687,1.07469e-05
398,0.999988,2.99703598022,6.38247e-05,0.0010798,1.05024e-05
399,0.999988,2.99703598022,6.38252e-05,0.00110397,1.02634e-05
400,0.999988,2.99703598022,6.38276e-05,0.00138855,1.00298e-05
401,0.999988,2.99703598022,6.38336e-05,0.00151121,9.80161e-06
402,0.999988,2.99703598022,6.38271e-05,0.00110127,9.57857e-06
403,0.999988,2.99703598022,6.38267e-05,0.00101974,9.36061e-06
404,0.999988,2.99703598022,6.38294e-05,0.00125229,9.1476e-06
405,0.999988,2.99703598022,6.38311e-05,0.00121512,8.93945e-06
406,0.999988,2.99703598022,6.3831e-05,0.00125229,8.73602e-06
407,0.999988,2.99703598022,6.38225e-05,0.00114312,8.53723e-06
408,0.999988,2.99703598022,6.38197e-05,0.00103101,8.34296e-06
409,0.999988,2.99703598022,6.38196e-05,0.00111113,8.15312e-06
410,0.999988,2.99703598022,6.38196e-05,0.00111113,7.96758e-06
0.999988,6.38196e-05,1372.9385781288147,0.0785217,0.011472877338,0.000959999910605
