93,80,0.7,2,1000, .1 
0,0.505818,121806.006432,1.79729e+06,293.401,0.0999999
1,0.95172,11899.9958038,644.998,3.82864,0.0996439
2,0.994847,1269.99399662,8.56574,0.407317,0.0992893
3,0.998479,374.996781349,0.489403,0.12962,0.0989359
4,0.99888,276.006445885,0.155306,0.100688,0.0985838
5,0.99899,249.003739357,0.131466,0.095286,0.0982329
6,0.998994,248.004727364,0.116791,0.0820271,0.0978832
7,0.998974,252.999787331,0.163979,0.100172,0.0975348
8,0.998811,293.004341125,0.163106,0.107032,0.0971877
9,0.998994,248.004727364,0.131653,0.0945829,0.0968418
10,0.999022,240.996952057,0.11563,0.0900533,0.0964971
11,0.998961,255.996823311,0.141789,0.090796,0.0961536
12,0.998969,253.998799324,0.136519,0.0903972,0.0958114
13,0.998974,252.999787331,0.146872,0.0951318,0.0954704
14,0.99901,243.993988037,0.122036,0.0904221,0.0951306
15,0.999002,246.006703377,0.119066,0.0923751,0.094792
16,0.99884,285.996565819,0.183436,0.108444,0.0944546
17,0.998965,254.997811317,0.159362,0.101848,0.0941184
18,0.999002,246.006703377,0.132072,0.09695,0.0937834
19,0.999071,228.994116783,0.119587,0.087118,0.0934496
20,0.999079,226.996092796,0.130823,0.0920066,0.093117
21,0.999051,234.003868103,0.111561,0.0867001,0.0927856
22,0.998909,268.998670578,0.136739,0.098446,0.0924553
23,0.998884,274.992742538,0.175704,0.104496,0.0921263
24,0.998933,263.004598618,0.135518,0.093698,0.0917984
25,0.999006,244.993000031,0.141433,0.0971575,0.0914716
26,0.998823,290.007305145,0.173155,0.113176,0.0911461
27,0.999038,237.000904083,0.134357,0.0947921,0.0908217
28,0.999014,242.994976044,0.116124,0.0859838,0.0904984
29,0.999014,242.994976044,0.122022,0.0908928,0.0901763
30,0.999075,227.99510479,0.115887,0.0847718,0.0898553
31,0.999091,223.999056816,0.11859,0.0850485,0.0895355
32,0.998998,247.00571537,0.144715,0.0934299,0.0892168
33,0.999059,232.005844116,0.119948,0.0884068,0.0888993
34,0.999002,246.006703377,0.134565,0.0941239,0.0885829
35,0.99884,285.996565819,0.147266,0.105635,0.0882676
36,0.999006,244.993000031,0.118027,0.0912477,0.0879534
37,0.999087,224.99806881,0.112878,0.0857615,0.0876404
38,0.998949,258.993859291,0.13742,0.101926,0.0873284
39,0.99899,249.003739357,0.125816,0.0951981,0.0870176
40,0.999079,226.996092796,0.100152,0.0782227,0.0867079
41,0.999091,223.999056816,0.11656,0.0837524,0.0863993
42,0.999047,235.002880096,0.120874,0.0902682,0.0860918
43,0.999111,219.003996849,0.105171,0.0807858,0.0857854
44,0.999156,208.000173569,0.0987746,0.0794683,0.08548
45,0.999075,227.99510479,0.103016,0.0887173,0.0851758
46,0.99916,207.001161575,0.099489,0.0797806,0.0848726
47,0.999091,223.999056816,0.107088,0.0830072,0.0845705
48,0.999071,228.994116783,0.106854,0.0817602,0.0842695
49,0.999018,241.99596405,0.118974,0.0906941,0.0839696
50,0.999103,221.002020836,0.114414,0.0862959,0.0836707
51,0.999075,227.99510479,0.103982,0.0897121,0.0833729
52,0.99912,217.005972862,0.0973893,0.0845698,0.0830762
53,0.999051,234.003868103,0.119193,0.0893172,0.0827805
54,0.999047,235.002880096,0.106334,0.0891546,0.0824859
55,0.999071,228.994116783,0.0942586,0.0834934,0.0821923
56,0.999274,178.999443054,0.080365,0.0663098,0.0818997
57,0.999201,196.996350288,0.0953104,0.0742339,0.0816082
58,0.999172,204.004125595,0.0925806,0.076945,0.0813178
59,0.99901,243.993988037,0.137882,0.0982968,0.0810283
60,0.999144,210.997209549,0.0889384,0.0753354,0.0807399
61,0.999176,203.005113602,0.0778199,0.0763679,0.0804526
62,0.999107,220.003008842,0.11466,0.0882964,0.0801662
63,0.999229,190.003266335,0.0808209,0.0786388,0.0798809
64,0.999124,216.006960869,0.0934152,0.0808576,0.0795966
65,0.999099,222.001032829,0.0997664,0.0865408,0.0793133
66,0.999051,234.003868103,0.107936,0.08622,0.079031
67,0.999262,181.996479034,0.069308,0.0719639,0.0787497
68,0.999095,223.000044823,0.104155,0.0866011,0.0784694
69,0.999197,197.995362282,0.0806626,0.0744199,0.0781901
70,0.999132,213.994245529,0.097096,0.0805057,0.0779118
71,0.999322,166.99660778,0.066423,0.0653023,0.0776345
72,0.99903,238.99892807,0.109626,0.0830591,0.0773582
73,0.999107,220.003008842,0.114863,0.0878951,0.0770828
74,0.999209,194.998326302,0.0791811,0.0797327,0.0768085
75,0.999172,204.004125595,0.0845212,0.0782838,0.0765351
76,0.999176,203.005113602,0.08951,0.0798688,0.0762627
77,0.999193,198.994374275,0.0827685,0.0777587,0.0759913
78,0.999172,204.004125595,0.0884295,0.0854841,0.0757208
79,0.999262,181.996479034,0.0802063,0.0675139,0.0754513
80,0.999197,197.995362282,0.087765,0.0742676,0.0751827
81,0.999229,190.003266335,0.0770888,0.0754263,0.0749151
82,0.999156,208.000173569,0.0846438,0.0740282,0.0746485
83,0.99912,217.005972862,0.0957175,0.0807272,0.0743828
84,0.999314,168.994631767,0.0651572,0.0688992,0.074118
85,0.999164,206.002149582,0.0891974,0.0789212,0.0738542
86,0.999221,192.001290321,0.075847,0.0752429,0.0735914
87,0.99927,179.998455048,0.0696836,0.0701769,0.0733294
88,0.999237,188.005242348,0.0759677,0.0728345,0.0730684
89,0.999314,168.994631767,0.0609637,0.0630132,0.0728084
90,0.999128,214.993257523,0.0891696,0.0826154,0.0725492
91,0.999229,190.003266335,0.0803851,0.0750278,0.072291
92,0.999254,183.994503021,0.0770067,0.0755172,0.0720337
93,0.999111,219.003996849,0.089095,0.0786641,0.0717773
94,0.999156,208.000173569,0.100039,0.0889986,0.0715219
95,0.999318,167.995619774,0.0700026,0.067942,0.0712673
96,0.999249,184.993515015,0.0756885,0.0706366,0.0710136
97,0.999229,190.003266335,0.0735589,0.0809429,0.0707609
98,0.999258,182.995491028,0.0653251,0.0677952,0.070509
99,0.999184,201.007089615,0.0804956,0.0750771,0.0702581
100,0.999347,161.00253582,0.0647975,0.065571,0.070008
101,0.999391,149.99871254,0.0521144,0.0584761,0.0697588
102,0.999327,165.997595787,0.06719,0.0710378,0.0695105
103,0.999197,197.995362282,0.0887267,0.0799661,0.0692631
104,0.999306,170.992655754,0.0599946,0.0621862,0.0690166
105,0.999286,176.002407074,0.0655894,0.0727346,0.068771
106,0.999172,204.004125595,0.0879559,0.0782048,0.0685262
107,0.999359,158.00549984,0.0610041,0.0641912,0.0682823
108,0.999144,210.997209549,0.0923748,0.0832231,0.0680393
109,0.999306,170.992655754,0.0531624,0.0694547,0.0677971
110,0.999262,181.996479034,0.0616785,0.0715331,0.0675558
111,0.999395,148.999700546,0.0594355,0.0607089,0.0673153
112,0.999258,182.995491028,0.0726096,0.0738898,0.0670757
113,0.999254,183.994503021,0.060593,0.0669678,0.066837
114,0.999221,192.001290321,0.0670647,0.0762757,0.0665991
115,0.99931,169.993643761,0.0563604,0.0603146,0.0663621
116,0.999375,153.994760513,0.051933,0.0619702,0.0661259
117,0.999306,170.992655754,0.0674034,0.0719596,0.0658905
118,0.999322,166.99660778,0.0622329,0.0679751,0.065656
119,0.999395,148.999700546,0.0466468,0.0536142,0.0654223
120,0.999351,160.003523827,0.0683489,0.0647489,0.0651895
121,0.999424,142.006616592,0.0504689,0.056632,0.0649574
122,0.999282,177.001419067,0.0646878,0.0663578,0.0647262
123,0.999383,151.996736526,0.0539954,0.066161,0.0644959
124,0.999343,162.001547813,0.0519014,0.0626796,0.0642663
125,0.999367,155.9927845,0.0669074,0.0675376,0.0640376
126,0.999404,147.001676559,0.046195,0.058069,0.0638096
127,0.99931,169.993643761,0.0519829,0.06521,0.0635825
128,0.99927,179.998455048,0.0599664,0.0750219,0.0633562
129,0.99929,175.003395081,0.0655503,0.0728309,0.0631307
130,0.999444,136.996865273,0.051137,0.0588835,0.062906
131,0.999335,163.9995718,0.0619502,0.0666705,0.0626821
132,0.999464,132.001805305,0.0438837,0.0549313,0.062459
133,0.99931,169.993643761,0.0695171,0.0741523,0.0622367
134,0.999331,164.998583794,0.0652766,0.0707872,0.0620152
135,0.999363,157.006487846,0.0610266,0.0629086,0.0617945
136,0.999278,178.000431061,0.0704074,0.0715474,0.0615745
137,0.999359,158.00549984,0.0544785,0.0689517,0.0613554
138,0.999412,145.003652573,0.0434002,0.0604657,0.061137
139,0.999456,133.999829292,0.040989,0.0547638,0.0609194
140,0.999404,147.001676559,0.0502782,0.0660528,0.0607026
141,0.99944,137.995877266,0.042442,0.0635943,0.0604865
142,0.99942,143.005628586,0.0497027,0.0607324,0.0602712
143,0.999347,161.00253582,0.061287,0.0680554,0.0600567
144,0.999517,118.999958038,0.0346867,0.0487102,0.0598429
145,0.999379,152.99574852,0.0447596,0.0605432,0.0596299
146,0.999416,144.004640579,0.0442457,0.0586886,0.0594177
147,0.9994,148.000688553,0.0421238,0.0597678,0.0592062
148,0.999416,144.004640579,0.0418912,0.0560802,0.0589955
149,0.999452,134.998841286,0.0408392,0.0540816,0.0587855
150,0.999448,135.997853279,0.0413783,0.0587524,0.0585763
151,0.999448,135.997853279,0.039419,0.0501037,0.0583678
152,0.999383,151.996736526,0.0414343,0.0612274,0.0581601
153,0.999343,162.001547813,0.0578131,0.0695724,0.057953
154,0.999517,118.999958038,0.0392062,0.0507528,0.0577468
155,0.999485,127.006745338,0.0372253,0.0550421,0.0575412
156,0.999391,149.99871254,0.0456534,0.0569483,0.0573364
157,0.999469,131.002793312,0.0403388,0.0541855,0.0571324
158,0.999493,124.994029999,0.035665,0.0511382,0.056929
159,0.999497,123.995018005,0.0286948,0.0463165,0.0567264
160,0.999469,131.002793312,0.035982,0.0587103,0.0565245
161,0.999456,133.999829292,0.0381581,0.0536118,0.0563233
162,0.99942,143.005628586,0.0441321,0.0649952,0.0561228
163,0.999436,138.994889259,0.0431887,0.0563706,0.0559231
164,0.999347,161.00253582,0.0534459,0.0687018,0.055724
165,0.999395,148.999700546,0.0424767,0.0635071,0.0555257
166,0.999517,118.999958038,0.0329,0.0482784,0.0553281
167,0.999501,122.996006012,0.0367133,0.0520089,0.0551311
168,0.999513,119.998970032,0.036442,0.0513776,0.0549349
169,0.999432,139.993901253,0.0436675,0.0627701,0.0547394
170,0.999481,128.005757332,0.0359834,0.0509884,0.0545446
171,0.999505,121.996994019,0.0347897,0.0578317,0.0543504
172,0.999469,131.002793312,0.036242,0.0573299,0.054157
173,0.999481,128.005757332,0.038208,0.0576033,0.0539642
174,0.999489,125.993041992,0.0305595,0.0523515,0.0537722
175,0.99957,105.998110771,0.0294634,0.0472684,0.0535808
176,0.999464,132.001805305,0.0383778,0.0555349,0.0533901
177,0.999525,117.001934052,0.0325997,0.0524065,0.0532
178,0.999481,128.005757332,0.0362818,0.0532512,0.0530107
179,0.99957,105.998110771,0.027293,0.0447844,0.052822
180,0.999497,123.995018005,0.0380864,0.0551114,0.052634
181,0.999598,99.0050268173,0.0246557,0.0427182,0.0524467
182,0.99957,105.998110771,0.0241989,0.0486823,0.05226
183,0.999558,108.995146751,0.0270983,0.0446495,0.052074
184,0.99955,110.993170738,0.0298097,0.0485589,0.0518886
185,0.999521,118.000946045,0.0391072,0.056949,0.051704
186,0.999444,136.996865273,0.0394503,0.0607788,0.0515199
187,0.999501,122.996006012,0.0279561,0.045807,0.0513366
188,0.999517,118.999958038,0.0299797,0.0547212,0.0511538
189,0.999611,95.9932994843,0.0225995,0.0396497,0.0509718
190,0.999513,119.998970032,0.0304975,0.0532237,0.0507903
191,0.999533,115.003910065,0.0284505,0.0563066,0.0506096
192,0.999537,114.004898071,0.026358,0.0483033,0.0504294
193,0.99959,101.003050804,0.0266222,0.0485683,0.0502499
194,0.999477,129.004769325,0.0347522,0.0579908,0.0500711
195,0.999594,100.004038811,0.0204725,0.0412527,0.0498929
196,0.999485,127.006745338,0.0279305,0.0518802,0.0497153
197,0.999542,113.005886078,0.0263636,0.0462903,0.0495384
198,0.999615,94.9942874908,0.0246209,0.0437697,0.049362
199,0.999542,113.005886078,0.0328333,0.0508594,0.0491863
200,0.999578,104.000086784,0.0227007,0.0466495,0.0490113
201,0.999586,102.002062798,0.0237267,0.0412648,0.0488368
202,0.999428,140.992913246,0.0411122,0.0542091,0.048663
203,0.99957,105.998110771,0.0253419,0.0443467,0.0484898
204,0.999554,109.994158745,0.0275123,0.0493825,0.0483172
205,0.999546,112.006874084,0.0288638,0.0508084,0.0481452
206,0.99957,105.998110771,0.0275889,0.0466522,0.0479739
207,0.99957,105.998110771,0.0220353,0.0411027,0.0478031
208,0.999558,108.995146751,0.028063,0.0474169,0.047633
209,0.999574,104.999098778,0.028018,0.0467912,0.0474635
210,0.999558,108.995146751,0.0266548,0.0444859,0.0472945
211,0.999582,103.001074791,0.0213783,0.044724,0.0471262
212,0.999537,114.004898071,0.0235621,0.0484126,0.0469585
213,0.99957,105.998110771,0.0229048,0.0482249,0.0467913
214,0.999598,99.0050268173,0.0230697,0.0401007,0.0466248
215,0.999627,91.9972515106,0.0177026,0.0367833,0.0464588
216,0.999602,98.0060148239,0.0203006,0.0436463,0.0462935
217,0.999578,104.000086784,0.0267731,0.0472058,0.0461287
218,0.999598,99.0050268173,0.0205895,0.0405,0.0459645
219,0.999635,89.9992275238,0.0191514,0.0355171,0.0458009
220,0.999667,82.0071315765,0.0173283,0.0360234,0.0456379
221,0.999651,86.0031795502,0.0160518,0.0402985,0.0454755
222,0.999663,83.0061435699,0.0193921,0.0407212,0.0453136
223,0.999663,83.0061435699,0.0174648,0.0379559,0.0451523
224,0.999525,117.001934052,0.0269855,0.0495434,0.0449916
225,0.999615,94.9942874908,0.02051,0.0411699,0.0448315
226,0.999598,99.0050268173,0.0231157,0.0412274,0.0446719
227,0.999542,113.005886078,0.0245636,0.0475399,0.0445129
228,0.999663,83.0061435699,0.0166115,0.0383762,0.0443545
229,0.999627,91.9972515106,0.0187558,0.0390643,0.0441966
230,0.999594,100.004038811,0.0233888,0.0427904,0.0440393
231,0.999606,97.0070028305,0.0172066,0.0429233,0.0438826
232,0.999647,87.0021915436,0.0217243,0.0393935,0.0437264
233,0.999546,112.006874084,0.0245703,0.0468312,0.0435707
234,0.999623,92.996263504,0.0151431,0.0372562,0.0434157
235,0.999655,85.0041675568,0.0214565,0.0372427,0.0432611
236,0.999663,83.0061435699,0.0155281,0.0370992,0.0431072
237,0.999631,90.9982395172,0.0200298,0.0430019,0.0429537
238,0.999578,104.000086784,0.0237135,0.0428793,0.0428008
239,0.999611,95.9932994843,0.0213702,0.0375875,0.0426485
240,0.999704,73.001332283,0.0136771,0.0322782,0.0424967
241,0.999659,84.0051555634,0.0149687,0.0383038,0.0423455
242,0.999598,99.0050268173,0.0211345,0.0423576,0.0421947
243,0.999684,77.9963922501,0.0160149,0.0340584,0.0420446
244,0.999675,79.9944162369,0.0123609,0.0386233,0.0418949
245,0.999659,84.0051555634,0.0148917,0.0370527,0.0417458
246,0.999675,79.9944162369,0.0152031,0.0358505,0.0415972
247,0.999639,89.0002155304,0.0178336,0.0394963,0.0414492
248,0.999757,59.9994850159,0.00770101,0.0275803,0.0413016
249,0.999627,91.9972515106,0.0168914,0.0414625,0.0411546
250,0.999574,104.999098778,0.0206373,0.0430623,0.0410081
251,0.999684,77.9963922501,0.0132192,0.0363401,0.0408622
252,0.999671,80.9934282303,0.0142881,0.0357346,0.0407167
253,0.999675,79.9944162369,0.0101616,0.0307854,0.0405718
254,0.999627,91.9972515106,0.0183922,0.0429574,0.0404274
255,0.999704,73.001332283,0.0136367,0.0331669,0.0402835
256,0.99959,101.003050804,0.0215821,0.049093,0.0401402
257,0.999651,86.0031795502,0.0165773,0.0367703,0.0399973
258,0.999623,92.996263504,0.0207885,0.0431486,0.0398549
259,0.999708,72.0023202896,0.0105455,0.0314121,0.0397131
260,0.999732,65.9935569763,0.0129994,0.0321033,0.0395717
261,0.999635,89.9992275238,0.0157677,0.0409701,0.0394309
262,0.999675,79.9944162369,0.0145436,0.0367933,0.0392905
263,0.999655,85.0041675568,0.0173008,0.0391614,0.0391507
264,0.999659,84.0051555634,0.0150057,0.0385772,0.0390113
265,0.99968,78.9954042435,0.0156409,0.0363813,0.0388725
266,0.999675,79.9944162369,0.0128133,0.0324179,0.0387341
267,0.999663,83.0061435699,0.0126132,0.0381018,0.0385963
268,0.999647,87.0021915436,0.0139697,0.0364094,0.0384589
269,0.999684,77.9963922501,0.0129992,0.0327503,0.038322
270,0.999757,59.9994850159,0.00912167,0.026915,0.0381856
271,0.99968,78.9954042435,0.0115309,0.0331101,0.0380497
272,0.999708,72.0023202896,0.0116433,0.0310675,0.0379143
273,0.999728,67.0072603226,0.0094874,0.0317337,0.0377793
274,0.999712,71.0033082962,0.0136809,0.0356148,0.0376449
275,0.999712,71.0033082962,0.0107446,0.0334497,0.0375109
276,0.9997,74.0003442764,0.0122767,0.0348451,0.0373774
277,0.99972,69.0052843094,0.0122869,0.0327898,0.0372443
278,0.999748,61.9975090027,0.00954816,0.0301233,0.0371118
279,0.999688,76.9973802567,0.0130358,0.036612,0.0369797
280,0.999688,76.9973802567,0.0139259,0.0359875,0.0368481
281,0.99974,63.9955329895,0.00934476,0.0292732,0.0367169
282,0.999716,70.0042963028,0.00985013,0.0310419,0.0365862
283,0.999692,75.9983682632,0.0113883,0.0370442,0.036456
284,0.999692,75.9983682632,0.0127457,0.0396789,0.0363263
285,0.999671,80.9934282303,0.0147419,0.0341927,0.036197
286,0.999724,68.006272316,0.00974406,0.0374386,0.0360681
287,0.999744,62.9965209961,0.00840759,0.0291329,0.0359397
288,0.999736,64.9945449829,0.0100053,0.0292142,0.0358118
289,0.999716,70.0042963028,0.0115951,0.0347599,0.0356844
290,0.999744,62.9965209961,0.00920832,0.0309835,0.0355574
291,0.999757,59.9994850159,0.00912404,0.0274848,0.0354308
292,0.999696,74.9993562698,0.011157,0.0332344,0.0353047
293,0.999728,67.0072603226,0.0108152,0.0316589,0.035179
294,0.999728,67.0072603226,0.00885133,0.0298625,0.0350538
295,0.999736,64.9945449829,0.0086737,0.0332819,0.0349291
296,0.999753,60.9984970093,0.00836847,0.0280996,0.0348047
297,0.999757,59.9994850159,0.00983923,0.0312095,0.0346809
298,0.999773,56.0034370422,0.00696503,0.0277887,0.0345574
299,0.999748,61.9975090027,0.00769861,0.0249471,0.0344344
300,0.999724,68.006272316,0.00981299,0.0316141,0.0343119
301,0.999761,59.0004730225,0.008294,0.0287738,0.0341897
302,0.999781,54.0054130554,0.00831096,0.0278037,0.034068
303,0.999724,68.006272316,0.0117758,0.0313398,0.0339468
304,0.999797,49.9946737289,0.00752078,0.027371,0.033826
305,0.999769,57.0024490356,0.00747873,0.0255708,0.0337056
306,0.999781,54.0054130554,0.00528065,0.0234908,0.0335856
307,0.99972,69.0052843094,0.00795199,0.0283898,0.0334661
308,0.999753,60.9984970093,0.0105341,0.0289576,0.033347
309,0.999773,56.0034370422,0.00811765,0.0290554,0.0332283
310,0.999821,44.0006017685,0.00394478,0.019304,0.03311
311,0.999761,59.0004730225,0.00886567,0.0290772,0.0329922
312,0.999765,58.0014610291,0.00658958,0.0260688,0.0328747
313,0.999761,59.0004730225,0.00792466,0.0291588,0.0327577
314,0.999777,55.0044250488,0.00528694,0.0264041,0.0326411
315,0.999757,59.9994850159,0.0069972,0.0252846,0.0325249
316,0.999765,58.0014610291,0.0066925,0.0289771,0.0324092
317,0.999773,56.0034370422,0.00831731,0.0311218,0.0322938
318,0.999785,53.006401062,0.00649701,0.0239621,0.0321789
319,0.999801,48.9956617355,0.00590103,0.0260737,0.0320644
320,0.999757,59.9994850159,0.00809011,0.0277669,0.0319502
321,0.999801,48.9956617355,0.0055038,0.0265577,0.0318365
322,0.999757,59.9994850159,0.0087304,0.0276973,0.0317232
323,0.999797,49.9946737289,0.00536406,0.0240527,0.0316103
324,0.999797,49.9946737289,0.00744944,0.0268205,0.0314978
325,0.999813,45.9986257553,0.00627969,0.0213269,0.0313857
326,0.999761,59.0004730225,0.00710866,0.0269958,0.031274
327,0.999817,44.9996137619,0.00484702,0.0232669,0.0311626
328,0.999842,39.0055418015,0.00402655,0.0183179,0.0310517
329,0.99985,36.9928264618,0.00328904,0.0194712,0.0309412
330,0.999817,44.9996137619,0.00387657,0.0223321,0.0308311
331,0.999809,46.9976377487,0.00635328,0.0216613,0.0307213
332,0.999781,54.0054130554,0.00745902,0.025039,0.030612
333,0.999842,39.0055418015,0.00435753,0.020946,0.030503
334,0.999753,60.9984970093,0.00718427,0.0293485,0.0303945
335,0.999793,50.9936857224,0.00658466,0.0246295,0.0302863
336,0.999817,44.9996137619,0.00462058,0.0222509,0.0301785
337,0.999821,44.0006017685,0.00534533,0.0236121,0.0300711
338,0.999777,55.0044250488,0.00860876,0.0300944,0.0299641
339,0.999805,47.9966497421,0.00440912,0.0247154,0.0298574
340,0.999801,48.9956617355,0.00554177,0.0242849,0.0297511
341,0.999797,49.9946737289,0.00602601,0.0234643,0.0296453
342,0.999817,44.9996137619,0.00712906,0.0268593,0.0295397
343,0.999797,49.9946737289,0.00618346,0.0253406,0.0294346
344,0.999789,51.9926977158,0.00572823,0.0266995,0.0293298
345,0.999826,43.0015897751,0.00476091,0.0228986,0.0292254
346,0.999797,49.9946737289,0.00630126,0.0264047,0.0291214
347,0.99983,42.0025777817,0.00527446,0.0217881,0.0290178
348,0.999862,33.9957904816,0.00368004,0.0189227,0.0289145
349,0.999801,48.9956617355,0.007043,0.0263774,0.0288116
350,0.999809,46.9976377487,0.00544057,0.0216582,0.028709
351,0.999854,35.9938144684,0.00244236,0.0163673,0.0286068
352,0.999821,44.0006017685,0.00407114,0.0244575,0.028505
353,0.999797,49.9946737289,0.00574863,0.0281952,0.0284036
354,0.99987,31.9977664948,0.0020715,0.0170672,0.0283025
355,0.999858,34.994802475,0.00454368,0.0207439,0.0282017
356,0.999858,34.994802475,0.00244957,0.0211105,0.0281014
357,0.999858,34.994802475,0.00337252,0.0235739,0.0280013
358,0.999842,39.0055418015,0.00396311,0.0221762,0.0279017
359,0.999874,30.9987545013,0.00234206,0.0162073,0.0278024
360,0.999862,33.9957904816,0.00330162,0.020719,0.0277034
361,0.999866,32.9967784882,0.00289595,0.0177252,0.0276048
362,0.999854,35.9938144684,0.00404788,0.0208558,0.0275066
363,0.999809,46.9976377487,0.00449699,0.0252901,0.0274087
364,0.999858,34.994802475,0.00338956,0.0219549,0.0273111
365,0.999862,33.9957904816,0.00295078,0.0207058,0.0272139
366,0.999862,33.9957904816,0.00254468,0.0208434,0.027117
367,0.999821,44.0006017685,0.00460461,0.0260342,0.0270205
368,0.999817,44.9996137619,0.00509154,0.0221198,0.0269243
369,0.999817,44.9996137619,0.00461215,0.0261934,0.0268285
370,0.999793,50.9936857224,0.00569304,0.023368,0.026733
371,0.99985,36.9928264618,0.00333724,0.0219081,0.0266379
372,0.99987,31.9977664948,0.00291846,0.018089,0.0265431
373,0.999882,29.0007305145,0.00250312,0.020391,0.0264486
374,0.999826,43.0015897751,0.00411552,0.0214689,0.0263545
375,0.999903,24.0056705475,0.00145144,0.0155114,0.0262607
376,0.999894,26.0036945343,0.00183826,0.0155439,0.0261672
377,0.99987,31.9977664948,0.00229204,0.0167337,0.026074
378,0.999834,41.0035657883,0.00470672,0.023796,0.0259812
379,0.999878,29.9997425079,0.00270232,0.0143636,0.0258888
380,0.999894,26.0036945343,0.00185904,0.0180518,0.0257966
381,0.999878,29.9997425079,0.00200383,0.0161924,0.0257048
382,0.999846,38.006529808,0.00332248,0.0166144,0.0256133
383,0.99987,31.9977664948,0.00346251,0.019412,0.0255222
384,0.999834,41.0035657883,0.00474584,0.0213704,0.0254313
385,0.999854,35.9938144684,0.00305275,0.0193531,0.0253408
386,0.999894,26.0036945343,0.00229846,0.0147325,0.0252506
387,0.999915,20.9939432144,0.00132595,0.011515,0.0251607
388,0.999878,29.9997425079,0.00225663,0.0188785,0.0250712
389,0.999878,29.9997425079,0.00282323,0.0193542,0.0249819
390,0.999878,29.9997425079,0.00361565,0.0187218,0.024893
391,0.99989,27.0027065277,0.00216153,0.0168625,0.0248044
392,0.999903,24.0056705475,0.00182614,0.0178363,0.0247161
393,0.999894,26.0036945343,0.00190304,0.0189952,0.0246282
394,0.999858,34.994802475,0.00292779,0.0180582,0.0245405
395,0.999886,28.0017185211,0.0024624,0.0160024,0.0244532
396,0.999846,38.006529808,0.00237922,0.0211219,0.0243661
397,0.999907,23.0066585541,0.00210291,0.0142842,0.0242794
398,0.999882,29.0007305145,0.00232007,0.0153663,0.024193
399,0.999866,32.9967784882,0.00233227,0.0209237,0.0241069
400,0.999882,29.0007305145,0.00178739,0.0152414,0.0240211
401,0.999866,32.9967784882,0.00261358,0.0188514,0.0239356
402,0.999862,33.9957904816,0.00279158,0.0201181,0.0238504
403,0.99987,31.9977664948,0.00245268,0.0166619,0.0237655
404,0.999882,29.0007305145,0.0026953,0.0200324,0.0236809
405,0.999882,29.0007305145,0.00245999,0.0195588,0.0235966
406,0.99987,31.9977664948,0.0021948,0.0209397,0.0235126
407,0.999943,14.0008592606,0.000868172,0.0112828,0.023429
408,0.999854,35.9938144684,0.00303115,0.025077,0.0233456
409,0.999903,24.0056705475,0.00202425,0.0148693,0.0232625
410,0.999899,25.0046825409,0.00194585,0.0150433,0.0231797
411,0.999894,26.0036945343,0.00116214,0.0152759,0.0230972
412,0.999919,19.994931221,0.00103922,0.0126993,0.023015
413,0.999931,16.9978952408,0.000819706,0.0116437,0.0229331
414,0.999915,20.9939432144,0.00208339,0.0145737,0.0228514
415,0.99989,27.0027065277,0.00245354,0.0184493,0.0227701
416,0.999882,29.0007305145,0.00357655,0.0211241,0.0226891
417,0.999939,14.999871254,0.000716826,0.00997627,0.0226083
418,0.999931,16.9978952408,0.00104286,0.0120178,0.0225278
419,0.999935,15.9988832474,0.0013428,0.0142797,0.0224476
420,0.999923,18.9959192276,0.00094896,0.0123304,0.0223677
421,0.99989,27.0027065277,0.00159248,0.0164974,0.0222881
422,0.999903,24.0056705475,0.00248811,0.0169319,0.0222088
423,0.999939,14.999871254,0.000744557,0.0117936,0.0221298
424,0.999931,16.9978952408,0.00125424,0.0148412,0.022051
425,0.999927,17.9969072342,0.00146164,0.0126824,0.0219725
426,0.999951,12.0028352737,0.000930959,0.0112065,0.0218943
427,0.999947,13.0018472672,0.00078327,0.010831,0.0218164
428,0.99998,4.99505996704,0.000195436,0.00590303,0.0217387
429,0.999931,16.9978952408,0.00090263,0.0105757,0.0216614
430,0.999919,19.994931221,0.00103702,0.012462,0.0215843
431,0.999927,17.9969072342,0.00135488,0.013163,0.0215074
432,0.999915,20.9939432144,0.00144286,0.0151962,0.0214309
433,0.999963,9.00579929352,0.000614397,0.0108237,0.0213546
434,0.999955,11.0038232803,0.000527326,0.00976581,0.0212786
435,0.999972,6.99308395386,0.000610688,0.00895523,0.0212029
436,0.999935,15.9988832474,0.00108778,0.0122521,0.0211274
437,0.999976,5.99407196045,0.000440903,0.00722614,0.0210522
438,0.999968,8.00678730011,0.000205305,0.00607104,0.0209773
439,0.999976,5.99407196045,0.000240144,0.00776097,0.0209026
440,0.999992,1.99802398682,0.000120636,0.0031124,0.0208282
441,0.999996,0.999011993408,1.62285e-05,0.00471984,0.0207541
442,0.999992,1.99802398682,4.4273e-05,0.00252915,0.0206802
443,0.999992,1.99802398682,6.19524e-05,0.00324086,0.0206066
444,0.999947,13.0018472672,0.00107712,0.0150192,0.0205333
445,0.99998,4.99505996704,0.000379143,0.0083705,0.0204602
446,0.999992,1.99802398682,0.000120533,0.00460909,0.0203874
447,0.999992,1.99802398682,0.000156855,0.00382444,0.0203148
448,0.999972,6.99308395386,0.000468182,0.00914351,0.0202425
449,0.999959,10.0048112869,0.000401661,0.00749122,0.0201704
450,0.999963,9.00579929352,0.000643759,0.00945919,0.0200986
451,0.999963,9.00579929352,0.000431358,0.00888594,0.0200271
452,0.999947,13.0018472672,0.000650391,0.00975571,0.0199558
453,0.999935,15.9988832474,0.00107492,0.0136093,0.0198848
454,0.999907,23.0066585541,0.00132428,0.0179472,0.019814
455,0.999915,20.9939432144,0.0014148,0.0153158,0.0197435
456,0.999976,5.99407196045,0.000162668,0.00644929,0.0196732
457,0.99998,4.99505996704,0.000195648,0.00652029,0.0196032
458,0.999972,6.99308395386,0.000294119,0.00802272,0.0195334
459,0.999984,3.99604797363,0.00044105,0.00619481,0.0194639
460,0.999972,6.99308395386,0.000183158,0.00724741,0.0193946
461,0.999963,9.00579929352,0.000245503,0.00874748,0.0193256
462,0.999959,10.0048112869,0.000911392,0.0137823,0.0192568
463,0.999963,9.00579929352,0.00048808,0.00940737,0.0191883
464,0.999951,12.0028352737,0.000449627,0.00900873,0.01912
465,0.999984,3.99604797363,0.000152966,0.00528909,0.0190519
466,0.999992,1.99802398682,2.62009e-05,0.00438397,0.0189841
467,0.999988,2.99703598022,4.43941e-05,0.00236226,0.0189166
468,0.999976,5.99407196045,0.000295152,0.00591787,0.0188492
469,0.999984,3.99604797363,0.000162443,0.00609683,0.0187821
470,0.999963,9.00579929352,0.000648817,0.00947228,0.0187153
471,0.999988,2.99703598022,7.88339e-05,0.00571984,0.0186487
472,0.99998,4.99505996704,0.000157696,0.00262158,0.0185823
473,1.0,0.0,0.0,0.0,0.0185162
1.0,0.0,1610.1657195091248,1.01434,0.00810940653591,0.000654406351864
