44,80,0.8,2,1000, .1 
0,0.498905,123509.997683,1.62515e+06,283.553,0.0999999
1,0.884356,28504.0011835,982.134,4.51339,0.0997771
2,0.993188,1679.0012598,5.32149,0.335854,0.0995548
3,0.998523,363.992958069,0.119804,0.0627256,0.0993329
4,0.998965,254.997811317,0.0348196,0.0458281,0.0991116
5,0.999071,228.994116783,0.0294129,0.0432114,0.0988908
6,0.999095,223.000044823,0.0295396,0.0396843,0.0986704
7,0.999051,234.003868103,0.0313788,0.0407925,0.0984505
8,0.999124,216.006960869,0.0302585,0.0416489,0.0982312
9,0.998998,247.00571537,0.0338392,0.046257,0.0980123
10,0.998905,269.997682571,0.0391155,0.0493761,0.0977939
11,0.999043,236.00189209,0.0384679,0.0454295,0.097576
12,0.99918,202.006101608,0.0264999,0.036807,0.0973586
13,0.999047,235.002880096,0.0307823,0.0432897,0.0971416
14,0.999087,224.99806881,0.0265731,0.0412236,0.0969252
15,0.999014,242.994976044,0.0296966,0.0430099,0.0967092
16,0.999014,242.994976044,0.0335689,0.0435059,0.0964937
17,0.998986,250.00275135,0.0308597,0.0422569,0.0962787
18,0.999144,210.997209549,0.0259223,0.0408872,0.0960642
19,0.999075,227.99510479,0.0303536,0.0436869,0.0958501
20,0.999111,219.003996849,0.0259425,0.0384299,0.0956365
21,0.999051,234.003868103,0.0318427,0.0436619,0.0954235
22,0.999063,231.006832123,0.0306317,0.0413426,0.0952108
23,0.999128,214.993257523,0.0277066,0.0392049,0.0949987
24,0.999136,212.995233536,0.0238292,0.0378925,0.094787
25,0.999103,221.002020836,0.0281636,0.0403215,0.0945758
26,0.998961,255.996823311,0.0300139,0.0448482,0.0943651
27,0.999132,213.994245529,0.0270671,0.0396861,0.0941548
28,0.999144,210.997209549,0.0233325,0.0367077,0.093945
29,0.998982,251.001763344,0.036402,0.048243,0.0937357
30,0.999116,218.004984856,0.0285512,0.0408311,0.0935268
31,0.999083,225.997080803,0.0282626,0.041927,0.0933184
32,0.999026,239.997940063,0.0290939,0.0419061,0.0931105
33,0.999164,206.002149582,0.0229844,0.0382782,0.092903
34,0.99916,207.001161575,0.0256621,0.0399319,0.092696
35,0.999124,216.006960869,0.0258923,0.0404857,0.0924894
36,0.999189,199.993386269,0.0235504,0.0377087,0.0922833
37,0.999059,232.005844116,0.0288583,0.0413876,0.0920777
38,0.999095,223.000044823,0.0265817,0.0417757,0.0918726
39,0.999184,201.007089615,0.0252615,0.0385833,0.0916678
40,0.999282,177.001419067,0.0221192,0.0362093,0.0914636
41,0.999266,180.997467041,0.0207046,0.0321856,0.0912598
42,0.999111,219.003996849,0.0280496,0.0397376,0.0910564
43,0.999063,231.006832123,0.0259636,0.0401893,0.0908535
44,0.999221,192.001290321,0.0217857,0.036381,0.0906511
45,0.999225,191.002278328,0.0205341,0.0369605,0.0904491
46,0.999258,182.995491028,0.0215776,0.0343552,0.0902476
47,0.999266,180.997467041,0.0206519,0.0352896,0.0900465
48,0.999355,159.004511833,0.0176244,0.0321574,0.0898458
49,0.999124,216.006960869,0.0250094,0.0394366,0.0896456
50,0.999176,203.005113602,0.0250826,0.0368859,0.0894459
51,0.999152,208.999185562,0.0234634,0.0386061,0.0892466
52,0.999258,182.995491028,0.0201105,0.0348856,0.0890477
53,0.999205,195.997338295,0.0239719,0.0375539,0.0888493
54,0.999095,223.000044823,0.0277045,0.0428354,0.0886513
55,0.999258,182.995491028,0.0205553,0.0354926,0.0884538
56,0.999335,163.9995718,0.0180611,0.0307728,0.0882567
57,0.999237,188.005242348,0.0188066,0.0335723,0.08806
58,0.999152,208.999185562,0.0211984,0.039612,0.0878638
59,0.999067,229.993128777,0.0267387,0.0421633,0.087668
60,0.999209,194.998326302,0.0223351,0.0378634,0.0874727
61,0.999128,214.993257523,0.0238689,0.0377735,0.0872778
62,0.999213,193.999314308,0.021886,0.0363725,0.0870833
63,0.999197,197.995362282,0.022745,0.0365657,0.0868893
64,0.99929,175.003395081,0.0192286,0.0332881,0.0866957
65,0.999351,160.003523827,0.0168451,0.0294007,0.0865025
66,0.99918,202.006101608,0.0248816,0.036729,0.0863097
67,0.999217,193.000302315,0.023387,0.0377564,0.0861174
68,0.999124,216.006960869,0.0239087,0.0410204,0.0859255
69,0.999107,220.003008842,0.0257311,0.0411099,0.0857341
70,0.999298,173.005371094,0.0187608,0.0372996,0.085543
71,0.999318,167.995619774,0.017146,0.0329682,0.0853524
72,0.999176,203.005113602,0.024167,0.0379364,0.0851622
73,0.999189,199.993386269,0.0204557,0.0372936,0.0849725
74,0.999355,159.004511833,0.0146016,0.0303901,0.0847831
75,0.999217,193.000302315,0.0214382,0.0359817,0.0845942
76,0.999152,208.999185562,0.0228843,0.0391485,0.0844057
77,0.999258,182.995491028,0.0202456,0.0366967,0.0842177
78,0.99929,175.003395081,0.0193373,0.0350787,0.08403
79,0.999221,192.001290321,0.0227906,0.0378463,0.0838428
80,0.999359,158.00549984,0.0155005,0.029508,0.0836559
81,0.99931,169.993643761,0.0171205,0.0321922,0.0834695
82,0.99927,179.998455048,0.018294,0.0340555,0.0832835
83,0.999274,178.999443054,0.0197156,0.0368344,0.083098
84,0.999367,155.9927845,0.0138754,0.0276559,0.0829128
85,0.999306,170.992655754,0.017051,0.0323438,0.0827281
86,0.999241,187.006230354,0.019557,0.0367728,0.0825437
87,0.99918,202.006101608,0.022258,0.0330505,0.0823598
88,0.999395,148.999700546,0.015777,0.0312684,0.0821763
89,0.999237,188.005242348,0.0210378,0.0363176,0.0819932
90,0.999306,170.992655754,0.0179179,0.0315261,0.0818105
91,0.999298,173.005371094,0.0164492,0.0341694,0.0816282
92,0.999339,163.000559807,0.0169108,0.032537,0.0814463
93,0.999294,174.004383087,0.0186183,0.0336449,0.0812648
94,0.99929,175.003395081,0.0187699,0.0331875,0.0810837
95,0.999331,164.998583794,0.0170139,0.0310828,0.0809031
96,0.999201,196.996350288,0.0215847,0.03434,0.0807228
97,0.999343,162.001547813,0.0134576,0.0294522,0.0805429
98,0.999387,150.997724533,0.0145975,0.0288887,0.0803635
99,0.99942,143.005628586,0.0138529,0.0285845,0.0801844
100,0.999347,161.00253582,0.0132603,0.028975,0.0800057
101,0.999298,173.005371094,0.0174864,0.032817,0.0798275
102,0.99931,169.993643761,0.018021,0.032265,0.0796496
103,0.999306,170.992655754,0.0169446,0.0331221,0.0794721
104,0.999314,168.994631767,0.0190069,0.0343974,0.079295
105,0.999404,147.001676559,0.0125729,0.027583,0.0791183
106,0.999367,155.9927845,0.0138936,0.0286805,0.078942
107,0.999318,167.995619774,0.0175437,0.0317441,0.0787661
108,0.999282,177.001419067,0.0174915,0.0326924,0.0785906
109,0.999282,177.001419067,0.0159491,0.0352586,0.0784155
110,0.999363,157.006487846,0.0156353,0.0295295,0.0782408
111,0.999266,180.997467041,0.0188636,0.0350115,0.0780664
112,0.999371,154.993772507,0.0162147,0.0301537,0.0778925
113,0.999254,183.994503021,0.0203127,0.0338236,0.0777189
114,0.99929,175.003395081,0.0170274,0.0335461,0.0775458
115,0.999262,181.996479034,0.0173684,0.0345349,0.077373
116,0.999371,154.993772507,0.0164237,0.0324746,0.0772006
117,0.999383,151.996736526,0.0159816,0.0316092,0.0770285
118,0.999249,184.993515015,0.0190586,0.0361683,0.0768569
119,0.999424,142.006616592,0.0138919,0.0282541,0.0766857
120,0.999331,164.998583794,0.0178203,0.0311653,0.0765148
121,0.999274,178.999443054,0.0199756,0.0350575,0.0763443
122,0.999282,177.001419067,0.017712,0.0357327,0.0761742
123,0.999367,155.9927845,0.0153673,0.0294214,0.0760044
124,0.999359,158.00549984,0.0170675,0.0288861,0.0758351
125,0.999359,158.00549984,0.0148769,0.0308511,0.0756661
126,0.999294,174.004383087,0.0179415,0.0326844,0.0754975
127,0.999254,183.994503021,0.0172318,0.0341853,0.0753293
128,0.999375,153.994760513,0.0148345,0.0319226,0.0751614
129,0.999416,144.004640579,0.0127738,0.0273416,0.074994
130,0.999184,201.007089615,0.0205524,0.035827,0.0748269
131,0.999363,157.006487846,0.016347,0.0309057,0.0746601
132,0.999428,140.992913246,0.0128808,0.0284626,0.0744938
133,0.999383,151.996736526,0.0140491,0.0292986,0.0743278
134,0.999416,144.004640579,0.0130885,0.0281637,0.0741622
135,0.999347,161.00253582,0.0152277,0.0313241,0.0739969
136,0.999343,162.001547813,0.0148917,0.0324749,0.073832
137,0.99944,137.995877266,0.012991,0.0275258,0.0736675
138,0.999335,163.9995718,0.0164208,0.0322434,0.0735034
139,0.999367,155.9927845,0.0144556,0.030174,0.0733396
140,0.999314,168.994631767,0.016031,0.0334741,0.0731762
141,0.999375,153.994760513,0.0152135,0.0307527,0.0730131
142,0.999306,170.992655754,0.0175199,0.0327032,0.0728504
143,0.999331,164.998583794,0.0153857,0.0321575,0.0726881
144,0.999383,151.996736526,0.0136749,0.0302193,0.0725261
145,0.999379,152.99574852,0.0138278,0.0298399,0.0723645
146,0.999383,151.996736526,0.0144625,0.0305727,0.0722033
147,0.99927,179.998455048,0.0175767,0.0343731,0.0720424
148,0.999306,170.992655754,0.0152086,0.0319198,0.0718819
149,0.999452,134.998841286,0.0117017,0.0272973,0.0717217
150,0.999383,151.996736526,0.0150781,0.029876,0.0715619
151,0.999489,125.993041992,0.0110506,0.0243971,0.0714024
152,0.999327,165.997595787,0.0149872,0.0321432,0.0712433
153,0.99931,169.993643761,0.0154578,0.0324302,0.0710846
154,0.999351,160.003523827,0.0133361,0.030169,0.0709262
155,0.99931,169.993643761,0.0170176,0.0338479,0.0707682
156,0.999347,161.00253582,0.0159725,0.0333513,0.0706105
157,0.999493,124.994029999,0.00929982,0.0259313,0.0704531
158,0.999452,134.998841286,0.0123,0.0278444,0.0702961
159,0.9994,148.000688553,0.0141681,0.0303081,0.0701395
160,0.999375,153.994760513,0.0138312,0.0276894,0.0699832
161,0.999416,144.004640579,0.0120455,0.0286426,0.0698273
162,0.999387,150.997724533,0.0142181,0.0287664,0.0696717
163,0.999412,145.003652573,0.0118024,0.0310212,0.0695164
164,0.999408,146.002664566,0.0149342,0.0272418,0.0693616
165,0.999436,138.994889259,0.0111974,0.0280657,0.069207
166,0.999452,134.998841286,0.0136687,0.0286523,0.0690528
167,0.999347,161.00253582,0.0139653,0.0312564,0.0688989
168,0.999513,119.998970032,0.0103388,0.0240151,0.0687454
169,0.99944,137.995877266,0.0103853,0.027148,0.0685922
170,0.999537,114.004898071,0.00913599,0.0242818,0.0684394
171,0.999428,140.992913246,0.0131844,0.0268225,0.0682869
172,0.999387,150.997724533,0.0133242,0.0299397,0.0681347
173,0.999444,136.996865273,0.0110948,0.0262024,0.0679829
174,0.999408,146.002664566,0.0144813,0.0290005,0.0678314
175,0.999367,155.9927845,0.0152385,0.0316497,0.0676803
176,0.999444,136.996865273,0.0112644,0.0269242,0.0675295
177,0.999424,142.006616592,0.0115924,0.0272425,0.067379
178,0.999464,132.001805305,0.0123035,0.0284439,0.0672289
179,0.999428,140.992913246,0.0113663,0.0267541,0.0670791
180,0.999521,118.000946045,0.00907926,0.024922,0.0669296
181,0.999501,122.996006012,0.00971258,0.0246771,0.0667805
182,0.999395,148.999700546,0.0155843,0.0315667,0.0666317
183,0.999574,104.999098778,0.00620433,0.0203029,0.0664832
184,0.999424,142.006616592,0.0142544,0.0283767,0.0663351
185,0.999477,129.004769325,0.0104143,0.0241363,0.0661872
186,0.999513,119.998970032,0.00915093,0.0234605,0.0660398
187,0.999371,154.993772507,0.0146483,0.0312101,0.0658926
188,0.999379,152.99574852,0.0138548,0.0314256,0.0657458
189,0.999493,124.994029999,0.0104491,0.0269057,0.0655993
190,0.999416,144.004640579,0.0120076,0.0285004,0.0654531
191,0.999481,128.005757332,0.00938293,0.0259879,0.0653073
192,0.999464,132.001805305,0.00997694,0.0256131,0.0651618
193,0.999501,122.996006012,0.00931253,0.02361,0.0650166
194,0.999408,146.002664566,0.0131024,0.0300492,0.0648717
195,0.999525,117.001934052,0.0105281,0.0261926,0.0647271
196,0.999436,138.994889259,0.0114386,0.0276691,0.0645829
197,0.999558,108.995146751,0.00828482,0.0232996,0.064439
198,0.999375,153.994760513,0.0126341,0.0326205,0.0642954
199,0.99955,110.993170738,0.00722846,0.0223927,0.0641522
200,0.999481,128.005757332,0.010832,0.0268575,0.0640092
201,0.999582,103.001074791,0.00900839,0.0230948,0.0638666
202,0.999481,128.005757332,0.00903818,0.0243722,0.0637243
203,0.999513,119.998970032,0.00931585,0.0269888,0.0635823
204,0.999574,104.999098778,0.00783911,0.0210603,0.0634406
205,0.999505,121.996994019,0.0104051,0.0240535,0.0632993
206,0.999424,142.006616592,0.0117209,0.0279269,0.0631582
207,0.999436,138.994889259,0.0104009,0.0276366,0.0630175
208,0.999428,140.992913246,0.0135021,0.0307998,0.0628771
209,0.999428,140.992913246,0.0121514,0.0268421,0.062737
210,0.999521,118.000946045,0.0082487,0.0252173,0.0625972
211,0.999412,145.003652573,0.0117855,0.0275506,0.0624577
212,0.999493,124.994029999,0.0106079,0.0250608,0.0623185
213,0.99957,105.998110771,0.00806778,0.022213,0.0621797
214,0.999481,128.005757332,0.00830502,0.0249788,0.0620411
215,0.999546,112.006874084,0.00879267,0.0220107,0.0619029
216,0.999513,119.998970032,0.00851933,0.0243425,0.0617649
217,0.999497,123.995018005,0.0094131,0.0257557,0.0616273
218,0.999566,106.997122765,0.00851486,0.0222176,0.06149
219,0.999513,119.998970032,0.0082396,0.0240719,0.061353
220,0.999509,120.997982025,0.00816283,0.0225111,0.0612163
221,0.999412,145.003652573,0.0104909,0.0273214,0.0610799
222,0.999497,123.995018005,0.011182,0.0255976,0.0609438
223,0.999513,119.998970032,0.00952566,0.0256006,0.060808
224,0.999481,128.005757332,0.0102635,0.0257758,0.0606725
225,0.999489,125.993041992,0.00986338,0.0251252,0.0605373
226,0.999598,99.0050268173,0.00618307,0.0214928,0.0604024
227,0.999456,133.999829292,0.0108805,0.0268796,0.0602678
228,0.999477,129.004769325,0.00959784,0.025937,0.0601335
229,0.999537,114.004898071,0.00979478,0.0247336,0.0599995
230,0.999537,114.004898071,0.00812824,0.0234577,0.0598658
231,0.99942,143.005628586,0.0111576,0.0263072,0.0597324
232,0.999562,107.996134758,0.00706208,0.0203751,0.0595993
233,0.999546,112.006874084,0.00846722,0.0216961,0.0594665
234,0.99957,105.998110771,0.00783489,0.0223571,0.059334
235,0.999497,123.995018005,0.00974445,0.0258442,0.0592018
236,0.999485,127.006745338,0.0100489,0.026113,0.0590699
237,0.999509,120.997982025,0.00792067,0.0229772,0.0589383
238,0.999562,107.996134758,0.00665911,0.0206802,0.058807
239,0.999481,128.005757332,0.00878034,0.0246276,0.0586759
240,0.999558,108.995146751,0.0066829,0.0225171,0.0585452
241,0.999513,119.998970032,0.00798086,0.0242077,0.0584147
242,0.999537,114.004898071,0.00854708,0.0239481,0.0582846
243,0.999469,131.002793312,0.0104395,0.0251737,0.0581547
244,0.999554,109.994158745,0.00770736,0.0231624,0.0580251
245,0.999477,129.004769325,0.0104478,0.0251126,0.0578958
246,0.999558,108.995146751,0.0094895,0.0229815,0.0577668
247,0.999517,118.999958038,0.0102714,0.026472,0.0576381
248,0.999546,112.006874084,0.00816653,0.0243464,0.0575097
249,0.99959,101.003050804,0.00750621,0.0240843,0.0573815
250,0.999477,129.004769325,0.00912682,0.0253758,0.0572537
251,0.999521,118.000946045,0.00940858,0.0235625,0.0571261
252,0.999594,100.004038811,0.00680435,0.0227452,0.0569988
253,0.999517,118.999958038,0.00886786,0.0246791,0.0568718
254,0.999594,100.004038811,0.00713381,0.022592,0.0567451
255,0.999542,113.005886078,0.00753074,0.0222863,0.0566186
256,0.999602,98.0060148239,0.00778586,0.0219306,0.0564925
257,0.999537,114.004898071,0.00904674,0.0239178,0.0563666
258,0.999615,94.9942874908,0.00720029,0.0204403,0.056241
259,0.999517,118.999958038,0.00878718,0.0263014,0.0561157
260,0.999537,114.004898071,0.00886518,0.0226991,0.0559906
261,0.999558,108.995146751,0.00842776,0.0234387,0.0558659
262,0.99955,110.993170738,0.00804097,0.022536,0.0557414
263,0.99955,110.993170738,0.00746377,0.0241853,0.0556172
264,0.99959,101.003050804,0.00597417,0.0199324,0.0554933
265,0.999582,103.001074791,0.00758182,0.0237546,0.0553696
266,0.999509,120.997982025,0.00836822,0.0261251,0.0552462
267,0.999558,108.995146751,0.00778973,0.0241032,0.0551231
268,0.999566,106.997122765,0.00767343,0.0230127,0.0550003
269,0.99959,101.003050804,0.00816751,0.0237081,0.0548778
270,0.999558,108.995146751,0.00917412,0.0229476,0.0547555
271,0.999611,95.9932994843,0.00675119,0.0209833,0.0546335
272,0.999627,91.9972515106,0.00606234,0.0186324,0.0545117
273,0.999542,113.005886078,0.00700187,0.0225277,0.0543903
274,0.999606,97.0070028305,0.00560237,0.0196585,0.0542691
275,0.999602,98.0060148239,0.00685418,0.0210236,0.0541481
276,0.999594,100.004038811,0.00665294,0.0230322,0.0540275
277,0.999489,125.993041992,0.00738623,0.0250936,0.0539071
278,0.999615,94.9942874908,0.00583861,0.0195552,0.053787
279,0.999566,106.997122765,0.00747414,0.0235315,0.0536671
280,0.999611,95.9932994843,0.00578886,0.0196616,0.0535476
281,0.999566,106.997122765,0.00629721,0.0227037,0.0534282
282,0.999558,108.995146751,0.00651009,0.0226999,0.0533092
283,0.999586,102.002062798,0.00789827,0.0231815,0.0531904
284,0.999582,103.001074791,0.0059869,0.0209747,0.0530719
285,0.999655,85.0041675568,0.00606598,0.018298,0.0529536
286,0.999606,97.0070028305,0.00635736,0.0209209,0.0528356
287,0.999643,88.001203537,0.00508769,0.0170087,0.0527179
288,0.999611,95.9932994843,0.00605476,0.0210609,0.0526004
289,0.999586,102.002062798,0.00669168,0.021195,0.0524832
290,0.999546,112.006874084,0.00836776,0.0234849,0.0523663
291,0.999643,88.001203537,0.00564784,0.0183183,0.0522496
292,0.999525,117.001934052,0.00937698,0.0242757,0.0521332
293,0.999615,94.9942874908,0.00563897,0.0201825,0.052017
294,0.999615,94.9942874908,0.00539188,0.0180092,0.0519011
295,0.999639,89.0002155304,0.00480647,0.0195941,0.0517855
296,0.999667,82.0071315765,0.00479205,0.0191568,0.0516701
297,0.999655,85.0041675568,0.00630106,0.0188309,0.0515549
298,0.999533,115.003910065,0.00692309,0.0234686,0.0514401
299,0.999615,94.9942874908,0.0064706,0.0220858,0.0513254
300,0.999606,97.0070028305,0.00530549,0.0211406,0.0512111
301,0.999635,89.9992275238,0.00544067,0.0184171,0.051097
302,0.99957,105.998110771,0.00706318,0.0240875,0.0509831
303,0.999586,102.002062798,0.00707094,0.0210439,0.0508695
304,0.999623,92.996263504,0.00596102,0.0192701,0.0507562
305,0.999594,100.004038811,0.00550435,0.020678,0.0506431
306,0.999586,102.002062798,0.00587357,0.0205749,0.0505302
307,0.999671,80.9934282303,0.00486563,0.01916,0.0504176
308,0.999623,92.996263504,0.0050582,0.0191073,0.0503053
309,0.999546,112.006874084,0.00682009,0.0244267,0.0501932
310,0.999631,90.9982395172,0.00532731,0.02071,0.0500814
311,0.999562,107.996134758,0.00611195,0.0229031,0.0499698
312,0.99959,101.003050804,0.006504,0.0211046,0.0498584
313,0.999615,94.9942874908,0.00565353,0.0203993,0.0497473
314,0.999631,90.9982395172,0.00614841,0.0212182,0.0496365
315,0.999611,95.9932994843,0.00708675,0.0224691,0.0495259
316,0.999562,107.996134758,0.00729425,0.0227131,0.0494155
317,0.999611,95.9932994843,0.00530636,0.0207729,0.0493054
318,0.999619,93.9952754974,0.00505601,0.0199443,0.0491956
319,0.999574,104.999098778,0.00707172,0.0240785,0.0490859
320,0.99959,101.003050804,0.00730151,0.0234077,0.0489766
321,0.999598,99.0050268173,0.00559584,0.0229527,0.0488674
322,0.999655,85.0041675568,0.00476472,0.0200852,0.0487585
323,0.999598,99.0050268173,0.00611811,0.0210683,0.0486499
324,0.999651,86.0031795502,0.00506378,0.0191207,0.0485415
325,0.999651,86.0031795502,0.00451327,0.0208544,0.0484333
326,0.999623,92.996263504,0.0053298,0.0207444,0.0483254
327,0.999602,98.0060148239,0.00656852,0.0208166,0.0482177
328,0.999647,87.0021915436,0.00442247,0.0185502,0.0481103
329,0.99957,105.998110771,0.00652448,0.0237148,0.0480031
330,0.999655,85.0041675568,0.0044362,0.0189877,0.0478961
331,0.999667,82.0071315765,0.00479097,0.0179922,0.0477894
332,0.999602,98.0060148239,0.00630335,0.021475,0.0476829
333,0.999623,92.996263504,0.00551565,0.0192751,0.0475767
334,0.999639,89.0002155304,0.00484365,0.0199178,0.0474707
335,0.999659,84.0051555634,0.00447822,0.0181827,0.0473649
336,0.999684,77.9963922501,0.00465033,0.018195,0.0472593
337,0.999643,88.001203537,0.00431955,0.0185863,0.047154
338,0.999692,75.9983682632,0.00466015,0.018287,0.047049
339,0.999675,79.9944162369,0.00360736,0.01737,0.0469441
340,0.99968,78.9954042435,0.00427485,0.0181661,0.0468395
341,0.999615,94.9942874908,0.00496011,0.0194149,0.0467352
342,0.999647,87.0021915436,0.00457055,0.0188647,0.046631
343,0.999566,106.997122765,0.00709289,0.022646,0.0465271
344,0.99972,69.0052843094,0.00366769,0.0168572,0.0464234
345,0.999639,89.0002155304,0.00564241,0.0206838,0.04632
346,0.999619,93.9952754974,0.00505989,0.0199416,0.0462168
347,0.999663,83.0061435699,0.00430335,0.0175916,0.0461138
348,0.999627,91.9972515106,0.00450281,0.020562,0.0460111
349,0.999639,89.0002155304,0.00530682,0.02094,0.0459085
350,0.999651,86.0031795502,0.00488842,0.0196877,0.0458062
351,0.999651,86.0031795502,0.00559422,0.0217592,0.0457042
352,0.999655,85.0041675568,0.0043829,0.0199831,0.0456023
353,0.999619,93.9952754974,0.00544143,0.0197429,0.0455007
354,0.999619,93.9952754974,0.00531873,0.0202408,0.0453993
355,0.999696,74.9993562698,0.00463614,0.0176917,0.0452982
356,0.999724,68.006272316,0.00358708,0.0158754,0.0451972
357,0.999671,80.9934282303,0.00444571,0.0187409,0.0450965
358,0.999655,85.0041675568,0.00518597,0.0212065,0.044996
359,0.999675,79.9944162369,0.00477608,0.0199223,0.0448958
360,0.999655,85.0041675568,0.00490065,0.0182191,0.0447957
361,0.999659,84.0051555634,0.00452564,0.0193706,0.0446959
362,0.999627,91.9972515106,0.00528294,0.0207879,0.0445963
363,0.999688,76.9973802567,0.00483719,0.0206838,0.044497
364,0.999696,74.9993562698,0.00378042,0.0157483,0.0443978
365,0.999675,79.9944162369,0.00447005,0.0188727,0.0442989
366,0.999684,77.9963922501,0.00423204,0.0195608,0.0442002
367,0.999696,74.9993562698,0.00366727,0.0181299,0.0441017
368,0.999655,85.0041675568,0.00467252,0.0176885,0.0440034
369,0.999667,82.0071315765,0.00473577,0.0180353,0.0439054
370,0.999724,68.006272316,0.00295532,0.0145794,0.0438075
371,0.9997,74.0003442764,0.00435012,0.0181689,0.0437099
372,0.999639,89.0002155304,0.00522416,0.0216753,0.0436125
373,0.999704,73.001332283,0.00415824,0.0171803,0.0435154
374,0.999692,75.9983682632,0.00405179,0.0181963,0.0434184
375,0.99968,78.9954042435,0.00394242,0.0176164,0.0433217
376,0.999635,89.9992275238,0.00495409,0.0201991,0.0432251
377,0.999712,71.0033082962,0.00352649,0.0159369,0.0431288
378,0.999627,91.9972515106,0.00490343,0.017304,0.0430327
379,0.99972,69.0052843094,0.00348336,0.0161356,0.0429368
380,0.99968,78.9954042435,0.0043974,0.0173152,0.0428411
381,0.999732,65.9935569763,0.00340186,0.0155007,0.0427457
382,0.999663,83.0061435699,0.00472347,0.0207978,0.0426504
383,0.999712,71.0033082962,0.00369475,0.0164144,0.0425554
384,0.999655,85.0041675568,0.00420982,0.0200082,0.0424606
385,0.9997,74.0003442764,0.00504149,0.0183428,0.042366
386,0.999696,74.9993562698,0.00458267,0.0174547,0.0422716
387,0.999659,84.0051555634,0.00445763,0.0195244,0.0421774
388,0.999688,76.9973802567,0.00373694,0.019149,0.0420834
389,0.999667,82.0071315765,0.00360606,0.0190113,0.0419896
390,0.999716,70.0042963028,0.00298769,0.0167924,0.0418961
391,0.999736,64.9945449829,0.00353843,0.0162742,0.0418027
392,0.999732,65.9935569763,0.00340817,0.0165001,0.0417096
393,0.9997,74.0003442764,0.0039634,0.017938,0.0416166
394,0.999671,80.9934282303,0.00376112,0.0180948,0.0415239
395,0.999716,70.0042963028,0.0034255,0.017992,0.0414314
396,0.99968,78.9954042435,0.00445176,0.01815,0.0413391
397,0.999732,65.9935569763,0.00365835,0.0161283,0.0412469
398,0.999671,80.9934282303,0.00342692,0.0172255,0.041155
399,0.999753,60.9984970093,0.00299196,0.0163367,0.0410633
400,0.999789,51.9926977158,0.00225963,0.013141,0.0409718
401,0.999728,67.0072603226,0.00217119,0.0164894,0.0408805
402,0.999704,73.001332283,0.00356027,0.0190355,0.0407895
403,0.99968,78.9954042435,0.00402661,0.0202532,0.0406986
404,0.99974,63.9955329895,0.00286049,0.0144185,0.0406079
405,0.999696,74.9993562698,0.00341468,0.0170293,0.0405174
406,0.999769,57.0024490356,0.0024455,0.0158498,0.0404271
407,0.9997,74.0003442764,0.00372189,0.0159673,0.040337
408,0.99972,69.0052843094,0.00363068,0.0167761,0.0402471
409,0.999696,74.9993562698,0.00390967,0.0177468,0.0401575
410,0.999732,65.9935569763,0.00325813,0.0166691,0.040068
411,0.999704,73.001332283,0.00341691,0.0185412,0.0399787
412,0.9997,74.0003442764,0.00304395,0.0166081,0.0398896
413,0.999753,60.9984970093,0.00293322,0.0157393,0.0398007
414,0.9997,74.0003442764,0.00318536,0.0156992,0.0397121
415,0.999724,68.006272316,0.00343044,0.0177724,0.0396236
416,0.999736,64.9945449829,0.00316952,0.0158853,0.0395353
417,0.999708,72.0023202896,0.00311272,0.0168027,0.0394472
418,0.999785,53.006401062,0.0020344,0.0131268,0.0393593
419,0.999765,58.0014610291,0.00213872,0.0145726,0.0392716
420,0.999728,67.0072603226,0.00274909,0.0157145,0.0391841
421,0.99972,69.0052843094,0.00331449,0.0161016,0.0390968
422,0.999716,70.0042963028,0.00355927,0.0172113,0.0390097
423,0.999748,61.9975090027,0.00356193,0.0160787,0.0389227
424,0.999761,59.0004730225,0.00263877,0.0138678,0.038836
425,0.999736,64.9945449829,0.00311843,0.0172639,0.0387495
426,0.999793,50.9936857224,0.00250641,0.0142248,0.0386631
427,0.999712,71.0033082962,0.0028955,0.0165595,0.038577
428,0.999744,62.9965209961,0.00296998,0.0167222,0.038491
429,0.999732,65.9935569763,0.00298943,0.0171097,0.0384053
430,0.999736,64.9945449829,0.00326191,0.0173795,0.0383197
431,0.999805,47.9966497421,0.00219236,0.014013,0.0382343
432,0.999773,56.0034370422,0.00229542,0.0137229,0.0381491
433,0.999744,62.9965209961,0.00271545,0.0157807,0.0380641
434,0.99974,63.9955329895,0.00300537,0.0161457,0.0379793
435,0.999769,57.0024490356,0.00251341,0.0152008,0.0378946
436,0.999716,70.0042963028,0.00308381,0.0149515,0.0378102
437,0.999765,58.0014610291,0.00310965,0.0154364,0.037726
438,0.999797,49.9946737289,0.00203921,0.012786,0.0376419
439,0.999732,65.9935569763,0.00297065,0.0166528,0.037558
440,0.999724,68.006272316,0.00353029,0.0166735,0.0374743
441,0.999793,50.9936857224,0.00223914,0.0141081,0.0373908
442,0.999748,61.9975090027,0.00207978,0.0145904,0.0373075
443,0.999777,55.0044250488,0.00198023,0.0138191,0.0372244
444,0.999789,51.9926977158,0.00196934,0.0136322,0.0371414
445,0.999732,65.9935569763,0.00311761,0.0168432,0.0370587
446,0.999773,56.0034370422,0.00237914,0.0151367,0.0369761
447,0.999785,53.006401062,0.00220695,0.0143328,0.0368937
448,0.999809,46.9976377487,0.00167676,0.0141401,0.0368115
449,0.999826,43.0015897751,0.00165707,0.0127019,0.0367295
450,0.999858,34.994802475,0.00151731,0.0108361,0.0366477
451,0.999728,67.0072603226,0.00254835,0.0166921,0.036566
452,0.999773,56.0034370422,0.0017857,0.0136321,0.0364845
453,0.999757,59.9994850159,0.00288189,0.0169085,0.0364032
454,0.999809,46.9976377487,0.00207136,0.0133659,0.0363221
455,0.999732,65.9935569763,0.00267065,0.0167236,0.0362412
456,0.999789,51.9926977158,0.00219722,0.0130427,0.0361604
457,0.999769,57.0024490356,0.00257514,0.014653,0.0360798
458,0.999838,40.0045537949,0.00161927,0.0104379,0.0359994
459,0.999781,54.0054130554,0.00189311,0.0141088,0.0359192
460,0.999821,44.0006017685,0.00140811,0.0134766,0.0358392
461,0.999781,54.0054130554,0.00196023,0.0142541,0.0357593
462,0.999769,57.0024490356,0.00238361,0.0143436,0.0356797
463,0.999793,50.9936857224,0.00216618,0.0141535,0.0356002
464,0.999809,46.9976377487,0.00192615,0.0117812,0.0355208
465,0.999858,34.994802475,0.000970419,0.0102922,0.0354417
466,0.999793,50.9936857224,0.0018879,0.0150338,0.0353627
467,0.999761,59.0004730225,0.00192434,0.0141705,0.0352839
468,0.999757,59.9994850159,0.00237536,0.0150412,0.0352053
469,0.999809,46.9976377487,0.00182381,0.014659,0.0351268
470,0.999817,44.9996137619,0.00165429,0.0126943,0.0350486
471,0.999785,53.006401062,0.00212771,0.012969,0.0349705
472,0.999817,44.9996137619,0.00178469,0.0112566,0.0348926
473,0.999817,44.9996137619,0.00149851,0.0120406,0.0348148
474,0.999785,53.006401062,0.00177254,0.0133037,0.0347372
475,0.999797,49.9946737289,0.00215313,0.0145028,0.0346598
476,0.999765,58.0014610291,0.002049,0.0139351,0.0345826
477,0.999769,57.0024490356,0.00193501,0.0143766,0.0345055
478,0.999797,49.9946737289,0.00183396,0.0121009,0.0344287
479,0.999748,61.9975090027,0.00204421,0.0147148,0.0343519
480,0.999769,57.0024490356,0.00218752,0.0143447,0.0342754
481,0.999793,50.9936857224,0.00169934,0.0123213,0.034199
482,0.999757,59.9994850159,0.00225013,0.0160637,0.0341228
483,0.999769,57.0024490356,0.00184339,0.0140483,0.0340468
484,0.999801,48.9956617355,0.00182391,0.0120913,0.0339709
485,0.999809,46.9976377487,0.00170906,0.0122455,0.0338952
486,0.999789,51.9926977158,0.00183257,0.0138288,0.0338197
487,0.999826,43.0015897751,0.00158421,0.012096,0.0337443
488,0.999777,55.0044250488,0.00153496,0.0142011,0.0336692
489,0.999854,35.9938144684,0.00126782,0.0109872,0.0335941
490,0.999834,41.0035657883,0.00167889,0.0134093,0.0335193
491,0.999805,47.9966497421,0.00179798,0.0128931,0.0334446
492,0.999858,34.994802475,0.00102078,0.0106967,0.0333701
493,0.999777,55.0044250488,0.00219234,0.015358,0.0332957
494,0.999769,57.0024490356,0.00226303,0.0147257,0.0332215
495,0.999781,54.0054130554,0.00173124,0.0131913,0.0331475
496,0.999817,44.9996137619,0.00173913,0.0126503,0.0330736
497,0.999773,56.0034370422,0.00220327,0.0147941,0.0329999
498,0.999761,59.0004730225,0.00261007,0.0160711,0.0329264
499,0.999801,48.9956617355,0.00166331,0.0111479,0.032853
500,0.99983,42.0025777817,0.00122242,0.0115793,0.0327798
501,0.99983,42.0025777817,0.00180476,0.0113466,0.0327068
502,0.999862,33.9957904816,0.00126975,0.0106684,0.0326339
503,0.999781,54.0054130554,0.00190354,0.0132405,0.0325612
504,0.999834,41.0035657883,0.00172261,0.0114992,0.0324887
505,0.999797,49.9946737289,0.0015032,0.0127657,0.0324163
506,0.999789,51.9926977158,0.00164398,0.0143525,0.032344
507,0.99985,36.9928264618,0.00118316,0.010508,0.032272
508,0.999813,45.9986257553,0.00100368,0.0118694,0.0322
509,0.999817,44.9996137619,0.00141363,0.0126422,0.0321283
510,0.999842,39.0055418015,0.00131499,0.0112799,0.0320567
511,0.999805,47.9966497421,0.00153552,0.0115615,0.0319853
512,0.999785,53.006401062,0.00213369,0.0143648,0.031914
513,0.999797,49.9946737289,0.0015783,0.0139122,0.0318429
514,0.999862,33.9957904816,0.00124649,0.0108444,0.031772
515,0.999781,54.0054130554,0.00168395,0.0149153,0.0317012
516,0.99985,36.9928264618,0.00129582,0.0110531,0.0316305
517,0.99983,42.0025777817,0.00143551,0.0105482,0.03156
518,0.999826,43.0015897751,0.00126455,0.0104055,0.0314897
519,0.99987,31.9977664948,0.00103985,0.0107443,0.0314195
520,0.99985,36.9928264618,0.00100384,0.00969889,0.0313495
521,0.999805,47.9966497421,0.00148994,0.0133974,0.0312797
522,0.999817,44.9996137619,0.00138393,0.0123915,0.03121
523,0.999785,53.006401062,0.00194405,0.0149265,0.0311404
524,0.999842,39.0055418015,0.0012533,0.0122038,0.0310711
525,0.999838,40.0045537949,0.00126157,0.0106884,0.0310018
526,0.999854,35.9938144684,0.00105334,0.0100948,0.0309327
527,0.99985,36.9928264618,0.00108836,0.01098,0.0308638
528,0.999838,40.0045537949,0.00111255,0.0122189,0.030795
529,0.999817,44.9996137619,0.00164513,0.0129456,0.0307264
530,0.999821,44.0006017685,0.00146711,0.0112484,0.030658
531,0.999874,30.9987545013,0.000955674,0.00899826,0.0305896
532,0.999793,50.9936857224,0.00183879,0.0141724,0.0305215
533,0.999858,34.994802475,0.00110199,0.009242,0.0304535
534,0.999842,39.0055418015,0.0010187,0.0108351,0.0303856
535,0.999866,32.9967784882,0.00119496,0.0112923,0.0303179
536,0.999834,41.0035657883,0.00152465,0.0120384,0.0302504
537,0.999826,43.0015897751,0.00125429,0.0125871,0.030183
538,0.999838,40.0045537949,0.00138732,0.0113661,0.0301157
539,0.999878,29.9997425079,0.000973232,0.00993978,0.0300486
540,0.999846,38.006529808,0.00109542,0.0115982,0.0299816
541,0.999899,25.0046825409,0.000798673,0.00857741,0.0299148
542,0.999866,32.9967784882,0.000843878,0.00956353,0.0298482
543,0.999866,32.9967784882,0.000891644,0.00901699,0.0297817
544,0.99987,31.9977664948,0.000828555,0.00933711,0.0297153
545,0.999894,26.0036945343,0.000722729,0.00835241,0.0296491
546,0.999842,39.0055418015,0.00151513,0.0120155,0.029583
547,0.99985,36.9928264618,0.00124978,0.0108019,0.0295171
548,0.999878,29.9997425079,0.000876311,0.00956612,0.0294513
549,0.999858,34.994802475,0.00135054,0.0105139,0.0293857
550,0.999797,49.9946737289,0.00137064,0.012661,0.0293202
551,0.999817,44.9996137619,0.00168148,0.0107766,0.0292549
552,0.999874,30.9987545013,0.000911573,0.0106602,0.0291897
553,0.999894,26.0036945343,0.000661884,0.00778303,0.0291247
554,0.99987,31.9977664948,0.000992352,0.00969274,0.0290598
555,0.999862,33.9957904816,0.00080084,0.00895879,0.028995
556,0.999874,30.9987545013,0.000996556,0.00983334,0.0289304
557,0.99987,31.9977664948,0.000732581,0.0103209,0.028866
558,0.999907,23.0066585541,0.000499614,0.00726501,0.0288016
559,0.999882,29.0007305145,0.000761515,0.00975615,0.0287375
560,0.99987,31.9977664948,0.000862457,0.0112981,0.0286734
561,0.999858,34.994802475,0.0012818,0.0109488,0.0286095
562,0.999882,29.0007305145,0.000821926,0.00885487,0.0285458
563,0.99987,31.9977664948,0.000921443,0.0107301,0.0284822
564,0.99985,36.9928264618,0.000887457,0.0104405,0.0284187
565,0.999886,28.0017185211,0.000887462,0.00922136,0.0283554
566,0.999899,25.0046825409,0.000754293,0.00898196,0.0282922
567,0.999894,26.0036945343,0.000712638,0.0085705,0.0282292
568,0.999878,29.9997425079,0.000604965,0.00884139,0.0281663
569,0.99989,27.0027065277,0.000799976,0.00922111,0.0281035
570,0.999878,29.9997425079,0.000899973,0.00924629,0.0280409
571,0.999903,24.0056705475,0.000860812,0.00969447,0.0279784
572,0.99983,42.0025777817,0.00141793,0.0126694,0.0279161
573,0.999894,26.0036945343,0.000765331,0.00838017,0.0278539
574,0.999842,39.0055418015,0.000959643,0.0124538,0.0277918
575,0.999866,32.9967784882,0.000848192,0.011032,0.0277299
576,0.99983,42.0025777817,0.0011541,0.010965,0.0276681
577,0.999874,30.9987545013,0.00130014,0.0107132,0.0276064
578,0.99983,42.0025777817,0.00112199,0.0131036,0.0275449
579,0.999907,23.0066585541,0.000722966,0.00854539,0.0274836
580,0.999854,35.9938144684,0.00110521,0.0128746,0.0274223
581,0.99987,31.9977664948,0.000864752,0.00958943,0.0273612
582,0.999842,39.0055418015,0.00102481,0.00979836,0.0273002
583,0.999858,34.994802475,0.000829573,0.00993423,0.0272394
584,0.999862,33.9957904816,0.00102137,0.0104722,0.0271787
585,0.999899,25.0046825409,0.000837956,0.00855261,0.0271182
586,0.99989,27.0027065277,0.000771157,0.00816199,0.0270577
587,0.999894,26.0036945343,0.000746582,0.00861029,0.0269974
588,0.999882,29.0007305145,0.000701792,0.0104893,0.0269373
589,0.999894,26.0036945343,0.000617067,0.00839455,0.0268773
590,0.999854,35.9938144684,0.000918671,0.0106138,0.0268174
591,0.999838,40.0045537949,0.00106361,0.0120929,0.0267576
592,0.999915,20.9939432144,0.000722988,0.00981231,0.026698
593,0.999854,35.9938144684,0.00112617,0.0100218,0.0266385
594,0.99989,27.0027065277,0.000481176,0.00841789,0.0265791
595,0.999907,23.0066585541,0.000669466,0.00845198,0.0265199
596,0.999899,25.0046825409,0.000537494,0.00917588,0.0264608
597,0.999886,28.0017185211,0.0008687,0.0104053,0.0264019
598,0.999943,14.0008592606,0.000228595,0.00588129,0.026343
599,0.999915,20.9939432144,0.000587309,0.00931462,0.0262843
600,0.99989,27.0027065277,0.000831769,0.00940257,0.0262258
601,0.999899,25.0046825409,0.000483996,0.0100889,0.0261673
602,0.999894,26.0036945343,0.000621992,0.00726288,0.026109
603,0.999923,18.9959192276,0.000391014,0.00800916,0.0260509
604,0.999927,17.9969072342,0.000457487,0.00830162,0.0259928
605,0.999882,29.0007305145,0.000773971,0.0105122,0.0259349
606,0.99989,27.0027065277,0.000895954,0.0101042,0.0258771
607,0.999919,19.994931221,0.000434162,0.00697103,0.0258194
608,0.999931,16.9978952408,0.000416316,0.00737511,0.0257619
609,0.999915,20.9939432144,0.000671227,0.00768128,0.0257045
610,0.999919,19.994931221,0.000418223,0.00763244,0.0256472
611,0.99989,27.0027065277,0.000843913,0.00934619,0.0255901
612,0.999907,23.0066585541,0.000737618,0.00814842,0.0255331
613,0.99989,27.0027065277,0.000657882,0.0100472,0.0254762
614,0.999935,15.9988832474,0.000377337,0.00773484,0.0254194
615,0.999907,23.0066585541,0.00069282,0.00978021,0.0253628
616,0.999903,24.0056705475,0.000762376,0.00974144,0.0253062
617,0.999899,25.0046825409,0.000542006,0.0085977,0.0252499
618,0.999911,21.9929552078,0.000449992,0.00712391,0.0251936
619,0.999878,29.9997425079,0.000643505,0.00889324,0.0251375
620,0.999923,18.9959192276,0.000626498,0.00834744,0.0250814
621,0.999882,29.0007305145,0.000682475,0.00970467,0.0250256
622,0.999915,20.9939432144,0.000413708,0.00758896,0.0249698
623,0.999923,18.9959192276,0.00038727,0.0075162,0.0249142
624,0.999951,12.0028352737,0.000260794,0.00567643,0.0248586
625,0.999943,14.0008592606,0.00030043,0.00508894,0.0248033
626,0.999919,19.994931221,0.000398128,0.00799108,0.024748
627,0.999919,19.994931221,0.000489559,0.00774857,0.0246928
628,0.999894,26.0036945343,0.000637146,0.00950833,0.0246378
629,0.999907,23.0066585541,0.000461316,0.00745339,0.0245829
630,0.999899,25.0046825409,0.000472362,0.00806388,0.0245281
631,0.999894,26.0036945343,0.000640636,0.00904111,0.0244735
632,0.999907,23.0066585541,0.000370096,0.00788752,0.024419
633,0.999927,17.9969072342,0.000432823,0.00738184,0.0243645
634,0.999915,20.9939432144,0.000487723,0.00895522,0.0243103
635,0.999927,17.9969072342,0.00027829,0.00875464,0.0242561
636,0.999931,16.9978952408,0.000495905,0.00971742,0.024202
637,0.999915,20.9939432144,0.000441763,0.00816091,0.0241481
638,0.999886,28.0017185211,0.000656271,0.00918478,0.0240943
639,0.999935,15.9988832474,0.000393287,0.00842641,0.0240406
640,0.999911,21.9929552078,0.000497874,0.00836549,0.0239871
641,0.999911,21.9929552078,0.000514544,0.00936782,0.0239336
642,0.999907,23.0066585541,0.000679618,0.00853688,0.0238803
643,0.999943,14.0008592606,0.000323744,0.00649754,0.0238271
644,0.999919,19.994931221,0.000452242,0.00672739,0.023774
645,0.999915,20.9939432144,0.000519044,0.00778119,0.023721
646,0.999931,16.9978952408,0.000347744,0.00751274,0.0236681
647,0.999931,16.9978952408,0.000469423,0.00794555,0.0236154
648,0.999935,15.9988832474,0.000460628,0.00659892,0.0235628
649,0.999911,21.9929552078,0.000409807,0.00887017,0.0235103
650,0.999931,16.9978952408,0.000363869,0.00713724,0.0234579
651,0.999951,12.0028352737,0.000356219,0.00625741,0.0234056
652,0.999927,17.9969072342,0.000305319,0.00697402,0.0233535
653,0.999923,18.9959192276,0.000399431,0.00788788,0.0233014
654,0.999947,13.0018472672,0.000270299,0.00628742,0.0232495
655,0.999899,25.0046825409,0.000562143,0.00869867,0.0231977
656,0.999951,12.0028352737,0.000183464,0.00658034,0.023146
657,0.999927,17.9969072342,0.000413696,0.00700308,0.0230944
658,0.999935,15.9988832474,0.000346293,0.00767293,0.023043
659,0.999943,14.0008592606,0.000269938,0.00625142,0.0229916
660,0.999927,17.9969072342,0.000333096,0.0065199,0.0229404
661,0.999955,11.0038232803,0.000276224,0.00649277,0.0228893
662,0.999943,14.0008592606,0.000378312,0.00782068,0.0228383
663,0.999919,19.994931221,0.000461037,0.00799746,0.0227874
664,0.999915,20.9939432144,0.000529421,0.0080745,0.0227366
665,0.999943,14.0008592606,0.00025337,0.00522336,0.022686
666,0.999951,12.0028352737,0.000277969,0.00667366,0.0226354
667,0.999931,16.9978952408,0.000371771,0.00767478,0.022585
668,0.999951,12.0028352737,0.000330841,0.00629286,0.0225347
669,0.999939,14.999871254,0.000323287,0.00605279,0.0224844
670,0.999943,14.0008592606,0.000316309,0.0060527,0.0224343
671,0.999943,14.0008592606,0.000290489,0.00555521,0.0223844
672,0.999963,9.00579929352,0.000243599,0.00542946,0.0223345
673,0.999972,6.99308395386,9.08744e-05,0.00468253,0.0222847
674,0.999943,14.0008592606,0.000226784,0.00571217,0.0222351
675,0.999935,15.9988832474,0.000277619,0.00685548,0.0221855
676,0.999939,14.999871254,0.000307469,0.00734504,0.0221361
677,0.999959,10.0048112869,0.000210992,0.00537686,0.0220868
678,0.999943,14.0008592606,0.000234404,0.00579532,0.0220375
679,0.999943,14.0008592606,0.000262275,0.00543323,0.0219884
680,0.999963,9.00579929352,0.000166338,0.00347308,0.0219394
681,0.999976,5.99407196045,0.000143425,0.00440587,0.0218906
682,0.999947,13.0018472672,0.000208759,0.00555104,0.0218418
683,0.999951,12.0028352737,0.000226719,0.00622613,0.0217931
684,0.999959,10.0048112869,0.00015827,0.00630326,0.0217445
685,0.999943,14.0008592606,0.000278428,0.00619659,0.0216961
686,0.999959,10.0048112869,0.00020045,0.00546443,0.0216477
687,0.999963,9.00579929352,0.000215659,0.00436386,0.0215995
688,0.99998,4.99505996704,8.56102e-05,0.00357305,0.0215514
689,0.999976,5.99407196045,0.000122027,0.00398883,0.0215034
690,0.999963,9.00579929352,9.98255e-05,0.00358036,0.0214554
691,0.99998,4.99505996704,0.000164229,0.00390355,0.0214076
692,0.999951,12.0028352737,0.000196718,0.00598369,0.0213599
693,0.999972,6.99308395386,0.000158657,0.00489508,0.0213123
694,0.99998,4.99505996704,6.79173e-05,0.00356179,0.0212649
695,0.999955,11.0038232803,0.000171466,0.00521666,0.0212175
696,0.999951,12.0028352737,0.000248886,0.00599777,0.0211702
697,0.999972,6.99308395386,0.000123511,0.00356098,0.021123
698,0.999988,2.99703598022,5.71295e-05,0.00304352,0.021076
699,0.999968,8.00678730011,8.92902e-05,0.00481099,0.021029
700,0.999968,8.00678730011,0.000193404,0.0047966,0.0209821
701,0.999976,5.99407196045,0.00010713,0.00456302,0.0209354
702,0.999968,8.00678730011,0.000112305,0.00434821,0.0208887
703,0.999955,11.0038232803,0.000248169,0.00639984,0.0208422
704,0.999972,6.99308395386,8.70379e-05,0.00495939,0.0207957
705,0.999951,12.0028352737,0.000181072,0.00566225,0.0207494
706,0.999988,2.99703598022,7.98078e-05,0.00373897,0.0207032
707,0.999943,14.0008592606,0.000282384,0.00547994,0.020657
708,0.999972,6.99308395386,9.8671e-05,0.00546474,0.020611
709,0.999947,13.0018472672,0.00013999,0.00578176,0.0205651
710,0.999963,9.00579929352,0.000245692,0.00453077,0.0205193
711,0.999972,6.99308395386,0.000134291,0.00473492,0.0204735
712,0.999963,9.00579929352,0.000192351,0.00494546,0.0204279
713,0.999959,10.0048112869,0.00020824,0.00670226,0.0203824
714,0.999947,13.0018472672,0.000282342,0.00653182,0.020337
715,0.999931,16.9978952408,0.000503636,0.00784116,0.0202917
716,0.999919,19.994931221,0.000377364,0.00791917,0.0202465
717,0.999968,8.00678730011,0.000116831,0.00370771,0.0202013
718,0.999984,3.99604797363,7.27781e-05,0.00427593,0.0201563
719,0.99998,4.99505996704,0.000128242,0.00484438,0.0201114
720,0.999947,13.0018472672,0.000239427,0.00619495,0.0200666
721,0.999976,5.99407196045,9.16397e-05,0.00380599,0.0200219
722,0.999959,10.0048112869,0.000263421,0.00533256,0.0199773
723,0.999963,9.00579929352,0.000205925,0.0058899,0.0199328
724,0.999976,5.99407196045,0.000105083,0.00414067,0.0198884
725,0.99998,4.99505996704,7.94898e-05,0.00395025,0.019844
726,0.99998,4.99505996704,8.19995e-05,0.0039897,0.0197998
727,0.999984,3.99604797363,5.93871e-05,0.00401422,0.0197557
728,0.999972,6.99308395386,0.000138006,0.00496335,0.0197117
729,0.999951,12.0028352737,0.000267432,0.00548632,0.0196678
730,0.999959,10.0048112869,0.000125501,0.00441051,0.0196239
731,0.99998,4.99505996704,5.39063e-05,0.00275702,0.0195802
732,0.999988,2.99703598022,0.000108862,0.00231053,0.0195366
733,0.999996,0.999011993408,1.47552e-05,0.00172835,0.0194931
734,0.999988,2.99703598022,3.72412e-05,0.00285228,0.0194496
735,0.999996,0.999011993408,2.20916e-05,0.00169326,0.0194063
736,0.999984,3.99604797363,4.53158e-05,0.00218061,0.019363
737,1.0,0.0,7.36846e-06,0.00154918,0.0193199
1.0,7.36846e-06,2519.0111503601074,0.046875,0.0114574086295,0.000855607036874
