16,80,0.3,2,1000, .1 
0,0.481276,127855.002015,2.03054e+06,332.756,0.0999995
1,0.94759,12918.0037165,996.733,4.78159,0.0988032
2,0.995273,1164.99489784,8.71986,0.396667,0.0976211
3,0.998381,399.002451897,0.560742,0.124312,0.0964532
4,0.998669,327.9991436,0.207505,0.109991,0.0952993
5,0.998929,264.003610611,0.126138,0.0944284,0.0941591
6,0.998852,282.999529839,0.138378,0.0895212,0.0930326
7,0.998836,286.995577812,0.142594,0.0980224,0.0919196
8,0.998917,267.000646591,0.127306,0.0906699,0.0908199
9,0.998913,267.999658585,0.146219,0.0976799,0.0897334
10,0.998953,257.994847298,0.125446,0.092694,0.0886598
11,0.998953,257.994847298,0.133092,0.0887881,0.0875992
12,0.998974,252.999787331,0.122848,0.0868408,0.0865511
13,0.998929,264.003610611,0.130219,0.0914729,0.0855157
14,0.999107,220.003008842,0.0846748,0.0774631,0.0844926
15,0.999059,232.005844116,0.104102,0.0786588,0.0834818
16,0.998998,247.00571537,0.106406,0.0876424,0.082483
17,0.99912,217.005972862,0.0916876,0.0727222,0.0814962
18,0.999152,208.999185562,0.0852008,0.0764107,0.0805212
19,0.999197,197.995362282,0.0836808,0.0777077,0.0795579
20,0.998994,248.004727364,0.11326,0.0882313,0.0786061
21,0.999107,220.003008842,0.0974049,0.0764244,0.0776656
22,0.99916,207.001161575,0.0805576,0.0733439,0.0767365
23,0.999189,199.993386269,0.068016,0.0689416,0.0758184
24,0.999164,206.002149582,0.0799925,0.0739324,0.0749114
25,0.999249,184.993515015,0.0719242,0.0653124,0.0740152
26,0.999156,208.000173569,0.0850359,0.0738357,0.0731297
27,0.999071,228.994116783,0.0886,0.0809549,0.0722548
28,0.999241,187.006230354,0.0634502,0.0664121,0.0713903
29,0.99931,169.993643761,0.0587826,0.0596755,0.0705362
30,0.999197,197.995362282,0.0797188,0.0754472,0.0696924
31,0.999327,165.997595787,0.053887,0.057395,0.0688586
32,0.99929,175.003395081,0.0659366,0.072792,0.0680348
33,0.999116,218.004984856,0.0949591,0.0784272,0.0672208
34,0.999229,190.003266335,0.0726437,0.0716406,0.0664166
35,0.999217,193.000302315,0.0715316,0.0719737,0.065622
36,0.999197,197.995362282,0.0692827,0.067421,0.064837
37,0.999241,187.006230354,0.0695784,0.0673323,0.0640613
38,0.999298,173.005371094,0.0551219,0.0639015,0.0632949
39,0.999262,181.996479034,0.0674533,0.0656097,0.0625376
40,0.999237,188.005242348,0.0653068,0.0702825,0.0617894
41,0.999229,190.003266335,0.0702739,0.0688404,0.0610502
42,0.999322,166.99660778,0.0507697,0.0597277,0.0603198
43,0.999371,154.993772507,0.0505766,0.0605659,0.0595982
44,0.999351,160.003523827,0.055193,0.0598043,0.0588852
45,0.999391,149.99871254,0.0375472,0.0593256,0.0581807
46,0.999367,155.9927845,0.0420631,0.0649822,0.0574846
47,0.999387,150.997724533,0.0473497,0.0597838,0.0567969
48,0.999371,154.993772507,0.0495352,0.0577107,0.0561174
49,0.99944,137.995877266,0.036255,0.049815,0.055446
50,0.999383,151.996736526,0.0467241,0.059456,0.0547827
51,0.999391,149.99871254,0.0392545,0.0632125,0.0541273
52,0.999383,151.996736526,0.0429194,0.0598768,0.0534797
53,0.999493,124.994029999,0.0308046,0.0530222,0.0528399
54,0.999448,135.997853279,0.037964,0.0584891,0.0522078
55,0.999513,119.998970032,0.028439,0.0489084,0.0515832
56,0.999485,127.006745338,0.0283786,0.0471061,0.050966
57,0.999517,118.999958038,0.0273347,0.0480231,0.0503563
58,0.999529,116.002922058,0.0301168,0.0480958,0.0497538
59,0.999497,123.995018005,0.0283281,0.0485477,0.0491586
60,0.999594,100.004038811,0.0222271,0.0418672,0.0485705
61,0.999542,113.005886078,0.0255811,0.0446009,0.0479894
62,0.99957,105.998110771,0.0227901,0.0464673,0.0474153
63,0.999533,115.003910065,0.0279268,0.0460894,0.046848
64,0.99959,101.003050804,0.0221472,0.0431227,0.0462875
65,0.99959,101.003050804,0.0179157,0.0398313,0.0457338
66,0.999554,109.994158745,0.0184293,0.0415729,0.0451866
67,0.999598,99.0050268173,0.0187716,0.041637,0.044646
68,0.999602,98.0060148239,0.0211181,0.0409391,0.0441119
69,0.999684,77.9963922501,0.0133466,0.0337031,0.0435842
70,0.999663,83.0061435699,0.0164579,0.0348597,0.0430627
71,0.999631,90.9982395172,0.0153196,0.0367632,0.0425475
72,0.999663,83.0061435699,0.0147837,0.0380411,0.0420385
73,0.999623,92.996263504,0.0142493,0.0396876,0.0415356
74,0.999574,104.999098778,0.0232959,0.0460589,0.0410387
75,0.999525,117.001934052,0.0202331,0.0484429,0.0405477
76,0.999659,84.0051555634,0.0152417,0.0417029,0.0400626
77,0.999639,89.0002155304,0.0141057,0.0393197,0.0395833
78,0.999671,80.9934282303,0.0156253,0.0370066,0.0391097
79,0.999598,99.0050268173,0.0172393,0.0432938,0.0386418
80,0.999611,95.9932994843,0.0165358,0.039153,0.0381795
81,0.999744,62.9965209961,0.0107898,0.0299125,0.0377228
82,0.999675,79.9944162369,0.011513,0.0355743,0.0372715
83,0.999667,82.0071315765,0.0132941,0.036687,0.0368256
84,0.999647,87.0021915436,0.0162197,0.0372415,0.036385
85,0.999708,72.0023202896,0.00794891,0.0271941,0.0359497
86,0.999732,65.9935569763,0.00823226,0.0293428,0.0355196
87,0.999728,67.0072603226,0.00960489,0.0335128,0.0350947
88,0.999724,68.006272316,0.00994015,0.031149,0.0346748
89,0.9997,74.0003442764,0.0104102,0.0330848,0.03426
90,0.999765,58.0014610291,0.0081235,0.0289007,0.0338501
91,0.999757,59.9994850159,0.00814648,0.0278518,0.0334451
92,0.999753,60.9984970093,0.00695914,0.0296116,0.033045
93,0.999805,47.9966497421,0.00524036,0.0257555,0.0326496
94,0.999805,47.9966497421,0.00537088,0.0255144,0.032259
95,0.99974,63.9955329895,0.00806886,0.0290779,0.0318731
96,0.999757,59.9994850159,0.00703636,0.0256452,0.0314918
97,0.999712,71.0033082962,0.00993518,0.0332012,0.031115
98,0.999793,50.9936857224,0.00519696,0.0245972,0.0307428
99,0.999744,62.9965209961,0.00743368,0.0271058,0.030375
100,0.999801,48.9956617355,0.00602279,0.0249359,0.0300116
101,0.999817,44.9996137619,0.00414334,0.0226684,0.0296525
102,0.999838,40.0045537949,0.00388254,0.0240665,0.0292978
103,0.999826,43.0015897751,0.00370389,0.0215014,0.0289473
104,0.999769,57.0024490356,0.00452367,0.0249852,0.028601
105,0.999834,41.0035657883,0.00470261,0.0235546,0.0282588
106,0.999826,43.0015897751,0.00388892,0.0218767,0.0279207
107,0.999736,64.9945449829,0.00700514,0.0320466,0.0275867
108,0.999866,32.9967784882,0.00274528,0.0196867,0.0272566
109,0.99987,31.9977664948,0.00301739,0.0207107,0.0269305
110,0.999862,33.9957904816,0.00371019,0.0229376,0.0266084
111,0.999821,44.0006017685,0.00415181,0.0234326,0.02629
112,0.999882,29.0007305145,0.00236522,0.0176593,0.0259755
113,0.999911,21.9929552078,0.000967019,0.0136653,0.0256647
114,0.999886,28.0017185211,0.00193921,0.0205047,0.0253577
115,0.999919,19.994931221,0.00163693,0.0155914,0.0250543
116,0.999919,19.994931221,0.0017541,0.0151765,0.0247546
117,0.99989,27.0027065277,0.00231447,0.0206495,0.0244584
118,0.999886,28.0017185211,0.00236417,0.0182422,0.0241658
119,0.999886,28.0017185211,0.0015322,0.0152117,0.0238767
120,0.999874,30.9987545013,0.00273671,0.0206686,0.023591
121,0.999858,34.994802475,0.00249297,0.0184011,0.0233088
122,0.999911,21.9929552078,0.00216972,0.0157552,0.0230299
123,0.999927,17.9969072342,0.00133521,0.0142636,0.0227544
124,0.999939,14.999871254,0.00129901,0.0131048,0.0224822
125,0.999939,14.999871254,0.000662371,0.0088591,0.0222132
126,0.999939,14.999871254,0.000753745,0.0112679,0.0219475
127,0.999955,11.0038232803,0.000453185,0.00958073,0.0216849
128,0.999923,18.9959192276,0.000897621,0.0096877,0.0214255
129,0.999951,12.0028352737,0.000471789,0.00917322,0.0211691
130,0.999955,11.0038232803,0.000451595,0.0110651,0.0209159
131,0.999951,12.0028352737,0.000604652,0.0133064,0.0206656
132,0.999955,11.0038232803,0.000691903,0.00879663,0.0204184
133,0.999951,12.0028352737,0.000684008,0.00994915,0.0201741
134,0.999968,8.00678730011,0.000182226,0.00650379,0.0199328
135,0.999988,2.99703598022,0.000114439,0.00491735,0.0196943
136,0.99998,4.99505996704,8.62179e-05,0.00562367,0.0194587
137,0.999992,1.99802398682,7.88831e-05,0.00227831,0.0192259
138,0.99998,4.99505996704,0.000265375,0.00518955,0.0189959
139,0.999984,3.99604797363,0.000239988,0.00652102,0.0187686
140,0.999992,1.99802398682,9.48036e-05,0.00451888,0.0185441
141,0.999988,2.99703598022,0.000239024,0.00624149,0.0183222
142,0.999996,0.999011993408,1.78153e-05,0.000828573,0.018103
143,0.999988,2.99703598022,0.000191969,0.00410916,0.0178864
144,0.999992,1.99802398682,0.000107567,0.00407345,0.0176725
145,0.999996,0.999011993408,1.43089e-05,0.000828276,0.017461
146,0.999996,0.999011993408,1.05905e-05,0.000828522,0.0172521
147,1.0,0.0,0.0,0.0,0.0170457
1.0,0.0,525.6132526397705,1.0957,0.00977706492788,0.000790199578091
