54,80,0.3,2,1000, .1 
0,0.477913,128683.998327,2.01624e+06,329.224,0.0999995
1,0.779524,54343.0056524,793.667,4.08659,0.0988032
2,0.971357,7060.00306606,8.94442,0.420361,0.0976211
3,0.995566,1093.00726891,0.174906,0.0548024,0.0964532
4,0.998381,399.002451897,0.00979024,0.0200799,0.0952993
5,0.998677,326.001119614,0.00497937,0.0162838,0.0941591
6,0.998763,305.007176399,0.00447874,0.0165985,0.0930326
7,0.998913,267.999658585,0.00389841,0.0153803,0.0919196
8,0.998844,284.997553825,0.00462523,0.0162985,0.0908199
9,0.998844,284.997553825,0.00429041,0.0163276,0.0897334
10,0.998718,315.996308327,0.00520619,0.0168223,0.0886598
11,0.99886,281.001505852,0.00358955,0.0144514,0.0875992
12,0.998909,268.998670578,0.00398193,0.0159623,0.0865511
13,0.998836,286.995577812,0.00393875,0.0154686,0.0855157
14,0.998884,274.992742538,0.00386116,0.0160227,0.0844926
15,0.998892,272.994718552,0.00386919,0.0145329,0.0834818
16,0.998864,280.002493858,0.00403117,0.0153469,0.082483
17,0.99899,249.003739357,0.00330763,0.0141421,0.0814962
18,0.998896,271.995706558,0.0036297,0.014507,0.0805212
19,0.998872,278.004469872,0.0038935,0.0151131,0.0795579
20,0.999038,237.000904083,0.00351244,0.0143513,0.0786061
21,0.998969,253.998799324,0.00359178,0.015345,0.0776656
22,0.998965,254.997811317,0.00340618,0.0140361,0.0767365
23,0.999116,218.004984856,0.00284997,0.0128697,0.0758184
24,0.999022,240.996952057,0.00319105,0.0138119,0.0749114
25,0.999006,244.993000031,0.00335623,0.0142769,0.0740152
26,0.998986,250.00275135,0.00327151,0.0145725,0.0731297
27,0.999083,225.997080803,0.00316198,0.0143311,0.0722548
28,0.999107,220.003008842,0.00294171,0.0133605,0.0713903
29,0.999111,219.003996849,0.00294903,0.0132449,0.0705362
30,0.999095,223.000044823,0.00291533,0.0133449,0.0696924
31,0.999136,212.995233536,0.00258364,0.0123685,0.0688586
32,0.999083,225.997080803,0.00294078,0.0137501,0.0680348
33,0.999124,216.006960869,0.00292307,0.0138499,0.0672208
34,0.999136,212.995233536,0.00258062,0.0130696,0.0664166
35,0.999067,229.993128777,0.00291139,0.0132915,0.065622
36,0.99916,207.001161575,0.00266009,0.0129901,0.064837
37,0.999152,208.999185562,0.00287828,0.0136935,0.0640613
38,0.999136,212.995233536,0.00275922,0.0125646,0.0632949
39,0.999079,226.996092796,0.00286921,0.0136616,0.0625376
40,0.999132,213.994245529,0.00257794,0.0128803,0.0617894
41,0.999225,191.002278328,0.0024703,0.0124944,0.0610502
42,0.999136,212.995233536,0.00252814,0.0121904,0.0603198
43,0.999107,220.003008842,0.00294859,0.012873,0.0595982
44,0.999144,210.997209549,0.00245606,0.011759,0.0588852
45,0.999237,188.005242348,0.00232425,0.0121691,0.0581807
46,0.999172,204.004125595,0.00229181,0.0117737,0.0574846
47,0.999213,193.999314308,0.00237779,0.0122671,0.0567969
48,0.999197,197.995362282,0.00243574,0.0114407,0.0561174
49,0.999217,193.000302315,0.00247128,0.0122508,0.055446
50,0.999201,196.996350288,0.00245596,0.0125391,0.0547827
51,0.999363,157.006487846,0.00195092,0.0109871,0.0541273
52,0.99929,175.003395081,0.0021726,0.0117736,0.0534797
53,0.999245,186.007218361,0.00231619,0.0117816,0.0528399
54,0.999318,167.995619774,0.00199313,0.0111196,0.0522078
55,0.999233,189.004254341,0.00226582,0.0122753,0.0515832
56,0.999359,158.00549984,0.00209684,0.0116021,0.050966
57,0.999331,164.998583794,0.00199178,0.0115031,0.0503563
58,0.999351,160.003523827,0.00188118,0.0107495,0.0497538
59,0.99944,137.995877266,0.00163816,0.0094448,0.0491586
60,0.999327,165.997595787,0.00199059,0.0116303,0.0485705
61,0.999266,180.997467041,0.0019884,0.0110464,0.0479894
62,0.999416,144.004640579,0.00173123,0.0109731,0.0474153
63,0.999318,167.995619774,0.00198142,0.0111517,0.046848
64,0.99927,179.998455048,0.00193071,0.0115171,0.0462875
65,0.9994,148.000688553,0.00163339,0.0100942,0.0457338
66,0.999387,150.997724533,0.00169189,0.0104631,0.0451866
67,0.999452,134.998841286,0.0016347,0.00962601,0.044646
68,0.999404,147.001676559,0.00170223,0.00968896,0.0441119
69,0.9994,148.000688553,0.00173984,0.0107993,0.0435842
70,0.999493,124.994029999,0.00141249,0.00989201,0.0430627
71,0.999424,142.006616592,0.00149397,0.0100117,0.0425475
72,0.999436,138.994889259,0.00153863,0.00977792,0.0420385
73,0.999436,138.994889259,0.00148292,0.00929648,0.0415356
74,0.999452,134.998841286,0.00148929,0.0103179,0.0410387
75,0.999469,131.002793312,0.00139805,0.00982814,0.0405477
76,0.99957,105.998110771,0.00134428,0.00988285,0.0400626
77,0.99942,143.005628586,0.0015348,0.00986145,0.0395833
78,0.999501,122.996006012,0.00146419,0.00947992,0.0391097
79,0.999513,119.998970032,0.00133187,0.00954605,0.0386418
80,0.999464,132.001805305,0.0013829,0.00987193,0.0381795
81,0.999485,127.006745338,0.00136785,0.00927714,0.0377228
82,0.999481,128.005757332,0.00139734,0.00933003,0.0372715
83,0.999558,108.995146751,0.00121613,0.00863407,0.0368256
84,0.999513,119.998970032,0.00136964,0.00976277,0.036385
85,0.999558,108.995146751,0.00121049,0.00848692,0.0359497
86,0.999517,118.999958038,0.00131921,0.00927302,0.0355196
87,0.999586,102.002062798,0.00116674,0.00953952,0.0350947
88,0.999493,124.994029999,0.00140659,0.00993595,0.0346748
89,0.999566,106.997122765,0.00127253,0.00892241,0.03426
90,0.999558,108.995146751,0.0012287,0.0090075,0.0338501
91,0.99959,101.003050804,0.00114363,0.00884416,0.0334451
92,0.999574,104.999098778,0.00113439,0.00855204,0.033045
93,0.999615,94.9942874908,0.00113931,0.00877887,0.0326496
94,0.99957,105.998110771,0.00116365,0.00888482,0.032259
95,0.999562,107.996134758,0.00118119,0.00923122,0.0318731
96,0.999554,109.994158745,0.00118913,0.00870521,0.0314918
97,0.999598,99.0050268173,0.00115024,0.00875062,0.031115
98,0.99957,105.998110771,0.00115501,0.00920198,0.0307428
99,0.999627,91.9972515106,0.00114893,0.00855286,0.030375
100,0.999639,89.0002155304,0.00105792,0.00817582,0.0300116
101,0.999651,86.0031795502,0.00103361,0.00801018,0.0296525
102,0.999586,102.002062798,0.0011672,0.00970611,0.0292978
103,0.999643,88.001203537,0.0010324,0.00785707,0.0289473
104,0.999659,84.0051555634,0.000997611,0.00778441,0.028601
105,0.999675,79.9944162369,0.00095685,0.0083258,0.0282588
106,0.999631,90.9982395172,0.000936846,0.00788165,0.0279207
107,0.999627,91.9972515106,0.000991831,0.00837992,0.0275867
108,0.999598,99.0050268173,0.00111737,0.00914794,0.0272566
109,0.999611,95.9932994843,0.00105156,0.00891962,0.0269305
110,0.999659,84.0051555634,0.000932663,0.00780001,0.0266084
111,0.999667,82.0071315765,0.000952403,0.00759651,0.02629
112,0.999623,92.996263504,0.000980857,0.00861159,0.0259755
113,0.999639,89.0002155304,0.000964209,0.008117,0.0256647
114,0.999724,68.006272316,0.000829144,0.00765419,0.0253577
115,0.999671,80.9934282303,0.000853851,0.00739859,0.0250543
116,0.999684,77.9963922501,0.000898079,0.00813661,0.0247546
117,0.9997,74.0003442764,0.000913274,0.00833738,0.0244584
118,0.999704,73.001332283,0.000833295,0.00773484,0.0241658
119,0.999647,87.0021915436,0.000865184,0.00816475,0.0238767
120,0.999748,61.9975090027,0.000788493,0.00739259,0.023591
121,0.999704,73.001332283,0.000853164,0.00762351,0.0233088
122,0.999736,64.9945449829,0.000815956,0.00772111,0.0230299
123,0.999696,74.9993562698,0.00087387,0.00837529,0.0227544
124,0.9997,74.0003442764,0.000857593,0.00817512,0.0224822
125,0.9997,74.0003442764,0.000771832,0.00666605,0.0222132
126,0.999692,75.9983682632,0.000779526,0.00680599,0.0219475
127,0.999744,62.9965209961,0.000758103,0.00733873,0.0216849
128,0.99974,63.9955329895,0.000804404,0.00738638,0.0214255
129,0.999732,65.9935569763,0.000732744,0.00729851,0.0211691
130,0.999753,60.9984970093,0.000688019,0.00697194,0.0209159
131,0.999757,59.9994850159,0.000727763,0.00710006,0.0206656
132,0.999736,64.9945449829,0.00071373,0.00716411,0.0204184
133,0.999757,59.9994850159,0.000747606,0.00756477,0.0201741
134,0.999765,58.0014610291,0.000741994,0.00745834,0.0199328
135,0.999789,51.9926977158,0.000732218,0.00746718,0.0196943
136,0.999793,50.9936857224,0.000648621,0.00704536,0.0194587
137,0.999809,46.9976377487,0.000676677,0.00668849,0.0192259
138,0.999736,64.9945449829,0.000733689,0.00732535,0.0189959
139,0.999777,55.0044250488,0.000673939,0.00688077,0.0187686
140,0.999777,55.0044250488,0.000686019,0.00675039,0.0185441
141,0.999801,48.9956617355,0.000644922,0.00689293,0.0183222
142,0.999753,60.9984970093,0.000666507,0.00674505,0.018103
143,0.999777,55.0044250488,0.00065547,0.0064072,0.0178864
144,0.999769,57.0024490356,0.000709944,0.00749753,0.0176725
145,0.999777,55.0044250488,0.000619168,0.00726272,0.017461
146,0.999773,56.0034370422,0.000615845,0.00669479,0.0172521
147,0.999838,40.0045537949,0.000626108,0.00635763,0.0170457
148,0.999797,49.9946737289,0.000629146,0.00603947,0.0168418
149,0.999801,48.9956617355,0.00059161,0.00597609,0.0166403
150,0.999781,54.0054130554,0.000635669,0.00606869,0.0164412
151,0.999789,51.9926977158,0.000633979,0.00654377,0.0162445
152,0.999826,43.0015897751,0.000578861,0.00670131,0.0160502
153,0.999813,45.9986257553,0.000598742,0.00617788,0.0158582
154,0.999842,39.0055418015,0.00056726,0.00590814,0.0156684
155,0.999834,41.0035657883,0.000538954,0.00582219,0.015481
156,0.999842,39.0055418015,0.000537178,0.00582827,0.0152958
157,0.999838,40.0045537949,0.000575121,0.00597249,0.0151128
158,0.999801,48.9956617355,0.000599798,0.00638319,0.014932
159,0.999826,43.0015897751,0.000567621,0.00593247,0.0147533
160,0.999817,44.9996137619,0.000547293,0.00548818,0.0145768
161,0.999862,33.9957904816,0.000535185,0.00546823,0.0144025
162,0.999838,40.0045537949,0.000544653,0.00576008,0.0142301
163,0.999846,38.006529808,0.000525428,0.00531784,0.0140599
164,0.999858,34.994802475,0.000533195,0.00552914,0.0138917
165,0.999842,39.0055418015,0.000530648,0.00500673,0.0137255
166,0.99985,36.9928264618,0.000547904,0.00589004,0.0135613
167,0.999862,33.9957904816,0.000528003,0.00544721,0.013399
168,0.99987,31.9977664948,0.000496509,0.00488526,0.0132387
169,0.999854,35.9938144684,0.000515996,0.00533309,0.0130804
170,0.999878,29.9997425079,0.000495614,0.00504657,0.0129239
171,0.999854,35.9938144684,0.000521377,0.00546254,0.0127693
172,0.99985,36.9928264618,0.000489606,0.00507443,0.0126165
173,0.99987,31.9977664948,0.000512782,0.0056387,0.0124655
174,0.999842,39.0055418015,0.000524058,0.00559978,0.0123164
175,0.999858,34.994802475,0.000511907,0.00574902,0.0121691
176,0.99985,36.9928264618,0.000512267,0.0056246,0.0120235
177,0.99985,36.9928264618,0.000512276,0.0055423,0.0118796
178,0.999842,39.0055418015,0.000485866,0.0050317,0.0117375
179,0.999899,25.0046825409,0.000453535,0.00469224,0.0115971
180,0.999862,33.9957904816,0.000477777,0.00503524,0.0114583
181,0.999866,32.9967784882,0.000498384,0.00534341,0.0113213
182,0.999858,34.994802475,0.000472673,0.00499191,0.0111858
183,0.99985,36.9928264618,0.000501363,0.005413,0.011052
184,0.999882,29.0007305145,0.000463667,0.00514871,0.0109198
185,0.999878,29.9997425079,0.000449948,0.00449015,0.0107891
186,0.999874,30.9987545013,0.000449065,0.00506903,0.01066
187,0.99987,31.9977664948,0.000460896,0.00491034,0.0105325
188,0.99987,31.9977664948,0.000456392,0.00511318,0.0104065
189,0.999882,29.0007305145,0.000459967,0.00485326,0.010282
190,0.999878,29.9997425079,0.000452482,0.00471311,0.010159
191,0.999878,29.9997425079,0.000440012,0.00458395,0.0100375
192,0.999882,29.0007305145,0.000437027,0.00443386,0.00991737
193,0.999878,29.9997425079,0.000427047,0.00428302,0.00979872
194,0.999874,30.9987545013,0.000455617,0.00439905,0.00968149
195,0.999903,24.0056705475,0.000428883,0.00476247,0.00956567
196,0.999882,29.0007305145,0.000422998,0.00440516,0.00945123
197,0.999882,29.0007305145,0.0004365,0.00453673,0.00933816
198,0.999903,24.0056705475,0.000433004,0.00468429,0.00922644
199,0.99987,31.9977664948,0.00044718,0.00496837,0.00911606
200,0.999903,24.0056705475,0.000422896,0.0048184,0.00900699
201,0.999911,21.9929552078,0.000424671,0.00424536,0.00889924
202,0.999878,29.9997425079,0.000432901,0.00459403,0.00879277
203,0.99989,27.0027065277,0.000413246,0.0044838,0.00868757
204,0.99989,27.0027065277,0.000424755,0.00446766,0.00858364
205,0.99989,27.0027065277,0.000419753,0.00467211,0.00848095
206,0.999903,24.0056705475,0.000421926,0.00463015,0.00837948
207,0.999886,28.0017185211,0.000427593,0.00453781,0.00827924
208,0.999882,29.0007305145,0.000412288,0.00431518,0.00818019
209,0.999886,28.0017185211,0.000418715,0.00476639,0.00808232
210,0.999907,23.0066585541,0.000409333,0.00436418,0.00798562
211,0.999903,24.0056705475,0.000402592,0.00372296,0.00789009
212,0.999903,24.0056705475,0.000428592,0.00481387,0.00779569
213,0.999894,26.0036945343,0.000418717,0.00458033,0.00770243
214,0.999886,28.0017185211,0.000417028,0.0045792,0.00761028
215,0.999878,29.9997425079,0.000405788,0.00422685,0.00751923
216,0.999907,23.0066585541,0.000399482,0.0045547,0.00742928
217,0.999894,26.0036945343,0.000404568,0.00417246,0.00734039
218,0.999911,21.9929552078,0.000384137,0.00360907,0.00725257
219,0.999903,24.0056705475,0.000396383,0.00375641,0.00716581
220,0.999915,20.9939432144,0.000417416,0.00435349,0.00708008
221,0.999907,23.0066585541,0.000384375,0.00357309,0.00699537
222,0.999915,20.9939432144,0.000402449,0.00408551,0.00691168
223,0.999915,20.9939432144,0.000393166,0.00404465,0.00682899
224,0.999911,21.9929552078,0.000380654,0.00384803,0.00674729
225,0.999915,20.9939432144,0.00038964,0.00382287,0.00666657
226,0.999899,25.0046825409,0.000393063,0.00401958,0.00658682
227,0.999915,20.9939432144,0.000381134,0.00439509,0.00650801
228,0.99989,27.0027065277,0.000385563,0.00416737,0.00643015
229,0.999907,23.0066585541,0.000385207,0.00394205,0.00635322
230,0.999911,21.9929552078,0.000389609,0.00406566,0.00627722
231,0.999915,20.9939432144,0.000381966,0.00388516,0.00620212
232,0.999903,24.0056705475,0.000381325,0.00377112,0.00612792
233,0.999919,19.994931221,0.000379501,0.00369929,0.00605461
234,0.999911,21.9929552078,0.00037431,0.00385419,0.00598217
235,0.999903,24.0056705475,0.000381546,0.00421278,0.0059106
236,0.999894,26.0036945343,0.000377472,0.00401447,0.00583989
237,0.999907,23.0066585541,0.000370751,0.00370914,0.00577002
238,0.999911,21.9929552078,0.000384237,0.00427311,0.00570099
239,0.999903,24.0056705475,0.000388545,0.00395744,0.00563279
240,0.999911,21.9929552078,0.000371559,0.00369059,0.0055654
241,0.999915,20.9939432144,0.000366536,0.00352148,0.00549882
242,0.999919,19.994931221,0.000367316,0.0037261,0.00543303
243,0.999919,19.994931221,0.000376143,0.00407817,0.00536803
244,0.999915,20.9939432144,0.00037281,0.00363894,0.00530381
245,0.999919,19.994931221,0.000371326,0.00390051,0.00524036
246,0.999911,21.9929552078,0.00036674,0.00358632,0.00517766
247,0.999915,20.9939432144,0.000364968,0.00356765,0.00511572
248,0.999907,23.0066585541,0.000365289,0.00387181,0.00505451
249,0.999923,18.9959192276,0.000368577,0.00374347,0.00499405
250,0.999899,25.0046825409,0.000359173,0.00328498,0.0049343
251,0.999919,19.994931221,0.000365054,0.00353444,0.00487527
252,0.999923,18.9959192276,0.000361915,0.00385171,0.00481694
253,0.999911,21.9929552078,0.000373652,0.00398531,0.00475931
254,0.999915,20.9939432144,0.000351197,0.0032731,0.00470237
255,0.999919,19.994931221,0.000360793,0.00389116,0.00464611
256,0.999915,20.9939432144,0.000371678,0.0040838,0.00459053
257,0.999927,17.9969072342,0.000351358,0.00304645,0.00453561
258,0.999894,26.0036945343,0.000356703,0.00378527,0.00448135
259,0.999911,21.9929552078,0.000355265,0.00370187,0.00442773
260,0.999911,21.9929552078,0.000361036,0.00346188,0.00437476
261,0.999915,20.9939432144,0.000360247,0.00380539,0.00432242
262,0.999907,23.0066585541,0.000351415,0.00375313,0.00427071
263,0.999919,19.994931221,0.000354172,0.00366833,0.00421962
264,0.999911,21.9929552078,0.000355425,0.0034879,0.00416914
265,0.999931,16.9978952408,0.000347697,0.00330451,0.00411926
266,0.999911,21.9929552078,0.000354575,0.00362717,0.00406998
267,0.999919,19.994931221,0.000349165,0.00321409,0.00402128
268,0.999915,20.9939432144,0.00035126,0.00351484,0.00397318
269,0.999919,19.994931221,0.000354192,0.00336165,0.00392564
270,0.999915,20.9939432144,0.000350966,0.00350234,0.00387868
271,0.999919,19.994931221,0.000348461,0.00386884,0.00383227
272,0.999927,17.9969072342,0.00034862,0.00363667,0.00378642
273,0.999919,19.994931221,0.000345543,0.00346317,0.00374113
274,0.999923,18.9959192276,0.000353369,0.00372231,0.00369637
275,0.999927,17.9969072342,0.000340254,0.0032607,0.00365215
276,0.999919,19.994931221,0.000341826,0.00346151,0.00360845
277,0.999911,21.9929552078,0.000345805,0.00320435,0.00356528
278,0.999915,20.9939432144,0.000347361,0.00377108,0.00352263
279,0.999919,19.994931221,0.000344037,0.00376589,0.00348048
280,0.999915,20.9939432144,0.00034575,0.00381064,0.00343885
281,0.999923,18.9959192276,0.000338985,0.00301359,0.0033977
282,0.999923,18.9959192276,0.000346649,0.00394708,0.00335706
283,0.999915,20.9939432144,0.000341844,0.00342364,0.00331689
284,0.999923,18.9959192276,0.000338243,0.00327529,0.00327721
285,0.999915,20.9939432144,0.000343613,0.00336744,0.003238
286,0.999915,20.9939432144,0.000341145,0.00378908,0.00319926
287,0.999911,21.9929552078,0.000340476,0.00312555,0.00316099
288,0.999915,20.9939432144,0.000343503,0.00370813,0.00312317
289,0.999915,20.9939432144,0.000337455,0.0033939,0.00308581
290,0.999923,18.9959192276,0.000341679,0.00364603,0.00304889
291,0.999915,20.9939432144,0.000335478,0.00324534,0.00301241
292,0.999923,18.9959192276,0.00034042,0.00313155,0.00297637
293,0.999923,18.9959192276,0.000341511,0.00361703,0.00294077
294,0.999919,19.994931221,0.000336044,0.00304743,0.00290558
295,0.999919,19.994931221,0.000341411,0.00344199,0.00287082
296,0.999915,20.9939432144,0.000336309,0.0033046,0.00283648
297,0.999915,20.9939432144,0.00033592,0.00341128,0.00280254
298,0.999927,17.9969072342,0.000336832,0.00347306,0.00276901
299,0.999919,19.994931221,0.000336536,0.00369384,0.00273589
300,0.999915,20.9939432144,0.000334588,0.0029919,0.00270315
301,0.999927,17.9969072342,0.000328363,0.00292015,0.00267081
302,0.999923,18.9959192276,0.000337538,0.00363325,0.00263886
303,0.999931,16.9978952408,0.000333803,0.00326902,0.00260729
304,0.999923,18.9959192276,0.000333126,0.00355274,0.0025761
305,0.999927,17.9969072342,0.000334013,0.00307431,0.00254528
306,0.999923,18.9959192276,0.000331928,0.00325927,0.00251483
307,0.999915,20.9939432144,0.000333476,0.00316673,0.00248474
308,0.999919,19.994931221,0.000329334,0.00282028,0.00245501
309,0.999919,19.994931221,0.000332808,0.00332536,0.00242564
310,0.999923,18.9959192276,0.000330179,0.00347426,0.00239662
311,0.999919,19.994931221,0.000330167,0.00322515,0.00236795
312,0.999923,18.9959192276,0.000329853,0.00308664,0.00233962
313,0.999923,18.9959192276,0.00032827,0.00287194,0.00231163
314,0.999919,19.994931221,0.000329337,0.003034,0.00228398
315,0.999923,18.9959192276,0.000328774,0.00312966,0.00225665
316,0.999923,18.9959192276,0.000331567,0.00359711,0.00222965
317,0.999919,19.994931221,0.000330358,0.00307794,0.00220298
318,0.999923,18.9959192276,0.000328808,0.00343848,0.00217662
319,0.999919,19.994931221,0.000325181,0.00312213,0.00215058
320,0.999911,21.9929552078,0.000327099,0.00293423,0.00212485
321,0.999919,19.994931221,0.000332396,0.003346,0.00209943
322,0.999923,18.9959192276,0.000327281,0.00303923,0.00207432
323,0.999919,19.994931221,0.000330604,0.00333252,0.0020495
324,0.999919,19.994931221,0.000327585,0.00301476,0.00202498
325,0.999915,20.9939432144,0.000326825,0.003105,0.00200075
326,0.999919,19.994931221,0.000325129,0.00317008,0.00197682
327,0.999919,19.994931221,0.000327851,0.00333499,0.00195317
328,0.999923,18.9959192276,0.000325167,0.002968,0.0019298
329,0.999919,19.994931221,0.000324834,0.00305014,0.00190671
330,0.999919,19.994931221,0.000327746,0.00325946,0.0018839
331,0.999915,20.9939432144,0.000326203,0.00321774,0.00186136
332,0.999915,20.9939432144,0.000325429,0.00282952,0.00183909
333,0.999919,19.994931221,0.000323818,0.00333549,0.00181709
334,0.999915,20.9939432144,0.000321889,0.00315954,0.00179535
335,0.999915,20.9939432144,0.000322337,0.00302482,0.00177387
336,0.999923,18.9959192276,0.000323898,0.0035468,0.00175265
337,0.999915,20.9939432144,0.000324282,0.00337891,0.00173168
338,0.999915,20.9939432144,0.000322587,0.00294799,0.00171097
339,0.999923,18.9959192276,0.000322179,0.00328392,0.0016905
340,0.999923,18.9959192276,0.000319968,0.00315293,0.00167027
341,0.999919,19.994931221,0.000322863,0.0030716,0.00165029
342,0.999919,19.994931221,0.000324253,0.00342835,0.00163055
343,0.999919,19.994931221,0.0003225,0.00321648,0.00161104
344,0.999923,18.9959192276,0.000320901,0.00328313,0.00159176
345,0.999923,18.9959192276,0.000320686,0.00330422,0.00157272
346,0.999923,18.9959192276,0.00032189,0.00288487,0.00155391
347,0.999919,19.994931221,0.000318997,0.00340511,0.00153532
348,0.999911,21.9929552078,0.000321433,0.00325318,0.00151695
349,0.999927,17.9969072342,0.000319535,0.0030432,0.0014988
350,0.999919,19.994931221,0.000319698,0.00310648,0.00148087
351,0.999923,18.9959192276,0.000319626,0.00325064,0.00146315
352,0.999919,19.994931221,0.000320666,0.00305895,0.00144565
353,0.999915,20.9939432144,0.000317545,0.00274776,0.00142835
354,0.999919,19.994931221,0.000318934,0.00325755,0.00141126
355,0.999923,18.9959192276,0.000319645,0.00318173,0.00139438
356,0.999915,20.9939432144,0.00031889,0.00301809,0.0013777
357,0.999923,18.9959192276,0.000320386,0.00346144,0.00136121
358,0.999923,18.9959192276,0.000316616,0.00267788,0.00134493
359,0.999927,17.9969072342,0.000318525,0.00305388,0.00132884
360,0.999923,18.9959192276,0.000318005,0.00293695,0.00131294
361,0.999923,18.9959192276,0.000319201,0.00299613,0.00129723
362,0.999919,19.994931221,0.000316529,0.00256207,0.00128171
363,0.999923,18.9959192276,0.000318927,0.0033863,0.00126638
364,0.999919,19.994931221,0.000316594,0.00301023,0.00125123
365,0.999923,18.9959192276,0.000318324,0.00325429,0.00123626
366,0.999919,19.994931221,0.000315582,0.00272517,0.00122147
367,0.999923,18.9959192276,0.000316273,0.00326817,0.00120686
368,0.999923,18.9959192276,0.000316178,0.00329522,0.00119242
369,0.999923,18.9959192276,0.000316543,0.00293628,0.00117815
370,0.999923,18.9959192276,0.000317189,0.00320992,0.00116406
371,0.999927,17.9969072342,0.000316545,0.00325123,0.00115013
372,0.999919,19.994931221,0.000316992,0.00324496,0.00113637
373,0.999923,18.9959192276,0.000317058,0.00299364,0.00112278
374,0.999923,18.9959192276,0.000316196,0.00309204,0.00110934
375,0.999923,18.9959192276,0.000314924,0.00272517,0.00109607
376,0.999923,18.9959192276,0.000313612,0.00257784,0.00108296
377,0.999919,19.994931221,0.000314168,0.00295243,0.00107
378,0.999919,19.994931221,0.000315542,0.00317894,0.0010572
379,0.999927,17.9969072342,0.000315036,0.00272305,0.00104455
380,0.999923,18.9959192276,0.000316404,0.00276261,0.00103206
381,0.999919,19.994931221,0.000314954,0.00309453,0.00101971
382,0.999927,17.9969072342,0.000313954,0.00291577,0.00100751
383,0.999923,18.9959192276,0.000314796,0.00285036,0.000995457
384,0.999923,18.9959192276,0.000314032,0.00268132,0.000983547
385,0.999927,17.9969072342,0.000315243,0.00329383,0.000971781
386,0.999923,18.9959192276,0.000314027,0.00305422,0.000960154
387,0.999923,18.9959192276,0.00031331,0.00298286,0.000948667
388,0.999919,19.994931221,0.000313918,0.0028757,0.000937318
389,0.999927,17.9969072342,0.000313255,0.00285104,0.000926104
390,0.999927,17.9969072342,0.000314463,0.00288806,0.000915025
391,0.999923,18.9959192276,0.00031306,0.00282138,0.000904077
392,0.999919,19.994931221,0.000313182,0.00317158,0.000893261
393,0.999923,18.9959192276,0.000313205,0.00260835,0.000882575
394,0.999919,19.994931221,0.000313562,0.00314933,0.000872016
395,0.999923,18.9959192276,0.00031246,0.0030295,0.000861583
396,0.999923,18.9959192276,0.000312625,0.00312652,0.000851276
397,0.999923,18.9959192276,0.000312699,0.00325626,0.000841091
398,0.999923,18.9959192276,0.00031385,0.00287361,0.000831029
399,0.999923,18.9959192276,0.000312201,0.00264459,0.000821087
400,0.999923,18.9959192276,0.000311956,0.00276247,0.000811263
401,0.999927,17.9969072342,0.000312208,0.00278202,0.000801557
402,0.999919,19.994931221,0.000311846,0.00252816,0.000791968
403,0.999923,18.9959192276,0.000311183,0.00265065,0.000782493
404,0.999927,17.9969072342,0.000313599,0.00336407,0.000773131
405,0.999923,18.9959192276,0.000311487,0.00288054,0.000763882
406,0.999923,18.9959192276,0.000312238,0.00310466,0.000754743
407,0.999919,19.994931221,0.000311455,0.00280295,0.000745714
408,0.999923,18.9959192276,0.000312704,0.00318584,0.000736792
409,0.999919,19.994931221,0.000311552,0.00312281,0.000727978
410,0.999923,18.9959192276,0.000311151,0.00256238,0.000719268
411,0.999923,18.9959192276,0.000310966,0.00300562,0.000710663
412,0.999923,18.9959192276,0.000311361,0.00298846,0.000702161
413,0.999931,16.9978952408,0.000311437,0.00317091,0.000693761
414,0.999923,18.9959192276,0.000311368,0.00290916,0.000685461
415,0.999923,18.9959192276,0.000310929,0.00301028,0.00067726
416,0.999927,17.9969072342,0.000310276,0.00309872,0.000669158
417,0.999927,17.9969072342,0.000311687,0.00294034,0.000661152
418,0.999927,17.9969072342,0.000309649,0.00255673,0.000653242
419,0.999927,17.9969072342,0.000310138,0.00257346,0.000645427
420,0.999923,18.9959192276,0.000309666,0.00276784,0.000637705
421,0.999927,17.9969072342,0.000310216,0.00283048,0.000630076
422,0.999927,17.9969072342,0.000310685,0.00323566,0.000622538
423,0.999923,18.9959192276,0.000310327,0.00299729,0.00061509
424,0.999935,15.9988832474,0.000310006,0.00284841,0.000607731
425,0.999927,17.9969072342,0.000309619,0.0024324,0.000600461
426,0.999927,17.9969072342,0.000310861,0.00313886,0.000593277
427,0.999927,17.9969072342,0.000309281,0.0027593,0.000586179
428,0.999923,18.9959192276,0.000310406,0.00318972,0.000579166
429,0.999923,18.9959192276,0.000309295,0.00248373,0.000572237
430,0.999927,17.9969072342,0.000309419,0.00287505,0.000565391
431,0.999927,17.9969072342,0.000308565,0.00264776,0.000558627
432,0.999923,18.9959192276,0.000310053,0.00288647,0.000551944
433,0.999927,17.9969072342,0.000308971,0.00279173,0.000545341
434,0.999923,18.9959192276,0.000310044,0.00305396,0.000538816
435,0.999923,18.9959192276,0.000308915,0.00216854,0.00053237
436,0.999923,18.9959192276,0.0003087,0.00286578,0.000526001
437,0.999923,18.9959192276,0.000308919,0.00299777,0.000519708
438,0.999927,17.9969072342,0.000309557,0.00295139,0.00051349
439,0.999927,17.9969072342,0.000309126,0.00273046,0.000507347
440,0.999919,19.994931221,0.000307864,0.00238442,0.000501278
441,0.999923,18.9959192276,0.0003096,0.0029816,0.00049528
442,0.999923,18.9959192276,0.000308062,0.00270797,0.000489355
443,0.999923,18.9959192276,0.000308816,0.0030194,0.000483501
444,0.999927,17.9969072342,0.000309266,0.00303217,0.000477716
445,0.999923,18.9959192276,0.00030799,0.00266589,0.000472001
446,0.999923,18.9959192276,0.00030873,0.00304217,0.000466354
447,0.999923,18.9959192276,0.000308056,0.0027431,0.000460775
448,0.999927,17.9969072342,0.000308722,0.00312838,0.000455262
449,0.999923,18.9959192276,0.000308374,0.00301548,0.000449815
450,0.999923,18.9959192276,0.000308257,0.00278778,0.000444434
451,0.999919,19.994931221,0.000308052,0.00297978,0.000439117
452,0.999923,18.9959192276,0.000307862,0.00239751,0.000433863
453,0.999923,18.9959192276,0.000307758,0.00302471,0.000428673
454,0.999923,18.9959192276,0.00030807,0.00299696,0.000423544
455,0.999923,18.9959192276,0.000307439,0.00282284,0.000418477
456,0.999923,18.9959192276,0.00030771,0.00281087,0.000413471
457,0.999923,18.9959192276,0.000307646,0.00311111,0.000408524
458,0.999923,18.9959192276,0.000307499,0.00273746,0.000403637
459,0.999919,19.994931221,0.000307751,0.00272704,0.000398808
460,0.999927,17.9969072342,0.000307505,0.00263835,0.000394036
461,0.999919,19.994931221,0.000307329,0.00264405,0.000389322
462,0.999923,18.9959192276,0.000306883,0.00239747,0.000384665
463,0.999923,18.9959192276,0.00030697,0.00261965,0.000380063
464,0.999919,19.994931221,0.000307138,0.00307492,0.000375516
465,0.999923,18.9959192276,0.000307035,0.00256467,0.000371023
466,0.999919,19.994931221,0.000307327,0.00292143,0.000366584
467,0.999923,18.9959192276,0.000307513,0.00265428,0.000362199
468,0.999919,19.994931221,0.000306783,0.00236686,0.000357865
469,0.999927,17.9969072342,0.000307163,0.00265675,0.000353584
470,0.999919,19.994931221,0.000307561,0.00328606,0.000349354
471,0.999923,18.9959192276,0.000306924,0.00256483,0.000345174
472,0.999919,19.994931221,0.000306888,0.00276904,0.000341045
473,0.999919,19.994931221,0.000307144,0.00264426,0.000336965
474,0.999919,19.994931221,0.000307357,0.00267239,0.000332933
475,0.999919,19.994931221,0.00030696,0.00265946,0.00032895
476,0.999919,19.994931221,0.000306932,0.00294023,0.000325015
477,0.999919,19.994931221,0.000306913,0.00275127,0.000321126
478,0.999919,19.994931221,0.000306735,0.00264495,0.000317285
479,0.999919,19.994931221,0.000307179,0.00270085,0.000313489
480,0.999919,19.994931221,0.000306559,0.00254162,0.000309738
481,0.999919,19.994931221,0.000306733,0.00271121,0.000306032
482,0.999919,19.994931221,0.000306735,0.00265529,0.000302371
483,0.999919,19.994931221,0.000306282,0.00262481,0.000298754
484,0.999923,18.9959192276,0.000306686,0.00259327,0.000295179
485,0.999919,19.994931221,0.000306689,0.00251282,0.000291648
486,0.999923,18.9959192276,0.000306556,0.00265197,0.000288159
487,0.999919,19.994931221,0.000306034,0.00256633,0.000284711
488,0.999923,18.9959192276,0.000306375,0.0026681,0.000281305
489,0.999923,18.9959192276,0.000306183,0.00257565,0.00027794
490,0.999919,19.994931221,0.000306206,0.00254235,0.000274615
491,0.999919,19.994931221,0.000306825,0.00274967,0.000271329
492,0.999919,19.994931221,0.000306295,0.00278433,0.000268083
493,0.999919,19.994931221,0.000306292,0.00288535,0.000264876
494,0.999919,19.994931221,0.000306358,0.00274211,0.000261707
495,0.999923,18.9959192276,0.000306453,0.00288349,0.000258576
496,0.999919,19.994931221,0.000306048,0.00261605,0.000255483
497,0.999919,19.994931221,0.000305937,0.0024939,0.000252426
498,0.999919,19.994931221,0.000305987,0.00253042,0.000249406
499,0.999919,19.994931221,0.00030612,0.00270872,0.000246422
500,0.999919,19.994931221,0.00030615,0.00252691,0.000243474
501,0.999923,18.9959192276,0.00030564,0.00239749,0.000240561
502,0.999919,19.994931221,0.000306273,0.00275629,0.000237683
503,0.999927,17.9969072342,0.000306181,0.00277504,0.00023484
504,0.999923,18.9959192276,0.000305893,0.00242519,0.00023203
505,0.999919,19.994931221,0.000306058,0.00236507,0.000229254
506,0.999923,18.9959192276,0.000306119,0.00294681,0.000226512
507,0.999923,18.9959192276,0.0003059,0.00226846,0.000223802
508,0.999923,18.9959192276,0.000305957,0.00259983,0.000221124
509,0.999919,19.994931221,0.000305777,0.00256068,0.000218479
510,0.999919,19.994931221,0.000305908,0.00273334,0.000215865
511,0.999923,18.9959192276,0.000305487,0.00226267,0.000213282
512,0.999919,19.994931221,0.000305569,0.00253913,0.000210731
513,0.999919,19.994931221,0.00030576,0.0025494,0.00020821
514,0.999923,18.9959192276,0.000305557,0.00258946,0.000205719
515,0.999923,18.9959192276,0.000305568,0.00240384,0.000203257
516,0.999919,19.994931221,0.00030557,0.00246528,0.000200826
517,0.999919,19.994931221,0.000305597,0.00257298,0.000198423
518,0.999919,19.994931221,0.000305164,0.0024443,0.000196049
519,0.999919,19.994931221,0.000305313,0.00227568,0.000193704
520,0.999923,18.9959192276,0.00030545,0.00252291,0.000191386
521,0.999923,18.9959192276,0.000305321,0.00283259,0.000189097
522,0.999919,19.994931221,0.000305539,0.0024669,0.000186834
523,0.999923,18.9959192276,0.000305216,0.00221903,0.000184599
524,0.999923,18.9959192276,0.000305501,0.00279279,0.000182391
525,0.999923,18.9959192276,0.000305094,0.00241048,0.000180209
526,0.999919,19.994931221,0.000305292,0.00275341,0.000178053
527,0.999919,19.994931221,0.000305297,0.00261562,0.000175923
528,0.999919,19.994931221,0.000305351,0.00265094,0.000173818
529,0.999919,19.994931221,0.000305272,0.00241476,0.000171738
530,0.999919,19.994931221,0.000305259,0.00254496,0.000169684
531,0.999919,19.994931221,0.00030556,0.00279206,0.000167654
532,0.999919,19.994931221,0.000305202,0.00261122,0.000165648
533,0.999919,19.994931221,0.000305323,0.00241158,0.000163666
534,0.999919,19.994931221,0.000305153,0.00255632,0.000161708
535,0.999919,19.994931221,0.000305483,0.00251283,0.000159773
536,0.999923,18.9959192276,0.000305219,0.00254223,0.000157862
537,0.999919,19.994931221,0.000305074,0.00253369,0.000155973
538,0.999919,19.994931221,0.000305312,0.00262179,0.000154107
539,0.999919,19.994931221,0.000305107,0.00291054,0.000152264
540,0.999919,19.994931221,0.00030506,0.00263809,0.000150442
541,0.999919,19.994931221,0.000305044,0.00254188,0.000148642
542,0.999919,19.994931221,0.000304872,0.00274936,0.000146864
543,0.999919,19.994931221,0.000304994,0.00304268,0.000145107
544,0.999919,19.994931221,0.000304939,0.00273421,0.000143371
545,0.999919,19.994931221,0.000305032,0.0025518,0.000141656
546,0.999919,19.994931221,0.000304984,0.00251898,0.000139961
547,0.999919,19.994931221,0.00030484,0.00252561,0.000138286
548,0.999919,19.994931221,0.000304905,0.00250158,0.000136632
549,0.999919,19.994931221,0.000304937,0.002361,0.000134997
550,0.999919,19.994931221,0.000305065,0.00271638,0.000133382
551,0.999919,19.994931221,0.000304888,0.00245261,0.000131787
552,0.999923,18.9959192276,0.000304833,0.0027316,0.00013021
553,0.999919,19.994931221,0.000304739,0.00234594,0.000128652
554,0.999919,19.994931221,0.000304835,0.00243094,0.000127113
555,0.999919,19.994931221,0.000304816,0.00269673,0.000125592
556,0.999919,19.994931221,0.00030491,0.00269253,0.00012409
557,0.999919,19.994931221,0.000304905,0.00281676,0.000122605
558,0.999919,19.994931221,0.00030483,0.00279132,0.000121138
559,0.999919,19.994931221,0.000304814,0.00256697,0.000119689
560,0.999919,19.994931221,0.000304618,0.00238322,0.000118257
561,0.999919,19.994931221,0.000304961,0.00292695,0.000116842
562,0.999923,18.9959192276,0.00030465,0.00234648,0.000115445
563,0.999923,18.9959192276,0.000304567,0.00241763,0.000114063
564,0.999923,18.9959192276,0.000304696,0.00271679,0.000112699
565,0.999923,18.9959192276,0.000304846,0.00277046,0.00011135
566,0.999923,18.9959192276,0.000304773,0.00279098,0.000110018
567,0.999923,18.9959192276,0.000304797,0.00283914,0.000108702
568,0.999923,18.9959192276,0.000304512,0.0022428,0.000107402
569,0.999923,18.9959192276,0.000304667,0.00259906,0.000106117
570,0.999927,17.9969072342,0.000304598,0.00260524,0.000104847
571,0.999923,18.9959192276,0.000304662,0.00270477,0.000103593
572,0.999927,17.9969072342,0.000304518,0.00262803,0.000102353
573,0.999923,18.9959192276,0.000304714,0.00252788,0.000101129
574,0.999923,18.9959192276,0.000304665,0.00255192,9.9919e-05
575,0.999919,19.994931221,0.000304538,0.00209094,9.87236e-05
576,0.999923,18.9959192276,0.000304462,0.00238026,9.75425e-05
577,0.999923,18.9959192276,0.00030467,0.00262369,9.63756e-05
578,0.999923,18.9959192276,0.00030472,0.00240752,9.52225e-05
579,0.999923,18.9959192276,0.000304551,0.00232261,9.40834e-05
580,0.999919,19.994931221,0.000304553,0.00241834,9.29578e-05
581,0.999919,19.994931221,0.000304452,0.00245136,9.18456e-05
582,0.999923,18.9959192276,0.000304528,0.00260657,9.07468e-05
583,0.999923,18.9959192276,0.000304394,0.00250035,8.96612e-05
584,0.999923,18.9959192276,0.000304558,0.00270285,8.85885e-05
585,0.999923,18.9959192276,0.000304563,0.00239376,8.75286e-05
586,0.999923,18.9959192276,0.000304431,0.00241502,8.64815e-05
587,0.999923,18.9959192276,0.000304448,0.00250835,8.54468e-05
588,0.999923,18.9959192276,0.000304517,0.00244036,8.44246e-05
589,0.999923,18.9959192276,0.000304441,0.0024861,8.34145e-05
590,0.999923,18.9959192276,0.000304516,0.00260226,8.24166e-05
591,0.999923,18.9959192276,0.000304361,0.0026249,8.14306e-05
592,0.999923,18.9959192276,0.000304422,0.00284591,8.04564e-05
593,0.999919,19.994931221,0.000304521,0.0027264,7.94938e-05
594,0.999923,18.9959192276,0.000304348,0.00239087,7.85428e-05
595,0.999923,18.9959192276,0.000304328,0.00256986,7.76031e-05
596,0.999923,18.9959192276,0.000304369,0.00263146,7.66747e-05
597,0.999923,18.9959192276,0.000304346,0.00237373,7.57574e-05
598,0.999923,18.9959192276,0.000304351,0.00256563,7.48511e-05
599,0.999923,18.9959192276,0.000304335,0.00230228,7.39556e-05
600,0.999923,18.9959192276,0.000304426,0.00254373,7.30708e-05
601,0.999923,18.9959192276,0.000304305,0.00236631,7.21966e-05
602,0.999923,18.9959192276,0.000304433,0.00266697,7.13328e-05
603,0.999923,18.9959192276,0.000304297,0.00232559,7.04794e-05
604,0.999923,18.9959192276,0.000304136,0.00203043,6.96363e-05
605,0.999923,18.9959192276,0.000304183,0.00203828,6.88032e-05
606,0.999923,18.9959192276,0.00030421,0.00259225,6.798e-05
607,0.999923,18.9959192276,0.000304246,0.00248861,6.71667e-05
608,0.999923,18.9959192276,0.000304182,0.00260005,6.63632e-05
609,0.999923,18.9959192276,0.000304232,0.00249647,6.55692e-05
610,0.999923,18.9959192276,0.000304159,0.00220731,6.47847e-05
611,0.999923,18.9959192276,0.000304262,0.00248834,6.40097e-05
612,0.999923,18.9959192276,0.000304257,0.00248405,6.32439e-05
613,0.999923,18.9959192276,0.000304299,0.00248788,6.24873e-05
614,0.999923,18.9959192276,0.000304209,0.00213846,6.17397e-05
615,0.999923,18.9959192276,0.000304237,0.00253957,6.10011e-05
616,0.999923,18.9959192276,0.000304327,0.00278301,6.02713e-05
617,0.999923,18.9959192276,0.000304189,0.00213352,5.95502e-05
618,0.999923,18.9959192276,0.000304202,0.00231956,5.88378e-05
619,0.999923,18.9959192276,0.000304268,0.00237425,5.81338e-05
620,0.999927,17.9969072342,0.000304274,0.00239118,5.74383e-05
621,0.999927,17.9969072342,0.000304248,0.0024939,5.67512e-05
622,0.999927,17.9969072342,0.000304365,0.0024134,5.60722e-05
623,0.999927,17.9969072342,0.000304233,0.00239319,5.54014e-05
624,0.999927,17.9969072342,0.000304226,0.00203217,5.47386e-05
625,0.999927,17.9969072342,0.000304189,0.00219,5.40837e-05
626,0.999927,17.9969072342,0.000304284,0.00247998,5.34367e-05
627,0.999927,17.9969072342,0.000304243,0.00209415,5.27974e-05
628,0.999927,17.9969072342,0.000304247,0.0023586,5.21657e-05
629,0.999927,17.9969072342,0.000304296,0.00253453,5.15416e-05
630,0.999927,17.9969072342,0.000304237,0.00203173,5.0925e-05
631,0.999927,17.9969072342,0.000304233,0.00212669,5.03157e-05
632,0.999927,17.9969072342,0.000304191,0.00204111,4.97138e-05
633,0.999927,17.9969072342,0.000304253,0.0025042,4.9119e-05
634,0.999927,17.9969072342,0.000304262,0.00223224,4.85314e-05
635,0.999927,17.9969072342,0.000304229,0.00216238,4.79508e-05
636,0.999927,17.9969072342,0.000304259,0.00251065,4.73771e-05
637,0.999927,17.9969072342,0.000304248,0.00240413,4.68103e-05
638,0.999927,17.9969072342,0.000304302,0.00235322,4.62503e-05
639,0.999927,17.9969072342,0.00030424,0.00230489,4.5697e-05
640,0.999927,17.9969072342,0.000304179,0.00234762,4.51503e-05
641,0.999927,17.9969072342,0.000304211,0.00214777,4.46101e-05
642,0.999927,17.9969072342,0.000304174,0.00215002,4.40764e-05
643,0.999927,17.9969072342,0.000304342,0.00250784,4.35491e-05
644,0.999927,17.9969072342,0.000304179,0.0021244,4.30281e-05
645,0.999927,17.9969072342,0.000304181,0.00230079,4.25133e-05
646,0.999927,17.9969072342,0.000304199,0.00209908,4.20047e-05
647,0.999927,17.9969072342,0.000304263,0.0023344,4.15021e-05
648,0.999927,17.9969072342,0.000304201,0.00232477,4.10056e-05
649,0.999927,17.9969072342,0.00030421,0.00235417,4.05151e-05
650,0.999927,17.9969072342,0.000304235,0.0027654,4.00303e-05
651,0.999927,17.9969072342,0.000304282,0.00281238,3.95514e-05
652,0.999927,17.9969072342,0.000304261,0.00224923,3.90782e-05
653,0.999927,17.9969072342,0.000304175,0.00205043,3.86107e-05
654,0.999927,17.9969072342,0.000304246,0.00257501,3.81488e-05
655,0.999927,17.9969072342,0.000304212,0.00236983,3.76924e-05
656,0.999927,17.9969072342,0.000304201,0.0021302,3.72415e-05
657,0.999927,17.9969072342,0.000304227,0.00227758,3.67959e-05
658,0.999927,17.9969072342,0.000304146,0.00218137,3.63557e-05
659,0.999927,17.9969072342,0.000304221,0.00224741,3.59207e-05
660,0.999927,17.9969072342,0.000304204,0.0024322,3.5491e-05
661,0.999927,17.9969072342,0.000304232,0.00282951,3.50664e-05
662,0.999927,17.9969072342,0.000304216,0.00267817,3.46469e-05
663,0.999927,17.9969072342,0.000304199,0.00244639,3.42324e-05
664,0.999927,17.9969072342,0.000304195,0.00252729,3.38228e-05
665,0.999927,17.9969072342,0.000304203,0.00204382,3.34182e-05
666,0.999927,17.9969072342,0.000304179,0.00212372,3.30184e-05
667,0.999927,17.9969072342,0.0003042,0.00197886,3.26234e-05
668,0.999927,17.9969072342,0.000304204,0.00201627,3.22331e-05
669,0.999927,17.9969072342,0.000304245,0.00238299,3.18474e-05
670,0.999927,17.9969072342,0.000304255,0.00210839,3.14664e-05
671,0.999927,17.9969072342,0.000304268,0.00215431,3.109e-05
672,0.999927,17.9969072342,0.000304214,0.00196856,3.0718e-05
673,0.999927,17.9969072342,0.000304236,0.00219198,3.03505e-05
674,0.999927,17.9969072342,0.000304233,0.00215373,2.99874e-05
675,0.999927,17.9969072342,0.000304209,0.00217785,2.96287e-05
676,0.999927,17.9969072342,0.000304231,0.00204413,2.92742e-05
677,0.999923,18.9959192276,0.000304237,0.00210055,2.8924e-05
678,0.999927,17.9969072342,0.000304212,0.00207341,2.85779e-05
679,0.999923,18.9959192276,0.000304238,0.0020525,2.8236e-05
680,0.999927,17.9969072342,0.000304243,0.0023715,2.78982e-05
681,0.999927,17.9969072342,0.000304271,0.00218983,2.75645e-05
682,0.999927,17.9969072342,0.000304236,0.00192993,2.72347e-05
683,0.999919,19.994931221,0.000304251,0.00206925,2.69089e-05
684,0.999923,18.9959192276,0.000304313,0.00216003,2.65869e-05
685,0.999919,19.994931221,0.000304288,0.00182827,2.62689e-05
686,0.999923,18.9959192276,0.000304323,0.00230506,2.59546e-05
687,0.999923,18.9959192276,0.000304289,0.00211614,2.56441e-05
688,0.999919,19.994931221,0.000304326,0.00242286,2.53373e-05
689,0.999919,19.994931221,0.000304308,0.00203942,2.50341e-05
690,0.999919,19.994931221,0.000304303,0.00207426,2.47346e-05
691,0.999919,19.994931221,0.000304307,0.00222157,2.44387e-05
692,0.999919,19.994931221,0.000304334,0.00223678,2.41463e-05
693,0.999919,19.994931221,0.000304369,0.00232555,2.38575e-05
694,0.999919,19.994931221,0.000304336,0.00193455,2.3572e-05
695,0.999919,19.994931221,0.000304365,0.0023518,2.329e-05
696,0.999919,19.994931221,0.000304382,0.00200782,2.30114e-05
697,0.999919,19.994931221,0.000304381,0.00233042,2.27361e-05
698,0.999919,19.994931221,0.000304436,0.00222114,2.24641e-05
699,0.999919,19.994931221,0.00030444,0.00235946,2.21953e-05
700,0.999919,19.994931221,0.00030446,0.00234829,2.19298e-05
701,0.999919,19.994931221,0.000304471,0.00224834,2.16674e-05
702,0.999919,19.994931221,0.000304465,0.00225668,2.14082e-05
703,0.999919,19.994931221,0.000304502,0.00226013,2.11521e-05
704,0.999919,19.994931221,0.000304501,0.00242746,2.0899e-05
705,0.999919,19.994931221,0.000304509,0.00209999,2.0649e-05
706,0.999919,19.994931221,0.000304545,0.00225579,2.0402e-05
707,0.999919,19.994931221,0.000304553,0.00220232,2.01579e-05
708,0.999919,19.994931221,0.000304571,0.00208253,1.99167e-05
709,0.999919,19.994931221,0.000304612,0.00232221,1.96785e-05
710,0.999919,19.994931221,0.000304618,0.00228583,1.9443e-05
711,0.999919,19.994931221,0.000304648,0.00226081,1.92104e-05
712,0.999919,19.994931221,0.000304622,0.00200805,1.89806e-05
713,0.999919,19.994931221,0.000304671,0.00221811,1.87535e-05
714,0.999919,19.994931221,0.000304672,0.00219655,1.85291e-05
715,0.999919,19.994931221,0.000304652,0.00230453,1.83075e-05
716,0.999919,19.994931221,0.000304692,0.00244827,1.80885e-05
717,0.999919,19.994931221,0.000304662,0.00226899,1.7872e-05
718,0.999919,19.994931221,0.000304679,0.00243554,1.76582e-05
719,0.999919,19.994931221,0.000304726,0.00249421,1.7447e-05
720,0.999919,19.994931221,0.000304732,0.00239301,1.72382e-05
721,0.999919,19.994931221,0.000304745,0.00234038,1.7032e-05
722,0.999919,19.994931221,0.000304785,0.00223126,1.68282e-05
723,0.999919,19.994931221,0.00030481,0.00229122,1.66269e-05
724,0.999919,19.994931221,0.000304855,0.00217727,1.6428e-05
725,0.999919,19.994931221,0.000304884,0.00235344,1.62315e-05
726,0.999919,19.994931221,0.000304891,0.00233655,1.60373e-05
727,0.999919,19.994931221,0.000304918,0.00232623,1.58454e-05
728,0.999919,19.994931221,0.000304947,0.00242797,1.56558e-05
729,0.999919,19.994931221,0.00030497,0.00229962,1.54685e-05
730,0.999919,19.994931221,0.000304965,0.00215041,1.52835e-05
731,0.999919,19.994931221,0.000305,0.00223349,1.51006e-05
732,0.999919,19.994931221,0.000305001,0.00212743,1.492e-05
733,0.999919,19.994931221,0.000305011,0.00205714,1.47415e-05
734,0.999919,19.994931221,0.000305001,0.00252045,1.45651e-05
735,0.999919,19.994931221,0.000305006,0.00246501,1.43909e-05
736,0.999919,19.994931221,0.000304982,0.00234704,1.42187e-05
737,0.999919,19.994931221,0.000304978,0.00236186,1.40486e-05
738,0.999919,19.994931221,0.000304982,0.00236784,1.38805e-05
739,0.999919,19.994931221,0.000304989,0.00248554,1.37144e-05
740,0.999919,19.994931221,0.000304977,0.00228601,1.35504e-05
741,0.999919,19.994931221,0.00030498,0.00234199,1.33883e-05
742,0.999919,19.994931221,0.000304972,0.00241237,1.32281e-05
743,0.999919,19.994931221,0.000304966,0.00237266,1.30698e-05
744,0.999919,19.994931221,0.00030497,0.00255212,1.29135e-05
745,0.999919,19.994931221,0.000304985,0.00252528,1.2759e-05
746,0.999919,19.994931221,0.000304988,0.00261022,1.26063e-05
747,0.999919,19.994931221,0.000305002,0.00222813,1.24555e-05
748,0.999919,19.994931221,0.000304985,0.00211385,1.23065e-05
749,0.999919,19.994931221,0.000304977,0.00220017,1.21593e-05
750,0.999919,19.994931221,0.000304994,0.00228149,1.20138e-05
751,0.999919,19.994931221,0.000304986,0.00227165,1.18701e-05
752,0.999919,19.994931221,0.000304987,0.00219073,1.17281e-05
753,0.999919,19.994931221,0.000305008,0.00236309,1.15877e-05
754,0.999919,19.994931221,0.000304999,0.00246633,1.14491e-05
755,0.999919,19.994931221,0.000304989,0.00221454,1.13121e-05
756,0.999919,19.994931221,0.000304997,0.00240645,1.11768e-05
757,0.999923,18.9959192276,0.000304989,0.00247779,1.10431e-05
758,0.999923,18.9959192276,0.000304993,0.00239391,1.0911e-05
759,0.999923,18.9959192276,0.000304989,0.00233625,1.07804e-05
760,0.999923,18.9959192276,0.000304982,0.00197389,1.06515e-05
761,0.999923,18.9959192276,0.000305002,0.00247898,1.0524e-05
762,0.999923,18.9959192276,0.000304999,0.00242557,1.03981e-05
763,0.999923,18.9959192276,0.000305001,0.00214796,1.02737e-05
764,0.999923,18.9959192276,0.000304993,0.00201796,1.01508e-05
765,0.999923,18.9959192276,0.000305008,0.00240741,1.00294e-05
766,0.999923,18.9959192276,0.000305003,0.00235564,9.90939e-06
767,0.999923,18.9959192276,0.000305002,0.00209327,9.79083e-06
768,0.999923,18.9959192276,0.000305003,0.00201437,9.6737e-06
769,0.999923,18.9959192276,0.000305021,0.00222278,9.55797e-06
770,0.999923,18.9959192276,0.000305025,0.00212834,9.44362e-06
771,0.999923,18.9959192276,0.000305028,0.00199084,9.33064e-06
772,0.999923,18.9959192276,0.000305037,0.00198566,9.21901e-06
773,0.999923,18.9959192276,0.000305049,0.00193244,9.10872e-06
774,0.999923,18.9959192276,0.000305065,0.00212465,8.99974e-06
775,0.999923,18.9959192276,0.000305072,0.0023821,8.89207e-06
776,0.999923,18.9959192276,0.000305095,0.00229958,8.78569e-06
777,0.999923,18.9959192276,0.000305102,0.00216272,8.68058e-06
778,0.999923,18.9959192276,0.000305118,0.00244189,8.57673e-06
779,0.999923,18.9959192276,0.000305121,0.00231698,8.47412e-06
780,0.999923,18.9959192276,0.000305129,0.00248301,8.37274e-06
781,0.999923,18.9959192276,0.000305135,0.00247744,8.27257e-06
782,0.999923,18.9959192276,0.000305146,0.00229996,8.1736e-06
783,0.999923,18.9959192276,0.000305139,0.00210548,8.07581e-06
784,0.999923,18.9959192276,0.000305139,0.00228513,7.9792e-06
785,0.999923,18.9959192276,0.000305137,0.00212365,7.88374e-06
786,0.999923,18.9959192276,0.000305134,0.00208366,7.78942e-06
787,0.999923,18.9959192276,0.00030514,0.00223225,7.69623e-06
788,0.999923,18.9959192276,0.000305146,0.00206601,7.60415e-06
789,0.999923,18.9959192276,0.00030514,0.00206864,7.51318e-06
790,0.999923,18.9959192276,0.000305149,0.00231418,7.42329e-06
791,0.999923,18.9959192276,0.000305153,0.00217141,7.33448e-06
792,0.999923,18.9959192276,0.000305155,0.00223145,7.24674e-06
793,0.999923,18.9959192276,0.000305154,0.00220974,7.16004e-06
794,0.999923,18.9959192276,0.000305158,0.00223145,7.07438e-06
795,0.999923,18.9959192276,0.000305157,0.00208201,6.98974e-06
796,0.999923,18.9959192276,0.000305162,0.00221993,6.90612e-06
797,0.999923,18.9959192276,0.000305162,0.00212422,6.8235e-06
798,0.999923,18.9959192276,0.000305177,0.00211126,6.74186e-06
799,0.999923,18.9959192276,0.000305183,0.00214386,6.66121e-06
800,0.999923,18.9959192276,0.000305185,0.00210679,6.58151e-06
801,0.999923,18.9959192276,0.000305191,0.00216919,6.50277e-06
802,0.999923,18.9959192276,0.000305189,0.00225241,6.42498e-06
803,0.999923,18.9959192276,0.000305194,0.0022073,6.34811e-06
804,0.999923,18.9959192276,0.000305202,0.00217213,6.27216e-06
805,0.999923,18.9959192276,0.000305213,0.00215722,6.19713e-06
806,0.999923,18.9959192276,0.000305219,0.00216022,6.12298e-06
807,0.999923,18.9959192276,0.000305227,0.00214523,6.04973e-06
808,0.999923,18.9959192276,0.000305246,0.00215805,5.97736e-06
809,0.999923,18.9959192276,0.000305255,0.00218701,5.90584e-06
810,0.999923,18.9959192276,0.000305264,0.00227827,5.83519e-06
811,0.999927,17.9969072342,0.000305275,0.00240234,5.76538e-06
812,0.999927,17.9969072342,0.000305293,0.00250905,5.6964e-06
813,0.999927,17.9969072342,0.000305303,0.00250905,5.62825e-06
814,0.999927,17.9969072342,0.000305305,0.00248049,5.56091e-06
815,0.999927,17.9969072342,0.000305325,0.0025444,5.49439e-06
816,0.999927,17.9969072342,0.000305328,0.0025444,5.42866e-06
817,0.999927,17.9969072342,0.000305336,0.00256352,5.36371e-06
818,0.999927,17.9969072342,0.000305341,0.00247844,5.29954e-06
819,0.999927,17.9969072342,0.000305344,0.00253028,5.23614e-06
820,0.999927,17.9969072342,0.000305352,0.00254129,5.17349e-06
821,0.999927,17.9969072342,0.000305359,0.00257645,5.1116e-06
822,0.999927,17.9969072342,0.000305366,0.00268072,5.05045e-06
823,0.999927,17.9969072342,0.000305371,0.00265698,4.99002e-06
824,0.999927,17.9969072342,0.00030538,0.00268185,4.93033e-06
825,0.999927,17.9969072342,0.000305373,0.00252079,4.87134e-06
826,0.999927,17.9969072342,0.000305386,0.00267497,4.81306e-06
827,0.999927,17.9969072342,0.000305388,0.00256562,4.75548e-06
828,0.999927,17.9969072342,0.000305396,0.002623,4.69858e-06
829,0.999927,17.9969072342,0.000305403,0.00243871,4.64237e-06
830,0.999927,17.9969072342,0.000305411,0.00250256,4.58684e-06
831,0.999927,17.9969072342,0.000305418,0.00242997,4.53196e-06
832,0.999927,17.9969072342,0.000305432,0.0025296,4.47774e-06
833,0.999927,17.9969072342,0.000305432,0.0025296,4.42417e-06
834,0.999927,17.9969072342,0.000305437,0.00246645,4.37124e-06
835,0.999927,17.9969072342,0.00030545,0.0025296,4.31894e-06
836,0.999927,17.9969072342,0.000305446,0.00235271,4.26728e-06
837,0.999927,17.9969072342,0.000305453,0.00235271,4.21622e-06
838,0.999927,17.9969072342,0.000305452,0.00233007,4.16578e-06
839,0.999927,17.9969072342,0.000305449,0.00233007,4.11594e-06
840,0.999927,17.9969072342,0.000305451,0.0023315,4.0667e-06
841,0.999927,17.9969072342,0.00030545,0.0023315,4.01805e-06
842,0.999927,17.9969072342,0.000305447,0.00242575,3.96997e-06
843,0.999927,17.9969072342,0.000305445,0.00229057,3.92248e-06
844,0.999927,17.9969072342,0.000305447,0.00236831,3.87555e-06
845,0.999927,17.9969072342,0.000305448,0.00238368,3.82919e-06
846,0.999927,17.9969072342,0.000305452,0.00242772,3.78338e-06
847,0.999927,17.9969072342,0.000305452,0.00224832,3.73811e-06
848,0.999927,17.9969072342,0.000305454,0.00224832,3.69339e-06
849,0.999927,17.9969072342,0.000305453,0.00224832,3.64921e-06
850,0.999927,17.9969072342,0.000305454,0.00224832,3.60555e-06
851,0.999927,17.9969072342,0.000305453,0.00224832,3.56241e-06
852,0.999927,17.9969072342,0.000305457,0.00242772,3.51979e-06
853,0.999927,17.9969072342,0.000305459,0.00242772,3.47768e-06
854,0.999927,17.9969072342,0.000305459,0.00242772,3.43608e-06
855,0.999927,17.9969072342,0.000305457,0.00242772,3.39497e-06
856,0.999927,17.9969072342,0.000305453,0.00242772,3.35435e-06
857,0.999927,17.9969072342,0.000305457,0.00241674,3.31422e-06
858,0.999927,17.9969072342,0.000305458,0.00235679,3.27457e-06
859,0.999927,17.9969072342,0.000305455,0.00235679,3.23539e-06
860,0.999927,17.9969072342,0.00030546,0.00235679,3.19669e-06
861,0.999927,17.9969072342,0.000305461,0.00235679,3.15845e-06
862,0.999927,17.9969072342,0.00030546,0.00235679,3.12066e-06
863,0.999927,17.9969072342,0.000305463,0.00235679,3.08332e-06
864,0.999927,17.9969072342,0.000305463,0.00235679,3.04644e-06
865,0.999927,17.9969072342,0.000305466,0.00235679,3.00999e-06
866,0.999927,17.9969072342,0.000305464,0.00235679,2.97398e-06
867,0.999927,17.9969072342,0.000305465,0.00248501,2.9384e-06
868,0.999927,17.9969072342,0.000305467,0.00248501,2.90324e-06
869,0.999927,17.9969072342,0.000305468,0.00248501,2.86851e-06
870,0.999927,17.9969072342,0.000305468,0.00248501,2.83419e-06
871,0.999927,17.9969072342,0.000305467,0.00248501,2.80029e-06
872,0.999927,17.9969072342,0.000305472,0.00248501,2.76678e-06
873,0.999927,17.9969072342,0.000305473,0.00248501,2.73368e-06
874,0.999927,17.9969072342,0.000305475,0.00248501,2.70098e-06
875,0.999927,17.9969072342,0.000305475,0.00248501,2.66867e-06
876,0.999927,17.9969072342,0.000305476,0.00248501,2.63674e-06
877,0.999927,17.9969072342,0.000305475,0.00248501,2.60519e-06
878,0.999927,17.9969072342,0.000305475,0.002442,2.57403e-06
879,0.999927,17.9969072342,0.000305474,0.002442,2.54323e-06
880,0.999927,17.9969072342,0.000305475,0.002442,2.5128e-06
881,0.999927,17.9969072342,0.000305475,0.002442,2.48274e-06
0.999927,0.000305475,2982.2344279289246,0.00250244,0.0097855134045,0.00071100103009
