93,80,0.4,2,1000, .1 
0,0.49094,125472.997484,1.91403e+06,318.98,0.0999996
1,0.922882,19007.9955196,1282.28,5.18722,0.0990878
2,0.994235,1421.00641251,15.4095,0.525119,0.0981843
3,0.998186,446.999101639,0.822302,0.133324,0.0972891
4,0.99886,281.001505852,0.145861,0.0892944,0.096402
5,0.999006,244.993000031,0.0948601,0.0749826,0.095523
6,0.998982,251.001763344,0.0947982,0.0769303,0.094652
7,0.999087,224.99806881,0.0822143,0.0694245,0.0937889
8,0.999144,210.997209549,0.0681797,0.0647375,0.0929338
9,0.999034,237.999916077,0.0946142,0.0754483,0.0920864
10,0.99912,217.005972862,0.0811321,0.0672276,0.0912467
11,0.998913,267.999658585,0.108994,0.0833598,0.0904147
12,0.99914,211.996221542,0.0778247,0.0668235,0.0895903
13,0.999047,235.002880096,0.0874439,0.0740332,0.0887734
14,0.999144,210.997209549,0.0686229,0.0668605,0.087964
15,0.999103,221.002020836,0.0759732,0.0664269,0.0871619
16,0.999018,241.99596405,0.0842543,0.0719392,0.0863672
17,0.99903,238.99892807,0.0809098,0.0793914,0.0855797
18,0.999063,231.006832123,0.0740766,0.0729253,0.0847993
19,0.99899,249.003739357,0.092221,0.0739425,0.0840261
20,0.999193,198.994374275,0.0655857,0.0637966,0.08326
21,0.999189,199.993386269,0.0689448,0.0616867,0.0825008
22,0.999144,210.997209549,0.0698223,0.0693651,0.0817485
23,0.999043,236.00189209,0.0770965,0.0684781,0.0810032
24,0.999197,197.995362282,0.0567869,0.0582591,0.0802646
25,0.999197,197.995362282,0.0577983,0.0597268,0.0795327
26,0.999258,182.995491028,0.0499557,0.053221,0.0788075
27,0.999193,198.994374275,0.062035,0.0641693,0.0780889
28,0.999193,198.994374275,0.0639507,0.0662417,0.0773769
29,0.999237,188.005242348,0.0597813,0.0595869,0.0766714
30,0.999294,174.004383087,0.0523234,0.0556418,0.0759723
31,0.999209,194.998326302,0.0576574,0.0631329,0.0752796
32,0.999156,208.000173569,0.0716752,0.0721925,0.0745931
33,0.999254,183.994503021,0.056393,0.064068,0.073913
34,0.999278,178.000431061,0.048152,0.0562064,0.0732391
35,0.999237,188.005242348,0.0592744,0.0624582,0.0725712
36,0.999249,184.993515015,0.056841,0.0614965,0.0719095
37,0.99931,169.993643761,0.051533,0.0558507,0.0712539
38,0.999225,191.002278328,0.0558704,0.0639763,0.0706042
39,0.999278,178.000431061,0.0507534,0.0572574,0.0699604
40,0.999254,183.994503021,0.0540791,0.0628046,0.0693225
41,0.999306,170.992655754,0.0452077,0.0565846,0.0686904
42,0.999383,151.996736526,0.0411785,0.0548445,0.0680641
43,0.999306,170.992655754,0.0478649,0.0569855,0.0674434
44,0.999213,193.999314308,0.0558689,0.0621708,0.0668285
45,0.999363,157.006487846,0.0368937,0.0492146,0.0662191
46,0.999383,151.996736526,0.0388027,0.0513694,0.0656153
47,0.999379,152.99574852,0.0371153,0.0524337,0.0650171
48,0.999383,151.996736526,0.0368419,0.0539948,0.0644242
49,0.999298,173.005371094,0.0432532,0.0604828,0.0638368
50,0.999477,129.004769325,0.030409,0.0460524,0.0632547
51,0.999355,159.004511833,0.0385561,0.0537705,0.062678
52,0.999412,145.003652573,0.0404473,0.0497895,0.0621065
53,0.99946,133.000817299,0.031147,0.0462658,0.0615402
54,0.999371,154.993772507,0.0384152,0.0521003,0.060979
55,0.999513,119.998970032,0.0304832,0.04834,0.060423
56,0.999493,124.994029999,0.0282248,0.0435233,0.0598721
57,0.999375,153.994760513,0.039285,0.047394,0.0593262
58,0.99927,179.998455048,0.0450848,0.0600479,0.0587852
59,0.999424,142.006616592,0.0307843,0.0493302,0.0582492
60,0.999469,131.002793312,0.0269508,0.0455523,0.0577181
61,0.999497,123.995018005,0.0298428,0.0492955,0.0571918
62,0.999432,139.993901253,0.0327954,0.0517512,0.0566703
63,0.999485,127.006745338,0.0275771,0.042412,0.0561536
64,0.999558,108.995146751,0.0238637,0.040914,0.0556416
65,0.999416,144.004640579,0.0325571,0.0494164,0.0551342
66,0.999436,138.994889259,0.025638,0.0441396,0.0546315
67,0.999542,113.005886078,0.024703,0.0434631,0.0541334
68,0.999383,151.996736526,0.0324075,0.0554639,0.0536398
69,0.999566,106.997122765,0.0243001,0.0394754,0.0531507
70,0.999464,132.001805305,0.032813,0.0507481,0.0526661
71,0.999436,138.994889259,0.0282801,0.0524432,0.0521858
72,0.999517,118.999958038,0.0215128,0.0426155,0.05171
73,0.999623,92.996263504,0.014463,0.0339125,0.0512385
74,0.999586,102.002062798,0.0211573,0.0396876,0.0507713
75,0.999517,118.999958038,0.0274515,0.0469978,0.0503084
76,0.999582,103.001074791,0.0204299,0.0380883,0.0498497
77,0.999542,113.005886078,0.0217347,0.0439752,0.0493951
78,0.999521,118.000946045,0.021595,0.0406431,0.0489447
79,0.999562,107.996134758,0.0225464,0.0420532,0.0484984
80,0.99955,110.993170738,0.0182291,0.039932,0.0480562
81,0.999643,88.001203537,0.013169,0.0319897,0.0476181
82,0.999505,121.996994019,0.0253813,0.0468776,0.0471839
83,0.999631,90.9982395172,0.0195676,0.0402314,0.0467536
84,0.999562,107.996134758,0.0193991,0.0373638,0.0463273
85,0.99955,110.993170738,0.0198263,0.0425576,0.0459049
86,0.99959,101.003050804,0.0162403,0.0387316,0.0454863
87,0.999586,102.002062798,0.0198663,0.0407337,0.0450716
88,0.999647,87.0021915436,0.0131814,0.031783,0.0446606
89,0.999615,94.9942874908,0.0164957,0.0416269,0.0442534
90,0.999655,85.0041675568,0.0124482,0.0334195,0.0438499
91,0.999647,87.0021915436,0.0133558,0.0321773,0.0434501
92,0.999623,92.996263504,0.0147172,0.0377092,0.0430539
93,0.999606,97.0070028305,0.0188205,0.0421403,0.0426613
94,0.999667,82.0071315765,0.0143287,0.0328113,0.0422723
95,0.999615,94.9942874908,0.0173047,0.0384755,0.0418869
96,0.999627,91.9972515106,0.014054,0.0350039,0.041505
97,0.99968,78.9954042435,0.0109636,0.0323574,0.0411265
98,0.999643,88.001203537,0.0143899,0.0370405,0.0407515
99,0.999724,68.006272316,0.00987191,0.0304768,0.0403799
100,0.999704,73.001332283,0.0126203,0.0298132,0.0400117
101,0.99972,69.0052843094,0.0102609,0.0285578,0.0396469
102,0.999744,62.9965209961,0.0098282,0.0270734,0.0392854
103,0.999712,71.0033082962,0.0115237,0.0325908,0.0389272
104,0.999598,99.0050268173,0.0103277,0.0357516,0.0385723
105,0.99972,69.0052843094,0.00898266,0.0303516,0.0382206
106,0.999716,70.0042963028,0.00983136,0.0283765,0.0378721
107,0.99972,69.0052843094,0.00624912,0.0272855,0.0375267
108,0.999708,72.0023202896,0.00969582,0.0328506,0.0371846
109,0.9997,74.0003442764,0.0105295,0.0323931,0.0368455
110,0.99974,63.9955329895,0.0092447,0.0286733,0.0365096
111,0.999728,67.0072603226,0.00795562,0.0272997,0.0361766
112,0.999708,72.0023202896,0.0112397,0.0337849,0.0358468
113,0.999708,72.0023202896,0.00905638,0.0303428,0.0355199
114,0.999712,71.0033082962,0.0106349,0.0289541,0.0351961
115,0.999655,85.0041675568,0.0120483,0.0359389,0.0348751
116,0.999692,75.9983682632,0.0107149,0.0333441,0.0345571
117,0.9997,74.0003442764,0.0105846,0.030414,0.034242
118,0.999724,68.006272316,0.00712739,0.0288245,0.0339298
119,0.999785,53.006401062,0.00524021,0.023444,0.0336204
120,0.999692,75.9983682632,0.0103173,0.0329936,0.0333139
121,0.999757,59.9994850159,0.00676532,0.0254645,0.0330101
122,0.999793,50.9936857224,0.00586146,0.0250657,0.0327091
123,0.999809,46.9976377487,0.0061955,0.0246777,0.0324109
124,0.999781,54.0054130554,0.006064,0.0279468,0.0321154
125,0.999838,40.0045537949,0.00453464,0.021761,0.0318225
126,0.999797,49.9946737289,0.00569387,0.0249772,0.0315324
127,0.999785,53.006401062,0.00501718,0.0242228,0.0312449
128,0.999805,47.9966497421,0.00516996,0.0223259,0.03096
129,0.999732,65.9935569763,0.00672734,0.0296489,0.0306777
130,0.999765,58.0014610291,0.00626617,0.0241457,0.0303979
131,0.999813,45.9986257553,0.0045498,0.0242006,0.0301208
132,0.999821,44.0006017685,0.00400233,0.02482,0.0298461
133,0.999789,51.9926977158,0.00703477,0.026552,0.029574
134,0.999809,46.9976377487,0.00453299,0.0241416,0.0293043
135,0.999781,54.0054130554,0.00496371,0.0242006,0.0290371
136,0.999821,44.0006017685,0.00489257,0.0241554,0.0287724
137,0.999854,35.9938144684,0.00346715,0.0212965,0.02851
138,0.999801,48.9956617355,0.00467486,0.0276556,0.0282501
139,0.999821,44.0006017685,0.00432028,0.0232808,0.0279925
140,0.999854,35.9938144684,0.00257255,0.0179215,0.0277372
141,0.999866,32.9967784882,0.00318773,0.0172841,0.0274843
142,0.999846,38.006529808,0.0036308,0.0199273,0.0272337
143,0.999866,32.9967784882,0.00301817,0.0186446,0.0269854
144,0.999809,46.9976377487,0.00409143,0.021288,0.0267393
145,0.999846,38.006529808,0.0027364,0.0213627,0.0264955
146,0.999886,28.0017185211,0.0019595,0.0168652,0.0262539
147,0.99985,36.9928264618,0.00252314,0.020397,0.0260146
148,0.999858,34.994802475,0.00251332,0.018008,0.0257774
149,0.999919,19.994931221,0.00140491,0.0132824,0.0255423
150,0.999866,32.9967784882,0.00213406,0.0201929,0.0253094
151,0.999862,33.9957904816,0.00274076,0.0265713,0.0250786
152,0.999886,28.0017185211,0.00117185,0.0166748,0.02485
153,0.999854,35.9938144684,0.00290587,0.0202633,0.0246234
154,0.999886,28.0017185211,0.00193573,0.0153194,0.0243989
155,0.999935,15.9988832474,0.000852202,0.0125877,0.0241764
156,0.999943,14.0008592606,0.00102518,0.0125059,0.023956
157,0.999972,6.99308395386,0.000370664,0.00671368,0.0237375
158,0.999968,8.00678730011,0.000575266,0.0086614,0.0235211
159,0.999907,23.0066585541,0.00125381,0.0157701,0.0233066
160,0.999915,20.9939432144,0.000718342,0.0138818,0.0230941
161,0.999903,24.0056705475,0.00137081,0.0174682,0.0228835
162,0.999947,13.0018472672,0.000832058,0.0130538,0.0226749
163,0.999943,14.0008592606,0.000588135,0.0133978,0.0224681
164,0.99989,27.0027065277,0.00165693,0.0171238,0.0222633
165,0.999907,23.0066585541,0.0016059,0.0157926,0.0220603
166,0.999915,20.9939432144,0.000958278,0.0149559,0.0218591
167,0.999923,18.9959192276,0.000929787,0.0127046,0.0216598
168,0.999959,10.0048112869,0.000384827,0.00877907,0.0214623
169,0.999984,3.99604797363,0.000220121,0.00673895,0.0212666
170,0.999988,2.99703598022,0.000301582,0.00620604,0.0210727
171,0.999976,5.99407196045,0.000188352,0.00979269,0.0208805
172,0.999976,5.99407196045,0.000365395,0.0100059,0.0206902
173,0.999976,5.99407196045,0.0001267,0.00670712,0.0205015
174,0.99998,4.99505996704,0.000189997,0.00450364,0.0203146
175,0.999992,1.99802398682,0.000106734,0.00243551,0.0201293
176,0.999996,0.999011993408,2.79165e-05,0.00151238,0.0199458
177,0.999976,5.99407196045,0.000125052,0.00634038,0.0197639
178,0.999988,2.99703598022,6.91137e-05,0.00242491,0.0195837
179,0.999996,0.999011993408,1.56976e-05,0.00151191,0.0194051
180,0.999996,0.999011993408,1.20763e-05,0.00262436,0.0192282
181,1.0,0.0,0.0,0.0,0.0190529
1.0,0.0,617.4637584686279,1.29297,0.00891546993306,0.000685948719758
