92,10,0.3,2,1000, .1 
0,0.438889,202.000004053,2.07561e+06,1067.61,0.0996661
1,0.436111,202.999995947,1.76097e+06,973.19,0.0986712
2,0.433333,203.999998569,1.49986e+06,892.834,0.0976861
3,0.441667,201.000001431,1.284e+06,818.826,0.0967109
4,0.452778,197.000001669,1.10268e+06,749.441,0.0957455
5,0.45,198.000004292,952841.0,691.284,0.0947897
6,0.469444,190.999996662,826088.0,634.275,0.0938434
7,0.463889,193.000001907,722143.0,589.869,0.0929065
8,0.458333,194.999996424,632709.0,550.441,0.0919791
9,0.475,189.000002146,555829.0,510.938,0.0910608
10,0.483333,186.000005007,490569.0,475.612,0.0901518
11,0.497222,181.000002623,435043.0,445.312,0.0892518
12,0.5,180.0,386480.0,417.898,0.0883608
13,0.502778,179.000008106,344086.0,395.117,0.0874787
14,0.508333,177.000002861,306759.0,372.623,0.0866054
15,0.519444,172.999992371,274538.0,349.721,0.0857408
16,0.530556,169.000003338,246255.0,330.14,0.0848849
17,0.538889,166.000006199,221023.0,312.751,0.0840375
18,0.552778,161.000003815,199540.0,291.139,0.0831985
19,0.561111,158.000006676,180728.0,275.63,0.082368
20,0.569444,155.000009537,163906.0,259.336,0.0815457
21,0.577778,151.99999094,149346.0,247.075,0.0807316
22,0.588889,148.000001907,136128.0,235.749,0.0799257
23,0.591667,147.000010014,124254.0,225.887,0.0791278
24,0.594444,145.999996662,113456.0,217.571,0.0783379
25,0.605556,142.000007629,103664.0,207.876,0.0775558
26,0.608333,140.999994278,94808.4,198.953,0.0767816
27,0.619444,137.000005245,86832.6,188.425,0.0760151
28,0.616667,137.999997139,79472.3,180.956,0.0752562
29,0.625,135.0,72850.5,171.607,0.074505
30,0.630556,132.999994755,67166.2,160.683,0.0737612
31,0.652778,124.999995232,62253.3,146.436,0.0730248
32,0.658333,122.999989986,58019.5,143.254,0.0722958
33,0.666667,119.999992847,54020.0,138.74,0.0715741
34,0.666667,119.999992847,50305.4,135.611,0.0708596
35,0.677778,116.000003815,46838.5,129.613,0.0701522
36,0.686111,113.000006676,43777.2,123.983,0.0694519
37,0.683333,113.999998569,40935.3,121.891,0.0687585
38,0.686111,113.000006676,38302.2,117.742,0.0680721
39,0.7,108.000004292,35908.5,110.607,0.0673926
40,0.697222,108.999996185,33747.9,108.88,0.0667198
41,0.697222,108.999996185,31692.7,104.378,0.0660537
42,0.7,108.000004292,29815.2,101.941,0.0653943
43,0.708333,105.000007153,28091.3,97.6286,0.0647415
44,0.711111,103.999993801,26514.2,94.88,0.0640952
45,0.725,98.9999914169,25119.6,89.4079,0.0634553
46,0.733333,95.999994278,23899.3,80.7832,0.0628219
47,0.741667,92.999997139,22863.4,77.4226,0.0621947
48,0.752778,89.0000081062,21932.7,74.9257,0.0615738
49,0.761111,85.9999895096,21084.5,73.3862,0.0609591
50,0.769444,82.9999923706,20252.0,72.1649,0.0603506
51,0.769444,82.9999923706,19491.9,69.9774,0.0597481
52,0.769444,82.9999923706,18765.7,68.9784,0.0591516
53,0.775,81.0000085831,18099.7,67.1072,0.0585611
54,0.777778,79.9999952316,17454.2,64.8582,0.0579765
55,0.769444,82.9999923706,16872.9,63.0213,0.0573977
56,0.769444,82.9999923706,16327.3,62.6608,0.0568247
57,0.772222,82.0000004768,15793.3,61.954,0.0562575
58,0.775,81.0000085831,15285.3,60.4579,0.0556959
59,0.780556,79.0000033379,14814.6,58.5461,0.0551398
60,0.780556,79.0000033379,14372.9,58.323,0.0545894
61,0.788889,76.0000061989,13943.4,57.1147,0.0540444
62,0.788889,76.0000061989,13534.7,56.5863,0.0535049
63,0.791667,74.9999928474,13135.1,56.0059,0.0529708
64,0.788889,76.0000061989,12748.4,56.0097,0.052442
65,0.794444,74.0000009537,12371.2,54.4109,0.0519184
66,0.791667,74.9999928474,12020.1,52.7176,0.0514001
67,0.791667,74.9999928474,11677.7,52.4835,0.050887
68,0.794444,74.0000009537,11353.3,50.9104,0.050379
69,0.797222,73.0000090599,11035.1,50.4998,0.0498761
70,0.802778,71.0000038147,10725.9,49.1734,0.0493782
71,0.802778,71.0000038147,10436.2,47.5599,0.0488852
72,0.808333,68.9999985695,10164.0,46.4097,0.0483972
73,0.816667,66.0000014305,9899.66,43.9721,0.0479141
74,0.822222,63.9999961853,9678.08,42.7718,0.0474357
75,0.825,63.0000042915,9467.5,42.3667,0.0469622
76,0.827778,61.9999909401,9260.96,41.2777,0.0464934
77,0.827778,61.9999909401,9062.66,41.171,0.0460292
78,0.822222,63.9999961853,8867.2,39.947,0.0455697
79,0.825,63.0000042915,8692.59,39.6175,0.0451148
80,0.830556,60.9999990463,8528.06,38.851,0.0446644
81,0.836111,58.9999938011,8369.5,37.2382,0.0442185
82,0.836111,58.9999938011,8222.59,37.1472,0.0437771
83,0.836111,58.9999938011,8078.41,37.0682,0.0433401
84,0.836111,58.9999938011,7936.04,37.4057,0.0429074
85,0.838889,58.0000019073,7793.13,37.1096,0.0424791
86,0.841667,57.0000100136,7654.25,36.8105,0.042055
87,0.838889,58.0000019073,7524.59,35.5447,0.0416352
88,0.838889,58.0000019073,7403.15,35.4686,0.0412195
89,0.841667,57.0000100136,7295.78,33.9725,0.0408081
90,0.844444,55.9999966621,7191.2,32.8023,0.0404007
91,0.841667,57.0000100136,7091.14,32.4125,0.0399973
92,0.841667,57.0000100136,6999.27,32.3022,0.0395981
93,0.841667,57.0000100136,6908.98,32.1963,0.0392027
94,0.836111,58.9999938011,6820.41,31.3822,0.0388114
95,0.838889,58.0000019073,6738.56,31.0841,0.0384239
96,0.841667,57.0000100136,6660.03,30.0438,0.0380404
97,0.838889,58.0000019073,6583.28,30.1362,0.0376606
98,0.844444,55.9999966621,6508.8,29.0876,0.0372846
99,0.844444,55.9999966621,6440.46,29.0004,0.0369124
100,0.844444,55.9999966621,6373.55,28.9212,0.0365439
101,0.844444,55.9999966621,6307.43,28.8409,0.0361791
102,0.841667,57.0000100136,6241.84,28.9222,0.0358179
103,0.841667,57.0000100136,6178.11,27.8485,0.0354604
104,0.847222,55.0000047684,6117.45,27.255,0.0351064
105,0.85,53.9999914169,6060.31,25.4342,0.0347559
106,0.852778,52.9999995232,6010.61,24.8897,0.0344089
107,0.852778,52.9999995232,5964.51,24.8483,0.0340654
108,0.852778,52.9999995232,5920.11,24.2231,0.0337254
109,0.852778,52.9999995232,5878.88,24.1867,0.0333887
110,0.855556,52.0000076294,5838.46,24.2688,0.0330554
111,0.855556,52.0000076294,5800.37,24.3287,0.0327254
112,0.852778,52.9999995232,5761.21,24.1956,0.0323987
113,0.852778,52.9999995232,5723.45,24.1524,0.0320753
114,0.852778,52.9999995232,5686.18,24.1105,0.031755
115,0.855556,52.0000076294,5648.83,23.6557,0.031438
116,0.852778,52.9999995232,5615.6,23.5622,0.0311242
117,0.855556,52.0000076294,5580.62,23.3742,0.0308135
118,0.855556,52.0000076294,5546.45,23.3381,0.0305059
119,0.852778,52.9999995232,5511.92,23.4556,0.0302013
120,0.855556,52.0000076294,5478.47,23.2727,0.0298998
121,0.855556,52.0000076294,5445.8,23.1155,0.0296013
122,0.852778,52.9999995232,5412.74,23.3594,0.0293058
123,0.855556,52.0000076294,5381.05,23.0593,0.0290133
124,0.855556,52.0000076294,5350.01,23.0319,0.0287236
125,0.852778,52.9999995232,5319.63,22.8869,0.0284369
126,0.852778,52.9999995232,5290.62,22.8622,0.028153
127,0.855556,52.0000076294,5261.24,22.6948,0.027872
128,0.852778,52.9999995232,5232.55,22.8091,0.0275937
129,0.852778,52.9999995232,5204.27,22.7844,0.0273183
130,0.855556,52.0000076294,5175.83,22.6251,0.0270455
131,0.855556,52.0000076294,5148.22,22.8877,0.0267755
132,0.852778,52.9999995232,5120.69,22.7177,0.0265082
133,0.855556,52.0000076294,5093.22,22.5665,0.0262436
134,0.852778,52.9999995232,5066.43,22.6773,0.0259816
135,0.855556,52.0000076294,5039.63,22.5311,0.0257223
136,0.858333,50.999994278,5014.0,21.9638,0.0254655
137,0.855556,52.0000076294,4990.83,22.2698,0.0252112
138,0.855556,52.0000076294,4965.33,21.7699,0.0249596
139,0.855556,52.0000076294,4941.55,22.2513,0.0247104
140,0.858333,50.999994278,4916.53,22.1163,0.0244637
141,0.852778,52.9999995232,4892.44,21.8676,0.0242195
142,0.855556,52.0000076294,4868.95,22.2256,0.0239777
143,0.855556,52.0000076294,4844.96,21.7571,0.0237383
144,0.855556,52.0000076294,4821.98,22.2157,0.0235014
145,0.855556,52.0000076294,4798.35,21.7591,0.0232668
146,0.855556,52.0000076294,4775.87,22.2092,0.0230345
147,0.852778,52.9999995232,4752.59,21.3364,0.0228045
148,0.852778,52.9999995232,4730.84,21.7558,0.0225769
149,0.855556,52.0000076294,4708.11,21.6729,0.0223515
150,0.85,53.9999914169,4686.19,21.421,0.0221284
151,0.855556,52.0000076294,4664.54,21.6807,0.0219074
152,0.85,53.9999914169,4642.82,21.4359,0.0216887
153,0.858333,50.999994278,4621.87,21.3533,0.0214722
154,0.855556,52.0000076294,4601.19,21.3844,0.0212579
155,0.855556,52.0000076294,4581.15,21.0029,0.0210457
156,0.858333,50.999994278,4561.67,21.1695,0.0208356
157,0.858333,50.999994278,4541.9,21.1734,0.0206276
158,0.858333,50.999994278,4522.13,21.1774,0.0204216
159,0.858333,50.999994278,4502.75,20.788,0.0202178
160,0.861111,50.0000023842,4484.35,20.7355,0.0200159
161,0.861111,50.0000023842,4466.55,20.8832,0.0198161
162,0.861111,50.0000023842,4448.51,20.8872,0.0196183
163,0.863889,49.0000104904,4430.54,20.8269,0.0194224
164,0.863889,49.0000104904,4412.74,20.8335,0.0192286
165,0.863889,49.0000104904,4395.1,20.8406,0.0190366
166,0.861111,50.0000023842,4377.62,20.9087,0.0188466
167,0.861111,50.0000023842,4360.32,20.9156,0.0186584
168,0.863889,49.0000104904,4343.07,20.8648,0.0184721
169,0.863889,49.0000104904,4326.0,20.8741,0.0182877
170,0.861111,50.0000023842,4309.11,20.8281,0.0181052
171,0.863889,49.0000104904,4292.89,20.8953,0.0179244
172,0.866667,47.999997139,4276.24,20.8052,0.0177455
173,0.863889,49.0000104904,4259.96,20.4102,0.0175683
174,0.863889,49.0000104904,4244.41,20.4198,0.017393
175,0.863889,49.0000104904,4229.04,20.4309,0.0172193
176,0.863889,49.0000104904,4213.78,20.4424,0.0170474
177,0.861111,50.0000023842,4198.67,20.5628,0.0168772
178,0.861111,50.0000023842,4183.69,20.5739,0.0167088
179,0.863889,49.0000104904,4168.7,20.4793,0.016542
180,0.861111,50.0000023842,4153.96,20.3869,0.0163768
181,0.863889,49.0000104904,4139.73,20.5096,0.0162133
182,0.863889,49.0000104904,4125.13,20.523,0.0160515
183,0.863889,49.0000104904,4110.67,20.5376,0.0158912
184,0.861111,50.0000023842,4096.35,20.6528,0.0157326
185,0.861111,50.0000023842,4082.14,20.667,0.0155755
186,0.863889,49.0000104904,4067.9,20.5825,0.01542
187,0.863889,49.0000104904,4053.87,20.5986,0.0152661
188,0.863889,49.0000104904,4039.94,20.6152,0.0151137
189,0.863889,49.0000104904,4026.12,20.6321,0.0149628
190,0.863889,49.0000104904,4012.44,20.5477,0.0148135
191,0.863889,49.0000104904,3999.24,20.7431,0.0146656
192,0.863889,49.0000104904,3985.72,20.7598,0.0145192
193,0.863889,49.0000104904,3972.34,20.7774,0.0143742
194,0.869444,47.0000052452,3959.0,20.5611,0.0142307
195,0.866667,47.999997139,3946.08,20.6273,0.0140887
196,0.866667,47.999997139,3933.37,20.34,0.013948
197,0.866667,47.999997139,3921.04,20.3559,0.0138088
198,0.866667,47.999997139,3908.88,20.3716,0.0136709
199,0.863889,49.0000104904,3896.81,20.4335,0.0135344
200,0.866667,47.999997139,3884.85,20.4034,0.0133993
201,0.866667,47.999997139,3872.88,20.4204,0.0132656
202,0.866667,47.999997139,3861.07,20.4371,0.0131331
203,0.863889,49.0000104904,3849.36,20.4963,0.013002
204,0.863889,49.0000104904,3837.75,20.6135,0.0128722
205,0.863889,49.0000104904,3825.78,20.5301,0.0127437
206,0.866667,47.999997139,3814.25,20.5074,0.0126165
207,0.866667,47.999997139,3802.87,20.5636,0.0124906
208,0.863889,49.0000104904,3791.56,20.5813,0.0123659
209,0.866667,47.999997139,3780.31,20.562,0.0122424
210,0.866667,47.999997139,3769.17,20.5806,0.0121202
211,0.863889,49.0000104904,3758.12,20.6341,0.0119992
212,0.866667,47.999997139,3747.1,20.6184,0.0118794
213,0.863889,49.0000104904,3735.88,20.6714,0.0117608
214,0.866667,47.999997139,3725.0,20.6577,0.0116434
215,0.863889,49.0000104904,3714.23,20.7086,0.0115272
216,0.866667,47.999997139,3703.55,20.6969,0.0114121
217,0.869444,47.0000052452,3693.08,20.9409,0.0112982
218,0.869444,47.0000052452,3682.97,20.9588,0.0111854
219,0.869444,47.0000052452,3673.74,20.5431,0.0110737
220,0.869444,47.0000052452,3664.27,21.093,0.0109632
221,0.869444,47.0000052452,3655.3,20.5528,0.0108537
222,0.869444,47.0000052452,3645.91,20.5556,0.0107454
223,0.869444,47.0000052452,3637.06,20.5632,0.0106381
224,0.872222,45.9999918938,3627.87,20.5448,0.0105319
225,0.869444,47.0000052452,3619.25,20.5742,0.0104268
226,0.869444,47.0000052452,3610.19,20.5777,0.0103227
227,0.872222,45.9999918938,3601.81,20.5654,0.0102196
228,0.872222,45.9999918938,3592.95,20.5696,0.0101176
229,0.869444,47.0000052452,3584.63,20.5974,0.0100166
230,0.869444,47.0000052452,3575.88,20.6015,0.00991661
231,0.872222,45.9999918938,3567.76,20.5917,0.00981762
232,0.869444,47.0000052452,3559.64,20.6181,0.00971961
233,0.869444,47.0000052452,3551.12,20.6227,0.00962258
234,0.872222,45.9999918938,3543.21,20.6149,0.00952652
235,0.869444,47.0000052452,3534.88,20.6359,0.00943141
236,0.869444,47.0000052452,3526.98,20.6449,0.00933726
237,0.872222,45.9999918938,3518.8,20.6352,0.00924405
238,0.869444,47.0000052452,3511.01,20.6593,0.00915176
239,0.869444,47.0000052452,3502.92,20.6647,0.0090604
240,0.872222,45.9999918938,3495.46,20.6602,0.00896995
241,0.869444,47.0000052452,3487.36,20.6798,0.00888041
242,0.869444,47.0000052452,3479.97,20.6886,0.00879175
243,0.872222,45.9999918938,3472.21,20.6826,0.00870399
244,0.869444,47.0000052452,3464.82,20.7041,0.00861709
245,0.872222,45.9999918938,3457.16,20.6993,0.00853107
246,0.869444,47.0000052452,3450.02,20.7194,0.0084459
247,0.872222,45.9999918938,3442.51,20.7156,0.00836159
248,0.869444,47.0000052452,3435.38,20.7355,0.00827812
249,0.869444,47.0000052452,3427.97,20.7419,0.00819548
250,0.872222,45.9999918938,3421.06,20.7429,0.00811366
251,0.869444,47.0000052452,3413.67,20.7586,0.00803266
252,0.869444,47.0000052452,3406.87,20.768,0.00795247
253,0.872222,45.9999918938,3399.7,20.7676,0.00787308
254,0.869444,47.0000052452,3392.93,20.785,0.00779449
255,0.869444,47.0000052452,3385.89,20.7918,0.00771668
256,0.872222,45.9999918938,3379.36,20.7956,0.00763964
257,0.869444,47.0000052452,3372.3,20.8092,0.00756337
258,0.869444,47.0000052452,3365.83,20.8189,0.00748787
259,0.872222,45.9999918938,3359.07,20.8212,0.00741312
260,0.869444,47.0000052452,3352.58,20.8365,0.00733911
261,0.869444,47.0000052452,3345.89,20.8436,0.00726585
262,0.872222,45.9999918938,3339.67,20.8501,0.00719331
263,0.872222,45.9999918938,3333.11,20.8577,0.0071215
264,0.869444,47.0000052452,3326.87,20.8714,0.00705041
265,0.869444,47.0000052452,3320.4,20.8788,0.00698003
266,0.872222,45.9999918938,3314.36,20.8869,0.00691034
267,0.869444,47.0000052452,3308.05,20.8962,0.00684136
268,0.869444,47.0000052452,3302.0,20.9067,0.00677306
269,0.869444,47.0000052452,3295.73,20.9143,0.00670545
270,0.869444,47.0000052452,3289.63,21.483,0.00663851
271,0.869444,47.0000052452,3283.66,20.9325,0.00657224
272,0.869444,47.0000052452,3277.57,20.9401,0.00650663
273,0.872222,45.9999918938,3271.91,20.9508,0.00644167
274,0.869444,47.0000052452,3265.83,20.9584,0.00637736
275,0.872222,45.9999918938,3260.23,20.9698,0.0063137
276,0.872222,45.9999918938,3254.41,20.2976,0.00625067
277,0.869444,47.0000052452,3249.05,21.549,0.00618827
278,0.872222,45.9999918938,3243.39,20.3201,0.00612649
279,0.872222,45.9999918938,3238.06,20.3319,0.00606533
280,0.872222,45.9999918938,3232.81,20.9979,0.00600478
281,0.869444,47.0000052452,3227.53,21.0264,0.00594484
282,0.872222,45.9999918938,3222.11,20.366,0.00588549
283,0.872222,45.9999918938,3217.02,21.0318,0.00582673
284,0.869444,47.0000052452,3211.79,21.0553,0.00576857
285,0.872222,45.9999918938,3206.56,20.3999,0.00571098
286,0.872222,45.9999918938,3201.41,20.412,0.00565397
287,0.875,45.0,3196.44,20.4288,0.00559752
288,0.872222,45.9999918938,3191.58,21.0943,0.00554164
289,0.872222,45.9999918938,3186.37,20.4456,0.00548632
290,0.875,45.0,3181.53,20.4631,0.00543155
291,0.872222,45.9999918938,3176.74,21.129,0.00537733
292,0.872222,45.9999918938,3171.73,20.479,0.00532365
293,0.872222,45.9999918938,3166.99,20.4904,0.0052705
294,0.875,45.0,3162.29,20.5088,0.00521789
295,0.869444,47.0000052452,3157.63,21.1619,0.0051658
296,0.872222,45.9999918938,3152.8,20.5233,0.00511423
297,0.875,45.0,3148.23,20.5424,0.00506317
298,0.869444,47.0000052452,3143.65,21.19,0.00501263
299,0.872222,45.9999918938,3138.98,20.5558,0.00496259
300,0.875,45.0,3134.53,20.5756,0.00491304
301,0.869444,47.0000052452,3130.02,21.218,0.004864
302,0.872222,45.9999918938,3125.5,20.588,0.00481544
303,0.872222,45.9999918938,3121.25,20.4601,0.00476737
304,0.869444,47.0000052452,3116.91,20.4618,0.00471978
305,0.866667,47.999997139,3112.77,21.1108,0.00467266
306,0.872222,45.9999918938,3108.48,20.4913,0.00462601
307,0.869444,47.0000052452,3104.25,20.492,0.00457983
308,0.866667,47.999997139,3100.19,21.1369,0.00453411
309,0.872222,45.9999918938,3096.04,20.522,0.00448885
310,0.869444,47.0000052452,3091.91,20.5219,0.00444404
311,0.869444,47.0000052452,3087.92,21.1736,0.00439967
312,0.872222,45.9999918938,3083.91,20.5524,0.00435575
313,0.869444,47.0000052452,3079.88,20.5514,0.00431227
314,0.872222,45.9999918938,3075.99,20.5734,0.00426922
315,0.866667,47.999997139,3072.2,21.1972,0.0042266
316,0.869444,47.0000052452,3068.27,21.2367,0.0041844
317,0.869444,47.0000052452,3064.38,20.5904,0.00414263
318,0.866667,47.999997139,3060.65,21.2223,0.00410128
319,0.869444,47.0000052452,3056.85,21.2652,0.00406033
320,0.869444,47.0000052452,3053.06,20.619,0.0040198
321,0.866667,47.999997139,3049.4,21.2472,0.00397967
322,0.869444,47.0000052452,3045.72,21.2933,0.00393994
323,0.872222,45.9999918938,3042.02,20.6471,0.00390061
324,0.872222,45.9999918938,3038.46,20.6105,0.00386167
325,0.872222,45.9999918938,3035.01,21.2388,0.00382312
326,0.872222,45.9999918938,3031.31,20.6288,0.00378495
327,0.875,45.0,3027.85,20.6422,0.00374717
328,0.872222,45.9999918938,3024.46,21.2597,0.00370976
329,0.872222,45.9999918938,3021.0,21.3027,0.00367273
330,0.872222,45.9999918938,3017.52,20.6657,0.00363606
331,0.872222,45.9999918938,3014.21,21.2882,0.00359976
332,0.875,45.0,3010.82,20.6831,0.00356383
333,0.872222,45.9999918938,3007.55,20.6923,0.00352825
334,0.869444,47.0000052452,3004.22,21.3071,0.00349303
335,0.875,45.0,3000.93,20.7151,0.00345815
336,0.875,45.0,2997.74,20.7187,0.00342363
337,0.872222,45.9999918938,2994.58,20.7277,0.00338945
338,0.869444,47.0000052452,2991.41,21.3383,0.00335562
339,0.875,45.0,2988.19,20.7509,0.00332212
340,0.875,45.0,2985.11,20.7535,0.00328895
341,0.869444,47.0000052452,2982.03,21.361,0.00325612
342,0.872222,45.9999918938,2978.9,20.7702,0.00322362
343,0.875,45.0,2975.89,20.7857,0.00319143
344,0.872222,45.9999918938,2972.93,21.383,0.00315957
345,0.872222,45.9999918938,2969.84,20.7952,0.00312803
346,0.875,45.0,2966.92,20.8111,0.00309681
347,0.872222,45.9999918938,2964.03,21.4123,0.00306589
348,0.872222,45.9999918938,2961.03,20.8197,0.00303528
349,0.872222,45.9999918938,2958.18,20.828,0.00300498
350,0.875,45.0,2955.36,20.8444,0.00297498
351,0.872222,45.9999918938,2952.61,21.4419,0.00294528
352,0.872222,45.9999918938,2949.68,20.8519,0.00291588
353,0.872222,45.9999918938,2946.93,20.86,0.00288677
354,0.872222,45.9999918938,2944.25,21.4633,0.00285795
355,0.872222,45.9999918938,2941.39,20.8753,0.00282942
356,0.875,45.0,2938.71,20.8832,0.00280118
357,0.872222,45.9999918938,2936.11,21.4844,0.00277321
358,0.872222,45.9999918938,2933.33,20.8983,0.00274553
359,0.875,45.0,2930.72,20.9157,0.00271812
360,0.869444,47.0000052452,2928.17,21.4955,0.00269099
361,0.875,45.0,2925.55,20.9305,0.00266412
362,0.872222,45.9999918938,2922.95,20.9284,0.00263753
363,0.872222,45.9999918938,2920.46,21.5252,0.0026112
364,0.872222,45.9999918938,2917.9,20.9426,0.00258513
365,0.875,45.0,2915.45,20.9605,0.00255932
366,0.869444,47.0000052452,2912.96,21.5346,0.00253377
367,0.875,45.0,2910.47,20.975,0.00250848
368,0.872222,45.9999918938,2908.07,20.9714,0.00248343
369,0.872222,45.9999918938,2905.7,21.5642,0.00245864
370,0.872222,45.9999918938,2903.24,20.9853,0.0024341
371,0.875,45.0,2900.89,21.0038,0.0024098
372,0.869444,47.0000052452,2898.59,21.572,0.00238574
373,0.872222,45.9999918938,2896.26,21.6507,0.00236193
374,0.872222,45.9999918938,2893.93,21.0129,0.00233835
375,0.875,45.0,2891.67,21.5902,0.002315
376,0.875,45.0,2889.41,21.0379,0.00229189
377,0.872222,45.9999918938,2887.13,21.0329,0.00226901
378,0.875,45.0,2884.94,21.62,0.00224636
379,0.875,45.0,2882.73,21.0457,0.00222394
380,0.875,45.0,2880.59,21.0649,0.00220173
381,0.872222,45.9999918938,2878.4,21.6255,0.00217975
382,0.875,45.0,2876.25,21.0778,0.00215799
383,0.872222,45.9999918938,2874.15,21.0715,0.00213645
384,0.875,45.0,2872.09,21.0909,0.00211512
385,0.869444,47.0000052452,2870.01,21.6483,0.00209401
386,0.875,45.0,2867.9,21.1035,0.0020731
387,0.872222,45.9999918938,2865.89,21.0965,0.00205241
388,0.872222,45.9999918938,2863.92,21.6779,0.00203192
389,0.872222,45.9999918938,2861.83,21.1085,0.00201163
390,0.875,45.0,2859.86,21.1146,0.00199155
391,0.872222,45.9999918938,2857.95,21.6944,0.00197167
392,0.872222,45.9999918938,2855.91,21.1263,0.00195199
393,0.875,45.0,2854.0,21.1465,0.0019325
394,0.872222,45.9999918938,2852.13,21.6967,0.00191321
395,0.875,45.0,2850.21,21.1579,0.00189411
396,0.875,45.0,2848.35,21.1639,0.0018752
397,0.869444,47.0000052452,2846.49,21.7122,0.00185648
398,0.872222,45.9999918938,2844.61,21.1607,0.00183795
399,0.875,45.0,2842.8,21.1811,0.0018196
400,0.872222,45.9999918938,2841.03,21.7416,0.00180143
401,0.869444,47.0000052452,2839.18,21.2705,0.00178345
402,0.875,45.0,2837.43,21.1979,0.00176565
403,0.872222,45.9999918938,2835.7,21.7566,0.00174802
404,0.869444,47.0000052452,2833.9,21.2866,0.00173057
405,0.872222,45.9999918938,2832.23,21.1598,0.00171329
406,0.872222,45.9999918938,2830.58,21.7185,0.00169619
407,0.863889,49.0000104904,2828.9,20.1564,0.00167926
408,0.872222,45.9999918938,2827.5,20.8651,0.00166249
409,0.869444,47.0000052452,2825.86,20.366,0.0016459
410,0.872222,45.9999918938,2824.38,20.8748,0.00162947
411,0.866667,47.999997139,2822.81,20.7518,0.0016132
412,0.872222,45.9999918938,2821.44,20.8841,0.00159709
413,0.875,45.0,2819.91,20.2506,0.00158115
414,0.869444,47.0000052452,2818.43,19.7295,0.00156537
415,0.872222,45.9999918938,2817.01,19.804,0.00154974
416,0.875,45.0,2815.65,19.926,0.00153427
417,0.861111,50.0000023842,2814.28,20.5726,0.00151895
418,0.875,45.0,2812.94,20.1296,0.00150379
419,0.872222,45.9999918938,2811.55,20.5155,0.00148878
420,0.872222,45.9999918938,2810.19,19.1615,0.00147391
421,0.872222,45.9999918938,2808.93,20.7231,0.0014592
422,0.863889,49.0000104904,2807.6,20.1282,0.00144463
423,0.872222,45.9999918938,2806.39,20.9329,0.00143021
424,0.869444,47.0000052452,2804.98,19.5714,0.00141593
425,0.869444,47.0000052452,2803.72,19.7714,0.0014018
426,0.875,45.0,2802.46,19.929,0.0013878
427,0.869444,47.0000052452,2801.2,20.4373,0.00137395
428,0.877778,44.0000081062,2799.96,19.4412,0.00136023
429,0.866667,47.999997139,2798.7,19.5757,0.00134665
430,0.869444,47.0000052452,2797.63,21.4461,0.00133321
431,0.877778,44.0000081062,2796.31,19.4533,0.0013199
432,0.869444,47.0000052452,2795.1,19.398,0.00130672
433,0.872222,45.9999918938,2793.95,19.7994,0.00129368
434,0.869444,47.0000052452,2792.78,19.5925,0.00128077
435,0.872222,45.9999918938,2791.65,20.6843,0.00126798
436,0.875,45.0,2790.43,19.2247,0.00125532
437,0.869444,47.0000052452,2789.34,20.1758,0.00124279
438,0.875,45.0,2788.22,20.2072,0.00123038
439,0.875,45.0,2787.05,19.2356,0.0012181
440,0.866667,47.999997139,2786.0,20.1847,0.00120594
441,0.875,45.0,2784.9,20.2181,0.0011939
442,0.875,45.0,2783.77,19.2463,0.00118198
443,0.875,45.0,2782.76,21.2941,0.00117018
444,0.863889,49.0000104904,2781.66,20.1645,0.0011585
445,0.875,45.0,2780.61,20.2074,0.00114694
446,0.872222,45.9999918938,2779.54,19.9758,0.00113549
447,0.877778,44.0000081062,2778.52,19.5126,0.00112415
448,0.869444,47.0000052452,2777.51,19.8469,0.00111293
449,0.875,45.0,2776.5,20.2456,0.00110182
450,0.875,45.0,2775.48,19.8525,0.00109082
451,0.872222,45.9999918938,2774.52,21.0383,0.00107993
452,0.875,45.0,2773.5,19.5152,0.00106915
453,0.869444,47.0000052452,2772.61,21.522,0.00105847
454,0.869444,47.0000052452,2771.58,20.3974,0.00104791
455,0.866667,47.999997139,2770.61,19.6584,0.00103745
456,0.869444,47.0000052452,2769.75,21.5309,0.00102709
457,0.872222,45.9999918938,2768.73,20.4069,0.00101684
458,0.875,45.0,2767.8,19.8749,0.00100669
459,0.869444,47.0000052452,2766.86,19.6733,0.000996636
460,0.877778,44.0000081062,2765.95,20.0894,0.000986686
461,0.869444,47.0000052452,2765.06,20.1111,0.000976836
462,0.875,45.0,2764.19,20.2867,0.000967085
463,0.872222,45.9999918938,2763.27,19.8884,0.00095743
464,0.866667,47.999997139,2762.39,20.3567,0.000947872
465,0.875,45.0,2761.55,20.2955,0.00093841
466,0.872222,45.9999918938,2760.67,19.8962,0.000929042
467,0.866667,47.999997139,2759.81,19.6911,0.000919767
468,0.875,45.0,2758.99,20.7829,0.000910585
469,0.872222,45.9999918938,2758.12,19.3297,0.000901495
470,0.869444,47.0000052452,2757.34,20.4451,0.000892495
471,0.863889,49.0000104904,2756.53,20.8167,0.000883585
472,0.872222,45.9999918938,2755.71,21.1016,0.000874765
473,0.872222,45.9999918938,2754.87,19.3405,0.000866032
474,0.872222,45.9999918938,2754.1,19.953,0.000857386
475,0.872222,45.9999918938,2753.34,21.1097,0.000848827
476,0.875,45.0,2752.52,19.9202,0.000840353
477,0.866667,47.999997139,2751.73,19.7153,0.000831964
478,0.872222,45.9999918938,2751.01,21.1176,0.000823659
479,0.875,45.0,2750.23,19.9272,0.000815436
480,0.866667,47.999997139,2749.46,19.7223,0.000807296
481,0.869444,47.0000052452,2748.76,21.5959,0.000799236
482,0.877778,44.0000081062,2747.97,19.3631,0.000791258
483,0.866667,47.999997139,2747.24,20.2891,0.000783359
484,0.872222,45.9999918938,2746.55,21.1326,0.000775539
485,0.875,45.0,2745.8,19.3704,0.000767796
486,0.872222,45.9999918938,2745.12,21.4109,0.000760131
487,0.872222,45.9999918938,2744.4,20.736,0.000752543
488,0.877778,44.0000081062,2743.71,19.63,0.00074503
489,0.869444,47.0000052452,2743.02,19.9489,0.000737593
490,0.872222,45.9999918938,2742.32,19.382,0.00073023
491,0.869444,47.0000052452,2741.72,21.5597,0.00072294
492,0.872222,45.9999918938,2740.98,19.3864,0.000715723
493,0.875,45.0,2740.34,20.2151,0.000708578
494,0.872222,45.9999918938,2739.67,19.9591,0.000701504
495,0.877778,44.0000081062,2739.03,20.063,0.000694501
496,0.866667,47.999997139,2738.4,20.8698,0.000687568
497,0.872222,45.9999918938,2737.8,21.1624,0.000680704
498,0.875,45.0,2737.13,20.9641,0.000673908
499,0.866667,47.999997139,2736.49,20.319,0.000667181
500,0.875,45.0,2735.88,20.3211,0.00066052
501,0.869444,47.0000052452,2735.25,19.9721,0.000653926
502,0.872222,45.9999918938,2734.64,19.4075,0.000647398
503,0.872222,45.9999918938,2734.09,20.9746,0.000640935
504,0.863889,49.0000104904,2733.47,20.2005,0.000634537
505,0.875,45.0,2732.88,20.9788,0.000628202
506,0.872222,45.9999918938,2732.28,19.981,0.000621931
507,0.875,45.0,2731.7,19.6464,0.000615722
508,0.875,45.0,2731.16,20.9847,0.000609576
509,0.875,45.0,2730.58,19.9862,0.00060349
510,0.872222,45.9999918938,2730.01,19.423,0.000597466
511,0.875,45.0,2729.47,21.0196,0.000591501
512,0.863889,49.0000104904,2728.92,20.7832,0.000585596
513,0.875,45.0,2728.37,20.4181,0.00057975
514,0.869444,47.0000052452,2727.82,19.9947,0.000573963
515,0.875,45.0,2727.29,20.1627,0.000568233
516,0.869444,47.0000052452,2726.76,19.9978,0.00056256
517,0.875,45.0,2726.24,20.1068,0.000556944
518,0.875,45.0,2725.72,19.855,0.000551384
519,0.872222,45.9999918938,2725.22,20.7011,0.00054588
520,0.872222,45.9999918938,2724.69,19.441,0.00054043
521,0.875,45.0,2724.2,20.2309,0.000535035
522,0.872222,45.9999918938,2723.7,20.0072,0.000529694
523,0.875,45.0,2723.21,19.8406,0.000524406
524,0.869444,47.0000052452,2722.71,20.0101,0.000519171
525,0.875,45.0,2722.25,21.0154,0.000513988
526,0.872222,45.9999918938,2721.74,20.0131,0.000508857
527,0.875,45.0,2721.27,19.847,0.000503777
528,0.872222,45.9999918938,2720.8,19.6813,0.000498748
529,0.872222,45.9999918938,2720.37,21.4894,0.000493769
530,0.875,45.0,2719.88,20.5728,0.00048884
531,0.875,45.0,2719.42,20.0201,0.00048396
532,0.872222,45.9999918938,2718.98,20.5758,0.000479128
533,0.866667,47.999997139,2718.53,20.8152,0.000474345
534,0.875,45.0,2718.1,21.0011,0.00046961
535,0.869444,47.0000052452,2717.63,19.6916,0.000464922
536,0.877778,44.0000081062,2717.21,20.7263,0.000460281
537,0.869444,47.0000052452,2716.79,20.1395,0.000455685
538,0.872222,45.9999918938,2716.37,21.0358,0.000451136
539,0.866667,47.999997139,2715.94,20.2511,0.000446633
540,0.875,45.0,2715.52,20.2607,0.000442174
541,0.872222,45.9999918938,2715.09,19.4734,0.00043776
542,0.872222,45.9999918938,2714.7,20.3494,0.00043339
543,0.872222,45.9999918938,2714.28,19.8708,0.000429063
544,0.875,45.0,2713.89,20.7369,0.00042478
545,0.872222,45.9999918938,2713.48,20.151,0.000420539
546,0.877778,44.0000081062,2713.09,19.8749,0.000416341
547,0.869444,47.0000052452,2712.72,20.9463,0.000412185
548,0.872222,45.9999918938,2712.35,21.0499,0.00040807
549,0.872222,45.9999918938,2711.95,21.0752,0.000403996
550,0.877778,44.0000081062,2711.56,20.1575,0.000399963
551,0.872222,45.9999918938,2711.2,21.0539,0.00039597
552,0.869444,47.0000052452,2710.82,21.3087,0.000392017
553,0.877778,44.0000081062,2710.44,19.4891,0.000388104
554,0.869444,47.0000052452,2710.1,21.0811,0.00038423
555,0.872222,45.9999918938,2709.72,19.717,0.000380394
556,0.875,45.0,2709.39,21.0602,0.000376596
557,0.875,45.0,2709.03,21.0845,0.000372837
558,0.877778,44.0000081062,2708.66,19.6593,0.000369115
559,0.872222,45.9999918938,2708.34,21.5279,0.00036543
560,0.872222,45.9999918938,2707.96,19.4976,0.000361782
561,0.872222,45.9999918938,2707.63,20.2262,0.00035817
562,0.869444,47.0000052452,2707.3,20.0574,0.000354595
563,0.877778,44.0000081062,2706.97,19.8958,0.000351055
564,0.875,45.0,2706.64,20.0594,0.00034755
565,0.875,45.0,2706.31,19.5031,0.000344081
566,0.877778,44.0000081062,2705.99,20.7284,0.000340646
567,0.875,45.0,2705.67,20.178,0.000337245
568,0.875,45.0,2705.36,22.2479,0.000333878
569,0.869444,47.0000052452,2705.04,20.2829,0.000330545
570,0.875,45.0,2704.73,20.298,0.000327246
571,0.872222,45.9999918938,2704.41,20.0662,0.000323979
572,0.875,45.0,2704.11,19.7353,0.000320744
573,0.875,45.0,2703.82,20.5313,0.000317542
574,0.872222,45.9999918938,2703.52,20.069,0.000314372
575,0.872222,45.9999918938,2703.21,19.5137,0.000311234
576,0.875,45.0,2702.94,21.1039,0.000308127
577,0.872222,45.9999918938,2702.63,19.5156,0.000305051
578,0.875,45.0,2702.37,21.0848,0.000302006
579,0.875,45.0,2702.07,21.1068,0.000298991
580,0.877778,44.0000081062,2701.78,19.5185,0.000296006
581,0.875,45.0,2701.52,21.1084,0.000293051
582,0.875,45.0,2701.23,20.4373,0.000290125
583,0.875,45.0,2700.97,21.0897,0.000287229
584,0.869444,47.0000052452,2700.69,20.0779,0.000284362
585,0.872222,45.9999918938,2700.41,19.5584,0.000281523
586,0.872222,45.9999918938,2700.18,21.5543,0.000278712
587,0.875,45.0,2699.9,20.642,0.00027593
588,0.875,45.0,2699.64,20.1991,0.000273176
589,0.869444,47.0000052452,2699.4,21.1153,0.000270449
590,0.875,45.0,2699.13,21.4912,0.000267749
591,0.877778,44.0000081062,2698.87,21.117,0.000265076
592,0.872222,45.9999918938,2698.61,19.5294,0.000262429
593,0.877778,44.0000081062,2698.37,19.5303,0.00025981
594,0.869444,47.0000052452,2698.13,20.7535,0.000257216
595,0.872222,45.9999918938,2697.9,21.1005,0.000254648
596,0.877778,44.0000081062,2697.65,20.4028,0.000252106
597,0.877778,44.0000081062,2697.41,20.2069,0.000249589
598,0.875,45.0,2697.18,20.6516,0.000247098
599,0.875,45.0,2696.95,20.7572,0.000244631
600,0.872222,45.9999918938,2696.71,19.7594,0.000242189
601,0.875,45.0,2696.49,20.7924,0.000239771
602,0.877778,44.0000081062,2696.25,19.5375,0.000237377
603,0.875,45.0,2696.04,20.6556,0.000235008
604,0.872222,45.9999918938,2695.82,20.7609,0.000232662
605,0.877778,44.0000081062,2695.59,20.4561,0.000230339
606,0.875,45.0,2695.39,21.5698,0.000228039
607,0.875,45.0,2695.17,20.6586,0.000225763
608,0.877778,44.0000081062,2694.95,20.1465,0.000223509
609,0.875,45.0,2694.74,20.4121,0.000221278
610,0.872222,45.9999918938,2694.53,20.2171,0.000219069
611,0.877778,44.0000081062,2694.32,20.4133,0.000216882
612,0.877778,44.0000081062,2694.12,20.2184,0.000214717
613,0.877778,44.0000081062,2693.92,20.2192,0.000212573
614,0.872222,45.9999918938,2693.73,21.1336,0.000210451
615,0.875,45.0,2693.52,20.6643,0.00020835
616,0.872222,45.9999918938,2693.32,21.005,0.00020627
617,0.875,45.0,2693.13,20.3385,0.000204211
618,0.877778,44.0000081062,2692.93,19.5489,0.000202173
619,0.872222,45.9999918938,2692.74,20.7707,0.000200154
620,0.875,45.0,2692.56,20.6678,0.000198156
621,0.877778,44.0000081062,2692.37,20.8249,0.000196178
622,0.872222,45.9999918938,2692.19,21.1206,0.00019422
623,0.875,45.0,2692.0,20.6697,0.000192281
624,0.875,45.0,2691.82,20.7736,0.000190361
625,0.877778,44.0000081062,2691.64,20.671,0.000188461
626,0.877778,44.0000081062,2691.46,20.1065,0.000186579
627,0.875,45.0,2691.28,20.4706,0.000184717
628,0.875,45.0,2691.12,21.1244,0.000182873
629,0.875,45.0,2690.94,20.7765,0.000181047
630,0.877778,44.0000081062,2690.76,20.2302,0.00017924
631,0.877778,44.0000081062,2690.6,21.1436,0.00017745
632,0.875,45.0,2690.43,20.2857,0.000175679
633,0.872222,45.9999918938,2690.28,21.1274,0.000173925
634,0.875,45.0,2690.1,21.1452,0.000172189
635,0.875,45.0,2689.93,20.2332,0.00017047
636,0.877778,44.0000081062,2689.77,21.1463,0.000168768
637,0.877778,44.0000081062,2689.61,20.2343,0.000167083
638,0.872222,45.9999918938,2689.46,21.0168,0.000165415
639,0.872222,45.9999918938,2689.31,21.1308,0.000163764
640,0.877778,44.0000081062,2689.14,20.2359,0.000162129
641,0.877778,44.0000081062,2689.0,20.7827,0.000160511
642,0.875,45.0,2688.85,20.6808,0.000158908
643,0.877778,44.0000081062,2688.69,20.8364,0.000157322
644,0.872222,45.9999918938,2688.55,21.1334,0.000155751
645,0.875,45.0,2688.4,20.6824,0.000154197
646,0.877778,44.0000081062,2688.25,20.785,0.000152657
647,0.875,45.0,2688.11,20.6833,0.000151133
648,0.875,45.0,2687.96,20.2401,0.000149624
649,0.877778,44.0000081062,2687.82,21.1526,0.000148131
650,0.877778,44.0000081062,2687.68,20.6849,0.000146652
651,0.875,45.0,2687.55,20.7873,0.000145188
652,0.877778,44.0000081062,2687.4,20.4836,0.000143739
653,0.877778,44.0000081062,2687.27,21.1544,0.000142304
654,0.877778,44.0000081062,2687.13,19.5689,0.000140883
655,0.877778,44.0000081062,2687.0,20.6873,0.000139477
656,0.877778,44.0000081062,2686.87,20.7895,0.000138084
657,0.877778,44.0000081062,2686.73,20.2444,0.000136706
658,0.877778,44.0000081062,2686.61,21.1565,0.000135341
659,0.877778,44.0000081062,2686.48,20.2453,0.00013399
660,0.872222,45.9999918938,2686.36,21.1412,0.000132652
661,0.875,45.0,2686.23,21.1578,0.000131328
662,0.877778,44.0000081062,2686.1,20.2466,0.000130017
663,0.875,45.0,2685.98,21.0274,0.000128719
664,0.872222,45.9999918938,2685.87,21.1429,0.000127434
665,0.877778,44.0000081062,2685.74,20.2479,0.000126162
666,0.877778,44.0000081062,2685.62,20.7935,0.000124902
667,0.877778,44.0000081062,2685.5,20.6925,0.000123655
668,0.877778,44.0000081062,2685.38,20.7943,0.000122421
669,0.875,45.0,2685.27,20.6933,0.000121199
670,0.875,45.0,2685.15,20.304,0.000119989
671,0.872222,45.9999918938,2685.05,21.6035,0.000118791
672,0.877778,44.0000081062,2684.92,20.6946,0.000117605
673,0.877778,44.0000081062,2684.81,20.7961,0.000116431
674,0.877778,44.0000081062,2684.7,20.6953,0.000115269
675,0.877778,44.0000081062,2684.59,20.252,0.000114118
676,0.875,45.0,2684.49,21.1634,0.000112979
677,0.877778,44.0000081062,2684.38,20.6244,0.000111851
678,0.877778,44.0000081062,2684.28,21.1641,0.000110734
679,0.875,45.0,2684.17,20.2534,0.000109629
680,0.875,45.0,2684.07,20.7985,0.000108535
681,0.875,45.0,2683.97,21.5456,0.000107451
682,0.877778,44.0000081062,2683.86,20.2546,0.000106378
683,0.877778,44.0000081062,2683.76,21.1658,0.000105316
684,0.875,45.0,2683.66,20.2553,0.000104265
685,0.877778,44.0000081062,2683.56,20.6994,0.000103224
686,0.877778,44.0000081062,2683.46,21.0352,0.000102194
687,0.875,45.0,2683.37,20.7,0.000101173
688,0.877778,44.0000081062,2683.27,21.1674,0.000100164
689,0.877778,44.0000081062,2683.17,20.257,9.91636e-05
690,0.877778,44.0000081062,2683.08,20.701,9.81737e-05
691,0.875,45.0,2682.99,20.802,9.71936e-05
692,0.875,45.0,2682.9,20.2579,9.62233e-05
693,0.877778,44.0000081062,2682.81,21.0372,9.52627e-05
694,0.877778,44.0000081062,2682.72,20.7024,9.43117e-05
695,0.877778,44.0000081062,2682.63,21.1695,9.33702e-05
696,0.877778,44.0000081062,2682.54,20.2592,9.24381e-05
697,0.877778,44.0000081062,2682.45,20.7033,9.15153e-05
698,0.875,45.0,2682.37,20.804,9.06017e-05
699,0.877778,44.0000081062,2682.28,20.1923,8.96972e-05
700,0.877778,44.0000081062,2682.19,21.1709,8.88018e-05
701,0.877778,44.0000081062,2682.11,20.193,8.79153e-05
702,0.877778,44.0000081062,2682.03,20.7048,8.70376e-05
703,0.877778,44.0000081062,2681.95,20.8053,8.61687e-05
704,0.875,45.0,2681.87,20.7054,8.53085e-05
705,0.875,45.0,2681.79,20.8059,8.44569e-05
706,0.875,45.0,2681.7,20.2621,8.36137e-05
707,0.877778,44.0000081062,2681.62,20.8588,8.2779e-05
708,0.877778,44.0000081062,2681.54,20.7065,8.19527e-05
709,0.877778,44.0000081062,2681.46,20.263,8.11346e-05
710,0.875,45.0,2681.39,21.1735,8.03246e-05
711,0.877778,44.0000081062,2681.31,20.7073,7.95227e-05
712,0.877778,44.0000081062,2681.24,20.8076,7.87288e-05
713,0.875,45.0,2681.17,20.7078,7.79429e-05
714,0.875,45.0,2681.09,20.7081,7.71648e-05
715,0.875,45.0,2681.02,21.7301,7.63945e-05
716,0.877778,44.0000081062,2680.94,20.7086,7.56318e-05
717,0.877778,44.0000081062,2680.87,20.7305,7.48768e-05
718,0.877778,44.0000081062,2680.8,20.7091,7.41293e-05
719,0.877778,44.0000081062,2680.73,20.6432,7.33893e-05
720,0.877778,44.0000081062,2680.66,20.8095,7.26566e-05
721,0.877778,44.0000081062,2680.59,20.7099,7.19313e-05
722,0.877778,44.0000081062,2680.52,20.8099,7.12132e-05
723,0.875,45.0,2680.46,20.7103,7.05023e-05
724,0.877778,44.0000081062,2680.39,20.8627,6.97985e-05
725,0.877778,44.0000081062,2680.32,20.2671,6.91017e-05
726,0.877778,44.0000081062,2680.26,20.711,6.84118e-05
727,0.877778,44.0000081062,2680.19,20.811,6.77289e-05
728,0.877778,44.0000081062,2680.13,20.5082,6.70527e-05
729,0.875,45.0,2680.07,21.1778,6.63834e-05
730,0.877778,44.0000081062,2680.0,20.7119,6.57207e-05
731,0.877778,44.0000081062,2679.94,20.2684,6.50646e-05
732,0.877778,44.0000081062,2679.88,21.1784,6.4415e-05
733,0.877778,44.0000081062,2679.82,20.2689,6.3772e-05
734,0.877778,44.0000081062,2679.76,20.8124,6.31354e-05
735,0.875,45.0,2679.7,20.713,6.25051e-05
736,0.875,45.0,2679.64,20.2695,6.18811e-05
737,0.875,45.0,2679.58,21.1794,6.12633e-05
738,0.877778,44.0000081062,2679.52,20.7137,6.06518e-05
739,0.877778,44.0000081062,2679.46,20.8134,6.00463e-05
740,0.877778,44.0000081062,2679.4,20.714,5.94468e-05
741,0.877778,44.0000081062,2679.35,20.2705,5.88534e-05
742,0.875,45.0,2679.3,21.1803,5.82659e-05
743,0.875,45.0,2679.24,21.5254,5.76842e-05
744,0.877778,44.0000081062,2679.18,21.1807,5.71083e-05
745,0.877778,44.0000081062,2679.13,20.2038,5.65382e-05
746,0.877778,44.0000081062,2679.07,20.7152,5.59738e-05
747,0.877778,44.0000081062,2679.02,20.8148,5.5415e-05
748,0.875,45.0,2678.97,20.7156,5.48618e-05
749,0.877778,44.0000081062,2678.92,21.7372,5.43141e-05
750,0.877778,44.0000081062,2678.86,20.2722,5.37719e-05
751,0.875,45.0,2678.81,20.7161,5.32351e-05
752,0.877778,44.0000081062,2678.76,20.8156,5.27037e-05
753,0.877778,44.0000081062,2678.71,20.2728,5.21775e-05
754,0.875,45.0,2678.66,21.1824,5.16567e-05
755,0.875,45.0,2678.61,20.2731,5.1141e-05
756,0.875,45.0,2678.57,21.5652,5.06304e-05
757,0.877778,44.0000081062,2678.52,20.8164,5.0125e-05
758,0.877778,44.0000081062,2678.47,20.2736,4.96246e-05
759,0.877778,44.0000081062,2678.42,21.1831,4.91292e-05
760,0.875,45.0,2678.38,20.2739,4.86387e-05
761,0.875,45.0,2678.33,20.7178,4.81532e-05
762,0.877778,44.0000081062,2678.28,20.8172,4.76725e-05
763,0.877778,44.0000081062,2678.24,20.2744,4.71966e-05
764,0.877778,44.0000081062,2678.19,20.6524,4.67254e-05
765,0.877778,44.0000081062,2678.15,20.8176,4.62589e-05
766,0.877778,44.0000081062,2678.1,20.7186,4.57971e-05
767,0.877778,44.0000081062,2678.06,20.8701,4.53399e-05
768,0.877778,44.0000081062,2678.02,20.2752,4.48873e-05
769,0.877778,44.0000081062,2677.98,20.7191,4.44392e-05
770,0.877778,44.0000081062,2677.93,20.7403,4.39956e-05
771,0.877778,44.0000081062,2677.89,20.2757,4.35564e-05
772,0.877778,44.0000081062,2677.85,21.185,4.31216e-05
773,0.877778,44.0000081062,2677.81,20.7197,4.26911e-05
774,0.877778,44.0000081062,2677.77,20.3297,4.22649e-05
775,0.877778,44.0000081062,2677.73,21.1854,4.1843e-05
776,0.877778,44.0000081062,2677.69,20.7201,4.14253e-05
777,0.877778,44.0000081062,2677.65,20.7412,4.10117e-05
778,0.877778,44.0000081062,2677.61,20.7204,4.06023e-05
779,0.875,45.0,2677.57,20.7205,4.0197e-05
780,0.875,45.0,2677.53,20.8196,3.97957e-05
781,0.875,45.0,2677.5,20.7208,3.93984e-05
782,0.875,45.0,2677.46,21.6878,3.90051e-05
783,0.875,45.0,2677.42,20.2773,3.86157e-05
784,0.877778,44.0000081062,2677.38,20.7212,3.82302e-05
785,0.875,45.0,2677.35,20.8202,3.78485e-05
786,0.875,45.0,2677.31,20.7214,3.74707e-05
787,0.877778,44.0000081062,2677.27,20.2778,3.70966e-05
788,0.875,45.0,2677.24,21.187,3.67263e-05
789,0.875,45.0,2677.2,20.3317,3.63597e-05
790,0.877778,44.0000081062,2677.17,20.8207,3.59967e-05
791,0.877778,44.0000081062,2677.13,20.3319,3.56373e-05
792,0.877778,44.0000081062,2677.1,21.1874,3.52816e-05
793,0.877778,44.0000081062,2677.07,20.2785,3.49294e-05
794,0.877778,44.0000081062,2677.03,20.2787,3.45807e-05
795,0.875,45.0,2677.0,21.1877,3.42355e-05
796,0.877778,44.0000081062,2676.97,20.2789,3.38937e-05
797,0.875,45.0,2676.94,20.7227,3.35553e-05
798,0.877778,44.0000081062,2676.9,20.8216,3.32203e-05
799,0.877778,44.0000081062,2676.87,20.2792,3.28887e-05
800,0.877778,44.0000081062,2676.84,21.1883,3.25604e-05
801,0.875,45.0,2676.81,20.333,3.22353e-05
802,0.877778,44.0000081062,2676.78,20.6575,3.19135e-05
803,0.877778,44.0000081062,2676.75,20.8221,3.15949e-05
804,0.877778,44.0000081062,2676.72,20.2798,3.12795e-05
805,0.877778,44.0000081062,2676.69,20.7236,3.09673e-05
806,0.877778,44.0000081062,2676.66,20.8224,3.06581e-05
807,0.875,45.0,2676.63,20.7238,3.0352e-05
808,0.875,45.0,2676.6,21.189,3.00491e-05
809,0.877778,44.0000081062,2676.57,20.2803,2.97491e-05
810,0.877778,44.0000081062,2676.55,20.7241,2.94521e-05
811,0.877778,44.0000081062,2676.52,21.1893,2.91581e-05
812,0.877778,44.0000081062,2676.49,20.2806,2.8867e-05
813,0.875,45.0,2676.46,21.1895,2.85788e-05
814,0.875,45.0,2676.44,20.7245,2.82935e-05
815,0.875,45.0,2676.41,21.6912,2.80111e-05
816,0.877778,44.0000081062,2676.38,20.7247,2.77314e-05
817,0.877778,44.0000081062,2676.35,20.2811,2.74546e-05
818,0.877778,44.0000081062,2676.33,20.8756,2.71805e-05
819,0.877778,44.0000081062,2676.3,20.725,2.69092e-05
820,0.875,45.0,2676.28,21.1901,2.66405e-05
821,0.877778,44.0000081062,2676.25,20.2849,2.63746e-05
822,0.877778,44.0000081062,2676.22,20.7252,2.61113e-05
823,0.877778,44.0000081062,2676.2,21.1904,2.58506e-05
824,0.877778,44.0000081062,2676.17,20.2145,2.55926e-05
825,0.877778,44.0000081062,2676.15,20.7255,2.53371e-05
826,0.877778,44.0000081062,2676.13,21.1906,2.50841e-05
827,0.875,45.0,2676.1,20.3355,2.48337e-05
828,0.875,45.0,2676.08,21.1907,2.45858e-05
829,0.877778,44.0000081062,2676.06,20.2821,2.43404e-05
830,0.877778,44.0000081062,2676.03,20.8765,2.40974e-05
831,0.877778,44.0000081062,2676.01,20.726,2.38568e-05
832,0.877778,44.0000081062,2675.99,20.2823,2.36187e-05
833,0.875,45.0,2675.97,20.8767,2.33829e-05
834,0.875,45.0,2675.94,20.7262,2.31494e-05
835,0.875,45.0,2675.92,20.7263,2.29183e-05
836,0.877778,44.0000081062,2675.9,20.8248,2.26895e-05
837,0.877778,44.0000081062,2675.88,20.6607,2.2463e-05
838,0.877778,44.0000081062,2675.86,20.3363,2.22388e-05
839,0.875,45.0,2675.84,21.1915,2.20168e-05
840,0.877778,44.0000081062,2675.81,20.283,2.1797e-05
841,0.877778,44.0000081062,2675.79,20.283,2.15794e-05
842,0.875,45.0,2675.77,21.1917,2.1364e-05
843,0.875,45.0,2675.75,20.7269,2.11507e-05
844,0.877778,44.0000081062,2675.73,20.8164,2.09395e-05
845,0.875,45.0,2675.71,20.727,2.07305e-05
846,0.877778,44.0000081062,2675.69,20.2834,2.05236e-05
847,0.877778,44.0000081062,2675.67,20.337,2.03187e-05
848,0.877778,44.0000081062,2675.66,21.1921,2.01158e-05
849,0.875,45.0,2675.64,20.2836,1.9915e-05
850,0.875,45.0,2675.62,21.6118,1.97162e-05
851,0.877778,44.0000081062,2675.6,20.7275,1.95194e-05
852,0.877778,44.0000081062,2675.58,20.8259,1.93245e-05
853,0.877778,44.0000081062,2675.56,20.2839,1.91316e-05
854,0.875,45.0,2675.54,20.7277,1.89406e-05
855,0.875,45.0,2675.53,20.826,1.87515e-05
856,0.875,45.0,2675.51,20.7278,1.85643e-05
857,0.877778,44.0000081062,2675.49,20.8261,1.8379e-05
858,0.877778,44.0000081062,2675.47,20.7279,1.81955e-05
859,0.877778,44.0000081062,2675.45,20.2843,1.80139e-05
860,0.877778,44.0000081062,2675.44,21.1928,1.7834e-05
861,0.877778,44.0000081062,2675.42,20.7281,1.7656e-05
862,0.877778,44.0000081062,2675.4,20.8264,1.74798e-05
863,0.877778,44.0000081062,2675.39,20.7282,1.73053e-05
864,0.877778,44.0000081062,2675.37,20.2845,1.71325e-05
865,0.877778,44.0000081062,2675.35,20.8266,1.69615e-05
866,0.877778,44.0000081062,2675.34,20.2847,1.67921e-05
867,0.877778,44.0000081062,2675.32,21.1932,1.66245e-05
868,0.877778,44.0000081062,2675.31,20.7285,1.64585e-05
869,0.877778,44.0000081062,2675.29,20.2848,1.62942e-05
870,0.875,45.0,2675.27,21.1934,1.61316e-05
871,0.877778,44.0000081062,2675.26,20.3384,1.59705e-05
872,0.877778,44.0000081062,2675.24,20.7287,1.58111e-05
873,0.875,45.0,2675.23,21.1935,1.56533e-05
874,0.877778,44.0000081062,2675.21,20.2851,1.5497e-05
875,0.877778,44.0000081062,2675.2,20.7289,1.53423e-05
876,0.877778,44.0000081062,2675.19,21.1937,1.51891e-05
877,0.877778,44.0000081062,2675.17,20.8272,1.50375e-05
878,0.877778,44.0000081062,2675.16,20.729,1.48874e-05
879,0.877778,44.0000081062,2675.14,20.2853,1.47388e-05
880,0.875,45.0,2675.13,21.1938,1.45916e-05
881,0.877778,44.0000081062,2675.11,20.6569,1.4446e-05
882,0.877778,44.0000081062,2675.1,20.8795,1.43017e-05
883,0.877778,44.0000081062,2675.09,20.339,1.4159e-05
884,0.877778,44.0000081062,2675.07,20.2856,1.40176e-05
885,0.875,45.0,2675.06,21.1941,1.38777e-05
886,0.877778,44.0000081062,2675.05,20.7294,1.37391e-05
887,0.877778,44.0000081062,2675.03,20.8797,1.3602e-05
888,0.877778,44.0000081062,2675.02,20.2858,1.34662e-05
889,0.877778,44.0000081062,2675.01,21.1942,1.33318e-05
890,0.877778,44.0000081062,2674.99,20.2859,1.31987e-05
891,0.875,45.0,2674.98,20.7296,1.30669e-05
892,0.877778,44.0000081062,2674.97,21.8477,1.29365e-05
893,0.877778,44.0000081062,2674.96,20.7297,1.28073e-05
894,0.877778,44.0000081062,2674.94,20.8279,1.26795e-05
895,0.877778,44.0000081062,2674.93,20.2861,1.25529e-05
896,0.875,45.0,2674.92,20.7298,1.24276e-05
897,0.875,45.0,2674.91,20.828,1.23035e-05
898,0.877778,44.0000081062,2674.9,20.6643,1.21807e-05
899,0.877778,44.0000081062,2674.88,20.8281,1.20591e-05
900,0.877778,44.0000081062,2674.87,20.2863,1.19387e-05
901,0.877778,44.0000081062,2674.86,20.73,1.18195e-05
902,0.877778,44.0000081062,2674.85,20.8282,1.17015e-05
903,0.877778,44.0000081062,2674.84,20.6645,1.15847e-05
904,0.877778,44.0000081062,2674.83,20.8283,1.14691e-05
905,0.877778,44.0000081062,2674.82,20.7302,1.13546e-05
906,0.877778,44.0000081062,2674.8,21.1949,1.12412e-05
907,0.875,45.0,2674.79,20.2866,1.1129e-05
908,0.877778,44.0000081062,2674.78,21.1949,1.10179e-05
909,0.875,45.0,2674.77,20.7303,1.09079e-05
910,0.875,45.0,2674.76,20.8285,1.0799e-05
911,0.877778,44.0000081062,2674.75,20.3401,1.06912e-05
912,0.877778,44.0000081062,2674.74,21.1951,1.05845e-05
913,0.877778,44.0000081062,2674.73,20.2868,1.04788e-05
914,0.877778,44.0000081062,2674.72,21.1951,1.03742e-05
915,0.875,45.0,2674.71,20.7306,1.02706e-05
916,0.877778,44.0000081062,2674.7,20.3403,1.01681e-05
917,0.877778,44.0000081062,2674.69,21.1952,1.00666e-05
918,0.877778,44.0000081062,2674.68,20.7307,9.9661e-06
919,0.877778,44.0000081062,2674.67,20.8808,9.86661e-06
920,0.877778,44.0000081062,2674.66,20.7307,9.76811e-06
921,0.877778,44.0000081062,2674.66,20.7308,9.6706e-06
922,0.877778,44.0000081062,2674.65,20.8809,9.57406e-06
923,0.875,45.0,2674.64,20.2871,9.47848e-06
924,0.877778,44.0000081062,2674.63,20.7308,9.38386e-06
925,0.877778,44.0000081062,2674.62,21.0645,9.29018e-06
926,0.877778,44.0000081062,2674.61,20.2907,9.19744e-06
927,0.877778,44.0000081062,2674.6,20.7309,9.10562e-06
928,0.877778,44.0000081062,2674.59,20.829,9.01472e-06
929,0.877778,44.0000081062,2674.58,20.8811,8.92472e-06
930,0.877778,44.0000081062,2674.58,20.731,8.83563e-06
931,0.877778,44.0000081062,2674.57,20.8291,8.74742e-06
932,0.877778,44.0000081062,2674.56,20.2874,8.6601e-06
933,0.877778,44.0000081062,2674.55,20.7311,8.57365e-06
934,0.877778,44.0000081062,2674.54,21.1957,8.48806e-06
935,0.877778,44.0000081062,2674.53,20.2875,8.40332e-06
936,0.877778,44.0000081062,2674.52,20.8292,8.31943e-06
937,0.877778,44.0000081062,2674.52,20.341,8.23638e-06
938,0.875,45.0,2674.51,20.659,8.15415e-06
939,0.877778,44.0000081062,2674.5,20.8293,8.07275e-06
940,0.877778,44.0000081062,2674.49,20.7313,7.99216e-06
941,0.877778,44.0000081062,2674.49,20.7314,7.91238e-06
942,0.877778,44.0000081062,2674.48,20.2877,7.83338e-06
943,0.877778,44.0000081062,2674.47,21.196,7.75519e-06
944,0.877778,44.0000081062,2674.46,20.7314,7.67777e-06
945,0.877778,44.0000081062,2674.46,20.8295,7.60112e-06
946,0.877778,44.0000081062,2674.45,20.7315,7.52524e-06
947,0.877778,44.0000081062,2674.44,21.2462,7.45011e-06
948,0.877778,44.0000081062,2674.43,20.2878,7.37574e-06
949,0.875,45.0,2674.43,20.8295,7.30211e-06
950,0.875,45.0,2674.42,20.2879,7.22921e-06
951,0.875,45.0,2674.41,20.7316,7.15704e-06
952,0.875,45.0,2674.41,20.7316,7.0856e-06
953,0.877778,44.0000081062,2674.4,20.2879,7.01486e-06
954,0.877778,44.0000081062,2674.39,20.288,6.94483e-06
955,0.877778,44.0000081062,2674.39,20.288,6.8755e-06
956,0.877778,44.0000081062,2674.38,20.288,6.80686e-06
957,0.877778,44.0000081062,2674.38,21.7525,6.73891e-06
958,0.877778,44.0000081062,2674.37,20.221,6.67164e-06
959,0.877778,44.0000081062,2674.36,20.7318,6.60503e-06
960,0.877778,44.0000081062,2674.36,20.2881,6.53909e-06
961,0.877778,44.0000081062,2674.35,21.12,6.47382e-06
962,0.877778,44.0000081062,2674.34,20.2882,6.40919e-06
963,0.877778,44.0000081062,2674.34,20.7319,6.34521e-06
964,0.877778,44.0000081062,2674.33,20.2882,6.28186e-06
965,0.877778,44.0000081062,2674.33,21.1964,6.21915e-06
966,0.877778,44.0000081062,2674.32,20.2882,6.15706e-06
967,0.877778,44.0000081062,2674.32,20.2883,6.0956e-06
968,0.877778,44.0000081062,2674.31,20.2212,6.03475e-06
969,0.875,45.0,2674.31,21.1965,5.9745e-06
970,0.877778,44.0000081062,2674.3,20.2883,5.91486e-06
971,0.877778,44.0000081062,2674.3,20.7321,5.85581e-06
972,0.877778,44.0000081062,2674.29,21.1966,5.79736e-06
973,0.877778,44.0000081062,2674.28,20.7321,5.73948e-06
974,0.877778,44.0000081062,2674.28,20.8821,5.68218e-06
975,0.877778,44.0000081062,2674.27,20.2884,5.62546e-06
976,0.877778,44.0000081062,2674.27,20.3419,5.5693e-06
977,0.877778,44.0000081062,2674.26,20.6666,5.5137e-06
978,0.877778,44.0000081062,2674.26,21.126,5.45866e-06
979,0.877778,44.0000081062,2674.25,20.292,5.40417e-06
980,0.877778,44.0000081062,2674.25,21.1967,5.35022e-06
981,0.877778,44.0000081062,2674.24,20.6667,5.2968e-06
982,0.877778,44.0000081062,2674.24,20.6108,5.24392e-06
983,0.877778,44.0000081062,2674.23,21.0658,5.19158e-06
984,0.877778,44.0000081062,2674.23,20.6667,5.13975e-06
985,0.877778,44.0000081062,2674.22,21.0659,5.08844e-06
986,0.877778,44.0000081062,2674.22,20.6668,5.03764e-06
987,0.877778,44.0000081062,2674.21,21.0659,4.98735e-06
988,0.877778,44.0000081062,2674.21,21.1261,4.93757e-06
989,0.877778,44.0000081062,2674.2,20.7324,4.88827e-06
990,0.877778,44.0000081062,2674.2,20.7324,4.83947e-06
991,0.877778,44.0000081062,2674.19,20.611,4.79116e-06
992,0.877778,44.0000081062,2674.19,21.1969,4.74333e-06
993,0.877778,44.0000081062,2674.19,21.1969,4.69598e-06
994,0.877778,44.0000081062,2674.18,20.6669,4.6491e-06
995,0.877778,44.0000081062,2674.18,20.7325,4.60269e-06
996,0.877778,44.0000081062,2674.17,22.1616,4.55674e-06
997,0.877778,44.0000081062,2674.17,20.6669,4.51125e-06
998,0.875,45.0,2674.16,21.197,4.46621e-06
999,0.875,45.0,2674.16,21.2473,4.42163e-06
1000,0.875,45.0,2674.15,20.7326,4.37749e-06
1001,0.877778,44.0000081062,2674.15,20.7326,4.33379e-06
1002,0.877778,44.0000081062,2674.15,21.1971,4.29052e-06
1003,0.877778,44.0000081062,2674.14,20.2889,4.24769e-06
1004,0.877778,44.0000081062,2674.14,21.7534,4.20528e-06
1005,0.877778,44.0000081062,2674.14,20.2889,4.1633e-06
1006,0.877778,44.0000081062,2674.13,20.7327,4.12174e-06
1007,0.877778,44.0000081062,2674.13,20.7327,4.0806e-06
1008,0.877778,44.0000081062,2674.13,20.7327,4.03986e-06
1009,0.877778,44.0000081062,2674.12,21.2474,3.99953e-06
1010,0.877778,44.0000081062,2674.12,20.753,3.9596e-06
1011,0.877778,44.0000081062,2674.11,20.7327,3.92007e-06
1012,0.877778,44.0000081062,2674.11,20.222,3.88094e-06
1013,0.877778,44.0000081062,2674.11,20.222,3.8422e-06
1014,0.877778,44.0000081062,2674.1,20.6672,3.80384e-06
1015,0.877778,44.0000081062,2674.1,20.6672,3.76587e-06
1016,0.877778,44.0000081062,2674.1,20.753,3.72827e-06
1017,0.877778,44.0000081062,2674.09,20.2891,3.69105e-06
1018,0.877778,44.0000081062,2674.09,20.6672,3.65421e-06
1019,0.877778,44.0000081062,2674.09,21.1973,3.61772e-06
1020,0.877778,44.0000081062,2674.08,20.6672,3.58161e-06
1021,0.877778,44.0000081062,2674.08,20.2221,3.54585e-06
1022,0.877778,44.0000081062,2674.08,21.121,3.51046e-06
1023,0.877778,44.0000081062,2674.07,20.2891,3.47541e-06
1024,0.877778,44.0000081062,2674.07,21.121,3.44072e-06
1025,0.877778,44.0000081062,2674.07,20.6673,3.40637e-06
1026,0.877778,44.0000081062,2674.06,21.121,3.37236e-06
1027,0.877778,44.0000081062,2674.06,20.2222,3.3387e-06
1028,0.877778,44.0000081062,2674.05,20.2222,3.30537e-06
1029,0.877778,44.0000081062,2674.05,20.6673,3.27237e-06
1030,0.877778,44.0000081062,2674.05,20.6673,3.2397e-06
1031,0.877778,44.0000081062,2674.05,20.8308,3.20736e-06
1032,0.877778,44.0000081062,2674.04,21.7301,3.17534e-06
1033,0.877778,44.0000081062,2674.04,20.2222,3.14364e-06
1034,0.877778,44.0000081062,2674.04,20.2893,3.11226e-06
1035,0.877778,44.0000081062,2674.03,20.733,3.08119e-06
1036,0.877778,44.0000081062,2674.03,20.8309,3.05043e-06
1037,0.877778,44.0000081062,2674.03,20.2223,3.01998e-06
1038,0.877778,44.0000081062,2674.02,20.2893,2.98983e-06
1039,0.877778,44.0000081062,2674.02,20.2893,2.95998e-06
1040,0.877778,44.0000081062,2674.02,20.8309,2.93043e-06
1041,0.877778,44.0000081062,2674.02,20.2893,2.90118e-06
1042,0.877778,44.0000081062,2674.01,20.733,2.87222e-06
1043,0.877778,44.0000081062,2674.01,20.7533,2.84354e-06
1044,0.877778,44.0000081062,2674.01,20.2894,2.81516e-06
1045,0.877778,44.0000081062,2674.01,20.7533,2.78705e-06
1046,0.877778,44.0000081062,2674.0,20.2894,2.75923e-06
1047,0.877778,44.0000081062,2674.0,21.1212,2.73169e-06
1048,0.877778,44.0000081062,2674.0,21.7302,2.70442e-06
1049,0.877778,44.0000081062,2673.99,20.2224,2.67742e-06
1050,0.877778,44.0000081062,2673.99,21.2479,2.65069e-06
1051,0.877778,44.0000081062,2673.99,20.7331,2.62423e-06
1052,0.877778,44.0000081062,2673.98,21.1975,2.59803e-06
1053,0.877778,44.0000081062,2673.98,20.831,2.57209e-06
1054,0.877778,44.0000081062,2673.98,20.2894,2.54642e-06
1055,0.877778,44.0000081062,2673.98,21.1976,2.521e-06
1056,0.877778,44.0000081062,2673.97,20.7332,2.49583e-06
1057,0.877778,44.0000081062,2673.97,20.2895,2.47091e-06
1058,0.877778,44.0000081062,2673.97,20.2895,2.44625e-06
1059,0.877778,44.0000081062,2673.97,20.7332,2.42182e-06
1060,0.875,45.0,2673.96,21.5817,2.39765e-06
1061,0.877778,44.0000081062,2673.96,20.6676,2.37371e-06
1062,0.877778,44.0000081062,2673.96,20.2895,2.35002e-06
1063,0.877778,44.0000081062,2673.96,20.2895,2.32656e-06
1064,0.877778,44.0000081062,2673.95,20.2895,2.30333e-06
1065,0.877778,44.0000081062,2673.95,22.1623,2.28034e-06
1066,0.875,45.0,2673.95,20.7332,2.25757e-06
1067,0.877778,44.0000081062,2673.95,20.7333,2.23503e-06
1068,0.877778,44.0000081062,2673.94,20.8311,2.21272e-06
1069,0.877778,44.0000081062,2673.94,21.1214,2.19063e-06
1070,0.877778,44.0000081062,2673.94,21.1214,2.16876e-06
1071,0.877778,44.0000081062,2673.94,21.1977,2.14711e-06
1072,0.877778,44.0000081062,2673.94,21.7304,2.12568e-06
1073,0.877778,44.0000081062,2673.93,21.1214,2.10446e-06
1074,0.877778,44.0000081062,2673.93,21.1977,2.08345e-06
1075,0.877778,44.0000081062,2673.93,22.1624,2.06265e-06
1076,0.877778,44.0000081062,2673.93,21.1977,2.04206e-06
1077,0.877778,44.0000081062,2673.93,21.1977,2.02167e-06
1078,0.877778,44.0000081062,2673.92,21.1215,2.00149e-06
1079,0.877778,44.0000081062,2673.92,20.6678,1.98151e-06
1080,0.877778,44.0000081062,2673.92,20.6678,1.96173e-06
1081,0.877778,44.0000081062,2673.92,21.1978,1.94214e-06
1082,0.877778,44.0000081062,2673.91,20.6678,1.92276e-06
1083,0.877778,44.0000081062,2673.91,21.1978,1.90356e-06
1084,0.877778,44.0000081062,2673.91,21.1215,1.88456e-06
1085,0.877778,44.0000081062,2673.91,20.7334,1.86575e-06
1086,0.877778,44.0000081062,2673.91,22.1625,1.84712e-06
1087,0.877778,44.0000081062,2673.9,21.1215,1.82868e-06
1088,0.877778,44.0000081062,2673.9,20.6679,1.81042e-06
1089,0.877778,44.0000081062,2673.9,20.6679,1.79235e-06
1090,0.877778,44.0000081062,2673.9,21.1978,1.77446e-06
1091,0.877778,44.0000081062,2673.9,21.1978,1.75674e-06
1092,0.877778,44.0000081062,2673.9,21.1978,1.73921e-06
1093,0.877778,44.0000081062,2673.89,21.1978,1.72184e-06
1094,0.877778,44.0000081062,2673.89,21.1979,1.70465e-06
1095,0.877778,44.0000081062,2673.89,21.1979,1.68764e-06
1096,0.877778,44.0000081062,2673.89,21.1979,1.67079e-06
1097,0.877778,44.0000081062,2673.89,21.1979,1.65411e-06
1098,0.877778,44.0000081062,2673.89,21.1979,1.6376e-06
1099,0.877778,44.0000081062,2673.88,21.1979,1.62125e-06
1100,0.877778,44.0000081062,2673.88,21.067,1.60507e-06
1101,0.877778,44.0000081062,2673.88,21.067,1.58904e-06
1102,0.877778,44.0000081062,2673.88,21.1216,1.57318e-06
1103,0.877778,44.0000081062,2673.88,21.1979,1.55747e-06
1104,0.877778,44.0000081062,2673.88,21.1979,1.54192e-06
1105,0.877778,44.0000081062,2673.87,21.1979,1.52653e-06
1106,0.877778,44.0000081062,2673.87,21.1979,1.51129e-06
1107,0.877778,44.0000081062,2673.87,21.1979,1.49621e-06
1108,0.877778,44.0000081062,2673.87,21.1979,1.48127e-06
1109,0.877778,44.0000081062,2673.87,21.198,1.46648e-06
1110,0.875,45.0,2673.87,22.0286,1.45184e-06
1111,0.877778,44.0000081062,2673.87,22.1627,1.43735e-06
1112,0.877778,44.0000081062,2673.87,22.1627,1.423e-06
0.877778,2673.87,4.083787679672241,0.0,2.03172100578,0.436823085397
