83,10,0.3,2,1000, .1 
0,0.502778,179.000008106,1.67014e+06,1053.72,0.0996661
1,0.513889,174.999997616,1.36602e+06,952.69,0.0986712
2,0.525,171.000008583,1.12137e+06,862.054,0.0976861
3,0.536111,166.999998093,921245.0,780.442,0.0967109
4,0.558333,158.999998569,760550.0,700.305,0.0957455
5,0.569444,155.000009537,631879.0,637.435,0.0947897
6,0.575,153.000004292,526468.0,581.038,0.0938434
7,0.580556,150.999999046,439483.0,533.096,0.0929065
8,0.591667,147.000010014,367364.0,484.365,0.0919791
9,0.611111,140.000002384,308765.0,437.683,0.0910608
10,0.622222,135.999991894,261753.0,402.209,0.0901518
11,0.630556,132.999994755,222288.0,367.359,0.0892518
12,0.636111,130.99998951,190128.0,334.71,0.0883608
13,0.655556,124.000003338,164011.0,298.6,0.0874787
14,0.663889,121.000006199,142474.0,277.624,0.0866054
15,0.686111,113.000006676,124844.0,248.681,0.0857408
16,0.691667,111.000001431,110829.0,229.672,0.0848849
17,0.691667,111.000001431,98594.8,212.428,0.0840375
18,0.705556,105.999999046,88046.9,199.384,0.0831985
19,0.716667,102.000010014,79024.1,185.867,0.082368
20,0.727778,97.9999995232,71497.3,171.836,0.0815457
21,0.733333,95.999994278,64996.8,161.33,0.0807316
22,0.747222,90.9999918938,59340.8,149.798,0.0799257
23,0.755556,87.9999947548,54526.1,142.357,0.0791278
24,0.758333,87.000002861,50404.7,127.202,0.0783379
25,0.772222,82.0000004768,47178.8,118.988,0.0775558
26,0.772222,82.0000004768,44417.6,112.202,0.0767816
27,0.769444,82.9999923706,42000.6,109.351,0.0760151
28,0.775,81.0000085831,39726.2,104.577,0.0752562
29,0.777778,79.9999952316,37685.3,103.553,0.074505
30,0.780556,79.0000033379,35748.9,100.811,0.0737612
31,0.780556,79.0000033379,33874.8,100.134,0.0730248
32,0.791667,74.9999928474,32087.1,96.0245,0.0722958
33,0.791667,74.9999928474,30428.1,95.617,0.0715741
34,0.794444,74.0000009537,28813.8,92.4608,0.0708596
35,0.797222,73.0000090599,27261.5,91.2589,0.0701522
36,0.797222,73.0000090599,25787.5,89.6236,0.0694519
37,0.8,71.9999957085,24377.1,88.2656,0.0687585
38,0.802778,71.0000038147,23135.3,81.7771,0.0680721
39,0.8,71.9999957085,22001.5,80.2319,0.0673926
40,0.802778,71.0000038147,20940.5,78.1347,0.0667198
41,0.797222,73.0000090599,19924.0,77.0451,0.0660537
42,0.794444,74.0000009537,18941.4,75.725,0.0653943
43,0.802778,71.0000038147,18048.9,65.1408,0.0647415
44,0.808333,68.9999985695,17386.9,63.0183,0.0640952
45,0.811111,68.0000066757,16780.6,61.3768,0.0634553
46,0.813889,66.9999933243,16230.1,60.4766,0.0628219
47,0.816667,66.0000014305,15692.9,60.279,0.0621947
48,0.816667,66.0000014305,15164.3,60.2682,0.0615738
49,0.816667,66.0000014305,14641.4,60.2853,0.0609591
50,0.816667,66.0000014305,14146.3,57.7218,0.0603506
51,0.819444,65.0000095367,13679.5,57.0079,0.0597481
52,0.819444,65.0000095367,13230.4,57.0442,0.0591516
53,0.822222,63.9999961853,12788.3,55.6572,0.0585611
54,0.827778,61.9999909401,12388.2,54.1093,0.0579765
55,0.825,63.0000042915,12010.4,54.0974,0.0573977
56,0.825,63.0000042915,11637.2,54.1821,0.0568247
57,0.827778,61.9999909401,11268.0,53.3653,0.0562575
58,0.825,63.0000042915,10911.8,52.1884,0.0556959
59,0.825,63.0000042915,10574.4,52.3076,0.0551398
60,0.827778,61.9999909401,10242.2,51.6487,0.0545894
61,0.833333,60.0000071526,9927.92,47.4253,0.0540444
62,0.833333,60.0000071526,9653.94,47.5447,0.0535049
63,0.830556,60.9999990463,9382.39,47.372,0.0529708
64,0.830556,60.9999990463,9114.59,47.5395,0.052442
65,0.830556,60.9999990463,8847.41,47.7222,0.0519184
66,0.833333,60.0000071526,8584.25,46.4462,0.0514001
67,0.830556,60.9999990463,8324.6,46.0159,0.050887
68,0.827778,61.9999909401,8084.91,39.6018,0.050379
69,0.830556,60.9999990463,7915.83,38.7824,0.0498761
70,0.827778,61.9999909401,7752.9,37.562,0.0493782
71,0.830556,60.9999990463,7604.81,36.7929,0.0488852
72,0.827778,61.9999909401,7464.38,36.4829,0.0483972
73,0.830556,60.9999990463,7329.64,35.8361,0.0479141
74,0.827778,61.9999909401,7204.39,35.635,0.0474357
75,0.825,63.0000042915,7084.55,32.9362,0.0469622
76,0.825,63.0000042915,6968.48,32.8998,0.0464934
77,0.827778,61.9999909401,6855.11,32.9656,0.0460292
78,0.827778,61.9999909401,6745.7,31.8446,0.0455697
79,0.827778,61.9999909401,6641.08,31.8229,0.0451148
80,0.827778,61.9999909401,6537.75,31.8085,0.0446644
81,0.827778,61.9999909401,6437.27,32.9446,0.0442185
82,0.827778,61.9999909401,6333.38,31.8313,0.0437771
83,0.827778,61.9999909401,6236.22,30.9143,0.0433401
84,0.833333,60.0000071526,6146.66,27.362,0.0429074
85,0.827778,61.9999909401,6065.27,28.3756,0.0424791
86,0.830556,60.9999990463,5981.6,27.2417,0.042055
87,0.827778,61.9999909401,5901.5,27.6795,0.0416352
88,0.827778,61.9999909401,5823.42,27.6471,0.0412195
89,0.825,63.0000042915,5747.1,28.7464,0.0408081
90,0.825,63.0000042915,5668.72,27.501,0.0404007
91,0.827778,61.9999909401,5593.77,27.5095,0.0399973
92,0.830556,60.9999990463,5526.59,23.38,0.0395981
93,0.833333,60.0000071526,5466.03,24.2044,0.0392027
94,0.836111,58.9999938011,5408.61,22.7765,0.0388114
95,0.836111,58.9999938011,5352.08,22.7261,0.0384239
96,0.836111,58.9999938011,5296.3,22.6803,0.0380404
97,0.833333,60.0000071526,5241.26,22.6266,0.0376606
98,0.836111,58.9999938011,5187.04,22.6005,0.0372846
99,0.836111,58.9999938011,5132.01,22.5711,0.0369124
100,0.836111,58.9999938011,5078.93,22.5429,0.0365439
101,0.833333,60.0000071526,5026.77,22.5589,0.0361791
102,0.836111,58.9999938011,4975.38,22.491,0.0358179
103,0.838889,58.0000019073,4925.74,21.5869,0.0354604
104,0.838889,58.0000019073,4877.06,21.5796,0.0351064
105,0.841667,57.0000100136,4829.4,21.145,0.0347559
106,0.844444,55.9999966621,4780.69,21.166,0.0344089
107,0.844444,55.9999966621,4735.47,21.1703,0.0340654
108,0.841667,57.0000100136,4689.7,21.1524,0.0337254
109,0.847222,55.0000047684,4645.41,21.6021,0.0333887
110,0.844444,55.9999966621,4600.93,21.1948,0.0330554
111,0.841667,57.0000100136,4561.14,20.1444,0.0327254
112,0.844444,55.9999966621,4519.54,20.1518,0.0323987
113,0.844444,55.9999966621,4480.51,20.1692,0.0320753
114,0.844444,55.9999966621,4441.78,20.1894,0.031755
115,0.847222,55.0000047684,4402.82,19.7789,0.031438
116,0.852778,52.9999995232,4366.69,19.5996,0.0311242
117,0.855556,52.0000076294,4331.65,19.6621,0.0308135
118,0.855556,52.0000076294,4295.15,19.3757,0.0305059
119,0.852778,52.9999995232,4262.07,19.0089,0.0302013
120,0.855556,52.0000076294,4231.59,18.2819,0.0298998
121,0.855556,52.0000076294,4200.71,18.2867,0.0296013
122,0.855556,52.0000076294,4172.2,18.2952,0.0293058
123,0.852778,52.9999995232,4147.41,22.2625,0.0290133
124,0.852778,52.9999995232,4118.0,20.2058,0.0287236
125,0.861111,50.0000023842,4090.97,18.187,0.0284369
126,0.861111,50.0000023842,4063.3,18.0077,0.028153
127,0.852778,52.9999995232,4040.61,22.2676,0.027872
128,0.85,53.9999914169,4012.12,22.0994,0.0275937
129,0.861111,50.0000023842,3985.73,18.2511,0.0273183
130,0.85,53.9999914169,3962.88,23.0192,0.0270455
131,0.861111,50.0000023842,3933.04,17.5385,0.0267755
132,0.861111,50.0000023842,3907.84,18.3134,0.0265082
133,0.852778,52.9999995232,3884.55,22.3084,0.0262436
134,0.847222,55.0000047684,3860.91,21.9544,0.0259816
135,0.858333,50.999994278,3835.27,17.9309,0.0257223
136,0.861111,50.0000023842,3809.93,18.2276,0.0254655
137,0.85,53.9999914169,3787.68,22.1248,0.0252112
138,0.85,53.9999914169,3765.28,22.1396,0.0249596
139,0.858333,50.999994278,3740.1,18.0142,0.0247104
140,0.855556,52.0000076294,3717.02,17.9983,0.0244637
141,0.863889,49.0000104904,3694.65,19.8915,0.0242195
142,0.85,53.9999914169,3670.77,22.1856,0.0239777
143,0.85,53.9999914169,3649.0,22.2058,0.0237383
144,0.858333,50.999994278,3624.97,18.3531,0.0235014
145,0.85,53.9999914169,3602.44,22.9259,0.0232668
146,0.855556,52.0000076294,3580.92,18.4931,0.0230345
147,0.858333,50.999994278,3556.97,18.4481,0.0228045
148,0.858333,50.999994278,3535.59,18.2719,0.0225769
149,0.858333,50.999994278,3513.7,18.3059,0.0223515
150,0.858333,50.999994278,3493.47,18.3411,0.0221284
151,0.85,53.9999914169,3472.98,24.2209,0.0219074
152,0.855556,52.0000076294,3453.54,22.1863,0.0216887
153,0.852778,52.9999995232,3431.14,23.8543,0.0214722
154,0.858333,50.999994278,3410.94,17.6643,0.0212579
155,0.85,53.9999914169,3395.68,21.3422,0.0210457
156,0.861111,50.0000023842,3376.31,19.0951,0.0208356
157,0.85,53.9999914169,3361.89,20.9886,0.0206276
158,0.85,53.9999914169,3343.05,21.0025,0.0204216
159,0.861111,50.0000023842,3327.2,20.9066,0.0202178
160,0.863889,49.0000104904,3311.14,16.418,0.0200159
161,0.866667,47.999997139,3296.06,16.4625,0.0198161
162,0.869444,47.0000052452,3281.38,16.8072,0.0196183
163,0.866667,47.999997139,3266.13,16.5036,0.0194224
164,0.858333,50.999994278,3252.9,20.8239,0.0192286
165,0.872222,45.9999918938,3235.31,16.9864,0.0190366
166,0.858333,50.999994278,3221.67,20.8509,0.0188466
167,0.866667,47.999997139,3206.4,16.5931,0.0186584
168,0.858333,50.999994278,3193.2,20.8813,0.0184721
169,0.861111,50.0000023842,3178.88,20.8211,0.0182877
170,0.861111,50.0000023842,3164.48,20.8394,0.0181052
171,0.872222,45.9999918938,3150.37,16.9367,0.0179244
172,0.861111,50.0000023842,3136.69,20.876,0.0177455
173,0.869444,47.0000052452,3122.5,16.655,0.0175683
174,0.863889,49.0000104904,3112.11,28.102,0.017393
175,0.872222,45.9999918938,3096.97,17.0545,0.0172193
176,0.869444,47.0000052452,3082.77,16.7452,0.0170474
177,0.866667,47.999997139,3070.28,17.0823,0.0168772
178,0.872222,45.9999918938,3056.86,17.1462,0.0167088
179,0.866667,47.999997139,3043.64,17.1387,0.016542
180,0.869444,47.0000052452,3030.42,16.3139,0.0163768
181,0.863889,49.0000104904,3020.24,26.7351,0.0162133
182,0.875,45.0,3008.0,16.4445,0.0160515
183,0.875,45.0,2995.81,16.4688,0.0158912
184,0.875,45.0,2983.71,16.4932,0.0157326
185,0.866667,47.999997139,2972.88,18.8421,0.0155755
186,0.869444,47.0000052452,2961.58,16.805,0.01542
187,0.875,45.0,2950.48,16.5728,0.0152661
188,0.875,45.0,2938.69,16.5979,0.0151137
189,0.863889,49.0000104904,2927.94,20.7737,0.0149628
190,0.877778,44.0000081062,2916.28,18.2619,0.0148135
191,0.872222,45.9999918938,2905.0,16.6161,0.0146656
192,0.877778,44.0000081062,2894.98,18.3117,0.0145192
193,0.863889,49.0000104904,2884.1,20.8448,0.0143742
194,0.877778,44.0000081062,2873.31,18.3599,0.0142307
195,0.875,45.0,2861.92,16.6994,0.0140887
196,0.866667,47.999997139,2852.22,22.8326,0.013948
197,0.872222,45.9999918938,2842.57,20.5696,0.0138088
198,0.869444,47.0000052452,2831.31,22.2922,0.0136709
199,0.875,45.0,2819.78,16.8041,0.0135344
200,0.872222,45.9999918938,2809.27,16.6682,0.0133993
201,0.869444,47.0000052452,2799.62,16.9136,0.0132656
202,0.869444,47.0000052452,2789.22,17.4895,0.0131331
203,0.872222,45.9999918938,2780.67,22.0138,0.013002
204,0.880556,42.9999947548,2768.82,16.5427,0.0128722
205,0.877778,44.0000081062,2759.87,18.1056,0.0127437
206,0.880556,42.9999947548,2749.83,16.4772,0.0126165
207,0.875,45.0,2741.01,22.2427,0.0124906
208,0.875,45.0,2731.09,22.2583,0.0123659
209,0.875,45.0,2722.49,22.276,0.0122424
210,0.877778,44.0000081062,2712.8,18.5999,0.0121202
211,0.877778,44.0000081062,2702.97,20.8049,0.0119992
212,0.877778,44.0000081062,2693.8,18.2827,0.0118794
213,0.875,45.0,2684.24,20.5158,0.0117608
214,0.877778,44.0000081062,2675.18,16.7448,0.0116434
215,0.880556,42.9999947548,2666.47,17.4352,0.0115272
216,0.872222,45.9999918938,2658.41,23.4401,0.0114121
217,0.883333,42.000002861,2648.68,17.1413,0.0112982
218,0.880556,42.9999947548,2640.16,18.4504,0.0111854
219,0.880556,42.9999947548,2631.22,20.5847,0.0110737
220,0.883333,42.000002861,2622.72,18.8918,0.0109632
221,0.883333,42.000002861,2614.19,17.4053,0.0108537
222,0.888889,39.9999976158,2605.13,16.5384,0.0107454
223,0.886111,40.9999895096,2597.06,16.8229,0.0106381
224,0.880556,42.9999947548,2589.53,23.1216,0.0105319
225,0.883333,42.000002861,2580.8,18.4337,0.0104268
226,0.886111,40.9999895096,2572.91,18.0017,0.0103227
227,0.877778,44.0000081062,2564.88,21.284,0.0102196
228,0.883333,42.000002861,2557.53,17.6243,0.0101176
229,0.877778,44.0000081062,2550.42,21.3166,0.0100166
230,0.886111,40.9999895096,2542.53,16.4964,0.00991661
231,0.888889,39.9999976158,2535.16,16.1916,0.00981762
232,0.891667,39.000005722,2528.0,16.7925,0.00971961
233,0.880556,42.9999947548,2521.03,17.2307,0.00962258
234,0.883333,42.000002861,2514.07,17.499,0.00952652
235,0.883333,42.000002861,2507.51,17.7878,0.00943141
236,0.888889,39.9999976158,2500.13,16.3131,0.00933726
237,0.888889,39.9999976158,2493.18,16.3206,0.00924405
238,0.886111,40.9999895096,2486.29,16.344,0.00915176
239,0.886111,40.9999895096,2479.44,16.3673,0.0090604
240,0.883333,42.000002861,2473.1,17.5762,0.00896995
241,0.886111,40.9999895096,2466.12,17.6131,0.00888041
242,0.886111,40.9999895096,2459.36,16.5014,0.00879175
243,0.886111,40.9999895096,2452.69,15.6838,0.00870399
244,0.883333,42.000002861,2446.12,15.7083,0.00861709
245,0.883333,42.000002861,2439.82,17.6848,0.00853107
246,0.886111,40.9999895096,2433.67,17.7197,0.0084459
247,0.891667,39.000005722,2427.26,15.6085,0.00836159
248,0.888889,39.9999976158,2421.7,14.7474,0.00827812
249,0.891667,39.000005722,2416.28,15.7776,0.00819548
250,0.891667,39.000005722,2410.95,15.7955,0.00811366
251,0.888889,39.9999976158,2405.71,15.4827,0.00803266
252,0.891667,39.000005722,2400.53,15.3346,0.00795247
253,0.888889,39.9999976158,2395.27,14.2665,0.00787308
254,0.888889,39.9999976158,2390.24,14.2827,0.00779449
255,0.888889,39.9999976158,2385.24,14.2989,0.00771668
256,0.888889,39.9999976158,2380.28,14.315,0.00763964
257,0.891667,39.000005722,2375.4,15.412,0.00756337
258,0.891667,39.000005722,2370.66,15.4274,0.00748787
259,0.886111,40.9999895096,2366.0,15.0516,0.00741312
260,0.888889,39.9999976158,2361.1,15.0677,0.00733911
261,0.888889,39.9999976158,2356.25,15.1142,0.00726585
262,0.894444,37.9999923706,2351.72,15.4894,0.00719331
263,0.891667,39.000005722,2346.8,14.6057,0.0071215
264,0.891667,39.000005722,2342.11,14.4758,0.00705041
265,0.888889,39.9999976158,2337.48,14.4597,0.00698003
266,0.888889,39.9999976158,2332.9,14.4749,0.00691034
267,0.891667,39.000005722,2328.47,15.5633,0.00684136
268,0.886111,40.9999895096,2324.13,15.1882,0.00677306
269,0.891667,39.000005722,2319.64,15.5926,0.00670545
270,0.888889,39.9999976158,2315.1,15.2174,0.00663851
271,0.891667,39.000005722,2310.64,14.5819,0.00657224
272,0.891667,39.000005722,2306.26,14.5663,0.00650663
273,0.891667,39.000005722,2301.94,14.5808,0.00644167
274,0.888889,39.9999976158,2297.65,14.5953,0.00637736
275,0.891667,39.000005722,2293.45,15.677,0.0063137
276,0.888889,39.9999976158,2289.37,16.324,0.00625067
277,0.891667,39.000005722,2285.17,15.7049,0.00618827
278,0.888889,39.9999976158,2281.03,15.3302,0.00612649
279,0.888889,39.9999976158,2276.83,15.3721,0.00606533
280,0.894444,37.9999923706,2272.95,15.7545,0.00600478
281,0.891667,39.000005722,2268.67,14.8759,0.00594484
282,0.891667,39.000005722,2264.62,14.7109,0.00588549
283,0.888889,39.9999976158,2260.63,14.7245,0.00582673
284,0.888889,39.9999976158,2256.68,14.738,0.00576857
285,0.891667,39.000005722,2252.86,15.8121,0.00571098
286,0.886111,40.9999895096,2249.07,15.4378,0.00565397
287,0.891667,39.000005722,2245.23,15.8381,0.00559752
288,0.888889,39.9999976158,2241.28,15.4637,0.00554164
289,0.891667,39.000005722,2237.46,14.8333,0.00548632
290,0.891667,39.000005722,2233.69,14.819,0.00543155
291,0.888889,39.9999976158,2229.96,14.8319,0.00537733
292,0.888889,39.9999976158,2226.27,14.8447,0.00532365
293,0.891667,39.000005722,2222.65,15.9129,0.0052705
294,0.891667,39.000005722,2219.11,15.9251,0.00521789
295,0.886111,40.9999895096,2215.56,15.5511,0.0051658
296,0.886111,40.9999895096,2211.91,15.5637,0.00511423
297,0.888889,39.9999976158,2208.3,15.6012,0.00506317
298,0.891667,39.000005722,2204.97,15.9739,0.00501263
299,0.891667,39.000005722,2201.31,14.9596,0.00496259
300,0.891667,39.000005722,2197.85,14.9461,0.00491304
301,0.888889,39.9999976158,2194.42,14.958,0.004864
302,0.888889,39.9999976158,2191.03,14.9699,0.00481544
303,0.891667,39.000005722,2187.72,16.1776,0.00476737
304,0.891667,39.000005722,2184.44,16.0431,0.00471978
305,0.886111,40.9999895096,2181.08,15.6696,0.00467266
306,0.886111,40.9999895096,2177.73,15.6813,0.00462601
307,0.891667,39.000005722,2174.49,15.0299,0.00457983
308,0.888889,39.9999976158,2171.26,15.0413,0.00453411
309,0.888889,39.9999976158,2168.06,15.0525,0.00448885
310,0.888889,39.9999976158,2164.89,15.0637,0.00444404
311,0.891667,39.000005722,2161.74,16.1201,0.00439967
312,0.891667,39.000005722,2158.7,16.1308,0.00435575
313,0.886111,40.9999895096,2155.65,15.7578,0.00431227
314,0.891667,39.000005722,2152.62,16.1521,0.00426922
315,0.886111,40.9999895096,2149.46,15.7791,0.0042266
316,0.888889,39.9999976158,2146.45,15.1304,0.0041844
317,0.888889,39.9999976158,2143.46,15.141,0.00414263
318,0.888889,39.9999976158,2140.5,15.1515,0.00410128
319,0.888889,39.9999976158,2137.57,15.1619,0.00406033
320,0.891667,39.000005722,2134.68,16.2132,0.0040198
321,0.891667,39.000005722,2131.87,16.2231,0.00397967
322,0.886111,40.9999895096,2129.03,15.8505,0.00393994
323,0.886111,40.9999895096,2126.14,15.8608,0.00390061
324,0.897222,37.0000004768,2123.47,15.818,0.00386167
325,0.894444,37.9999923706,2120.7,14.7562,0.00382312
326,0.894444,37.9999923706,2118.08,14.7639,0.00378495
327,0.894444,37.9999923706,2115.48,14.7714,0.00374717
328,0.894444,37.9999923706,2112.91,14.7789,0.00370976
329,0.897222,37.0000004768,2110.39,15.9985,0.00367273
330,0.894444,37.9999923706,2107.94,16.303,0.00363606
331,0.891667,39.000005722,2105.39,15.4774,0.00359976
332,0.891667,39.000005722,2102.85,15.4851,0.00356383
333,0.894444,37.9999923706,2100.37,14.8173,0.00352825
334,0.894444,37.9999923706,2097.93,14.9815,0.00349303
335,0.891667,39.000005722,2095.52,14.989,0.00345815
336,0.891667,39.000005722,2093.13,14.9965,0.00342363
337,0.891667,39.000005722,2090.76,15.0039,0.00338945
338,0.894444,37.9999923706,2088.44,16.074,0.00335562
339,0.897222,37.0000004768,2086.15,15.9239,0.00332212
340,0.891667,39.000005722,2083.83,15.5411,0.00328895
341,0.891667,39.000005722,2081.49,15.7015,0.00325612
342,0.894444,37.9999923706,2079.21,15.0417,0.00322362
343,0.891667,39.000005722,2076.96,15.0487,0.00319143
344,0.891667,39.000005722,2074.74,15.0557,0.00315957
345,0.891667,39.000005722,2072.54,15.0626,0.00312803
346,0.894444,37.9999923706,2070.34,15.0776,0.00309681
347,0.897222,37.0000004768,2068.21,15.9753,0.00306589
348,0.891667,39.000005722,2066.11,15.5941,0.00303528
349,0.897222,37.0000004768,2063.99,15.9878,0.00300498
350,0.891667,39.000005722,2061.82,15.6068,0.00297498
351,0.894444,37.9999923706,2059.72,14.9403,0.00294528
352,0.894444,37.9999923706,2057.66,15.111,0.00291588
353,0.894444,37.9999923706,2055.61,15.1175,0.00288677
354,0.894444,37.9999923706,2053.59,15.1239,0.00285795
355,0.894444,37.9999923706,2051.58,15.1302,0.00282942
356,0.894444,37.9999923706,2049.64,16.1734,0.00280118
357,0.888889,39.9999976158,2047.7,15.8083,0.00277321
358,0.894444,37.9999923706,2045.76,16.1961,0.00274553
359,0.888889,39.9999976158,2043.75,15.8208,0.00271812
360,0.891667,39.000005722,2041.83,15.1621,0.00269099
361,0.894444,37.9999923706,2039.91,15.0005,0.00266412
362,0.894444,37.9999923706,2038.03,15.0061,0.00263753
363,0.894444,37.9999923706,2036.17,15.0117,0.0026112
364,0.897222,37.0000004768,2034.33,16.0629,0.00258513
365,0.897222,37.0000004768,2032.54,16.0682,0.00255932
366,0.891667,39.000005722,2030.74,15.6999,0.00253377
367,0.897222,37.0000004768,2028.98,16.0789,0.00250848
368,0.891667,39.000005722,2027.11,15.7107,0.00248343
369,0.894444,37.9999923706,2025.36,15.045,0.00245864
370,0.894444,37.9999923706,2023.61,15.0503,0.0024341
371,0.894444,37.9999923706,2021.89,15.231,0.0024098
372,0.894444,37.9999923706,2020.16,15.0427,0.00238574
373,0.897222,37.0000004768,2018.47,16.1095,0.00236193
374,0.897222,37.0000004768,2016.83,16.1144,0.00233835
375,0.891667,39.000005722,2015.16,15.7298,0.002315
376,0.891667,39.000005722,2013.47,15.7522,0.00229189
377,0.897222,37.0000004768,2011.91,16.1292,0.00226901
378,0.894444,37.9999923706,2010.22,15.0916,0.00224636
379,0.894444,37.9999923706,2008.62,15.0788,0.00222394
380,0.894444,37.9999923706,2007.03,15.0837,0.00220173
381,0.894444,37.9999923706,2005.46,15.0885,0.00217975
382,0.897222,37.0000004768,2003.91,16.1523,0.00215799
383,0.897222,37.0000004768,2002.41,16.1568,0.00213645
384,0.891667,39.000005722,2000.85,15.7737,0.00211512
385,0.894444,37.9999923706,1999.31,15.1078,0.00209401
386,0.894444,37.9999923706,1997.81,15.1124,0.0020731
387,0.894444,37.9999923706,1996.33,15.117,0.00205241
388,0.894444,37.9999923706,1994.86,15.1215,0.00203192
389,0.894444,37.9999923706,1993.4,15.126,0.00201163
390,0.897222,37.0000004768,1991.98,16.1874,0.00199155
391,0.897222,37.0000004768,1990.58,16.1917,0.00197167
392,0.891667,39.000005722,1989.16,15.8096,0.00195199
393,0.891667,39.000005722,1987.72,15.8141,0.0019325
394,0.894444,37.9999923706,1986.32,15.1485,0.00191321
395,0.894444,37.9999923706,1984.94,15.1528,0.00189411
396,0.894444,37.9999923706,1983.58,15.157,0.0018752
397,0.894444,37.9999923706,1982.23,15.1611,0.00185648
398,0.894444,37.9999923706,1980.89,15.1653,0.00183795
399,0.897222,37.0000004768,1979.58,16.2241,0.0018196
400,0.897222,37.0000004768,1978.3,16.228,0.00180143
401,0.891667,39.000005722,1976.98,15.8472,0.00178345
402,0.891667,39.000005722,1975.66,15.8514,0.00176565
403,0.894444,37.9999923706,1974.39,15.186,0.00174802
404,0.894444,37.9999923706,1973.12,15.1899,0.00173057
405,0.894444,37.9999923706,1971.87,15.1938,0.00171329
406,0.894444,37.9999923706,1970.63,15.1976,0.00169619
407,0.894444,37.9999923706,1969.41,15.2014,0.00167926
408,0.897222,37.0000004768,1968.21,16.258,0.00166249
409,0.894444,37.9999923706,1967.03,16.2615,0.0016459
410,0.891667,39.000005722,1965.81,15.8818,0.00162947
411,0.894444,37.9999923706,1964.61,15.2166,0.0016132
412,0.894444,37.9999923706,1963.44,15.2202,0.00159709
413,0.894444,37.9999923706,1962.28,15.2238,0.00158115
414,0.891667,39.000005722,1961.13,15.2274,0.00156537
415,0.894444,37.9999923706,1959.99,15.2309,0.00154974
416,0.894444,37.9999923706,1958.89,16.2856,0.00153427
417,0.888889,39.9999976158,1957.8,15.9068,0.00151895
418,0.894444,37.9999923706,1956.69,16.2924,0.00150379
419,0.888889,39.9999976158,1955.56,15.9137,0.00148878
420,0.894444,37.9999923706,1954.47,15.2486,0.00147391
421,0.894444,37.9999923706,1953.4,15.252,0.0014592
422,0.891667,39.000005722,1952.33,15.2553,0.00144463
423,0.891667,39.000005722,1951.28,15.2586,0.00143021
424,0.894444,37.9999923706,1950.24,15.2618,0.00141593
425,0.894444,37.9999923706,1949.23,16.3145,0.0014018
426,0.888889,39.9999976158,1948.21,15.9366,0.0013878
427,0.894444,37.9999923706,1947.21,16.3207,0.00137395
428,0.891667,39.000005722,1946.16,15.2748,0.00136023
429,0.891667,39.000005722,1945.17,15.2779,0.00134665
430,0.891667,39.000005722,1944.19,15.2809,0.00133321
431,0.891667,39.000005722,1943.21,15.284,0.0013199
432,0.894444,37.9999923706,1942.25,16.3353,0.00130672
433,0.894444,37.9999923706,1941.32,16.3382,0.00129368
434,0.888889,39.9999976158,1940.39,15.961,0.00128077
435,0.888889,39.9999976158,1939.43,15.964,0.00126798
436,0.894444,37.9999923706,1938.52,16.3468,0.00125532
437,0.891667,39.000005722,1937.56,15.3021,0.00124279
438,0.891667,39.000005722,1936.65,15.3049,0.00123038
439,0.891667,39.000005722,1935.75,15.3077,0.0012181
440,0.891667,39.000005722,1934.85,15.3105,0.00120594
441,0.894444,37.9999923706,1933.98,16.3602,0.0011939
442,0.894444,37.9999923706,1933.12,16.3628,0.00118198
443,0.888889,39.9999976158,1932.26,15.9864,0.00117018
444,0.888889,39.9999976158,1931.38,15.9892,0.0011585
445,0.894444,37.9999923706,1930.55,16.3707,0.00114694
446,0.891667,39.000005722,1929.68,15.3271,0.00113549
447,0.891667,39.000005722,1928.84,15.3298,0.00112415
448,0.891667,39.000005722,1928.01,15.3323,0.00111293
449,0.891667,39.000005722,1927.2,15.3349,0.00110182
450,0.894444,37.9999923706,1926.39,16.383,0.00109082
451,0.894444,37.9999923706,1925.61,16.3854,0.00107993
452,0.888889,39.9999976158,1924.8,16.0098,0.00106915
453,0.891667,39.000005722,1924.0,15.3451,0.00105847
454,0.891667,39.000005722,1923.22,15.3476,0.00104791
455,0.891667,39.000005722,1922.45,15.35,0.00103745
456,0.891667,39.000005722,1921.68,15.3524,0.00102709
457,0.891667,39.000005722,1920.93,15.3548,0.00101684
458,0.894444,37.9999923706,1920.19,16.4016,0.00100669
459,0.894444,37.9999923706,1919.46,16.4039,0.000996636
460,0.888889,39.9999976158,1918.72,16.0288,0.000986686
461,0.888889,39.9999976158,1917.98,16.0312,0.000976836
462,0.894444,37.9999923706,1917.29,16.4106,0.000967085
463,0.891667,39.000005722,1916.54,15.3689,0.00095743
464,0.891667,39.000005722,1915.83,15.3711,0.000947872
465,0.891667,39.000005722,1915.13,15.3733,0.00093841
466,0.891667,39.000005722,1914.44,15.3755,0.000929042
467,0.894444,37.9999923706,1913.76,16.421,0.000919767
468,0.894444,37.9999923706,1913.1,16.4231,0.000910585
469,0.888889,39.9999976158,1912.41,16.0486,0.000901495
470,0.891667,39.000005722,1911.73,15.3842,0.000892495
471,0.891667,39.000005722,1911.07,15.3863,0.000883585
472,0.891667,39.000005722,1910.42,15.3883,0.000874765
473,0.891667,39.000005722,1909.77,15.3904,0.000866032
474,0.894444,37.9999923706,1909.13,15.3924,0.000857386
475,0.894444,37.9999923706,1908.51,16.4369,0.000848827
476,0.888889,39.9999976158,1907.89,16.0629,0.000840353
477,0.894444,37.9999923706,1907.27,16.4407,0.000831964
478,0.888889,39.9999976158,1906.63,16.0668,0.000823659
479,0.891667,39.000005722,1906.02,15.4025,0.000815436
480,0.891667,39.000005722,1905.41,15.4044,0.000807296
481,0.891667,39.000005722,1904.81,15.4063,0.000799236
482,0.891667,39.000005722,1904.22,15.4081,0.000791258
483,0.891667,39.000005722,1903.63,15.41,0.000783359
484,0.894444,37.9999923706,1903.06,16.4534,0.000775539
485,0.888889,39.9999976158,1902.49,16.0799,0.000767796
486,0.894444,37.9999923706,1901.93,16.4569,0.000760131
487,0.891667,39.000005722,1901.34,15.4174,0.000752543
488,0.891667,39.000005722,1900.78,15.4191,0.00074503
489,0.891667,39.000005722,1900.23,15.4209,0.000737593
490,0.891667,39.000005722,1899.68,15.4226,0.00073023
491,0.894444,37.9999923706,1899.14,16.4652,0.00072294
492,0.894444,37.9999923706,1898.62,16.4668,0.000715723
493,0.888889,39.9999976158,1898.09,16.0938,0.000708578
494,0.894444,37.9999923706,1897.57,16.47,0.000701504
495,0.888889,39.9999976158,1897.03,16.0971,0.000694501
496,0.891667,39.000005722,1896.51,15.4328,0.000687568
497,0.891667,39.000005722,1896.0,15.4345,0.000680704
498,0.891667,39.000005722,1895.49,15.4361,0.000673908
499,0.891667,39.000005722,1894.99,15.4376,0.000667181
500,0.894444,37.9999923706,1894.49,15.4258,0.00066052
501,0.894444,37.9999923706,1894.01,16.4718,0.000653926
502,0.888889,39.9999976158,1893.53,16.0954,0.000647398
503,0.894444,37.9999923706,1893.05,16.4748,0.000640935
504,0.891667,39.000005722,1892.56,15.4322,0.000634537
505,0.891667,39.000005722,1892.08,15.4337,0.000628202
506,0.891667,39.000005722,1891.62,15.4352,0.000621931
507,0.891667,39.000005722,1891.15,15.4367,0.000615722
508,0.894444,37.9999923706,1890.7,16.4819,0.000609576
509,0.894444,37.9999923706,1890.25,16.4833,0.00060349
510,0.888889,39.9999976158,1889.81,16.1073,0.000597466
511,0.894444,37.9999923706,1889.37,16.4861,0.000591501
512,0.891667,39.000005722,1888.91,16.1102,0.000585596
513,0.891667,39.000005722,1888.47,15.4455,0.00057975
514,0.891667,39.000005722,1888.04,15.4469,0.000573963
515,0.891667,39.000005722,1887.61,15.4482,0.000568233
516,0.891667,39.000005722,1887.19,15.4496,0.00056256
517,0.894444,37.9999923706,1886.77,15.451,0.000556944
518,0.894444,37.9999923706,1886.36,16.4952,0.000551384
519,0.888889,39.9999976158,1885.95,16.1197,0.00054588
520,0.894444,37.9999923706,1885.55,16.4978,0.00054043
521,0.891667,39.000005722,1885.13,15.4563,0.000535035
522,0.891667,39.000005722,1884.73,15.4576,0.000529694
523,0.891667,39.000005722,1884.34,15.4589,0.000524406
524,0.891667,39.000005722,1883.94,15.4601,0.000519171
525,0.894444,37.9999923706,1883.56,15.4614,0.000513988
526,0.894444,37.9999923706,1883.18,16.505,0.000508857
527,0.888889,39.9999976158,1882.8,16.1297,0.000503777
528,0.894444,37.9999923706,1882.43,16.5073,0.000498748
529,0.891667,39.000005722,1882.04,15.4663,0.000493769
530,0.891667,39.000005722,1881.67,15.4675,0.00048884
531,0.891667,39.000005722,1881.31,15.4687,0.00048396
532,0.891667,39.000005722,1880.95,15.4699,0.000479128
533,0.894444,37.9999923706,1880.59,16.5129,0.000474345
534,0.894444,37.9999923706,1880.24,16.514,0.00046961
535,0.888889,39.9999976158,1879.9,16.1391,0.000464922
536,0.894444,37.9999923706,1879.55,16.5161,0.000460281
537,0.888889,39.9999976158,1879.19,16.1413,0.000455685
538,0.891667,39.000005722,1878.85,15.4767,0.000451136
539,0.891667,39.000005722,1878.51,15.4778,0.000446633
540,0.891667,39.000005722,1878.18,15.4789,0.000442174
541,0.891667,39.000005722,1877.85,15.48,0.00043776
542,0.894444,37.9999923706,1877.52,15.481,0.00043339
543,0.894444,37.9999923706,1877.2,16.5233,0.000429063
544,0.888889,39.9999976158,1876.88,16.1487,0.00042478
545,0.894444,37.9999923706,1876.57,16.5253,0.000420539
546,0.891667,39.000005722,1876.24,15.4852,0.000416341
547,0.891667,39.000005722,1875.93,15.4862,0.000412185
548,0.891667,39.000005722,1875.62,15.4872,0.00040807
549,0.891667,39.000005722,1875.31,15.4882,0.000403996
550,0.894444,37.9999923706,1875.01,16.53,0.000399963
551,0.894444,37.9999923706,1874.72,16.5309,0.00039597
552,0.888889,39.9999976158,1874.43,16.1566,0.000392017
553,0.894444,37.9999923706,1874.13,16.5328,0.000388104
554,0.891667,39.000005722,1873.83,16.1585,0.00038423
555,0.891667,39.000005722,1873.54,15.494,0.000380394
556,0.891667,39.000005722,1873.26,15.495,0.000376596
557,0.891667,39.000005722,1872.98,15.4959,0.000372837
558,0.891667,39.000005722,1872.7,15.4968,0.000369115
559,0.894444,37.9999923706,1872.42,15.4977,0.00036543
560,0.894444,37.9999923706,1872.15,16.5388,0.000361782
561,0.888889,39.9999976158,1871.88,16.1648,0.00035817
562,0.894444,37.9999923706,1871.62,16.5405,0.000354595
563,0.891667,39.000005722,1871.34,15.5012,0.000351055
564,0.891667,39.000005722,1871.07,15.5021,0.00034755
565,0.891667,39.000005722,1870.81,15.5029,0.000344081
566,0.891667,39.000005722,1870.56,15.5037,0.000340646
567,0.894444,37.9999923706,1870.3,15.5046,0.000337245
568,0.894444,37.9999923706,1870.05,16.5453,0.000333878
569,0.888889,39.9999976158,1869.81,16.1715,0.000330545
570,0.894444,37.9999923706,1869.56,16.5469,0.000327246
571,0.891667,39.000005722,1869.3,15.5078,0.000323979
572,0.891667,39.000005722,1869.06,15.5086,0.000320744
573,0.891667,39.000005722,1868.82,15.5094,0.000317542
574,0.891667,39.000005722,1868.58,15.5102,0.000314372
575,0.894444,37.9999923706,1868.35,16.5505,0.000311234
576,0.894444,37.9999923706,1868.12,16.5513,0.000308127
577,0.888889,39.9999976158,1867.89,16.1776,0.000305051
578,0.894444,37.9999923706,1867.66,16.5527,0.000302006
579,0.891667,39.000005722,1867.43,16.1791,0.000298991
580,0.891667,39.000005722,1867.2,15.5147,0.000296006
581,0.891667,39.000005722,1866.98,15.5154,0.000293051
582,0.891667,39.000005722,1866.76,15.5162,0.000290125
583,0.891667,39.000005722,1866.54,15.5169,0.000287229
584,0.894444,37.9999923706,1866.32,15.5176,0.000284362
585,0.894444,37.9999923706,1866.11,16.5574,0.000281523
586,0.888889,39.9999976158,1865.9,16.1841,0.000278712
587,0.894444,37.9999923706,1865.69,16.5588,0.00027593
588,0.891667,39.000005722,1865.48,15.5203,0.000273176
589,0.891667,39.000005722,1865.27,15.521,0.000270449
590,0.891667,39.000005722,1865.07,15.5216,0.000267749
591,0.891667,39.000005722,1864.87,15.5223,0.000265076
592,0.894444,37.9999923706,1864.67,16.5619,0.000262429
593,0.894444,37.9999923706,1864.48,16.5625,0.00025981
594,0.888889,39.9999976158,1864.28,16.1893,0.000257216
595,0.894444,37.9999923706,1864.09,16.5637,0.000254648
596,0.891667,39.000005722,1863.89,16.1905,0.000252106
597,0.891667,39.000005722,1863.7,15.5261,0.000249589
598,0.891667,39.000005722,1863.51,15.5267,0.000247098
599,0.891667,39.000005722,1863.33,15.5273,0.000244631
600,0.891667,39.000005722,1863.14,15.5279,0.000242189
601,0.894444,37.9999923706,1862.96,15.5285,0.000239771
602,0.894444,37.9999923706,1862.79,16.5677,0.000237377
603,0.888889,39.9999976158,1862.6,16.1947,0.000235008
604,0.894444,37.9999923706,1862.43,16.5688,0.000232662
605,0.891667,39.000005722,1862.25,15.5309,0.000230339
606,0.891667,39.000005722,1862.08,15.5314,0.000228039
607,0.891667,39.000005722,1861.91,15.532,0.000225763
608,0.891667,39.000005722,1861.74,15.5325,0.000223509
609,0.894444,37.9999923706,1861.57,16.5714,0.000221278
610,0.894444,37.9999923706,1861.41,16.5719,0.000219069
611,0.888889,39.9999976158,1861.24,16.1991,0.000216882
612,0.894444,37.9999923706,1861.08,16.573,0.000214717
613,0.891667,39.000005722,1860.91,15.5352,0.000212573
614,0.891667,39.000005722,1860.75,15.5358,0.000210451
615,0.891667,39.000005722,1860.59,15.5363,0.00020835
616,0.894444,37.9999923706,1860.44,15.5368,0.00020627
617,0.894444,37.9999923706,1860.28,16.5754,0.000204211
618,0.894444,37.9999923706,1860.13,16.5759,0.000202173
619,0.888889,39.9999976158,1859.98,16.2031,0.000200154
620,0.891667,39.000005722,1859.82,16.2036,0.000198156
621,0.894444,37.9999923706,1859.68,16.5773,0.000196178
622,0.891667,39.000005722,1859.53,15.5398,0.00019422
623,0.891667,39.000005722,1859.38,15.5402,0.000192281
624,0.891667,39.000005722,1859.24,15.5407,0.000190361
625,0.894444,37.9999923706,1859.09,15.5412,0.000188461
626,0.894444,37.9999923706,1858.95,16.5795,0.000186579
627,0.894444,37.9999923706,1858.81,16.5799,0.000184717
628,0.891667,39.000005722,1858.67,16.2073,0.000182873
629,0.894444,37.9999923706,1858.54,16.5808,0.000181047
630,0.891667,39.000005722,1858.39,15.5435,0.00017924
631,0.891667,39.000005722,1858.26,15.5439,0.00017745
632,0.891667,39.000005722,1858.13,15.5443,0.000175679
633,0.894444,37.9999923706,1857.99,15.5447,0.000173925
634,0.894444,37.9999923706,1857.86,16.5828,0.000172189
635,0.894444,37.9999923706,1857.74,16.5832,0.00017047
636,0.888889,39.9999976158,1857.61,16.2107,0.000168768
637,0.891667,39.000005722,1857.48,15.5464,0.000167083
638,0.891667,39.000005722,1857.35,15.5469,0.000165415
639,0.891667,39.000005722,1857.23,15.5473,0.000163764
640,0.891667,39.000005722,1857.1,15.5477,0.000162129
641,0.894444,37.9999923706,1856.98,15.5481,0.000160511
642,0.894444,37.9999923706,1856.86,16.5859,0.000158908
643,0.894444,37.9999923706,1856.74,16.5863,0.000157322
644,0.888889,39.9999976158,1856.62,16.2139,0.000155751
645,0.891667,39.000005722,1856.5,16.2143,0.000154197
646,0.894444,37.9999923706,1856.39,16.5874,0.000152657
647,0.891667,39.000005722,1856.27,15.5504,0.000151133
648,0.891667,39.000005722,1856.16,15.5508,0.000149624
649,0.891667,39.000005722,1856.05,15.5511,0.000148131
650,0.894444,37.9999923706,1855.93,15.5515,0.000146652
651,0.894444,37.9999923706,1855.82,16.5891,0.000145188
652,0.894444,37.9999923706,1855.72,16.5895,0.000143739
653,0.891667,39.000005722,1855.61,16.2172,0.000142304
654,0.894444,37.9999923706,1855.5,16.5902,0.000140883
655,0.891667,39.000005722,1855.39,15.5533,0.000139477
656,0.891667,39.000005722,1855.29,15.5536,0.000138084
657,0.891667,39.000005722,1855.18,15.554,0.000136706
658,0.894444,37.9999923706,1855.08,15.5543,0.000135341
659,0.894444,37.9999923706,1854.98,16.5918,0.00013399
660,0.894444,37.9999923706,1854.88,16.5921,0.000132652
661,0.888889,39.9999976158,1854.78,16.2199,0.000131328
662,0.894444,37.9999923706,1854.68,16.5927,0.000130017
663,0.891667,39.000005722,1854.58,15.5559,0.000128719
664,0.891667,39.000005722,1854.48,15.5563,0.000127434
665,0.891667,39.000005722,1854.39,15.5566,0.000126162
666,0.894444,37.9999923706,1854.29,15.5569,0.000124902
667,0.894444,37.9999923706,1854.2,16.5942,0.000123655
668,0.894444,37.9999923706,1854.11,17.2906,0.000122421
669,0.894444,37.9999923706,1854.01,16.5948,0.000121199
670,0.891667,39.000005722,1853.92,16.2227,0.000119989
671,0.894444,37.9999923706,1853.83,16.5953,0.000118791
672,0.891667,39.000005722,1853.74,15.5587,0.000117605
673,0.891667,39.000005722,1853.65,15.559,0.000116431
674,0.891667,39.000005722,1853.56,15.5593,0.000115269
675,0.894444,37.9999923706,1853.48,15.5596,0.000114118
676,0.894444,37.9999923706,1853.39,15.5598,0.000112979
677,0.894444,37.9999923706,1853.31,16.5969,0.000111851
678,0.891667,39.000005722,1853.22,16.2249,0.000110734
679,0.894444,37.9999923706,1853.14,16.5975,0.000109629
680,0.891667,39.000005722,1853.05,15.5609,0.000108535
681,0.891667,39.000005722,1852.97,15.5612,0.000107451
682,0.891667,39.000005722,1852.89,15.5615,0.000106378
683,0.894444,37.9999923706,1852.81,15.5617,0.000105316
684,0.894444,37.9999923706,1852.73,15.562,0.000104265
685,0.894444,37.9999923706,1852.65,16.599,0.000103224
686,0.891667,39.000005722,1852.57,16.227,0.000102194
687,0.894444,37.9999923706,1852.5,16.5994,0.000101173
688,0.891667,39.000005722,1852.42,15.563,0.000100164
689,0.891667,39.000005722,1852.34,15.5633,9.91636e-05
690,0.891667,39.000005722,1852.27,15.5635,9.81737e-05
691,0.894444,37.9999923706,1852.19,15.5637,9.71936e-05
692,0.894444,37.9999923706,1852.12,16.6006,9.62233e-05
693,0.894444,37.9999923706,1852.05,17.2971,9.52627e-05
694,0.894444,37.9999923706,1851.98,16.6011,9.43117e-05
695,0.894444,37.9999923706,1851.91,16.6013,9.33702e-05
696,0.891667,39.000005722,1851.83,16.2294,9.24381e-05
697,0.891667,39.000005722,1851.76,15.5652,9.15153e-05
698,0.891667,39.000005722,1851.69,15.5654,9.06017e-05
699,0.891667,39.000005722,1851.62,15.5656,8.96972e-05
700,0.894444,37.9999923706,1851.56,15.5658,8.88018e-05
701,0.894444,37.9999923706,1851.49,15.5661,8.79153e-05
702,0.894444,37.9999923706,1851.43,16.6028,8.70376e-05
703,0.891667,39.000005722,1851.36,16.2309,8.61687e-05
704,0.894444,37.9999923706,1851.3,16.6032,8.53085e-05
705,0.891667,39.000005722,1851.23,15.5669,8.44569e-05
706,0.891667,39.000005722,1851.16,15.5671,8.36137e-05
707,0.894444,37.9999923706,1851.1,15.5673,8.2779e-05
708,0.894444,37.9999923706,1851.04,15.5675,8.19527e-05
709,0.894444,37.9999923706,1850.98,15.5677,8.11346e-05
710,0.894444,37.9999923706,1850.92,16.6043,8.03246e-05
711,0.891667,39.000005722,1850.86,16.2326,7.95227e-05
712,0.894444,37.9999923706,1850.8,16.6047,7.87288e-05
713,0.891667,39.000005722,1850.73,15.5685,7.79429e-05
714,0.891667,39.000005722,1850.67,15.5687,7.71648e-05
715,0.891667,39.000005722,1850.62,15.5689,7.63945e-05
716,0.894444,37.9999923706,1850.56,15.5691,7.56318e-05
717,0.894444,37.9999923706,1850.5,15.8925,7.48768e-05
718,0.894444,37.9999923706,1850.44,15.5695,7.41293e-05
719,0.894444,37.9999923706,1850.39,16.606,7.33893e-05
720,0.894444,37.9999923706,1850.34,16.6061,7.26566e-05
721,0.891667,39.000005722,1850.28,15.57,7.19313e-05
722,0.891667,39.000005722,1850.22,15.5702,7.12132e-05
723,0.894444,37.9999923706,1850.17,15.5704,7.05023e-05
724,0.894444,37.9999923706,1850.12,15.8939,6.97985e-05
725,0.894444,37.9999923706,1850.06,15.5707,6.91017e-05
726,0.894444,37.9999923706,1850.01,15.5709,6.84118e-05
727,0.894444,37.9999923706,1849.96,16.6073,6.77289e-05
728,0.894444,37.9999923706,1849.91,17.3039,6.70527e-05
729,0.894444,37.9999923706,1849.86,16.6076,6.63834e-05
730,0.894444,37.9999923706,1849.81,16.6078,6.57207e-05
731,0.891667,39.000005722,1849.76,15.5717,6.50646e-05
732,0.891667,39.000005722,1849.71,15.5719,6.4415e-05
733,0.894444,37.9999923706,1849.66,15.5721,6.3772e-05
734,0.894444,37.9999923706,1849.61,15.5722,6.31354e-05
735,0.894444,37.9999923706,1849.56,17.305,6.25051e-05
736,0.894444,37.9999923706,1849.52,15.5725,6.18811e-05
737,0.894444,37.9999923706,1849.47,16.6088,6.12633e-05
738,0.894444,37.9999923706,1849.43,16.609,6.06518e-05
739,0.891667,39.000005722,1849.38,15.573,6.00463e-05
740,0.894444,37.9999923706,1849.33,15.5731,5.94468e-05
741,0.894444,37.9999923706,1849.29,15.5733,5.88534e-05
742,0.894444,37.9999923706,1849.24,15.8969,5.82659e-05
743,0.894444,37.9999923706,1849.2,15.5736,5.76842e-05
744,0.894444,37.9999923706,1849.15,15.5737,5.71083e-05
745,0.894444,37.9999923706,1849.11,16.6099,5.65382e-05
746,0.894444,37.9999923706,1849.07,17.3065,5.59738e-05
747,0.894444,37.9999923706,1849.03,16.6102,5.5415e-05
748,0.891667,39.000005722,1848.98,15.5743,5.48618e-05
749,0.891667,39.000005722,1848.94,15.5744,5.43141e-05
750,0.894444,37.9999923706,1848.9,15.5745,5.37719e-05
751,0.894444,37.9999923706,1848.86,15.5747,5.32351e-05
752,0.894444,37.9999923706,1848.82,15.5748,5.27037e-05
753,0.894444,37.9999923706,1848.78,17.3074,5.21775e-05
754,0.894444,37.9999923706,1848.74,16.6111,5.16567e-05
755,0.894444,37.9999923706,1848.7,16.6112,5.1141e-05
756,0.891667,39.000005722,1848.66,15.5753,5.06304e-05
757,0.894444,37.9999923706,1848.63,15.5754,5.0125e-05
758,0.894444,37.9999923706,1848.59,15.5756,4.96246e-05
759,0.894444,37.9999923706,1848.55,15.8992,4.91292e-05
760,0.894444,37.9999923706,1848.51,15.5758,4.86387e-05
761,0.894444,37.9999923706,1848.48,15.5759,4.81532e-05
762,0.894444,37.9999923706,1848.44,17.3085,4.76725e-05
763,0.894444,37.9999923706,1848.4,16.6121,4.71966e-05
764,0.894444,37.9999923706,1848.37,16.6122,4.67254e-05
765,0.891667,39.000005722,1848.33,15.5764,4.62589e-05
766,0.894444,37.9999923706,1848.3,15.5765,4.57971e-05
767,0.894444,37.9999923706,1848.26,15.5766,4.53399e-05
768,0.894444,37.9999923706,1848.23,15.5768,4.48873e-05
769,0.894444,37.9999923706,1848.19,15.9004,4.44392e-05
770,0.894444,37.9999923706,1848.16,15.577,4.39956e-05
771,0.894444,37.9999923706,1848.13,16.613,4.35564e-05
772,0.894444,37.9999923706,1848.09,16.6131,4.31216e-05
773,0.891667,39.000005722,1848.06,15.5773,4.26911e-05
774,0.894444,37.9999923706,1848.03,15.5774,4.22649e-05
775,0.894444,37.9999923706,1848.0,15.9011,4.1843e-05
776,0.894444,37.9999923706,1847.97,15.5776,4.14253e-05
777,0.894444,37.9999923706,1847.93,15.5777,4.10117e-05
778,0.894444,37.9999923706,1847.9,15.5778,4.06023e-05
779,0.894444,37.9999923706,1847.87,17.3103,4.0197e-05
780,0.894444,37.9999923706,1847.84,16.6139,3.97957e-05
781,0.894444,37.9999923706,1847.81,16.614,3.93984e-05
782,0.894444,37.9999923706,1847.78,15.5782,3.90051e-05
783,0.894444,37.9999923706,1847.75,15.5783,3.86157e-05
784,0.894444,37.9999923706,1847.72,15.5784,3.82302e-05
785,0.894444,37.9999923706,1847.69,15.5785,3.78485e-05
786,0.894444,37.9999923706,1847.67,17.311,3.74707e-05
787,0.894444,37.9999923706,1847.64,15.5787,3.70966e-05
788,0.894444,37.9999923706,1847.61,16.6146,3.67263e-05
789,0.891667,39.000005722,1847.58,15.5789,3.63597e-05
790,0.894444,37.9999923706,1847.55,15.579,3.59967e-05
791,0.894444,37.9999923706,1847.53,15.9027,3.56373e-05
792,0.894444,37.9999923706,1847.5,15.5792,3.52816e-05
793,0.894444,37.9999923706,1847.47,15.5792,3.49294e-05
794,0.894444,37.9999923706,1847.45,15.5793,3.45807e-05
795,0.894444,37.9999923706,1847.42,15.9031,3.42355e-05
796,0.894444,37.9999923706,1847.39,15.5795,3.38937e-05
797,0.894444,37.9999923706,1847.37,15.5796,3.35553e-05
798,0.894444,37.9999923706,1847.34,16.6154,3.32203e-05
799,0.894444,37.9999923706,1847.32,17.3121,3.28887e-05
800,0.894444,37.9999923706,1847.29,16.6156,3.25604e-05
801,0.894444,37.9999923706,1847.27,15.5799,3.22353e-05
802,0.894444,37.9999923706,1847.24,15.58,3.19135e-05
803,0.894444,37.9999923706,1847.22,15.5801,3.15949e-05
804,0.894444,37.9999923706,1847.19,15.5802,3.12795e-05
805,0.894444,37.9999923706,1847.17,17.3126,3.09673e-05
806,0.894444,37.9999923706,1847.15,15.5803,3.06581e-05
807,0.894444,37.9999923706,1847.12,16.6161,3.0352e-05
808,0.894444,37.9999923706,1847.1,15.5805,3.00491e-05
809,0.894444,37.9999923706,1847.08,15.5806,2.97491e-05
810,0.894444,37.9999923706,1847.06,15.5806,2.94521e-05
811,0.894444,37.9999923706,1847.03,15.5807,2.91581e-05
812,0.894444,37.9999923706,1847.01,15.9045,2.8867e-05
813,0.894444,37.9999923706,1846.99,15.5808,2.85788e-05
814,0.894444,37.9999923706,1846.97,16.6166,2.82935e-05
815,0.894444,37.9999923706,1846.95,15.581,2.80111e-05
816,0.894444,37.9999923706,1846.93,15.5811,2.77314e-05
817,0.894444,37.9999923706,1846.91,15.5811,2.74546e-05
818,0.894444,37.9999923706,1846.88,15.5812,2.71805e-05
819,0.894444,37.9999923706,1846.86,15.5813,2.69092e-05
820,0.894444,37.9999923706,1846.84,17.3136,2.66405e-05
821,0.894444,37.9999923706,1846.82,15.5814,2.63746e-05
822,0.894444,37.9999923706,1846.8,16.6171,2.61113e-05
823,0.894444,37.9999923706,1846.78,15.5815,2.58506e-05
824,0.894444,37.9999923706,1846.76,15.5816,2.55926e-05
825,0.894444,37.9999923706,1846.74,15.5817,2.53371e-05
826,0.894444,37.9999923706,1846.72,15.9055,2.50841e-05
827,0.894444,37.9999923706,1846.7,15.5818,2.48337e-05
828,0.894444,37.9999923706,1846.68,15.5818,2.45858e-05
829,0.894444,37.9999923706,1846.67,16.6175,2.43404e-05
830,0.894444,37.9999923706,1846.65,15.582,2.40974e-05
831,0.894444,37.9999923706,1846.63,15.582,2.38568e-05
832,0.894444,37.9999923706,1846.61,15.9059,2.36187e-05
833,0.894444,37.9999923706,1846.59,15.5821,2.33829e-05
834,0.894444,37.9999923706,1846.58,15.5822,2.31494e-05
835,0.894444,37.9999923706,1846.56,15.5823,2.29183e-05
836,0.894444,37.9999923706,1846.54,15.5823,2.26895e-05
837,0.894444,37.9999923706,1846.52,15.9062,2.2463e-05
838,0.894444,37.9999923706,1846.51,15.5824,2.22388e-05
839,0.894444,37.9999923706,1846.49,15.5825,2.20168e-05
840,0.894444,37.9999923706,1846.47,15.5825,2.1797e-05
841,0.894444,37.9999923706,1846.46,17.3148,2.15794e-05
842,0.894444,37.9999923706,1846.44,15.5826,2.1364e-05
843,0.894444,37.9999923706,1846.43,16.6183,2.11507e-05
844,0.894444,37.9999923706,1846.41,15.5828,2.09395e-05
845,0.894444,37.9999923706,1846.39,15.5828,2.07305e-05
846,0.894444,37.9999923706,1846.38,15.5829,2.05236e-05
847,0.894444,37.9999923706,1846.36,15.5829,2.03187e-05
848,0.894444,37.9999923706,1846.35,15.9068,2.01158e-05
849,0.894444,37.9999923706,1846.33,15.583,1.9915e-05
850,0.894444,37.9999923706,1846.32,16.6186,1.97162e-05
851,0.894444,37.9999923706,1846.3,16.6187,1.95194e-05
852,0.894444,37.9999923706,1846.29,15.5832,1.93245e-05
853,0.894444,37.9999923706,1846.27,15.5832,1.91316e-05
854,0.894444,37.9999923706,1846.26,15.5833,1.89406e-05
855,0.894444,37.9999923706,1846.24,15.5833,1.87515e-05
856,0.894444,37.9999923706,1846.23,16.6189,1.85643e-05
857,0.894444,37.9999923706,1846.22,15.5834,1.8379e-05
858,0.894444,37.9999923706,1846.2,15.5834,1.81955e-05
859,0.894444,37.9999923706,1846.19,15.5835,1.80139e-05
860,0.894444,37.9999923706,1846.17,17.3158,1.7834e-05
861,0.894444,37.9999923706,1846.16,16.6191,1.7656e-05
862,0.894444,37.9999923706,1846.15,16.6192,1.74798e-05
863,0.894444,37.9999923706,1846.13,15.5837,1.73053e-05
864,0.894444,37.9999923706,1846.12,15.5837,1.71325e-05
865,0.894444,37.9999923706,1846.11,15.5838,1.69615e-05
866,0.894444,37.9999923706,1846.09,16.6193,1.67921e-05
867,0.894444,37.9999923706,1846.08,16.6194,1.66245e-05
868,0.894444,37.9999923706,1846.07,15.5839,1.64585e-05
869,0.894444,37.9999923706,1846.06,15.5839,1.62942e-05
870,0.894444,37.9999923706,1846.04,15.584,1.61316e-05
871,0.894444,37.9999923706,1846.03,15.584,1.59705e-05
872,0.894444,37.9999923706,1846.02,17.3163,1.58111e-05
873,0.894444,37.9999923706,1846.01,16.6196,1.56533e-05
874,0.894444,37.9999923706,1845.99,16.6196,1.5497e-05
875,0.894444,37.9999923706,1845.98,15.5842,1.53423e-05
876,0.894444,37.9999923706,1845.97,15.5842,1.51891e-05
877,0.894444,37.9999923706,1845.96,15.5843,1.50375e-05
878,0.894444,37.9999923706,1845.95,15.5843,1.48874e-05
879,0.894444,37.9999923706,1845.94,15.9082,1.47388e-05
880,0.894444,37.9999923706,1845.92,15.5844,1.45916e-05
881,0.894444,37.9999923706,1845.91,15.5844,1.4446e-05
882,0.894444,37.9999923706,1845.9,16.6199,1.43017e-05
883,0.894444,37.9999923706,1845.89,16.62,1.4159e-05
884,0.894444,37.9999923706,1845.88,16.62,1.40176e-05
885,0.894444,37.9999923706,1845.87,15.5846,1.38777e-05
886,0.894444,37.9999923706,1845.86,15.5846,1.37391e-05
887,0.894444,37.9999923706,1845.85,15.5846,1.3602e-05
888,0.894444,37.9999923706,1845.84,17.3168,1.34662e-05
889,0.894444,37.9999923706,1845.83,15.5847,1.33318e-05
890,0.894444,37.9999923706,1845.82,15.5847,1.31987e-05
891,0.894444,37.9999923706,1845.81,16.6202,1.30669e-05
892,0.894444,37.9999923706,1845.8,15.5848,1.29365e-05
893,0.894444,37.9999923706,1845.79,15.5848,1.28073e-05
894,0.894444,37.9999923706,1845.78,15.5849,1.26795e-05
895,0.894444,37.9999923706,1845.77,15.5849,1.25529e-05
896,0.894444,37.9999923706,1845.76,15.5849,1.24276e-05
897,0.894444,37.9999923706,1845.75,15.585,1.23035e-05
898,0.894444,37.9999923706,1845.74,15.585,1.21807e-05
899,0.894444,37.9999923706,1845.73,17.3172,1.20591e-05
900,0.894444,37.9999923706,1845.72,15.585,1.19387e-05
901,0.894444,37.9999923706,1845.71,15.5851,1.18195e-05
902,0.894444,37.9999923706,1845.7,15.5851,1.17015e-05
903,0.894444,37.9999923706,1845.69,15.5851,1.15847e-05
904,0.894444,37.9999923706,1845.69,15.9091,1.14691e-05
905,0.894444,37.9999923706,1845.68,15.5852,1.13546e-05
906,0.894444,37.9999923706,1845.67,15.5852,1.12412e-05
907,0.894444,37.9999923706,1845.66,15.9092,1.1129e-05
908,0.894444,37.9999923706,1845.65,15.5853,1.10179e-05
909,0.894444,37.9999923706,1845.64,15.5853,1.09079e-05
910,0.894444,37.9999923706,1845.64,15.9092,1.0799e-05
911,0.894444,37.9999923706,1845.63,15.5853,1.06912e-05
912,0.894444,37.9999923706,1845.62,16.6208,1.05845e-05
913,0.894444,37.9999923706,1845.61,17.3175,1.04788e-05
914,0.894444,37.9999923706,1845.6,16.6208,1.03742e-05
915,0.894444,37.9999923706,1845.59,15.5854,1.02706e-05
916,0.894444,37.9999923706,1845.59,15.5855,1.01681e-05
917,0.894444,37.9999923706,1845.58,15.5855,1.00666e-05
918,0.894444,37.9999923706,1845.57,15.9095,9.9661e-06
919,0.894444,37.9999923706,1845.56,15.5855,9.86661e-06
920,0.894444,37.9999923706,1845.55,15.5856,9.76811e-06
921,0.894444,37.9999923706,1845.55,15.5856,9.6706e-06
922,0.894444,37.9999923706,1845.54,17.3178,9.57406e-06
923,0.894444,37.9999923706,1845.53,17.3178,9.47848e-06
924,0.894444,37.9999923706,1845.53,16.6211,9.38386e-06
925,0.894444,37.9999923706,1845.52,16.6211,9.29018e-06
926,0.894444,37.9999923706,1845.51,15.5857,9.19744e-06
927,0.894444,37.9999923706,1845.5,15.9097,9.10562e-06
928,0.894444,37.9999923706,1845.5,15.5858,9.01472e-06
929,0.894444,37.9999923706,1845.49,15.5858,8.92472e-06
930,0.894444,37.9999923706,1845.48,15.9098,8.83563e-06
931,0.894444,37.9999923706,1845.48,15.5858,8.74742e-06
932,0.894444,37.9999923706,1845.47,15.9098,8.6601e-06
933,0.894444,37.9999923706,1845.46,15.5859,8.57365e-06
934,0.894444,37.9999923706,1845.46,15.9099,8.48806e-06
935,0.894444,37.9999923706,1845.45,15.5859,8.40332e-06
936,0.894444,37.9999923706,1845.44,15.5859,8.31943e-06
937,0.894444,37.9999923706,1845.44,15.5859,8.23638e-06
938,0.894444,37.9999923706,1845.43,15.586,8.15415e-06
939,0.894444,37.9999923706,1845.43,15.586,8.07275e-06
940,0.894444,37.9999923706,1845.42,17.3181,7.99216e-06
941,0.894444,37.9999923706,1845.41,16.6214,7.91238e-06
942,0.894444,37.9999923706,1845.41,16.6214,7.83338e-06
943,0.894444,37.9999923706,1845.4,16.6214,7.75519e-06
944,0.894444,37.9999923706,1845.4,17.3182,7.67777e-06
945,0.894444,37.9999923706,1845.39,16.6215,7.60112e-06
946,0.894444,37.9999923706,1845.39,15.5861,7.52524e-06
947,0.894444,37.9999923706,1845.38,15.5861,7.45011e-06
948,0.894444,37.9999923706,1845.37,15.5861,7.37574e-06
949,0.894444,37.9999923706,1845.37,15.9101,7.30211e-06
950,0.894444,37.9999923706,1845.36,15.5862,7.22921e-06
951,0.894444,37.9999923706,1845.36,15.5862,7.15704e-06
952,0.894444,37.9999923706,1845.35,15.9102,7.0856e-06
953,0.894444,37.9999923706,1845.35,15.5862,7.01486e-06
954,0.894444,37.9999923706,1845.34,15.5862,6.94483e-06
955,0.894444,37.9999923706,1845.33,15.9102,6.8755e-06
956,0.894444,37.9999923706,1845.33,15.5863,6.80686e-06
957,0.894444,37.9999923706,1845.32,15.5863,6.73891e-06
958,0.894444,37.9999923706,1845.32,15.5863,6.67164e-06
959,0.894444,37.9999923706,1845.32,15.5863,6.60503e-06
960,0.894444,37.9999923706,1845.31,17.3185,6.53909e-06
961,0.894444,37.9999923706,1845.31,15.5864,6.47382e-06
962,0.894444,37.9999923706,1845.3,16.6217,6.40919e-06
963,0.894444,37.9999923706,1845.3,16.6218,6.34521e-06
964,0.894444,37.9999923706,1845.29,15.5864,6.28186e-06
965,0.894444,37.9999923706,1845.29,15.5864,6.21915e-06
966,0.894444,37.9999923706,1845.28,15.5864,6.15706e-06
967,0.894444,37.9999923706,1845.28,16.6218,6.0956e-06
968,0.894444,37.9999923706,1845.27,15.5865,6.03475e-06
969,0.894444,37.9999923706,1845.27,16.6219,5.9745e-06
970,0.894444,37.9999923706,1845.26,16.6219,5.91486e-06
971,0.894444,37.9999923706,1845.26,15.5865,5.85581e-06
972,0.894444,37.9999923706,1845.25,15.5866,5.79736e-06
973,0.894444,37.9999923706,1845.25,16.6219,5.73948e-06
974,0.894444,37.9999923706,1845.24,15.5866,5.68218e-06
975,0.894444,37.9999923706,1845.24,16.622,5.62546e-06
976,0.894444,37.9999923706,1845.24,15.5866,5.5693e-06
977,0.894444,37.9999923706,1845.23,16.622,5.5137e-06
978,0.894444,37.9999923706,1845.23,15.5867,5.45866e-06
979,0.894444,37.9999923706,1845.22,15.5867,5.40417e-06
980,0.894444,37.9999923706,1845.22,16.622,5.35022e-06
981,0.894444,37.9999923706,1845.21,15.5867,5.2968e-06
982,0.894444,37.9999923706,1845.21,15.5867,5.24392e-06
983,0.894444,37.9999923706,1845.21,15.5867,5.19158e-06
984,0.894444,37.9999923706,1845.2,15.5867,5.13975e-06
985,0.894444,37.9999923706,1845.2,16.6221,5.08844e-06
986,0.894444,37.9999923706,1845.19,15.5868,5.03764e-06
987,0.894444,37.9999923706,1845.19,15.5868,4.98735e-06
988,0.894444,37.9999923706,1845.19,15.5868,4.93757e-06
989,0.894444,37.9999923706,1845.18,15.5868,4.88827e-06
990,0.894444,37.9999923706,1845.18,16.6222,4.83947e-06
991,0.894444,37.9999923706,1845.18,15.5868,4.79116e-06
992,0.894444,37.9999923706,1845.17,15.5868,4.74333e-06
993,0.894444,37.9999923706,1845.17,16.6222,4.69598e-06
994,0.894444,37.9999923706,1845.17,15.5869,4.6491e-06
995,0.894444,37.9999923706,1845.16,15.5869,4.60269e-06
996,0.894444,37.9999923706,1845.16,15.5869,4.55674e-06
997,0.894444,37.9999923706,1845.16,15.5869,4.51125e-06
998,0.894444,37.9999923706,1845.15,16.6222,4.46621e-06
999,0.894444,37.9999923706,1845.15,15.5869,4.42163e-06
1000,0.894444,37.9999923706,1845.15,15.5869,4.37749e-06
1001,0.894444,37.9999923706,1845.14,15.5869,4.33379e-06
1002,0.894444,37.9999923706,1845.14,16.6223,4.29052e-06
1003,0.894444,37.9999923706,1845.14,15.587,4.24769e-06
1004,0.894444,37.9999923706,1845.14,15.587,4.20528e-06
1005,0.894444,37.9999923706,1845.13,16.6223,4.1633e-06
1006,0.894444,37.9999923706,1845.13,15.587,4.12174e-06
1007,0.894444,37.9999923706,1845.13,15.587,4.0806e-06
1008,0.894444,37.9999923706,1845.12,16.6223,4.03986e-06
1009,0.894444,37.9999923706,1845.12,16.6224,3.99953e-06
1010,0.894444,37.9999923706,1845.12,15.587,3.9596e-06
1011,0.894444,37.9999923706,1845.11,15.5871,3.92007e-06
1012,0.894444,37.9999923706,1845.11,15.5871,3.88094e-06
1013,0.894444,37.9999923706,1845.11,16.6224,3.8422e-06
1014,0.894444,37.9999923706,1845.11,15.5871,3.80384e-06
1015,0.894444,37.9999923706,1845.1,16.6224,3.76587e-06
1016,0.894444,37.9999923706,1845.1,15.5871,3.72827e-06
1017,0.894444,37.9999923706,1845.1,16.6224,3.69105e-06
1018,0.894444,37.9999923706,1845.1,15.5871,3.65421e-06
1019,0.894444,37.9999923706,1845.09,16.6225,3.61772e-06
1020,0.894444,37.9999923706,1845.09,15.5871,3.58161e-06
1021,0.894444,37.9999923706,1845.09,15.5872,3.54585e-06
1022,0.894444,37.9999923706,1845.08,16.6225,3.51046e-06
1023,0.894444,37.9999923706,1845.08,15.5872,3.47541e-06
1024,0.894444,37.9999923706,1845.08,16.6225,3.44072e-06
1025,0.894444,37.9999923706,1845.08,15.5872,3.40637e-06
1026,0.894444,37.9999923706,1845.07,17.3193,3.37236e-06
1027,0.894444,37.9999923706,1845.07,16.6225,3.3387e-06
1028,0.894444,37.9999923706,1845.07,16.6225,3.30537e-06
1029,0.894444,37.9999923706,1845.07,15.5872,3.27237e-06
1030,0.894444,37.9999923706,1845.06,15.5872,3.2397e-06
1031,0.894444,37.9999923706,1845.06,15.5873,3.20736e-06
1032,0.894444,37.9999923706,1845.06,16.6226,3.17534e-06
1033,0.894444,37.9999923706,1845.06,15.5873,3.14364e-06
1034,0.894444,37.9999923706,1845.05,15.5873,3.11226e-06
1035,0.894444,37.9999923706,1845.05,17.3194,3.08119e-06
1036,0.894444,37.9999923706,1845.05,16.6226,3.05043e-06
1037,0.894444,37.9999923706,1845.05,17.3194,3.01998e-06
1038,0.894444,37.9999923706,1845.05,15.5873,2.98983e-06
1039,0.894444,37.9999923706,1845.04,15.5873,2.95998e-06
1040,0.894444,37.9999923706,1845.04,17.3194,2.93043e-06
1041,0.894444,37.9999923706,1845.04,15.5873,2.90118e-06
1042,0.894444,37.9999923706,1845.04,15.5873,2.87222e-06
1043,0.894444,37.9999923706,1845.04,17.3194,2.84354e-06
1044,0.894444,37.9999923706,1845.03,17.3194,2.81516e-06
1045,0.894444,37.9999923706,1845.03,15.5874,2.78705e-06
1046,0.894444,37.9999923706,1845.03,16.6227,2.75923e-06
1047,0.894444,37.9999923706,1845.03,15.5874,2.73169e-06
1048,0.894444,37.9999923706,1845.03,17.3195,2.70442e-06
1049,0.894444,37.9999923706,1845.03,15.5874,2.67742e-06
1050,0.894444,37.9999923706,1845.02,16.6227,2.65069e-06
1051,0.894444,37.9999923706,1845.02,15.5874,2.62423e-06
1052,0.894444,37.9999923706,1845.02,16.6227,2.59803e-06
1053,0.894444,37.9999923706,1845.02,16.6227,2.57209e-06
1054,0.894444,37.9999923706,1845.02,15.5874,2.54642e-06
1055,0.894444,37.9999923706,1845.01,15.5874,2.521e-06
1056,0.894444,37.9999923706,1845.01,15.5874,2.49583e-06
1057,0.894444,37.9999923706,1845.01,15.5874,2.47091e-06
1058,0.894444,37.9999923706,1845.01,15.5875,2.44625e-06
1059,0.894444,37.9999923706,1845.01,15.5875,2.42182e-06
1060,0.894444,37.9999923706,1845.01,15.5875,2.39765e-06
1061,0.894444,37.9999923706,1845.0,15.5875,2.37371e-06
1062,0.894444,37.9999923706,1845.0,15.5875,2.35002e-06
1063,0.894444,37.9999923706,1845.0,15.5875,2.32656e-06
1064,0.894444,37.9999923706,1845.0,15.5875,2.30333e-06
1065,0.894444,37.9999923706,1845.0,15.5875,2.28034e-06
1066,0.894444,37.9999923706,1845.0,15.5875,2.25757e-06
1067,0.894444,37.9999923706,1844.99,15.5875,2.23503e-06
1068,0.894444,37.9999923706,1844.99,15.9115,2.21272e-06
1069,0.894444,37.9999923706,1844.99,15.5875,2.19063e-06
1070,0.894444,37.9999923706,1844.99,16.6228,2.16876e-06
1071,0.894444,37.9999923706,1844.99,15.5875,2.14711e-06
1072,0.894444,37.9999923706,1844.99,15.5875,2.12568e-06
1073,0.894444,37.9999923706,1844.99,15.5875,2.10446e-06
1074,0.894444,37.9999923706,1844.98,15.5875,2.08345e-06
1075,0.894444,37.9999923706,1844.98,15.5875,2.06265e-06
1076,0.894444,37.9999923706,1844.98,15.5876,2.04206e-06
1077,0.894444,37.9999923706,1844.98,15.9116,2.02167e-06
1078,0.894444,37.9999923706,1844.98,15.5876,2.00149e-06
1079,0.894444,37.9999923706,1844.98,15.5876,1.98151e-06
1080,0.894444,37.9999923706,1844.98,15.5876,1.96173e-06
1081,0.894444,37.9999923706,1844.97,15.5876,1.94214e-06
1082,0.894444,37.9999923706,1844.97,15.9116,1.92276e-06
1083,0.894444,37.9999923706,1844.97,15.9116,1.90356e-06
1084,0.894444,37.9999923706,1844.97,15.9116,1.88456e-06
1085,0.894444,37.9999923706,1844.97,17.3197,1.86575e-06
1086,0.894444,37.9999923706,1844.97,15.5876,1.84712e-06
1087,0.894444,37.9999923706,1844.97,15.5876,1.82868e-06
1088,0.894444,37.9999923706,1844.97,15.5876,1.81042e-06
1089,0.894444,37.9999923706,1844.97,15.5876,1.79235e-06
1090,0.894444,37.9999923706,1844.96,15.5876,1.77446e-06
1091,0.894444,37.9999923706,1844.96,15.9117,1.75674e-06
1092,0.894444,37.9999923706,1844.96,15.9117,1.73921e-06
1093,0.894444,37.9999923706,1844.96,15.5876,1.72184e-06
1094,0.894444,37.9999923706,1844.96,15.5876,1.70465e-06
1095,0.894444,37.9999923706,1844.96,15.5876,1.68764e-06
1096,0.894444,37.9999923706,1844.96,15.5876,1.67079e-06
1097,0.894444,37.9999923706,1844.96,15.5876,1.65411e-06
1098,0.894444,37.9999923706,1844.96,15.5876,1.6376e-06
1099,0.894444,37.9999923706,1844.96,15.5876,1.62125e-06
1100,0.894444,37.9999923706,1844.96,15.5876,1.60507e-06
1101,0.894444,37.9999923706,1844.95,15.5877,1.58904e-06
1102,0.894444,37.9999923706,1844.95,15.9117,1.57318e-06
1103,0.894444,37.9999923706,1844.95,15.5877,1.55747e-06
1104,0.894444,37.9999923706,1844.95,15.9117,1.54192e-06
1105,0.894444,37.9999923706,1844.95,15.5877,1.52653e-06
1106,0.894444,37.9999923706,1844.95,15.9117,1.51129e-06
1107,0.894444,37.9999923706,1844.95,15.5877,1.49621e-06
1108,0.894444,37.9999923706,1844.95,15.5877,1.48127e-06
1109,0.894444,37.9999923706,1844.95,15.9117,1.46648e-06
1110,0.894444,37.9999923706,1844.95,15.5877,1.45184e-06
1111,0.894444,37.9999923706,1844.95,15.9117,1.43735e-06
1112,0.894444,37.9999923706,1844.95,15.9117,1.423e-06
1113,0.894444,37.9999923706,1844.94,15.5877,1.40879e-06
1114,0.894444,37.9999923706,1844.94,15.9117,1.39473e-06
1115,0.894444,37.9999923706,1844.94,15.5877,1.38081e-06
1116,0.894444,37.9999923706,1844.94,15.9117,1.36702e-06
1117,0.894444,37.9999923706,1844.94,15.5877,1.35337e-06
1118,0.894444,37.9999923706,1844.94,15.9117,1.33986e-06
1119,0.894444,37.9999923706,1844.94,15.5877,1.32649e-06
1120,0.894444,37.9999923706,1844.94,15.5877,1.31325e-06
1121,0.894444,37.9999923706,1844.94,15.9117,1.30014e-06
1122,0.894444,37.9999923706,1844.94,15.9117,1.28716e-06
1123,0.894444,37.9999923706,1844.94,15.5877,1.27431e-06
1124,0.894444,37.9999923706,1844.94,15.5877,1.26159e-06
1125,0.894444,37.9999923706,1844.94,15.9117,1.24899e-06
0.894444,1844.94,3.942157506942749,0.0351524,1.26367978164,0.343585554678
