78,10,0.4,2,1000, .1 
0,0.411111,211.999998093,1.9225e+06,1128.72,0.0997458
1,0.422222,207.999998331,1.56868e+06,1009.94,0.0989871
2,0.452778,197.000001669,1.28713e+06,892.692,0.0982341
3,0.461111,194.00000453,1.06779e+06,799.414,0.0974869
4,0.461111,194.00000453,891721.0,724.936,0.0967453
5,0.494444,182.000005245,748509.0,642.325,0.0960094
6,0.502778,179.000008106,636275.0,580.252,0.0952791
7,0.505556,177.999994755,546027.0,528.573,0.0945543
8,0.513889,174.999997616,471581.0,478.633,0.0938351
9,0.525,171.000008583,412227.0,432.142,0.0931213
10,0.530556,169.000003338,363571.0,401.891,0.092413
11,0.530556,169.000003338,322046.0,377.235,0.09171
12,0.544444,164.000000954,286300.0,343.873,0.0910124
13,0.558333,158.999998569,256451.0,320.929,0.0903201
14,0.561111,158.000006676,230496.0,302.899,0.0896331
15,0.566667,156.000001431,207662.0,285.529,0.0889513
16,0.572222,153.999996185,187679.0,269.173,0.0882746
17,0.572222,153.999996185,169997.0,256.625,0.0876032
18,0.572222,153.999996185,153907.0,247.55,0.0869368
19,0.569444,155.000009537,139371.0,232.163,0.0862755
20,0.572222,153.999996185,126444.0,222.324,0.0856192
21,0.577778,151.99999094,114881.0,210.535,0.0849679
22,0.594444,145.999996662,104741.0,194.743,0.0843216
23,0.594444,145.999996662,95816.9,189.59,0.0836802
24,0.597222,145.000004768,87438.6,184.226,0.0830437
25,0.605556,142.000007629,79612.7,175.086,0.082412
26,0.619444,137.000005245,72695.6,167.75,0.0817851
27,0.633333,132.000002861,66725.7,156.605,0.081163
28,0.644444,127.999992371,61256.1,149.807,0.0805456
29,0.658333,122.999989986,56354.5,141.775,0.0799329
30,0.661111,121.999998093,51879.8,139.05,0.0793249
31,0.666667,119.999992847,47636.4,132.507,0.0787215
32,0.677778,116.000003815,43772.3,124.273,0.0781227
33,0.686111,113.000006676,40475.2,119.683,0.0775285
34,0.697222,108.999996185,37469.4,113.452,0.0769387
35,0.705556,105.999999046,34802.9,107.492,0.0763535
36,0.716667,102.000010014,32435.0,104.301,0.0757727
37,0.730556,97.0000076294,30177.6,98.9046,0.0751963
38,0.741667,92.999997139,28178.2,93.5878,0.0746243
39,0.758333,87.000002861,26429.3,87.7859,0.0740567
40,0.766667,84.000005722,24902.9,84.641,0.0734933
41,0.772222,82.0000004768,23491.4,80.5468,0.0729343
42,0.775,81.0000085831,22210.8,79.6675,0.0723795
43,0.788889,76.0000061989,21043.0,73.1535,0.0718289
44,0.791667,74.9999928474,20151.9,65.6789,0.0712826
45,0.797222,73.0000090599,19387.4,63.6137,0.0707403
46,0.802778,71.0000038147,18676.0,62.5418,0.0702022
47,0.802778,71.0000038147,17995.7,62.5604,0.0696682
48,0.805556,69.9999904633,17331.0,62.1765,0.0691383
49,0.813889,66.9999933243,16684.2,60.3373,0.0686124
50,0.816667,66.0000014305,16081.0,59.3547,0.0680905
51,0.822222,63.9999961853,15513.7,55.0912,0.0675725
52,0.819444,65.0000095367,14979.6,55.3819,0.0670585
53,0.825,63.0000042915,14484.5,53.518,0.0665484
54,0.825,63.0000042915,13996.1,53.0581,0.0660422
55,0.836111,58.9999938011,13531.3,50.3214,0.0655399
56,0.838889,58.0000019073,13153.2,48.1914,0.0650413
57,0.838889,58.0000019073,12790.1,46.3987,0.0645466
58,0.838889,58.0000019073,12451.0,46.6256,0.0640556
59,0.841667,57.0000100136,12128.4,44.6993,0.0635683
60,0.844444,55.9999966621,11828.3,44.9726,0.0630848
61,0.844444,55.9999966621,11527.3,45.1616,0.0626049
62,0.847222,55.0000047684,11237.7,45.0512,0.0621287
63,0.858333,50.999994278,10956.8,43.1584,0.0616561
64,0.858333,50.999994278,10698.5,43.3091,0.0611871
65,0.866667,47.999997139,10445.8,42.2496,0.0607217
66,0.863889,49.0000104904,10201.6,41.674,0.0602598
67,0.869444,47.0000052452,9965.41,39.9462,0.0598014
68,0.866667,47.999997139,9753.31,40.3572,0.0593465
69,0.869444,47.0000052452,9545.99,40.1023,0.0588951
70,0.869444,47.0000052452,9337.07,40.1849,0.0584471
71,0.872222,45.9999918938,9132.76,38.2162,0.0580025
72,0.872222,45.9999918938,8955.21,37.519,0.0575613
73,0.872222,45.9999918938,8787.86,37.7524,0.0571235
74,0.872222,45.9999918938,8614.52,36.7329,0.0566889
75,0.872222,45.9999918938,8445.1,36.9143,0.0562577
76,0.872222,45.9999918938,8285.94,36.7213,0.0558298
77,0.872222,45.9999918938,8119.91,36.8167,0.0554051
78,0.875,45.0,7957.79,36.7032,0.0549837
79,0.880556,42.9999947548,7802.63,33.4495,0.0545654
80,0.877778,44.0000081062,7666.19,33.4146,0.0541504
81,0.872222,45.9999918938,7531.55,33.8084,0.0537384
82,0.877778,44.0000081062,7402.24,33.4563,0.0533297
83,0.877778,44.0000081062,7266.0,33.5185,0.052924
84,0.880556,42.9999947548,7136.74,33.3806,0.0525214
85,0.880556,42.9999947548,7009.03,32.8167,0.0521219
86,0.883333,42.000002861,6882.54,32.8648,0.0517254
87,0.883333,42.000002861,6756.67,32.9383,0.051332
88,0.886111,40.9999895096,6631.85,32.8402,0.0509415
89,0.883333,42.000002861,6508.67,33.6725,0.050554
90,0.888889,39.9999976158,6390.57,33.2632,0.0501695
91,0.888889,39.9999976158,6265.75,33.3363,0.0497879
92,0.888889,39.9999976158,6143.51,33.4157,0.0494091
93,0.888889,39.9999976158,6021.64,33.4978,0.0490333
94,0.891667,39.000005722,5900.59,33.3841,0.0486603
95,0.894444,37.9999923706,5781.62,33.7652,0.0482902
96,0.894444,37.9999923706,5663.58,33.8577,0.0479228
97,0.9,36.0000085831,5546.41,33.1826,0.0475583
98,0.9,36.0000085831,5441.62,33.2425,0.0471966
99,0.9,36.0000085831,5334.23,34.0123,0.0468375
100,0.9,36.0000085831,5238.0,33.36,0.0464813
101,0.902778,34.9999952316,5128.59,32.9974,0.0461277
102,0.905556,34.0000033379,5025.12,32.0797,0.0457768
103,0.905556,34.0000033379,4924.22,32.1397,0.0454286
104,0.905556,34.0000033379,4823.69,32.2009,0.045083
105,0.905556,34.0000033379,4723.54,32.2634,0.0447401
106,0.908333,32.9999899864,4625.59,30.8896,0.0443998
107,0.908333,32.9999899864,4530.74,30.936,0.0440621
108,0.908333,32.9999899864,4436.28,30.9835,0.0437269
109,0.911111,31.9999980927,4342.55,30.7096,0.0433943
110,0.913889,31.0000061989,4264.28,27.3195,0.0430642
111,0.913889,31.0000061989,4201.28,27.3476,0.0427366
112,0.913889,31.0000061989,4138.58,27.3765,0.0424115
113,0.913889,31.0000061989,4076.17,27.4061,0.0420889
114,0.913889,31.0000061989,4014.04,27.4365,0.0417688
115,0.916667,29.9999928474,3952.21,27.6044,0.041451
116,0.913889,31.0000061989,3890.39,27.498,0.0411357
117,0.913889,31.0000061989,3829.1,27.5304,0.0408228
118,0.913889,31.0000061989,3768.09,27.5636,0.0405123
119,0.913889,31.0000061989,3707.33,27.5973,0.0402041
120,0.913889,31.0000061989,3646.83,27.6318,0.0398983
121,0.916667,29.9999928474,3587.0,27.6699,0.0395948
122,0.916667,29.9999928474,3527.61,27.7038,0.0392936
123,0.916667,29.9999928474,3468.46,27.7383,0.0389947
124,0.916667,29.9999928474,3409.55,27.7734,0.0386981
125,0.916667,29.9999928474,3350.87,27.8091,0.0384038
126,0.919444,29.0000009537,3292.47,27.9675,0.0381116
127,0.913889,31.0000061989,3234.14,27.5651,0.0378217
128,0.913889,31.0000061989,3177.65,27.6029,0.037534
129,0.913889,31.0000061989,3121.0,27.6422,0.0372485
130,0.913889,31.0000061989,3064.95,27.6811,0.0369652
131,0.916667,29.9999928474,3015.79,23.159,0.036684
132,0.916667,29.9999928474,2984.35,23.1834,0.036405
133,0.916667,29.9999928474,2953.05,23.2084,0.036128
134,0.919444,29.0000009537,2921.87,23.3742,0.0358532
135,0.916667,29.9999928474,2890.65,23.2588,0.0355805
136,0.916667,29.9999928474,2859.69,23.2855,0.0353099
137,0.916667,29.9999928474,2828.85,23.3127,0.0350413
138,0.919444,29.0000009537,2798.38,22.864,0.0347747
139,0.919444,29.0000009537,2769.14,22.8947,0.0345102
140,0.919444,29.0000009537,2740.15,22.2846,0.0342477
141,0.919444,29.0000009537,2712.11,22.3148,0.0339872
142,0.922222,28.0000090599,2684.21,22.4917,0.0337286
143,0.919444,29.0000009537,2656.16,22.3755,0.0334721
144,0.919444,29.0000009537,2628.38,22.407,0.0332175
145,0.919444,29.0000009537,2600.68,22.4389,0.0329648
146,0.919444,29.0000009537,2573.06,22.4712,0.0327141
147,0.919444,29.0000009537,2545.52,22.504,0.0324652
148,0.922222,28.0000090599,2518.06,22.6775,0.0322182
149,0.922222,28.0000090599,2490.76,21.6781,0.0319732
150,0.922222,28.0000090599,2466.21,21.7193,0.03173
151,0.925,26.9999957085,2441.73,21.4933,0.0314886
152,0.925,26.9999957085,2418.51,21.5348,0.0312491
153,0.925,26.9999957085,2395.31,21.5765,0.0310114
154,0.925,26.9999957085,2372.15,21.6183,0.0307755
155,0.927778,26.0000038147,2349.04,21.8047,0.0305414
156,0.925,26.9999957085,2325.81,21.7021,0.0303091
157,0.925,26.9999957085,2302.73,21.7446,0.0300785
158,0.925,26.9999957085,2279.67,21.7873,0.0298497
159,0.925,26.9999957085,2256.64,21.8301,0.0296227
160,0.925,26.9999957085,2233.65,21.8731,0.0293973
161,0.925,26.9999957085,2210.67,21.9163,0.0291737
162,0.927778,26.0000038147,2187.8,22.0979,0.0289518
163,0.925,26.9999957085,2164.74,22.0027,0.0287316
164,0.930556,24.9999904633,2143.21,20.8206,0.028513
165,0.930556,24.9999904633,2123.46,22.9898,0.0282961
166,0.936111,23.0000066757,2105.51,22.4043,0.0280809
167,0.938889,21.9999933243,2087.57,22.5225,0.0278673
168,0.936111,23.0000066757,2062.66,22.4425,0.0276553
169,0.933333,23.9999985695,2046.1,22.7647,0.0274449
170,0.936111,23.0000066757,2030.02,22.9425,0.0272362
171,0.938889,21.9999933243,2004.73,21.97,0.027029
172,0.933333,23.9999985695,1988.64,22.5483,0.0268234
173,0.941667,21.0000014305,1973.5,21.4806,0.0266194
174,0.941667,21.0000014305,1951.77,21.869,0.0264169
175,0.941667,21.0000014305,1937.04,21.5282,0.0262159
176,0.938889,21.9999933243,1918.19,19.8402,0.0260165
177,0.941667,21.0000014305,1904.08,21.5603,0.0258186
178,0.947222,18.9999961853,1891.72,21.2772,0.0256222
179,0.941667,21.0000014305,1872.44,19.5853,0.0254273
180,0.944444,20.0000095367,1860.19,21.2023,0.0252339
181,0.941667,21.0000014305,1847.48,21.5358,0.025042
182,0.944444,20.0000095367,1827.8,21.7579,0.0248515
183,0.944444,20.0000095367,1815.85,21.2599,0.0246624
184,0.944444,20.0000095367,1803.18,21.2862,0.0244748
185,0.941667,21.0000014305,1784.68,21.714,0.0242887
186,0.944444,20.0000095367,1772.51,21.7798,0.0241039
187,0.941667,21.0000014305,1753.56,19.7878,0.0239206
188,0.947222,18.9999961853,1741.66,21.0326,0.0237386
189,0.947222,18.9999961853,1729.19,21.0575,0.023558
190,0.944444,20.0000095367,1710.78,21.3722,0.0233788
191,0.947222,18.9999961853,1699.88,21.5272,0.023201
192,0.947222,18.9999961853,1687.48,21.1113,0.0230245
193,0.95,18.0000042915,1670.21,21.117,0.0228494
194,0.947222,18.9999961853,1659.52,19.7938,0.0226756
195,0.947222,18.9999961853,1646.19,19.8518,0.0225031
196,0.952778,16.9999909401,1637.84,19.5912,0.0223319
197,0.947222,18.9999961853,1624.58,19.8274,0.022162
198,0.952778,16.9999909401,1616.84,19.6197,0.0219935
199,0.95,18.0000042915,1603.74,19.5646,0.0218262
200,0.95,18.0000042915,1596.54,19.9856,0.0216601
201,0.95,18.0000042915,1583.15,19.5926,0.0214954
202,0.944444,20.0000095367,1575.6,20.2524,0.0213319
203,0.95,18.0000042915,1562.81,18.531,0.0211696
204,0.95,18.0000042915,1554.93,19.3009,0.0210086
205,0.952778,16.9999909401,1544.53,19.0878,0.0208488
206,0.952778,16.9999909401,1536.27,18.6756,0.0206902
207,0.95,18.0000042915,1526.0,19.3467,0.0205328
208,0.95,18.0000042915,1519.67,20.1061,0.0203766
209,0.952778,16.9999909401,1508.8,18.7218,0.0202216
210,0.955556,15.9999990463,1498.45,18.7972,0.0200678
211,0.952778,16.9999909401,1492.29,18.7577,0.0199151
212,0.95,18.0000042915,1482.04,19.0899,0.0197637
213,0.955556,15.9999990463,1475.24,18.8577,0.0196133
214,0.95,18.0000042915,1465.21,19.4664,0.0194641
215,0.955556,15.9999990463,1455.32,18.8807,0.0193161
216,0.95,18.0000042915,1448.88,19.1587,0.0191691
217,0.952778,16.9999909401,1438.54,18.8468,0.0190233
218,0.955556,15.9999990463,1432.51,18.94,0.0188786
219,0.955556,15.9999990463,1423.13,18.259,0.018735
220,0.955556,15.9999990463,1414.59,18.6248,0.0185925
221,0.958333,15.0000071526,1409.05,18.2642,0.0184511
222,0.955556,15.9999990463,1400.54,18.2938,0.0183107
223,0.958333,15.0000071526,1395.54,18.2916,0.0181714
224,0.958333,15.0000071526,1387.95,18.913,0.0180332
225,0.961111,13.9999938011,1380.95,17.939,0.017896
226,0.961111,13.9999938011,1377.31,17.9566,0.0177599
227,0.955556,15.9999990463,1370.6,18.6001,0.0176248
228,0.961111,13.9999938011,1363.31,17.4417,0.0174908
229,0.961111,13.9999938011,1359.7,17.9836,0.0173577
230,0.961111,13.9999938011,1353.05,17.9883,0.0172257
231,0.958333,15.0000071526,1349.49,18.1836,0.0170946
232,0.958333,15.0000071526,1342.9,18.9963,0.0169646
233,0.961111,13.9999938011,1336.25,18.0173,0.0168356
234,0.958333,15.0000071526,1332.7,18.5477,0.0167075
235,0.958333,15.0000071526,1325.78,18.2203,0.0165804
236,0.961111,13.9999938011,1322.14,18.0561,0.0164543
237,0.961111,13.9999938011,1315.73,18.0608,0.0163291
238,0.961111,13.9999938011,1309.35,18.0656,0.0162049
239,0.961111,13.9999938011,1305.84,18.082,0.0160817
240,0.958333,15.0000071526,1299.59,18.2714,0.0159593
241,0.955556,15.9999990463,1293.43,18.6075,0.0158379
242,0.958333,15.0000071526,1289.72,18.9805,0.0157175
243,0.961111,13.9999938011,1282.65,18.1139,0.0155979
244,0.955556,15.9999990463,1279.39,19.1856,0.0154793
245,0.958333,15.0000071526,1272.21,19.0017,0.0153615
246,0.958333,15.0000071526,1268.04,19.0171,0.0152447
247,0.961111,13.9999938011,1261.05,18.1529,0.0151287
248,0.958333,15.0000071526,1255.07,19.0224,0.0150136
249,0.955556,15.9999990463,1250.97,19.2279,0.0148994
250,0.961111,13.9999938011,1243.96,18.1785,0.0147861
251,0.958333,15.0000071526,1240.81,19.0582,0.0146736
252,0.958333,15.0000071526,1234.02,19.0603,0.014562
253,0.961111,13.9999938011,1227.27,19.0625,0.0144512
254,0.955556,15.9999990463,1223.26,19.2716,0.0143413
255,0.961111,13.9999938011,1216.54,18.2204,0.0142322
256,0.958333,15.0000071526,1213.38,19.0956,0.0141239
257,0.958333,15.0000071526,1206.78,19.0979,0.0140165
258,0.958333,15.0000071526,1202.82,19.1123,0.0139099
259,0.952778,16.9999909401,1196.49,20.262,0.0138041
260,0.961111,13.9999938011,1189.8,18.2635,0.0136991
261,0.958333,15.0000071526,1186.64,19.1344,0.0135949
262,0.961111,13.9999938011,1180.23,19.1368,0.0134915
263,0.955556,15.9999990463,1176.35,19.352,0.0133888
264,0.961111,13.9999938011,1169.99,18.3,0.013287
265,0.961111,13.9999938011,1164.5,18.3048,0.0131859
266,0.958333,15.0000071526,1161.49,19.1719,0.0130856
267,0.958333,15.0000071526,1155.28,19.1744,0.0129861
268,0.952778,16.9999909401,1151.58,20.3463,0.0128873
269,0.958333,15.0000071526,1145.2,19.1925,0.0127893
270,0.961111,13.9999938011,1139.16,18.3463,0.012692
271,0.958333,15.0000071526,1136.15,19.2094,0.0125954
272,0.958333,15.0000071526,1130.16,19.277,0.0124996
273,0.961111,13.9999938011,1126.43,18.9908,0.0124046
274,0.963889,13.0000019073,1120.63,18.1339,0.0123102
275,0.958333,15.0000071526,1115.66,18.3913,0.0122166
276,0.961111,13.9999938011,1112.09,19.0053,0.0121236
277,0.961111,13.9999938011,1106.43,18.4581,0.0120314
278,0.958333,15.0000071526,1103.61,19.7191,0.0119399
279,0.961111,13.9999938011,1098.05,19.0217,0.0118491
280,0.961111,13.9999938011,1094.6,19.0331,0.0117589
281,0.961111,13.9999938011,1089.03,19.0342,0.0116695
282,0.961111,13.9999938011,1083.61,18.4934,0.0115807
283,0.961111,13.9999938011,1080.67,19.0479,0.0114926
284,0.963889,13.0000019073,1075.21,19.049,0.0114052
285,0.961111,13.9999938011,1071.84,19.0601,0.0113185
286,0.961111,13.9999938011,1066.51,18.5235,0.0112324
287,0.963889,13.0000019073,1061.65,18.2136,0.0111469
288,0.958333,15.0000071526,1059.12,19.7801,0.0110621
289,0.961111,13.9999938011,1053.9,19.0778,0.010978
290,0.958333,15.0000071526,1050.62,19.3993,0.0108945
291,0.961111,13.9999938011,1045.24,19.0903,0.0108116
292,0.963889,13.0000019073,1040.11,18.2442,0.0107294
293,0.961111,13.9999938011,1037.49,19.1029,0.0106477
294,0.961111,13.9999938011,1032.36,19.1041,0.0105668
295,0.958333,15.0000071526,1029.19,19.4286,0.0104864
296,0.963889,13.0000019073,1023.99,18.2704,0.0104066
297,0.963889,13.0000019073,1019.58,18.2734,0.0103275
298,0.958333,15.0000071526,1017.1,19.8384,0.0102489
299,0.958333,15.0000071526,1012.27,19.4481,0.0101709
300,0.961111,13.9999938011,1009.0,19.1423,0.0100936
301,0.961111,13.9999938011,1004.09,19.1436,0.0100168
302,0.963889,13.0000019073,999.279,18.3026,0.00994059
303,0.958333,15.0000071526,996.784,19.4744,0.00986498
304,0.963889,13.0000019073,991.821,19.1574,0.00978994
305,0.961111,13.9999938011,988.793,19.1672,0.00971547
306,0.963889,13.0000019073,984.083,18.3275,0.00964157
307,0.966667,12.0000100136,979.945,15.3422,0.00956822
308,0.961111,13.9999938011,978.546,17.3103,0.00949544
309,0.958333,15.0000071526,977.608,19.8988,0.00942321
310,0.963889,13.0000019073,974.343,16.3025,0.00935154
311,0.966667,12.0000100136,972.411,15.3607,0.0092804
312,0.963889,13.0000019073,971.02,16.309,0.00920981
313,0.972222,10.0000047684,969.268,15.7183,0.00913975
314,0.972222,10.0000047684,967.918,15.7203,0.00907023
315,0.972222,10.0000047684,966.578,15.7224,0.00900124
316,0.969444,10.9999966621,965.249,15.3459,0.00893277
317,0.972222,10.0000047684,964.135,15.7264,0.00886482
318,0.972222,10.0000047684,962.82,15.7285,0.00879739
319,0.972222,10.0000047684,961.515,15.7305,0.00873047
320,0.969444,10.9999966621,960.312,16.6003,0.00866406
321,0.969444,10.9999966621,959.058,15.3566,0.00859815
322,0.972222,10.0000047684,957.971,15.7364,0.00853275
323,0.969444,10.9999966621,956.702,16.9107,0.00846784
324,0.972222,10.0000047684,956.049,15.7439,0.00840343
325,0.972222,10.0000047684,954.794,15.7459,0.00833951
326,0.972222,10.0000047684,953.545,15.7478,0.00827607
327,0.972222,10.0000047684,952.305,15.7497,0.00821312
328,0.972222,10.0000047684,951.073,15.7516,0.00815064
329,0.972222,10.0000047684,949.85,15.7535,0.00808865
330,0.972222,10.0000047684,948.635,15.7554,0.00802712
331,0.966667,12.0000100136,947.495,16.2392,0.00796606
332,0.972222,10.0000047684,946.525,15.7591,0.00790546
333,0.972222,10.0000047684,945.335,15.761,0.00784533
334,0.972222,10.0000047684,944.151,15.7628,0.00778565
335,0.969444,10.9999966621,942.978,15.388,0.00772643
336,0.972222,10.0000047684,941.991,15.7664,0.00766766
337,0.972222,10.0000047684,940.831,15.7682,0.00760933
338,0.972222,10.0000047684,939.679,15.77,0.00755145
339,0.972222,10.0000047684,938.534,15.7718,0.00749401
340,0.972222,10.0000047684,937.397,15.7735,0.007437
341,0.969444,10.9999966621,936.274,15.3986,0.00738043
342,0.969444,10.9999966621,935.371,16.6453,0.00732429
343,0.972222,10.0000047684,934.305,15.7787,0.00726858
344,0.972222,10.0000047684,933.2,15.4043,0.00721329
345,0.969444,10.9999966621,932.108,15.4061,0.00715842
346,0.972222,10.0000047684,931.177,15.7838,0.00710397
347,0.972222,10.0000047684,930.093,15.7855,0.00704993
348,0.972222,10.0000047684,929.015,15.7872,0.0069963
349,0.972222,10.0000047684,927.945,15.7889,0.00694308
350,0.969444,10.9999966621,926.889,15.4144,0.00689027
351,0.972222,10.0000047684,925.991,15.7921,0.00683786
352,0.969444,10.9999966621,924.98,16.9702,0.00678584
353,0.969444,10.9999966621,924.412,16.6668,0.00673423
354,0.972222,10.0000047684,923.446,15.7999,0.006683
355,0.972222,10.0000047684,922.417,15.8015,0.00663217
356,0.972222,10.0000047684,921.397,15.8031,0.00658172
357,0.972222,10.0000047684,920.383,15.8047,0.00653165
358,0.972222,10.0000047684,919.376,15.4313,0.00648197
359,0.969444,10.9999966621,918.383,15.4328,0.00643266
360,0.972222,10.0000047684,917.535,15.8094,0.00638373
361,0.972222,10.0000047684,916.547,15.8109,0.00633517
362,0.972222,10.0000047684,915.568,15.8125,0.00628698
363,0.972222,10.0000047684,914.595,15.814,0.00623916
364,0.969444,10.9999966621,913.633,15.4405,0.0061917
365,0.969444,10.9999966621,912.872,16.6855,0.0061446
366,0.972222,10.0000047684,911.943,15.8185,0.00609786
367,0.972222,10.0000047684,910.998,15.4454,0.00605148
368,0.969444,10.9999966621,910.063,15.4469,0.00600545
369,0.972222,10.0000047684,909.362,15.8224,0.00595976
370,0.969444,10.9999966621,908.549,15.6565,0.00591443
371,0.969444,10.9999966621,907.746,15.6574,0.00586944
372,0.969444,10.9999966621,906.95,15.6582,0.00582479
373,0.966667,12.0000100136,906.165,15.2804,0.00578049
374,0.969444,10.9999966621,905.511,15.6598,0.00573652
375,0.966667,12.0000100136,904.742,16.5155,0.00569288
376,0.969444,10.9999966621,904.041,15.2833,0.00564958
377,0.969444,10.9999966621,903.406,15.6622,0.0056066
378,0.969444,10.9999966621,902.642,15.663,0.00556396
379,0.969444,10.9999966621,901.885,15.6638,0.00552163
380,0.969444,10.9999966621,901.133,15.6645,0.00547963
381,0.966667,12.0000100136,900.435,16.5898,0.00543795
382,0.969444,10.9999966621,900.036,15.6683,0.00539658
383,0.972222,10.0000047684,899.321,14.6112,0.00535553
384,0.972222,10.0000047684,898.922,14.6118,0.0053148
385,0.972222,10.0000047684,898.524,14.6123,0.00527437
386,0.969444,10.9999966621,898.179,15.5269,0.00523425
387,0.972222,10.0000047684,897.816,14.6134,0.00519443
388,0.972222,10.0000047684,897.427,14.6139,0.00515492
389,0.972222,10.0000047684,897.042,14.6144,0.00511571
390,0.972222,10.0000047684,896.659,14.6149,0.00507679
391,0.972222,10.0000047684,896.279,14.6154,0.00503818
392,0.972222,10.0000047684,895.902,15.6747,0.00499985
393,0.969444,10.9999966621,895.531,15.6753,0.00496182
394,0.969444,10.9999966621,895.162,15.6758,0.00492408
395,0.969444,10.9999966621,894.795,15.6764,0.00488662
396,0.969444,10.9999966621,894.171,15.5329,0.00484945
397,0.972222,10.0000047684,893.87,14.6186,0.00481256
398,0.972222,10.0000047684,893.508,14.619,0.00477596
399,0.972222,10.0000047684,893.151,14.6195,0.00473963
400,0.972222,10.0000047684,892.795,14.62,0.00470357
401,0.972222,10.0000047684,892.442,14.6204,0.00466779
402,0.972222,10.0000047684,892.091,14.6209,0.00463229
403,0.972222,10.0000047684,891.742,14.6214,0.00459705
404,0.972222,10.0000047684,891.397,14.6218,0.00456208
405,0.972222,10.0000047684,891.053,14.6223,0.00452738
406,0.972222,10.0000047684,890.713,14.6227,0.00449294
407,0.969444,10.9999966621,890.4,15.5389,0.00445877
408,0.972222,10.0000047684,890.102,14.6237,0.00442485
409,0.972222,10.0000047684,889.77,14.6241,0.00439119
410,0.972222,10.0000047684,889.438,14.6246,0.00435779
411,0.972222,10.0000047684,889.11,14.625,0.00432464
412,0.972222,10.0000047684,888.784,14.6255,0.00429174
413,0.972222,10.0000047684,888.459,14.6259,0.0042591
414,0.972222,10.0000047684,888.138,14.6263,0.0042267
415,0.972222,10.0000047684,887.82,15.6875,0.00419455
416,0.969444,10.9999966621,887.505,15.688,0.00416264
417,0.969444,10.9999966621,887.193,15.6885,0.00413098
418,0.966667,12.0000100136,886.921,16.5469,0.00409956
419,0.969444,10.9999966621,886.633,15.6895,0.00406837
420,0.972222,10.0000047684,886.103,14.629,0.00403743
421,0.972222,10.0000047684,885.798,14.6294,0.00400672
422,0.972222,10.0000047684,885.495,14.6298,0.00397624
423,0.972222,10.0000047684,885.195,14.6302,0.00394599
424,0.972222,10.0000047684,884.896,14.6306,0.00391598
425,0.972222,10.0000047684,884.599,14.631,0.00388619
426,0.972222,10.0000047684,884.304,14.6314,0.00385663
427,0.972222,10.0000047684,884.012,14.6318,0.00382729
428,0.972222,10.0000047684,883.722,14.6322,0.00379818
429,0.969444,10.9999966621,883.48,15.5498,0.00376929
430,0.972222,10.0000047684,883.202,14.633,0.00374061
431,0.972222,10.0000047684,882.918,14.6334,0.00371216
432,0.972222,10.0000047684,882.637,14.6337,0.00368392
433,0.972222,10.0000047684,882.357,14.6341,0.0036559
434,0.972222,10.0000047684,882.079,14.6345,0.00362809
435,0.972222,10.0000047684,881.804,14.6348,0.00360049
436,0.972222,10.0000047684,881.53,14.6352,0.00357311
437,0.972222,10.0000047684,881.259,14.6356,0.00354593
438,0.972222,10.0000047684,880.989,14.6359,0.00351895
439,0.969444,10.9999966621,880.732,15.5541,0.00349219
440,0.972222,10.0000047684,880.506,14.6367,0.00346562
441,0.972222,10.0000047684,880.243,14.6371,0.00343926
442,0.972222,10.0000047684,879.981,14.6374,0.0034131
443,0.972222,10.0000047684,879.721,15.7005,0.00338714
444,0.972222,10.0000047684,879.465,15.701,0.00336137
445,0.972222,10.0000047684,879.209,15.7014,0.0033358
446,0.969444,10.9999966621,878.956,15.7018,0.00331043
447,0.969444,10.9999966621,878.705,15.7022,0.00328525
448,0.969444,10.9999966621,878.456,15.7026,0.00326026
449,0.972222,10.0000047684,878.029,14.6399,0.00323546
450,0.969444,10.9999966621,877.799,15.5587,0.00321085
451,0.972222,10.0000047684,877.583,14.6406,0.00318642
452,0.972222,10.0000047684,877.341,14.6409,0.00316218
453,0.972222,10.0000047684,877.099,14.6412,0.00313813
454,0.972222,10.0000047684,876.86,14.6416,0.00311426
455,0.972222,10.0000047684,876.622,14.6419,0.00309057
456,0.972222,10.0000047684,876.386,14.6422,0.00306706
457,0.972222,10.0000047684,876.151,14.6425,0.00304373
458,0.972222,10.0000047684,875.918,14.6428,0.00302058
459,0.972222,10.0000047684,875.688,14.6431,0.0029976
460,0.972222,10.0000047684,875.459,14.6434,0.0029748
461,0.969444,10.9999966621,875.25,15.5628,0.00295217
462,0.972222,10.0000047684,875.048,14.6441,0.00292972
463,0.972222,10.0000047684,874.823,14.6444,0.00290743
464,0.972222,10.0000047684,874.601,14.6447,0.00288532
465,0.972222,10.0000047684,874.379,14.645,0.00286337
466,0.972222,10.0000047684,874.161,14.6453,0.00284159
467,0.972222,10.0000047684,873.942,14.6456,0.00281997
468,0.972222,10.0000047684,873.727,14.6459,0.00279852
469,0.972222,10.0000047684,873.512,14.6462,0.00277723
470,0.972222,10.0000047684,873.3,14.6465,0.00275611
471,0.972222,10.0000047684,873.089,14.6467,0.00273514
472,0.969444,10.9999966621,872.899,15.5665,0.00271434
473,0.972222,10.0000047684,872.71,14.6473,0.00269369
474,0.972222,10.0000047684,872.503,14.6476,0.0026732
475,0.972222,10.0000047684,872.298,14.6479,0.00265287
476,0.972222,10.0000047684,872.094,14.6482,0.00263269
477,0.972222,10.0000047684,871.892,14.6484,0.00261266
478,0.972222,10.0000047684,871.692,14.6487,0.00259279
479,0.972222,10.0000047684,871.493,14.649,0.00257307
480,0.972222,10.0000047684,871.295,14.6492,0.00255349
481,0.972222,10.0000047684,871.099,14.6495,0.00253407
482,0.972222,10.0000047684,870.906,15.7148,0.00251479
483,0.969444,10.9999966621,870.733,16.5761,0.00249566
484,0.972222,10.0000047684,870.557,15.7154,0.00247668
485,0.972222,10.0000047684,870.367,15.7158,0.00245784
486,0.969444,10.9999966621,870.179,15.7161,0.00243914
487,0.969444,10.9999966621,869.991,15.7164,0.00242059
488,0.969444,10.9999966621,869.807,15.7167,0.00240218
489,0.972222,10.0000047684,869.489,14.6517,0.00238391
490,0.972222,10.0000047684,869.306,14.6519,0.00236577
491,0.972222,10.0000047684,869.125,14.6522,0.00234778
492,0.972222,10.0000047684,868.943,14.6524,0.00232992
493,0.972222,10.0000047684,868.764,14.6526,0.00231219
494,0.969444,10.9999966621,868.605,15.5733,0.00229461
495,0.972222,10.0000047684,868.441,14.6532,0.00227715
496,0.972222,10.0000047684,868.266,14.6534,0.00225983
497,0.972222,10.0000047684,868.093,14.6536,0.00224264
498,0.972222,10.0000047684,867.92,14.6539,0.00222558
499,0.972222,10.0000047684,867.748,14.6541,0.00220865
500,0.972222,10.0000047684,867.578,14.6543,0.00219185
501,0.972222,10.0000047684,867.409,14.6546,0.00217518
502,0.972222,10.0000047684,867.241,14.6548,0.00215863
503,0.972222,10.0000047684,867.075,14.655,0.00214221
504,0.972222,10.0000047684,866.909,14.6552,0.00212592
505,0.969444,10.9999966621,866.763,15.5763,0.00210975
506,0.972222,10.0000047684,866.612,14.6557,0.0020937
507,0.972222,10.0000047684,866.451,14.6559,0.00207777
508,0.972222,10.0000047684,866.291,14.6562,0.00206197
509,0.972222,10.0000047684,866.132,14.6564,0.00204628
510,0.972222,10.0000047684,865.974,14.6566,0.00203072
511,0.972222,10.0000047684,865.817,14.6568,0.00201527
512,0.972222,10.0000047684,865.661,14.657,0.00199994
513,0.972222,10.0000047684,865.507,14.6572,0.00198473
514,0.972222,10.0000047684,865.353,14.6574,0.00196963
515,0.972222,10.0000047684,865.201,14.6576,0.00195465
516,0.969444,10.9999966621,865.067,15.579,0.00193978
517,0.972222,10.0000047684,864.926,14.6581,0.00192503
518,0.972222,10.0000047684,864.778,14.6583,0.00191038
519,0.972222,10.0000047684,864.631,14.6585,0.00189585
520,0.972222,10.0000047684,864.484,14.6587,0.00188143
521,0.972222,10.0000047684,864.339,14.6589,0.00186712
522,0.972222,10.0000047684,864.195,14.6591,0.00185292
523,0.972222,10.0000047684,864.05,14.6593,0.00183882
524,0.972222,10.0000047684,863.909,14.6595,0.00182483
525,0.972222,10.0000047684,863.769,14.6596,0.00181095
526,0.972222,10.0000047684,863.628,14.6598,0.00179718
527,0.969444,10.9999966621,863.503,15.5816,0.00178351
528,0.972222,10.0000047684,863.375,14.6602,0.00176994
529,0.972222,10.0000047684,863.238,14.6604,0.00175648
530,0.972222,10.0000047684,863.102,14.6606,0.00174312
531,0.972222,10.0000047684,862.967,14.6608,0.00172986
532,0.972222,10.0000047684,862.832,14.661,0.0017167
533,0.972222,10.0000047684,862.699,14.6612,0.00170364
534,0.972222,10.0000047684,862.567,14.6613,0.00169068
535,0.972222,10.0000047684,862.436,14.6615,0.00167782
536,0.972222,10.0000047684,862.307,14.6617,0.00166506
537,0.972222,10.0000047684,862.177,14.6619,0.00165239
538,0.969444,10.9999966621,862.062,15.5839,0.00163982
539,0.972222,10.0000047684,861.945,14.6622,0.00162735
540,0.972222,10.0000047684,861.819,14.6624,0.00161497
541,0.972222,10.0000047684,861.694,15.73,0.00160269
542,0.972222,10.0000047684,861.57,15.7302,0.00159049
543,0.972222,10.0000047684,861.447,15.7304,0.0015784
544,0.972222,10.0000047684,861.324,15.7306,0.00156639
545,0.972222,10.0000047684,861.203,15.7308,0.00155447
546,0.972222,10.0000047684,861.083,15.731,0.00154265
547,0.972222,10.0000047684,860.963,15.7312,0.00153092
548,0.972222,10.0000047684,860.844,15.7313,0.00151927
549,0.969444,10.9999966621,860.737,16.5944,0.00150771
550,0.972222,10.0000047684,860.631,15.7317,0.00149625
551,0.972222,10.0000047684,860.515,15.7319,0.00148486
552,0.972222,10.0000047684,860.4,15.7321,0.00147357
553,0.972222,10.0000047684,860.205,14.6646,0.00146236
554,0.972222,10.0000047684,860.091,14.6648,0.00145124
555,0.972222,10.0000047684,859.978,14.6649,0.0014402
556,0.972222,10.0000047684,859.867,14.6651,0.00142924
557,0.972222,10.0000047684,859.755,14.6652,0.00141837
558,0.972222,10.0000047684,859.646,14.6654,0.00140758
559,0.972222,10.0000047684,859.536,14.6655,0.00139687
560,0.969444,10.9999966621,859.436,15.588,0.00138625
561,0.972222,10.0000047684,859.34,14.6658,0.0013757
562,0.972222,10.0000047684,859.234,14.666,0.00136524
563,0.972222,10.0000047684,859.125,14.6661,0.00135485
564,0.972222,10.0000047684,859.021,14.6663,0.00134455
565,0.972222,10.0000047684,858.917,14.6664,0.00133432
566,0.972222,10.0000047684,858.813,14.6666,0.00132417
567,0.972222,10.0000047684,858.709,14.6667,0.0013141
568,0.972222,10.0000047684,858.606,14.6668,0.0013041
569,0.972222,10.0000047684,858.506,14.667,0.00129418
570,0.972222,10.0000047684,858.405,14.6671,0.00128434
571,0.969444,10.9999966621,858.31,15.5899,0.00127457
572,0.972222,10.0000047684,858.223,14.6674,0.00126487
573,0.972222,10.0000047684,858.125,14.6675,0.00125525
574,0.972222,10.0000047684,858.028,14.6677,0.0012457
575,0.972222,10.0000047684,857.93,14.6678,0.00123623
576,0.972222,10.0000047684,857.834,14.6679,0.00122683
577,0.972222,10.0000047684,857.738,14.6681,0.00121749
578,0.972222,10.0000047684,857.643,14.6682,0.00120823
579,0.972222,10.0000047684,857.55,14.6683,0.00119904
580,0.972222,10.0000047684,857.456,14.6684,0.00118992
581,0.972222,10.0000047684,857.363,14.6686,0.00118087
582,0.969444,10.9999966621,857.274,15.5915,0.00117189
583,0.972222,10.0000047684,857.197,14.6688,0.00116297
584,0.972222,10.0000047684,857.106,14.669,0.00115413
585,0.975,8.99999141693,857.016,14.6691,0.00114535
586,0.975,8.99999141693,856.942,14.4465,0.00113663
587,0.975,8.99999141693,856.879,14.4466,0.00112799
588,0.975,8.99999141693,856.816,14.4466,0.00111941
589,0.975,8.99999141693,856.753,14.4467,0.00111089
590,0.975,8.99999141693,856.691,14.4468,0.00110244
591,0.975,8.99999141693,856.629,14.4469,0.00109406
592,0.975,8.99999141693,856.568,14.447,0.00108574
593,0.975,8.99999141693,856.508,14.4471,0.00107748
594,0.972222,10.0000047684,856.46,15.3836,0.00106928
595,0.975,8.99999141693,856.403,14.4473,0.00106115
596,0.975,8.99999141693,856.344,14.4474,0.00105308
597,0.975,8.99999141693,856.285,14.4474,0.00104506
598,0.975,8.99999141693,856.227,14.4475,0.00103711
599,0.975,8.99999141693,856.169,14.4476,0.00102923
600,0.975,8.99999141693,856.112,14.4477,0.0010214
601,0.975,8.99999141693,856.055,14.4478,0.00101363
602,0.975,8.99999141693,855.997,14.4479,0.00100592
603,0.975,8.99999141693,855.942,14.4479,0.000998266
604,0.975,8.99999141693,855.886,14.448,0.000990672
605,0.972222,10.0000047684,855.841,15.3847,0.000983136
606,0.975,8.99999141693,855.79,14.4482,0.000975658
607,0.975,8.99999141693,855.735,14.4483,0.000968237
608,0.975,8.99999141693,855.681,14.4484,0.000960871
609,0.975,8.99999141693,855.628,14.4484,0.000953562
610,0.975,8.99999141693,855.574,14.4485,0.000946309
611,0.975,8.99999141693,855.522,14.4486,0.000939111
612,0.975,8.99999141693,855.47,14.4487,0.000931967
613,0.975,8.99999141693,855.418,14.4487,0.000924878
614,0.975,8.99999141693,855.366,14.4488,0.000917843
615,0.975,8.99999141693,855.314,14.4489,0.000910861
616,0.972222,10.0000047684,855.271,15.3857,0.000903932
617,0.975,8.99999141693,855.226,14.449,0.000897056
618,0.975,8.99999141693,855.175,14.4491,0.000890233
619,0.975,8.99999141693,855.125,14.4492,0.000883461
620,0.975,8.99999141693,855.075,14.4493,0.000876741
621,0.975,8.99999141693,855.026,14.4493,0.000870072
622,0.975,8.99999141693,854.978,14.4494,0.000863454
623,0.975,8.99999141693,854.93,14.4495,0.000856885
624,0.975,8.99999141693,854.882,14.4495,0.000850367
625,0.975,8.99999141693,854.834,14.4496,0.000843899
626,0.975,8.99999141693,854.787,14.4497,0.00083748
627,0.972222,10.0000047684,854.746,15.3867,0.000831109
628,0.975,8.99999141693,854.706,14.4498,0.000824787
629,0.975,8.99999141693,854.659,14.4499,0.000818513
630,0.975,8.99999141693,854.613,14.45,0.000812287
631,0.975,8.99999141693,854.568,14.45,0.000806108
632,0.975,8.99999141693,854.523,14.4501,0.000799977
633,0.975,8.99999141693,854.478,14.4502,0.000793891
634,0.975,8.99999141693,854.434,14.4502,0.000787853
635,0.975,8.99999141693,854.39,14.4503,0.000781859
636,0.975,8.99999141693,854.347,14.4503,0.000775912
637,0.975,8.99999141693,854.303,14.4504,0.00077001
638,0.972222,10.0000047684,854.263,15.3875,0.000764153
639,0.975,8.99999141693,854.228,14.4505,0.00075834
640,0.975,8.99999141693,854.185,14.4506,0.000752572
641,0.975,8.99999141693,854.143,14.4507,0.000746847
642,0.977778,7.99999952316,854.102,14.4507,0.000741166
643,0.977778,7.99999952316,854.063,15.5922,0.000735528
644,0.975,8.99999141693,853.983,14.4508,0.000729933
645,0.977778,7.99999952316,853.942,14.4509,0.000724381
646,0.977778,7.99999952316,853.902,14.4647,0.000718871
647,0.977778,7.99999952316,853.863,14.451,0.000713403
648,0.977778,7.99999952316,853.824,14.4648,0.000707976
649,0.977778,7.99999952316,853.786,15.3883,0.000702591
650,0.977778,7.99999952316,853.757,14.4649,0.000697246
651,0.977778,7.99999952316,853.716,14.465,0.000691943
652,0.977778,7.99999952316,853.679,14.4512,0.000686679
653,0.977778,7.99999952316,853.642,15.593,0.000681456
654,0.975,8.99999141693,853.568,14.4513,0.000676272
655,0.977778,7.99999952316,853.531,14.4514,0.000671128
656,0.977778,7.99999952316,853.494,14.4653,0.000666023
657,0.977778,7.99999952316,853.457,14.4514,0.000660957
658,0.977778,7.99999952316,853.42,14.4654,0.000655929
659,0.977778,7.99999952316,853.384,14.4515,0.00065094
660,0.977778,7.99999952316,853.348,14.4655,0.000645988
661,0.975,8.99999141693,853.319,15.4021,0.000641074
662,0.977778,7.99999952316,853.286,14.4517,0.000636198
663,0.977778,7.99999952316,853.253,15.5937,0.000631359
664,0.975,8.99999141693,853.184,14.4517,0.000626556
665,0.977778,7.99999952316,853.149,14.4518,0.00062179
666,0.977778,7.99999952316,853.115,14.4658,0.00061706
667,0.977778,7.99999952316,853.081,14.4519,0.000612367
668,0.977778,7.99999952316,853.048,14.4659,0.000607708
669,0.977778,7.99999952316,853.015,14.4519,0.000603086
670,0.977778,7.99999952316,852.982,14.466,0.000598498
671,0.977778,7.99999952316,852.948,14.452,0.000593946
672,0.975,8.99999141693,852.923,16.467,0.000589428
673,0.977778,7.99999952316,852.861,14.4521,0.000584944
674,0.977778,7.99999952316,852.828,14.4522,0.000580495
675,0.977778,7.99999952316,852.797,14.4663,0.000576079
676,0.977778,7.99999952316,852.765,14.4663,0.000571697
677,0.977778,7.99999952316,852.733,14.4523,0.000567348
678,0.977778,7.99999952316,852.702,14.4664,0.000563033
679,0.977778,7.99999952316,852.671,14.4523,0.00055875
680,0.977778,7.99999952316,852.641,14.4665,0.0005545
681,0.977778,7.99999952316,852.61,14.4524,0.000550282
682,0.977778,7.99999952316,852.581,15.595,0.000546096
683,0.975,8.99999141693,852.524,15.3902,0.000541942
684,0.977778,7.99999952316,852.498,14.4525,0.00053782
685,0.977778,7.99999952316,852.469,14.4668,0.000533729
686,0.977778,7.99999952316,852.44,14.4668,0.000529669
687,0.977778,7.99999952316,852.411,14.4526,0.00052564
688,0.977778,7.99999952316,852.382,14.4669,0.000521641
689,0.977778,7.99999952316,852.354,14.4527,0.000517673
690,0.977778,7.99999952316,852.326,14.467,0.000513736
691,0.977778,7.99999952316,852.297,14.4528,0.000509828
692,0.977778,7.99999952316,852.271,15.5956,0.00050595
693,0.977778,7.99999952316,852.215,14.4528,0.000502101
694,0.977778,7.99999952316,852.189,15.3907,0.000498282
695,0.977778,7.99999952316,852.166,14.4672,0.000494491
696,0.977778,7.99999952316,852.138,14.4529,0.00049073
697,0.977778,7.99999952316,852.112,14.4673,0.000486997
698,0.977778,7.99999952316,852.084,14.4673,0.000483293
699,0.977778,7.99999952316,852.058,14.453,0.000479616
700,0.977778,7.99999952316,852.032,14.4674,0.000475968
701,0.977778,7.99999952316,852.005,14.4531,0.000472348
702,0.977778,7.99999952316,851.981,15.5961,0.000468755
703,0.977778,7.99999952316,851.929,14.4532,0.000465189
704,0.977778,7.99999952316,851.903,14.4532,0.000461651
705,0.977778,7.99999952316,851.879,15.4047,0.000458139
706,0.977778,7.99999952316,851.859,14.4533,0.000454654
707,0.977778,7.99999952316,851.834,14.4677,0.000451196
708,0.977778,7.99999952316,851.809,14.4677,0.000447763
709,0.977778,7.99999952316,851.784,14.4533,0.000444358
710,0.977778,7.99999952316,851.759,14.4678,0.000440977
711,0.977778,7.99999952316,851.735,14.4534,0.000437623
712,0.977778,7.99999952316,851.71,15.5967,0.000434294
713,0.977778,7.99999952316,851.664,14.4535,0.00043099
714,0.977778,7.99999952316,851.64,14.4535,0.000427712
715,0.977778,7.99999952316,851.618,14.468,0.000424459
716,0.977778,7.99999952316,851.593,14.4535,0.00042123
717,0.975,8.99999141693,851.574,15.4053,0.000418026
718,0.977778,7.99999952316,851.553,14.4681,0.000414846
719,0.977778,7.99999952316,851.531,14.4536,0.00041169
720,0.977778,7.99999952316,851.509,14.4682,0.000408559
721,0.977778,7.99999952316,851.486,14.4537,0.000405451
722,0.977778,7.99999952316,851.464,15.5971,0.000402367
723,0.977778,7.99999952316,851.42,14.4537,0.000399306
724,0.977778,7.99999952316,851.398,14.4538,0.000396269
725,0.977778,7.99999952316,851.376,14.4683,0.000393255
726,0.977778,7.99999952316,851.354,14.4538,0.000390263
727,0.977778,7.99999952316,851.333,14.4684,0.000387295
728,0.975,8.99999141693,851.315,15.3921,0.000384349
729,0.977778,7.99999952316,851.296,14.4685,0.000381425
730,0.977778,7.99999952316,851.274,14.4685,0.000378524
731,0.977778,7.99999952316,851.254,14.4539,0.000375644
732,0.977778,7.99999952316,851.234,15.5976,0.000372787
733,0.977778,7.99999952316,851.194,14.454,0.000369951
734,0.977778,7.99999952316,851.172,14.454,0.000367137
735,0.977778,7.99999952316,851.153,14.4687,0.000364344
736,0.977778,7.99999952316,851.133,14.4541,0.000361573
737,0.977778,7.99999952316,851.113,14.4687,0.000358823
738,0.977778,7.99999952316,851.092,14.4541,0.000356093
739,0.977778,7.99999952316,851.075,15.4062,0.000353385
740,0.977778,7.99999952316,851.058,14.4688,0.000350696
741,0.977778,7.99999952316,851.039,14.4542,0.000348029
742,0.977778,7.99999952316,851.02,15.598,0.000345381
743,0.977778,7.99999952316,850.984,14.4542,0.000342754
744,0.977778,7.99999952316,850.965,14.4543,0.000340147
745,0.977778,7.99999952316,850.945,14.469,0.00033756
746,0.977778,7.99999952316,850.927,14.4543,0.000334992
747,0.977778,7.99999952316,850.909,14.469,0.000332444
748,0.977778,7.99999952316,850.891,14.4544,0.000329915
749,0.977778,7.99999952316,850.873,14.4691,0.000327405
750,0.977778,7.99999952316,850.856,15.4066,0.000324915
751,0.977778,7.99999952316,850.841,14.4544,0.000322443
752,0.977778,7.99999952316,850.824,15.5984,0.000319991
753,0.977778,7.99999952316,850.789,14.4545,0.000317557
754,0.977778,7.99999952316,850.771,14.4545,0.000315141
755,0.977778,7.99999952316,850.754,14.4693,0.000312744
756,0.977778,7.99999952316,850.737,14.4545,0.000310365
757,0.977778,7.99999952316,850.72,14.4693,0.000308004
758,0.977778,7.99999952316,850.704,14.4546,0.000305661
759,0.977778,7.99999952316,850.687,14.4694,0.000303336
760,0.977778,7.99999952316,850.67,14.4546,0.000301029
761,0.977778,7.99999952316,850.654,15.5987,0.000298739
762,0.975,8.99999141693,850.624,15.3931,0.000296466
763,0.977778,7.99999952316,850.609,14.4695,0.000294211
764,0.977778,7.99999952316,850.592,14.4547,0.000291973
765,0.977778,7.99999952316,850.576,14.4695,0.000289752
766,0.977778,7.99999952316,850.56,14.4547,0.000287548
767,0.977778,7.99999952316,850.544,14.4696,0.000285361
768,0.977778,7.99999952316,850.528,14.4548,0.00028319
769,0.977778,7.99999952316,850.512,14.4696,0.000281036
770,0.977778,7.99999952316,850.498,14.4548,0.000278899
771,0.977778,7.99999952316,850.482,15.599,0.000276777
772,0.977778,7.99999952316,850.452,14.4548,0.000274672
773,0.977778,7.99999952316,850.438,15.3934,0.000272582
774,0.977778,7.99999952316,850.426,14.4697,0.000270509
775,0.977778,7.99999952316,850.411,14.4698,0.000268451
776,0.977778,7.99999952316,850.396,14.4549,0.000266409
777,0.977778,7.99999952316,850.381,14.4698,0.000264383
778,0.977778,7.99999952316,850.367,14.4549,0.000262372
779,0.977778,7.99999952316,850.351,14.4698,0.000260376
780,0.977778,7.99999952316,850.337,14.455,0.000258395
781,0.977778,7.99999952316,850.323,15.5993,0.00025643
782,0.977778,7.99999952316,850.295,14.455,0.000254479
783,0.977778,7.99999952316,850.28,14.455,0.000252543
784,0.977778,7.99999952316,850.268,15.4077,0.000250622
785,0.977778,7.99999952316,850.255,14.47,0.000248716
786,0.977778,7.99999952316,850.242,14.4551,0.000246824
787,0.977778,7.99999952316,850.228,14.47,0.000244947
788,0.977778,7.99999952316,850.214,14.4551,0.000243083
789,0.977778,7.99999952316,850.202,14.4701,0.000241234
790,0.977778,7.99999952316,850.188,14.4552,0.000239399
791,0.977778,7.99999952316,850.175,14.4701,0.000237578
792,0.977778,7.99999952316,850.161,14.4552,0.000235771
793,0.977778,7.99999952316,850.149,15.5997,0.000233978
794,0.977778,7.99999952316,850.123,14.4552,0.000232198
795,0.977778,7.99999952316,850.111,14.4552,0.000230432
796,0.975,8.99999141693,850.102,15.408,0.000228679
797,0.977778,7.99999952316,850.089,14.4702,0.000226939
798,0.977778,7.99999952316,850.076,14.4553,0.000225213
799,0.977778,7.99999952316,850.064,14.4703,0.0002235
800,0.977778,7.99999952316,850.052,14.4553,0.0002218
801,0.977778,7.99999952316,850.04,14.4703,0.000220113
802,0.977778,7.99999952316,850.027,14.4553,0.000218438
803,0.977778,7.99999952316,850.016,15.5999,0.000216777
804,0.977778,7.99999952316,849.992,14.4554,0.000215128
805,0.977778,7.99999952316,849.981,14.4554,0.000213491
806,0.977778,7.99999952316,849.969,14.4704,0.000211868
807,0.977778,7.99999952316,849.96,15.4083,0.000210256
808,0.977778,7.99999952316,849.949,14.4554,0.000208656
809,0.977778,7.99999952316,849.937,14.4704,0.000207069
810,0.977778,7.99999952316,849.926,14.4554,0.000205494
811,0.977778,7.99999952316,849.914,14.4705,0.000203931
812,0.977778,7.99999952316,849.903,14.4555,0.00020238
813,0.977778,7.99999952316,849.893,15.6001,0.00020084
814,0.977778,7.99999952316,849.87,14.4555,0.000199313
815,0.977778,7.99999952316,849.86,14.4555,0.000197797
816,0.977778,7.99999952316,849.85,14.4706,0.000196292
817,0.977778,7.99999952316,849.838,14.4555,0.000194799
818,0.977778,7.99999952316,849.83,15.4085,0.000193317
819,0.977778,7.99999952316,849.819,14.4556,0.000191847
820,0.977778,7.99999952316,849.808,14.4706,0.000190387
821,0.977778,7.99999952316,849.799,14.4707,0.000188939
822,0.977778,7.99999952316,849.788,14.4556,0.000187502
823,0.977778,7.99999952316,849.778,15.6004,0.000186076
824,0.977778,7.99999952316,849.757,14.4556,0.00018466
825,0.977778,7.99999952316,849.747,14.4556,0.000183256
826,0.977778,7.99999952316,849.737,14.4707,0.000181862
827,0.977778,7.99999952316,849.727,14.4557,0.000180478
828,0.977778,7.99999952316,849.717,14.4708,0.000179105
829,0.977778,7.99999952316,849.708,15.3946,0.000177743
830,0.977778,7.99999952316,849.7,14.4708,0.000176391
831,0.977778,7.99999952316,849.69,14.4708,0.000175049
832,0.977778,7.99999952316,849.681,14.4557,0.000173718
833,0.977778,7.99999952316,849.671,15.6006,0.000172396
834,0.977778,7.99999952316,849.652,14.4558,0.000171085
835,0.977778,7.99999952316,849.643,14.4558,0.000169783
836,0.977778,7.99999952316,849.634,14.4709,0.000168492
837,0.977778,7.99999952316,849.624,14.4558,0.00016721
838,0.977778,7.99999952316,849.615,14.4709,0.000165938
839,0.977778,7.99999952316,849.605,14.4558,0.000164676
840,0.977778,7.99999952316,849.597,15.4089,0.000163424
841,0.977778,7.99999952316,849.589,14.4558,0.00016218
842,0.977778,7.99999952316,849.58,14.471,0.000160947
843,0.977778,7.99999952316,849.571,14.471,0.000159723
844,0.977778,7.99999952316,849.562,14.4559,0.000158508
845,0.977778,7.99999952316,849.553,15.6008,0.000157302
846,0.977778,7.99999952316,849.537,14.4559,0.000156105
847,0.977778,7.99999952316,849.527,14.4559,0.000154918
848,0.977778,7.99999952316,849.519,14.4711,0.000153739
849,0.977778,7.99999952316,849.511,14.4559,0.00015257
850,0.977778,7.99999952316,849.502,14.4711,0.000151409
851,0.977778,7.99999952316,849.493,14.4559,0.000150258
852,0.977778,7.99999952316,849.487,15.4091,0.000149115
853,0.977778,7.99999952316,849.479,14.4711,0.00014798
854,0.977778,7.99999952316,849.471,14.456,0.000146855
855,0.977778,7.99999952316,849.463,15.601,0.000145738
856,0.977778,7.99999952316,849.448,14.456,0.000144629
857,0.977778,7.99999952316,849.439,14.456,0.000143529
858,0.977778,7.99999952316,849.431,14.4712,0.000142437
859,0.977778,7.99999952316,849.424,14.456,0.000141354
860,0.977778,7.99999952316,849.416,14.4712,0.000140279
861,0.977778,7.99999952316,849.408,14.456,0.000139211
862,0.977778,7.99999952316,849.401,14.4712,0.000138153
863,0.977778,7.99999952316,849.393,15.4093,0.000137102
864,0.977778,7.99999952316,849.387,14.4561,0.000136059
865,0.977778,7.99999952316,849.38,15.6011,0.000135024
866,0.977778,7.99999952316,849.366,14.4561,0.000133997
867,0.977778,7.99999952316,849.359,14.4561,0.000132977
868,0.977778,7.99999952316,849.352,14.4713,0.000131966
869,0.977778,7.99999952316,849.345,14.4561,0.000130962
870,0.977778,7.99999952316,849.338,14.4713,0.000129966
871,0.977778,7.99999952316,849.331,14.4561,0.000128977
872,0.977778,7.99999952316,849.324,14.4713,0.000127996
873,0.977778,7.99999952316,849.316,14.4561,0.000127023
874,0.977778,7.99999952316,849.311,16.4751,0.000126056
875,0.977778,7.99999952316,849.298,14.4562,0.000125098
876,0.977778,7.99999952316,849.291,14.4562,0.000124146
877,0.977778,7.99999952316,849.285,14.4714,0.000123202
878,0.977778,7.99999952316,849.278,14.4714,0.000122264
879,0.977778,7.99999952316,849.271,14.4562,0.000121334
880,0.977778,7.99999952316,849.264,14.4714,0.000120411
881,0.977778,7.99999952316,849.258,14.4562,0.000119496
882,0.977778,7.99999952316,849.251,15.6014,0.000118587
883,0.977778,7.99999952316,849.239,14.4562,0.000117685
884,0.977778,7.99999952316,849.232,14.4562,0.000116789
885,0.977778,7.99999952316,849.227,14.4715,0.000115901
886,0.977778,7.99999952316,849.221,15.3953,0.000115019
887,0.977778,7.99999952316,849.216,14.4715,0.000114144
888,0.977778,7.99999952316,849.209,14.4563,0.000113276
889,0.977778,7.99999952316,849.204,14.4715,0.000112415
890,0.977778,7.99999952316,849.197,14.4715,0.000111559
891,0.977778,7.99999952316,849.191,14.4563,0.000110711
892,0.977778,7.99999952316,849.185,15.6015,0.000109869
893,0.977778,7.99999952316,849.173,14.4563,0.000109033
894,0.977778,7.99999952316,849.167,14.4563,0.000108204
895,0.977778,7.99999952316,849.162,14.4716,0.000107381
896,0.977778,7.99999952316,849.156,14.4563,0.000106564
897,0.977778,7.99999952316,849.151,15.4097,0.000105753
898,0.977778,7.99999952316,849.146,14.4716,0.000104949
899,0.977778,7.99999952316,849.14,14.4563,0.00010415
900,0.977778,7.99999952316,849.135,14.4716,0.000103358
901,0.977778,7.99999952316,849.128,14.4564,0.000102572
902,0.977778,7.99999952316,849.123,15.6016,0.000101792
903,0.977778,7.99999952316,849.113,14.4564,0.000101017
904,0.977778,7.99999952316,849.106,14.4564,0.000100249
905,0.977778,7.99999952316,849.101,14.4717,9.94864e-05
906,0.977778,7.99999952316,849.096,14.4564,9.87296e-05
907,0.977778,7.99999952316,849.09,14.4717,9.79786e-05
908,0.977778,7.99999952316,849.085,15.4099,9.72333e-05
909,0.977778,7.99999952316,849.081,14.4564,9.64937e-05
910,0.977778,7.99999952316,849.074,14.4717,9.57597e-05
911,0.977778,7.99999952316,849.069,14.4564,9.50313e-05
912,0.977778,7.99999952316,849.064,15.6017,9.43084e-05
913,0.977778,7.99999952316,849.054,14.4564,9.35911e-05
914,0.977778,7.99999952316,849.049,14.4564,9.28792e-05
915,0.977778,7.99999952316,849.043,14.4717,9.21727e-05
916,0.977778,7.99999952316,849.038,14.4565,9.14715e-05
917,0.977778,7.99999952316,849.034,14.4718,9.07757e-05
918,0.977778,7.99999952316,849.028,14.4565,9.00852e-05
919,0.977778,7.99999952316,849.024,15.41,8.94e-05
920,0.977778,7.99999952316,849.019,14.4565,8.87199e-05
921,0.977778,7.99999952316,849.013,14.4718,8.80451e-05
922,0.977778,7.99999952316,849.008,14.4565,8.73754e-05
923,0.977778,7.99999952316,849.004,15.6019,8.67107e-05
924,0.977778,7.99999952316,848.995,14.4565,8.60511e-05
925,0.977778,7.99999952316,848.99,14.4565,8.53966e-05
926,0.977778,7.99999952316,848.986,14.4718,8.4747e-05
927,0.977778,7.99999952316,848.981,14.4565,8.41023e-05
928,0.977778,7.99999952316,848.976,14.4718,8.34626e-05
929,0.977778,7.99999952316,848.971,14.4565,8.28277e-05
930,0.977778,7.99999952316,848.966,14.4719,8.21977e-05
931,0.977778,7.99999952316,848.963,15.4101,8.15724e-05
932,0.977778,7.99999952316,848.958,14.4565,8.09519e-05
933,0.977778,7.99999952316,848.955,14.4719,8.03362e-05
934,0.977778,7.99999952316,848.95,14.4566,7.97251e-05
935,0.977778,7.99999952316,848.945,15.602,7.91186e-05
936,0.977778,7.99999952316,848.936,14.4566,7.85168e-05
937,0.977778,7.99999952316,848.932,14.4566,7.79196e-05
938,0.977778,7.99999952316,848.927,14.4719,7.73268e-05
939,0.977778,7.99999952316,848.923,14.4566,7.67386e-05
940,0.977778,7.99999952316,848.919,14.4719,7.61549e-05
941,0.977778,7.99999952316,848.914,15.3958,7.55756e-05
942,0.977778,7.99999952316,848.912,14.4719,7.50007e-05
943,0.977778,7.99999952316,848.907,14.4566,7.44302e-05
944,0.977778,7.99999952316,848.902,15.602,7.38641e-05
945,0.977778,7.99999952316,848.895,14.4566,7.33022e-05
946,0.977778,7.99999952316,848.89,14.4566,7.27446e-05
947,0.977778,7.99999952316,848.886,14.472,7.21913e-05
948,0.977778,7.99999952316,848.882,14.4566,7.16422e-05
949,0.977778,7.99999952316,848.878,14.472,7.10972e-05
950,0.977778,7.99999952316,848.874,14.472,7.05564e-05
951,0.977778,7.99999952316,848.87,14.4566,7.00197e-05
952,0.977778,7.99999952316,848.867,14.472,6.94871e-05
953,0.977778,7.99999952316,848.863,15.3959,6.89585e-05
954,0.977778,7.99999952316,848.858,14.472,6.84339e-05
955,0.977778,7.99999952316,848.855,14.4567,6.79134e-05
956,0.977778,7.99999952316,848.852,14.472,6.73968e-05
957,0.977778,7.99999952316,848.848,14.4567,6.68841e-05
958,0.977778,7.99999952316,848.844,15.6022,6.63754e-05
959,0.977778,7.99999952316,848.837,14.4567,6.58705e-05
960,0.977778,7.99999952316,848.833,14.4567,6.53694e-05
961,0.977778,7.99999952316,848.829,14.4721,6.48722e-05
962,0.977778,7.99999952316,848.825,14.4721,6.43787e-05
963,0.977778,7.99999952316,848.821,14.4567,6.3889e-05
964,0.977778,7.99999952316,848.818,14.4721,6.3403e-05
965,0.977778,7.99999952316,848.815,15.3959,6.29207e-05
966,0.977778,7.99999952316,848.811,14.4721,6.24421e-05
967,0.977778,7.99999952316,848.808,14.4567,6.19671e-05
968,0.977778,7.99999952316,848.804,14.4721,6.14958e-05
969,0.977778,7.99999952316,848.801,14.4567,6.1028e-05
970,0.977778,7.99999952316,848.797,14.4721,6.05638e-05
971,0.977778,7.99999952316,848.794,14.4721,6.01031e-05
972,0.977778,7.99999952316,848.79,14.4567,5.96459e-05
973,0.977778,7.99999952316,848.787,14.4721,5.91922e-05
974,0.977778,7.99999952316,848.784,14.4567,5.87419e-05
975,0.977778,7.99999952316,848.78,15.6023,5.82951e-05
976,0.977778,7.99999952316,848.774,15.396,5.78517e-05
977,0.977778,7.99999952316,848.771,14.4568,5.74116e-05
978,0.977778,7.99999952316,848.767,14.4721,5.69749e-05
979,0.977778,7.99999952316,848.764,14.4568,5.65415e-05
980,0.977778,7.99999952316,848.761,14.4722,5.61114e-05
981,0.977778,7.99999952316,848.757,14.4722,5.56846e-05
982,0.977778,7.99999952316,848.754,14.4568,5.5261e-05
983,0.977778,7.99999952316,848.751,14.4722,5.48407e-05
984,0.977778,7.99999952316,848.748,14.4568,5.44235e-05
985,0.977778,7.99999952316,848.745,14.4722,5.40095e-05
986,0.977778,7.99999952316,848.742,14.4568,5.35987e-05
987,0.977778,7.99999952316,848.74,15.4105,5.3191e-05
988,0.977778,7.99999952316,848.737,14.4568,5.27864e-05
989,0.977778,7.99999952316,848.733,14.4722,5.23848e-05
990,0.977778,7.99999952316,848.73,14.4722,5.19864e-05
991,0.977778,7.99999952316,848.727,14.4568,5.15909e-05
992,0.977778,7.99999952316,848.724,15.6024,5.11985e-05
993,0.977778,7.99999952316,848.719,14.4568,5.08091e-05
994,0.977778,7.99999952316,848.715,14.4568,5.04226e-05
995,0.977778,7.99999952316,848.713,14.4722,5.0039e-05
996,0.977778,7.99999952316,848.71,14.4568,4.96584e-05
997,0.977778,7.99999952316,848.707,14.4722,4.92806e-05
998,0.977778,7.99999952316,848.704,14.4568,4.89058e-05
999,0.977778,7.99999952316,848.701,14.4722,4.85338e-05
1000,0.977778,7.99999952316,848.699,15.4106,4.81646e-05
1001,0.977778,7.99999952316,848.696,14.4568,4.77982e-05
1002,0.977778,7.99999952316,848.693,14.4723,4.74347e-05
1003,0.977778,7.99999952316,848.69,14.4569,4.70738e-05
1004,0.977778,7.99999952316,848.688,14.4723,4.67157e-05
1005,0.977778,7.99999952316,848.685,14.4569,4.63604e-05
1006,0.977778,7.99999952316,848.683,15.6025,4.60077e-05
1007,0.977778,7.99999952316,848.678,14.4569,4.56578e-05
1008,0.977778,7.99999952316,848.676,14.4723,4.53105e-05
1009,0.977778,7.99999952316,848.674,14.4569,4.49658e-05
1010,0.977778,7.99999952316,848.672,15.4106,4.46238e-05
1011,0.977778,7.99999952316,848.669,14.4569,4.42843e-05
1012,0.977778,7.99999952316,848.667,14.4723,4.39475e-05
1013,0.977778,7.99999952316,848.664,14.4569,4.36132e-05
1014,0.977778,7.99999952316,848.662,15.6025,4.32814e-05
1015,0.977778,7.99999952316,848.658,14.4569,4.29522e-05
1016,0.977778,7.99999952316,848.656,14.4723,4.26255e-05
1017,0.977778,7.99999952316,848.653,14.4569,4.23012e-05
1018,0.977778,7.99999952316,848.651,14.4723,4.19795e-05
1019,0.977778,7.99999952316,848.649,14.4569,4.16601e-05
1020,0.977778,7.99999952316,848.646,14.4723,4.13432e-05
1021,0.977778,7.99999952316,848.645,15.3962,4.10288e-05
1022,0.977778,7.99999952316,848.642,15.6025,4.07167e-05
1023,0.977778,7.99999952316,848.638,14.4569,4.0407e-05
1024,0.977778,7.99999952316,848.636,14.4723,4.00996e-05
1025,0.977778,7.99999952316,848.634,14.4569,3.97946e-05
1026,0.977778,7.99999952316,848.632,14.4723,3.94918e-05
1027,0.977778,7.99999952316,848.63,14.4569,3.91914e-05
1028,0.977778,7.99999952316,848.627,14.4723,3.88933e-05
1029,0.977778,7.99999952316,848.625,14.4723,3.85975e-05
1030,0.977778,7.99999952316,848.623,14.4569,3.83039e-05
1031,0.977778,7.99999952316,848.622,14.4724,3.80125e-05
1032,0.977778,7.99999952316,848.62,14.4569,3.77234e-05
1033,0.977778,7.99999952316,848.618,16.4767,3.74364e-05
1034,0.977778,7.99999952316,848.614,14.4569,3.71516e-05
1035,0.977778,7.99999952316,848.611,14.4569,3.68691e-05
1036,0.977778,7.99999952316,848.609,14.4724,3.65886e-05
1037,0.977778,7.99999952316,848.608,14.4569,3.63103e-05
1038,0.977778,7.99999952316,848.606,14.4724,3.60341e-05
1039,0.977778,7.99999952316,848.604,14.4724,3.576e-05
1040,0.977778,7.99999952316,848.602,14.457,3.5488e-05
1041,0.977778,7.99999952316,848.6,14.4724,3.5218e-05
1042,0.977778,7.99999952316,848.599,14.457,3.49501e-05
1043,0.977778,7.99999952316,848.597,16.4768,3.46843e-05
1044,0.977778,7.99999952316,848.594,14.457,3.44205e-05
1045,0.977778,7.99999952316,848.592,14.4724,3.41586e-05
1046,0.977778,7.99999952316,848.59,14.457,3.38988e-05
1047,0.977778,7.99999952316,848.589,14.4724,3.3641e-05
1048,0.977778,7.99999952316,848.587,14.4724,3.33851e-05
1049,0.977778,7.99999952316,848.585,14.457,3.31311e-05
1050,0.977778,7.99999952316,848.583,14.4724,3.28791e-05
1051,0.977778,7.99999952316,848.581,14.457,3.2629e-05
1052,0.977778,7.99999952316,848.579,15.6027,3.23808e-05
1053,0.977778,7.99999952316,848.576,14.457,3.21345e-05
1054,0.977778,7.99999952316,848.575,15.3963,3.189e-05
1055,0.977778,7.99999952316,848.573,14.4724,3.16475e-05
1056,0.977778,7.99999952316,848.572,14.457,3.14067e-05
1057,0.977778,7.99999952316,848.57,14.4724,3.11678e-05
1058,0.977778,7.99999952316,848.569,14.4724,3.09307e-05
1059,0.977778,7.99999952316,848.567,14.457,3.06955e-05
1060,0.977778,7.99999952316,848.566,15.6027,3.0462e-05
1061,0.977778,7.99999952316,848.563,14.457,3.02303e-05
1062,0.977778,7.99999952316,848.561,14.457,3.00003e-05
1063,0.977778,7.99999952316,848.559,14.4724,2.97721e-05
1064,0.977778,7.99999952316,848.558,14.457,2.95456e-05
1065,0.977778,7.99999952316,848.557,14.4725,2.93209e-05
1066,0.977778,7.99999952316,848.555,14.4725,2.90978e-05
1067,0.977778,7.99999952316,848.554,15.3963,2.88765e-05
1068,0.977778,7.99999952316,848.552,15.6027,2.86569e-05
1069,0.977778,7.99999952316,848.55,14.457,2.84389e-05
1070,0.977778,7.99999952316,848.548,14.457,2.82226e-05
1071,0.977778,7.99999952316,848.547,14.4725,2.80079e-05
1072,0.977778,7.99999952316,848.545,14.457,2.77948e-05
1073,0.977778,7.99999952316,848.544,14.4725,2.75834e-05
1074,0.977778,7.99999952316,848.542,14.457,2.73736e-05
1075,0.977778,7.99999952316,848.541,14.4725,2.71654e-05
1076,0.977778,7.99999952316,848.539,14.457,2.69587e-05
1077,0.977778,7.99999952316,848.538,16.4769,2.67537e-05
1078,0.977778,7.99999952316,848.535,14.457,2.65502e-05
1079,0.977778,7.99999952316,848.534,14.4725,2.63482e-05
1080,0.977778,7.99999952316,848.532,14.457,2.61478e-05
1081,0.977778,7.99999952316,848.531,14.4725,2.59489e-05
1082,0.977778,7.99999952316,848.529,14.457,2.57515e-05
1083,0.977778,7.99999952316,848.528,15.6028,2.55556e-05
1084,0.977778,7.99999952316,848.525,14.457,2.53612e-05
1085,0.977778,7.99999952316,848.524,14.4725,2.51683e-05
1086,0.977778,7.99999952316,848.523,15.3964,2.49768e-05
1087,0.977778,7.99999952316,848.521,14.4725,2.47868e-05
1088,0.977778,7.99999952316,848.52,14.4725,2.45983e-05
1089,0.977778,7.99999952316,848.519,14.4571,2.44112e-05
1090,0.977778,7.99999952316,848.518,14.4725,2.42255e-05
1091,0.977778,7.99999952316,848.516,14.4571,2.40412e-05
1092,0.977778,7.99999952316,848.515,14.4725,2.38584e-05
1093,0.977778,7.99999952316,848.514,14.4571,2.36769e-05
1094,0.977778,7.99999952316,848.513,15.6028,2.34968e-05
1095,0.977778,7.99999952316,848.51,14.4571,2.3318e-05
1096,0.977778,7.99999952316,848.509,14.4725,2.31407e-05
1097,0.977778,7.99999952316,848.508,14.4571,2.29646e-05
1098,0.977778,7.99999952316,848.506,14.4725,2.279e-05
1099,0.977778,7.99999952316,848.505,14.4571,2.26166e-05
1100,0.977778,7.99999952316,848.505,15.4109,2.24446e-05
1101,0.977778,7.99999952316,848.503,14.4571,2.22738e-05
1102,0.977778,7.99999952316,848.502,15.6028,2.21044e-05
1103,0.977778,7.99999952316,848.499,14.4571,2.19363e-05
1104,0.977778,7.99999952316,848.498,14.4725,2.17694e-05
1105,0.977778,7.99999952316,848.497,14.4571,2.16038e-05
1106,0.977778,7.99999952316,848.496,14.4725,2.14395e-05
1107,0.977778,7.99999952316,848.495,14.4725,2.12764e-05
1108,0.977778,7.99999952316,848.493,14.4571,2.11146e-05
1109,0.977778,7.99999952316,848.492,14.4725,2.09539e-05
1110,0.977778,7.99999952316,848.491,15.6028,2.07945e-05
1111,0.977778,7.99999952316,848.489,14.4571,2.06364e-05
1112,0.977778,7.99999952316,848.488,14.4571,2.04794e-05
1113,0.977778,7.99999952316,848.487,15.411,2.03236e-05
1114,0.977778,7.99999952316,848.486,14.4726,2.0169e-05
1115,0.977778,7.99999952316,848.485,14.4571,2.00156e-05
1116,0.977778,7.99999952316,848.484,14.4726,1.98633e-05
1117,0.977778,7.99999952316,848.483,14.4726,1.97123e-05
1118,0.977778,7.99999952316,848.482,14.4571,1.95623e-05
1119,0.977778,7.99999952316,848.481,14.4726,1.94135e-05
1120,0.977778,7.99999952316,848.48,14.4571,1.92658e-05
1121,0.977778,7.99999952316,848.479,15.6029,1.91193e-05
1122,0.977778,7.99999952316,848.477,15.3965,1.89739e-05
1123,0.977778,7.99999952316,848.476,14.4571,1.88295e-05
1124,0.977778,7.99999952316,848.475,14.4726,1.86863e-05
1125,0.977778,7.99999952316,848.474,14.4571,1.85442e-05
1126,0.977778,7.99999952316,848.473,14.4726,1.84031e-05
1127,0.977778,7.99999952316,848.472,14.4571,1.82631e-05
1128,0.977778,7.99999952316,848.471,14.4726,1.81242e-05
1129,0.977778,7.99999952316,848.47,14.4571,1.79863e-05
1130,0.977778,7.99999952316,848.47,15.6029,1.78495e-05
1131,0.977778,7.99999952316,848.468,15.3965,1.77137e-05
1132,0.977778,7.99999952316,848.467,14.4571,1.7579e-05
1133,0.977778,7.99999952316,848.466,14.4571,1.74453e-05
1134,0.977778,7.99999952316,848.465,14.4726,1.73126e-05
1135,0.977778,7.99999952316,848.464,14.4571,1.71809e-05
1136,0.977778,7.99999952316,848.464,15.527,1.70502e-05
1137,0.977778,7.99999952316,848.461,14.4726,1.69205e-05
1138,0.977778,7.99999952316,848.46,14.4571,1.67918e-05
1139,0.977778,7.99999952316,848.459,14.4571,1.66641e-05
1140,0.977778,7.99999952316,848.459,15.6029,1.65373e-05
1141,0.977778,7.99999952316,848.456,14.4571,1.64115e-05
1142,0.977778,7.99999952316,848.455,14.4571,1.62867e-05
1143,0.977778,7.99999952316,848.455,14.4726,1.61628e-05
1144,0.977778,7.99999952316,848.454,14.4571,1.60398e-05
1145,0.977778,7.99999952316,848.453,14.4571,1.59178e-05
1146,0.977778,7.99999952316,848.452,15.6029,1.57967e-05
1147,0.977778,7.99999952316,848.45,15.3965,1.56766e-05
1148,0.977778,7.99999952316,848.45,14.4571,1.55573e-05
1149,0.977778,7.99999952316,848.449,14.4726,1.5439e-05
1150,0.977778,7.99999952316,848.448,14.4726,1.53216e-05
1151,0.977778,7.99999952316,848.448,14.4571,1.5205e-05
1152,0.977778,7.99999952316,848.447,15.6029,1.50894e-05
1153,0.977778,7.99999952316,848.445,14.4571,1.49746e-05
1154,0.977778,7.99999952316,848.444,14.4726,1.48607e-05
1155,0.977778,7.99999952316,848.443,14.4571,1.47476e-05
1156,0.977778,7.99999952316,848.443,15.6029,1.46354e-05
1157,0.977778,7.99999952316,848.441,14.4571,1.45241e-05
1158,0.977778,7.99999952316,848.441,15.3965,1.44136e-05
1159,0.977778,7.99999952316,848.44,14.4726,1.4304e-05
1160,0.977778,7.99999952316,848.439,14.4571,1.41952e-05
1161,0.977778,7.99999952316,848.438,14.4726,1.40872e-05
1162,0.977778,7.99999952316,848.437,14.4571,1.39801e-05
1163,0.977778,7.99999952316,848.437,15.603,1.38737e-05
1164,0.977778,7.99999952316,848.435,14.4571,1.37682e-05
1165,0.977778,7.99999952316,848.434,14.4571,1.36635e-05
1166,0.977778,7.99999952316,848.434,14.4726,1.35595e-05
1167,0.977778,7.99999952316,848.433,14.4571,1.34564e-05
1168,0.977778,7.99999952316,848.432,14.4571,1.3354e-05
1169,0.977778,7.99999952316,848.432,14.4572,1.32524e-05
1170,0.977778,7.99999952316,848.431,14.4726,1.31516e-05
1171,0.977778,7.99999952316,848.431,15.3965,1.30516e-05
1172,0.977778,7.99999952316,848.43,14.4572,1.29523e-05
1173,0.977778,7.99999952316,848.429,14.4726,1.28538e-05
1174,0.977778,7.99999952316,848.429,14.4572,1.2756e-05
1175,0.977778,7.99999952316,848.429,14.4572,1.2659e-05
1176,0.977778,7.99999952316,848.428,15.5271,1.25627e-05
1177,0.977778,7.99999952316,848.426,14.4572,1.24671e-05
1178,0.977778,7.99999952316,848.426,15.3965,1.23723e-05
1179,0.977778,7.99999952316,848.425,14.4726,1.22782e-05
1180,0.977778,7.99999952316,848.425,14.4572,1.21848e-05
1181,0.977778,7.99999952316,848.424,14.4572,1.20921e-05
1182,0.977778,7.99999952316,848.423,14.4726,1.20001e-05
1183,0.977778,7.99999952316,848.422,14.4572,1.19088e-05
1184,0.977778,7.99999952316,848.422,14.4726,1.18182e-05
1185,0.977778,7.99999952316,848.422,14.4572,1.17284e-05
1186,0.977778,7.99999952316,848.421,14.4572,1.16391e-05
1187,0.977778,7.99999952316,848.421,15.603,1.15506e-05
1188,0.977778,7.99999952316,848.419,14.4572,1.14627e-05
1189,0.977778,7.99999952316,848.418,14.4572,1.13756e-05
1190,0.977778,7.99999952316,848.418,15.3965,1.1289e-05
1191,0.977778,7.99999952316,848.418,15.603,1.12031e-05
1192,0.977778,7.99999952316,848.416,14.4572,1.11179e-05
1193,0.977778,7.99999952316,848.416,14.4572,1.10334e-05
1194,0.977778,7.99999952316,848.415,14.4727,1.09494e-05
1195,0.977778,7.99999952316,848.415,14.4572,1.08661e-05
1196,0.977778,7.99999952316,848.414,14.4572,1.07835e-05
1197,0.977778,7.99999952316,848.414,15.4111,1.07015e-05
1198,0.977778,7.99999952316,848.413,14.4572,1.06201e-05
1199,0.977778,7.99999952316,848.413,14.4572,1.05393e-05
1200,0.977778,7.99999952316,848.412,15.603,1.04591e-05
1201,0.977778,7.99999952316,848.411,14.4572,1.03795e-05
1202,0.977778,7.99999952316,848.411,14.4572,1.03006e-05
1203,0.977778,7.99999952316,848.41,14.4572,1.02222e-05
1204,0.977778,7.99999952316,848.409,14.4727,1.01445e-05
1205,0.977778,7.99999952316,848.409,15.5271,1.00673e-05
1206,0.977778,7.99999952316,848.409,14.4572,9.99073e-06
1207,0.977778,7.99999952316,848.409,14.4572,9.91474e-06
1208,0.977778,7.99999952316,848.408,14.4727,9.83932e-06
1209,0.977778,7.99999952316,848.407,15.603,9.76448e-06
1210,0.977778,7.99999952316,848.407,14.4572,9.6902e-06
1211,0.977778,7.99999952316,848.406,14.4572,9.61649e-06
1212,0.977778,7.99999952316,848.406,15.603,9.54335e-06
1213,0.977778,7.99999952316,848.405,14.4572,9.47075e-06
1214,0.977778,7.99999952316,848.404,14.4572,9.39871e-06
1215,0.977778,7.99999952316,848.404,15.4111,9.32721e-06
1216,0.977778,7.99999952316,848.404,15.603,9.25627e-06
1217,0.977778,7.99999952316,848.402,14.4572,9.18586e-06
1218,0.977778,7.99999952316,848.402,14.4572,9.11599e-06
0.977778,848.402,4.343015670776367,0.996094,1.13028860985,0.211645667836
