9,10,0.6,2,1000, .1 
0,0.455556,195.999999046,1.84484e+06,913.388,0.0998582
1,0.455556,195.999999046,1.61076e+06,847.985,0.099434
2,0.463889,193.000001907,1.40968e+06,785.32,0.0990116
3,0.472222,190.000004768,1.23814e+06,728.252,0.0985911
4,0.477778,187.999999523,1.09208e+06,681.278,0.0981723
5,0.491667,182.999997139,965425.0,636.022,0.0977552
6,0.497222,181.000002623,854071.0,600.476,0.09734
7,0.497222,181.000002623,755073.0,567.606,0.0969265
8,0.5,180.0,667468.0,536.141,0.0965148
9,0.505556,177.999994755,589329.0,506.595,0.0961048
10,0.513889,174.999997616,519289.0,479.972,0.0956966
11,0.513889,174.999997616,458019.0,446.745,0.0952901
12,0.522222,172.000000477,404803.0,421.832,0.0948853
13,0.530556,169.000003338,357666.0,391.055,0.0944822
14,0.55,161.999995708,318663.0,360.146,0.0940809
15,0.561111,158.000006676,284813.0,341.518,0.0936812
16,0.580556,150.999999046,255374.0,320.835,0.0932833
17,0.594444,145.999996662,229452.0,297.981,0.0928871
18,0.605556,142.000007629,207253.0,284.152,0.0924925
19,0.622222,135.999991894,186479.0,266.931,0.0920996
20,0.636111,130.99998951,168458.0,250.492,0.0917084
21,0.661111,121.999998093,153063.0,231.342,0.0913188
22,0.669444,119.000000954,139951.0,219.35,0.0909309
23,0.672222,118.00000906,127729.0,211.057,0.0905446
24,0.680556,114.999990463,116599.0,204.365,0.09016
25,0.694444,110.000009537,106130.0,195.488,0.089777
26,0.7,108.000004292,96505.7,188.607,0.0893957
27,0.705556,105.999999046,87470.8,183.75,0.0890159
28,0.711111,103.999993801,79012.0,179.37,0.0886378
29,0.725,98.9999914169,70934.7,172.553,0.0882613
30,0.730556,97.0000076294,63321.5,169.375,0.0878864
31,0.75,90.0,56331.0,159.968,0.0875131
32,0.761111,85.9999895096,50126.6,148.39,0.0871413
33,0.777778,79.9999952316,44907.0,134.473,0.0867712
34,0.783333,77.9999899864,40783.8,124.108,0.0864026
35,0.786111,76.9999980927,37082.7,122.136,0.0860355
36,0.791667,74.9999928474,33776.0,117.729,0.0856701
37,0.794444,74.0000009537,30550.9,114.868,0.0853062
38,0.797222,73.0000090599,27551.4,112.073,0.0849438
39,0.805556,69.9999904633,24789.0,104.536,0.084583
40,0.813889,66.9999933243,22646.7,94.8849,0.0842237
41,0.808333,68.9999985695,20661.1,91.1505,0.0838659
42,0.816667,66.0000014305,18857.4,86.5509,0.0835097
43,0.816667,66.0000014305,17161.5,83.9087,0.0831549
44,0.822222,63.9999961853,15622.7,80.3263,0.0828017
45,0.827778,61.9999909401,14259.4,77.2345,0.08245
46,0.830556,60.9999990463,12988.4,74.5233,0.0820997
47,0.841667,57.0000100136,11966.7,66.551,0.081751
48,0.852778,52.9999995232,11146.3,60.9075,0.0814037
49,0.858333,50.999994278,10481.7,59.9819,0.0810579
50,0.855556,52.0000076294,9835.73,59.6002,0.0807136
51,0.863889,49.0000104904,9221.75,57.4415,0.0803708
52,0.861111,50.0000023842,8660.1,57.1189,0.0800294
53,0.861111,50.0000023842,8125.18,56.21,0.0796894
54,0.861111,50.0000023842,7594.72,54.5441,0.0793509
55,0.866667,47.999997139,7112.65,51.9819,0.0790138
56,0.872222,45.9999918938,6751.94,47.9714,0.0786782
57,0.869444,47.0000052452,6414.15,48.1501,0.078344
58,0.880556,42.9999947548,6088.23,44.1974,0.0780112
59,0.888889,39.9999976158,5808.24,38.4037,0.0776798
60,0.891667,39.000005722,5608.29,38.4521,0.0773498
61,0.891667,39.000005722,5404.39,38.2789,0.0770213
62,0.888889,39.9999976158,5203.78,37.9209,0.0766941
63,0.888889,39.9999976158,5006.31,37.7738,0.0763683
64,0.897222,37.0000004768,4817.97,32.5512,0.0760439
65,0.9,36.0000085831,4658.54,32.4591,0.0757209
66,0.902778,34.9999952316,4501.09,32.9664,0.0753992
67,0.905556,34.0000033379,4352.06,31.145,0.075079
68,0.902778,34.9999952316,4209.68,30.3021,0.07476
69,0.9,36.0000085831,4081.02,29.7868,0.0744425
70,0.905556,34.0000033379,3954.06,28.6905,0.0741262
71,0.908333,32.9999899864,3826.05,27.1945,0.0738114
72,0.908333,32.9999899864,3712.9,24.8754,0.0734978
73,0.905556,34.0000033379,3601.28,24.4654,0.0731856
74,0.911111,31.9999980927,3523.18,25.1989,0.0728747
75,0.897222,37.0000004768,3450.49,30.0041,0.0725652
76,0.911111,31.9999980927,3371.82,21.9521,0.0722569
77,0.916667,29.9999928474,3320.91,23.3579,0.07195
78,0.916667,29.9999928474,3254.06,23.1804,0.0716444
79,0.916667,29.9999928474,3191.32,25.3168,0.07134
80,0.913889,31.0000061989,3132.74,23.741,0.071037
81,0.913889,31.0000061989,3074.94,23.7425,0.0707352
82,0.916667,29.9999928474,3021.97,25.3273,0.0704348
83,0.911111,31.9999980927,2951.4,22.6155,0.0701356
84,0.916667,29.9999928474,2901.41,25.3435,0.0698377
85,0.916667,29.9999928474,2838.39,25.357,0.069541
86,0.913889,31.0000061989,2771.64,22.6656,0.0692456
87,0.916667,29.9999928474,2717.16,25.3689,0.0689515
88,0.911111,31.9999980927,2650.3,22.6544,0.0686586
89,0.916667,29.9999928474,2598.09,24.3129,0.0683669
90,0.916667,29.9999928474,2533.51,25.3151,0.0680765
91,0.913889,31.0000061989,2483.78,23.8909,0.0677873
92,0.913889,31.0000061989,2436.57,24.5553,0.0674994
93,0.927778,26.0000038147,2376.96,24.1219,0.0672126
94,0.925,26.9999957085,2347.4,19.1766,0.0669271
95,0.927778,26.0000038147,2317.23,21.4475,0.0666428
96,0.925,26.9999957085,2288.85,20.6594,0.0663598
97,0.922222,28.0000090599,2253.98,20.4744,0.0660779
98,0.916667,29.9999928474,2229.86,20.9167,0.0657972
99,0.922222,28.0000090599,2198.92,19.8464,0.0655177
100,0.930556,24.9999904633,2165.71,20.4863,0.0652394
101,0.927778,26.0000038147,2144.14,20.8791,0.0649623
102,0.916667,29.9999928474,2121.01,21.9047,0.0646863
103,0.927778,26.0000038147,2085.18,18.0932,0.0644115
104,0.925,26.9999957085,2065.4,18.6286,0.0641379
105,0.922222,28.0000090599,2051.34,21.2518,0.0638655
106,0.933333,23.9999985695,2021.87,21.1994,0.0635942
107,0.927778,26.0000038147,1997.17,17.4038,0.063324
108,0.927778,26.0000038147,1983.05,20.8492,0.0630551
109,0.922222,28.0000090599,1968.85,21.8115,0.0627872
110,0.933333,23.9999985695,1945.48,17.2138,0.0625205
111,0.930556,24.9999904633,1936.61,18.0357,0.0622549
112,0.933333,23.9999985695,1919.55,17.2519,0.0619905
113,0.927778,26.0000038147,1909.71,18.1763,0.0617271
114,0.936111,23.0000066757,1899.37,20.2003,0.0614649
115,0.936111,23.0000066757,1883.04,16.8647,0.0612038
116,0.927778,26.0000038147,1873.09,18.2443,0.0609439
117,0.933333,23.9999985695,1855.59,17.4023,0.060685
118,0.930556,24.9999904633,1842.68,18.4214,0.0604272
119,0.936111,23.0000066757,1829.2,16.9682,0.0601705
120,0.930556,24.9999904633,1816.71,17.6797,0.0599149
121,0.930556,24.9999904633,1804.71,20.2735,0.0596604
122,0.936111,23.0000066757,1794.24,20.3729,0.059407
123,0.936111,23.0000066757,1777.79,17.0003,0.0591546
124,0.938889,21.9999933243,1765.7,16.4849,0.0589034
125,0.933333,23.9999985695,1757.53,19.9965,0.0586531
126,0.936111,23.0000066757,1741.23,16.6721,0.058404
127,0.936111,23.0000066757,1729.64,17.0892,0.0581559
128,0.938889,21.9999933243,1721.35,19.519,0.0579089
129,0.941667,21.0000014305,1708.43,18.8901,0.0576629
130,0.936111,23.0000066757,1698.41,20.3347,0.0574179
131,0.938889,21.9999933243,1683.94,16.6324,0.057174
132,0.938889,21.9999933243,1673.58,19.5815,0.0569312
133,0.936111,23.0000066757,1666.93,21.2966,0.0566893
134,0.938889,21.9999933243,1649.67,19.6161,0.0564485
135,0.938889,21.9999933243,1636.06,16.716,0.0562087
136,0.938889,21.9999933243,1631.08,19.6662,0.05597
137,0.936111,23.0000066757,1611.5,16.8961,0.0557322
138,0.933333,23.9999985695,1597.86,17.1279,0.0554955
139,0.938889,21.9999933243,1589.24,19.7245,0.0552598
140,0.941667,21.0000014305,1575.74,19.0709,0.055025
141,0.933333,23.9999985695,1561.52,18.3606,0.0547913
142,0.938889,21.9999933243,1557.49,21.307,0.0545585
143,0.944444,20.0000095367,1544.6,17.8229,0.0543268
144,0.938889,21.9999933243,1528.47,15.8673,0.054096
145,0.944444,20.0000095367,1527.28,18.967,0.0538662
146,0.938889,21.9999933243,1510.49,15.903,0.0536374
147,0.936111,23.0000066757,1507.94,18.4049,0.0534096
148,0.941667,21.0000014305,1496.89,17.2723,0.0531827
149,0.95,18.0000042915,1490.19,16.4244,0.0529568
150,0.938889,21.9999933243,1487.2,18.4378,0.0527318
151,0.941667,21.0000014305,1475.58,15.8518,0.0525078
152,0.941667,21.0000014305,1473.76,17.3118,0.0522848
153,0.95,18.0000042915,1464.64,16.4608,0.0520627
154,0.947222,18.9999961853,1465.17,18.9752,0.0518415
155,0.947222,18.9999961853,1455.93,18.9965,0.0516213
156,0.941667,21.0000014305,1445.11,15.9205,0.051402
157,0.941667,21.0000014305,1441.6,19.6972,0.0511837
158,0.941667,21.0000014305,1428.17,15.953,0.0509663
159,0.947222,18.9999961853,1425.43,15.5654,0.0507498
160,0.952778,16.9999909401,1422.56,17.3848,0.0505342
161,0.941667,21.0000014305,1414.74,19.7319,0.0503195
162,0.941667,21.0000014305,1403.12,16.0159,0.0501058
163,0.952778,16.9999909401,1404.16,17.4218,0.049893
164,0.947222,18.9999961853,1395.79,15.6308,0.049681
165,0.95,18.0000042915,1392.24,20.2291,0.04947
166,0.952778,16.9999909401,1380.73,17.4572,0.0492598
167,0.944444,20.0000095367,1372.23,16.9372,0.0490506
168,0.944444,20.0000095367,1368.48,16.9533,0.0488422
169,0.947222,18.9999961853,1362.31,15.7086,0.0486348
170,0.952778,16.9999909401,1357.34,17.4893,0.0484282
171,0.952778,16.9999909401,1353.48,17.4983,0.0482225
172,0.941667,21.0000014305,1346.59,19.8421,0.0480176
173,0.947222,18.9999961853,1332.42,15.7737,0.0478136
174,0.952778,16.9999909401,1328.01,17.5383,0.0476105
175,0.944444,20.0000095367,1321.02,17.0434,0.0474083
176,0.944444,20.0000095367,1314.33,17.055,0.0472069
177,0.944444,20.0000095367,1310.08,17.0725,0.0470064
178,0.95,18.0000042915,1307.01,20.3472,0.0468067
179,0.952778,16.9999909401,1290.82,17.6033,0.0466079
180,0.952778,16.9999909401,1286.51,17.6138,0.0464099
181,0.944444,20.0000095367,1279.14,17.1355,0.0462128
182,0.952778,16.9999909401,1271.75,17.6308,0.0460165
183,0.952778,16.9999909401,1267.32,17.6417,0.045821
184,0.952778,16.9999909401,1262.27,17.6545,0.0456263
185,0.944444,20.0000095367,1258.1,23.3008,0.0454325
186,0.95,18.0000042915,1241.86,19.8054,0.0452395
187,0.947222,18.9999961853,1239.54,21.5854,0.0450474
188,0.95,18.0000042915,1231.47,19.8225,0.044856
189,0.947222,18.9999961853,1222.53,20.3809,0.0446655
190,0.941667,21.0000014305,1219.91,24.8423,0.0444757
191,0.95,18.0000042915,1204.75,19.8514,0.0442868
192,0.95,18.0000042915,1195.58,19.8578,0.0440987
193,0.947222,18.9999961853,1192.85,21.6244,0.0439114
194,0.95,18.0000042915,1184.71,19.8765,0.0437248
195,0.941667,21.0000014305,1175.73,17.9715,0.0435391
196,0.947222,18.9999961853,1174.38,21.6215,0.0433542
197,0.95,18.0000042915,1154.31,15.8312,0.04317
198,0.952778,16.9999909401,1148.57,17.8377,0.0429866
199,0.952778,16.9999909401,1146.34,17.8599,0.042804
200,0.947222,18.9999961853,1134.76,16.8692,0.0426222
201,0.947222,18.9999961853,1126.82,16.5684,0.0424411
202,0.944444,20.0000095367,1122.37,23.4167,0.0422609
203,0.952778,16.9999909401,1109.69,17.9219,0.0420814
204,0.95,18.0000042915,1097.95,15.9612,0.0419026
205,0.95,18.0000042915,1091.44,15.9787,0.0417246
206,0.947222,18.9999961853,1089.78,20.5418,0.0415474
207,0.941667,21.0000014305,1077.53,21.4757,0.0413709
208,0.95,18.0000042915,1066.44,20.0338,0.0411951
209,0.955556,15.9999990463,1061.34,16.4436,0.0410201
210,0.952778,16.9999909401,1051.09,14.9662,0.0408459
211,0.952778,16.9999909401,1044.07,14.9868,0.0406724
212,0.944444,20.0000095367,1039.18,21.4003,0.0404996
213,0.955556,15.9999990463,1031.72,16.5072,0.0403276
214,0.95,18.0000042915,1021.55,16.0776,0.0401563
215,0.952778,16.9999909401,1012.23,15.0729,0.0399857
216,0.955556,15.9999990463,1009.96,16.5617,0.0398159
217,0.944444,20.0000095367,999.901,19.387,0.0396467
218,0.95,18.0000042915,988.594,16.6383,0.0394783
219,0.955556,15.9999990463,983.804,16.6171,0.0393106
220,0.952778,16.9999909401,973.766,15.1789,0.0391436
221,0.95,18.0000042915,966.419,16.2216,0.0389774
222,0.947222,18.9999961853,958.159,16.6373,0.0388118
223,0.95,18.0000042915,956.765,20.4758,0.0386469
224,0.952778,16.9999909401,938.901,15.2771,0.0384828
225,0.952778,16.9999909401,931.384,15.2998,0.0383193
226,0.955556,15.9999990463,928.167,16.7514,0.0381565
227,0.95,18.0000042915,918.2,16.2684,0.0379944
228,0.947222,18.9999961853,910.809,18.8183,0.037833
229,0.955556,15.9999990463,901.231,16.8107,0.0376723
230,0.952778,16.9999909401,891.327,15.4128,0.0375123
231,0.952778,16.9999909401,883.596,15.4363,0.037353
232,0.947222,18.9999961853,876.785,18.7027,0.0371943
233,0.952778,16.9999909401,869.686,17.9599,0.0370363
234,0.955556,15.9999990463,860.506,14.0925,0.036879
235,0.952778,16.9999909401,854.312,17.1808,0.0367223
236,0.955556,15.9999990463,849.201,16.4876,0.0365663
237,0.955556,15.9999990463,842.408,14.1502,0.036411
238,0.95,18.0000042915,840.263,18.4107,0.0362563
239,0.958333,15.0000071526,833.772,15.5301,0.0361023
240,0.955556,15.9999990463,827.178,14.1918,0.035949
241,0.952778,16.9999909401,822.995,14.3865,0.0357963
242,0.95,18.0000042915,819.917,17.5677,0.0356442
243,0.95,18.0000042915,815.99,20.205,0.0354928
244,0.955556,15.9999990463,804.821,14.2577,0.035342
245,0.955556,15.9999990463,800.124,14.2709,0.0351919
246,0.952778,16.9999909401,799.0,17.385,0.0350424
247,0.95,18.0000042915,793.306,18.5126,0.0348935
248,0.955556,15.9999990463,782.951,14.3187,0.0347453
249,0.952778,16.9999909401,778.888,15.338,0.0345977
250,0.955556,15.9999990463,779.05,16.4987,0.0344508
251,0.95,18.0000042915,772.565,18.5652,0.0343044
252,0.955556,15.9999990463,763.631,16.6601,0.0341587
253,0.952778,16.9999909401,763.377,19.2058,0.0340136
254,0.955556,15.9999990463,751.157,14.4182,0.0338691
255,0.958333,15.0000071526,746.481,15.7232,0.0337253
256,0.947222,18.9999961853,744.053,20.3317,0.033582
257,0.955556,15.9999990463,735.228,14.4616,0.0334393
258,0.952778,16.9999909401,731.079,19.6645,0.0332973
259,0.958333,15.0000071526,722.456,15.7802,0.0331559
260,0.955556,15.9999990463,718.743,16.605,0.033015
261,0.95,18.0000042915,716.468,19.7101,0.0328748
262,0.958333,15.0000071526,706.536,15.8159,0.0327351
263,0.944444,20.0000095367,701.6,18.6485,0.0325961
264,0.958333,15.0000071526,694.953,15.8438,0.0324576
265,0.955556,15.9999990463,691.436,16.8098,0.0323197
266,0.947222,18.9999961853,685.898,18.5487,0.0321824
267,0.955556,15.9999990463,679.447,16.6875,0.0320457
268,0.944444,20.0000095367,674.387,20.4936,0.0319096
269,0.955556,15.9999990463,666.477,16.8573,0.0317741
270,0.95,18.0000042915,660.38,16.1703,0.0316391
271,0.955556,15.9999990463,657.511,16.7321,0.0315047
272,0.947222,18.9999961853,654.37,21.8404,0.0313709
273,0.955556,15.9999990463,643.872,16.963,0.0312376
274,0.947222,18.9999961853,638.862,18.1332,0.0311049
275,0.952778,16.9999909401,636.273,19.9507,0.0309728
276,0.955556,15.9999990463,625.903,15.8369,0.0308412
277,0.958333,15.0000071526,622.461,16.755,0.0307102
278,0.955556,15.9999990463,617.741,16.8066,0.0305798
279,0.958333,15.0000071526,613.696,16.8107,0.0304499
280,0.955556,15.9999990463,609.048,19.7255,0.0303205
281,0.955556,15.9999990463,602.714,18.8141,0.0301917
282,0.955556,15.9999990463,596.116,17.1473,0.0300635
283,0.958333,15.0000071526,592.761,16.8286,0.0299358
284,0.955556,15.9999990463,585.686,20.0585,0.0298086
285,0.955556,15.9999990463,576.841,17.7505,0.029682
286,0.947222,18.9999961853,574.755,21.5652,0.0295559
287,0.958333,15.0000071526,566.112,16.8828,0.0294304
288,0.952778,16.9999909401,559.72,16.1735,0.0293053
289,0.958333,15.0000071526,557.307,16.9054,0.0291809
290,0.955556,15.9999990463,550.04,17.5455,0.0290569
291,0.958333,15.0000071526,547.102,17.1227,0.0289335
292,0.958333,15.0000071526,543.124,18.1019,0.0288106
293,0.963889,13.0000019073,540.983,15.8696,0.0286882
294,0.961111,13.9999938011,539.186,21.1688,0.0285663
295,0.963889,13.0000019073,530.511,16.3919,0.028445
296,0.961111,13.9999938011,529.719,18.2968,0.0283241
297,0.963889,13.0000019073,525.487,16.4006,0.0282038
298,0.972222,10.0000047684,523.674,14.7794,0.028084
299,0.972222,10.0000047684,522.033,14.5745,0.0279647
300,0.975,8.99999141693,521.798,14.7667,0.0278459
301,0.972222,10.0000047684,520.414,15.858,0.0277277
302,0.972222,10.0000047684,519.558,14.575,0.0276099
303,0.975,8.99999141693,518.662,14.7657,0.0274926
304,0.972222,10.0000047684,517.053,14.578,0.0273758
305,0.975,8.99999141693,516.78,14.7674,0.0272595
306,0.975,8.99999141693,514.926,14.7648,0.0271437
307,0.969444,10.9999966621,514.102,15.2787,0.0270284
308,0.975,8.99999141693,514.812,14.7702,0.0269136
309,0.975,8.99999141693,512.979,14.7676,0.0267993
310,0.969444,10.9999966621,512.141,15.6878,0.0266855
311,0.975,8.99999141693,511.766,14.7692,0.0265721
312,0.972222,10.0000047684,510.084,14.5861,0.0264592
313,0.975,8.99999141693,509.936,14.771,0.0263468
314,0.975,8.99999141693,508.142,14.7685,0.0262349
315,0.972222,10.0000047684,507.099,14.5883,0.0261235
316,0.975,8.99999141693,506.331,14.7702,0.0260125
317,0.972222,10.0000047684,504.707,14.5911,0.025902
318,0.975,8.99999141693,504.644,14.7719,0.025792
319,0.969444,10.9999966621,503.23,15.6932,0.0256824
320,0.975,8.99999141693,503.467,14.7734,0.0255733
321,0.975,8.99999141693,501.725,14.771,0.0254647
322,0.969444,10.9999966621,501.034,15.2941,0.0253565
323,0.975,8.99999141693,501.484,14.7761,0.0252488
324,0.975,8.99999141693,499.763,14.7737,0.0251416
325,0.975,8.99999141693,498.05,14.7714,0.0250348
326,0.972222,10.0000047684,497.503,14.5984,0.0249284
327,0.975,8.99999141693,496.309,14.7731,0.0248225
328,0.969444,10.9999966621,495.366,15.6969,0.0247171
329,0.975,8.99999141693,495.168,14.7746,0.0246121
330,0.972222,10.0000047684,493.51,14.6023,0.0245075
331,0.975,8.99999141693,493.56,14.7762,0.0244034
332,0.972222,10.0000047684,492.079,14.6055,0.0242998
333,0.975,8.99999141693,491.855,14.7779,0.0241966
334,0.975,8.99999141693,490.204,14.7756,0.0240938
335,0.969444,10.9999966621,489.471,15.3079,0.0239914
336,0.975,8.99999141693,489.957,14.7804,0.0238895
337,0.975,8.99999141693,488.326,14.7782,0.023788
338,0.972222,10.0000047684,487.134,15.8558,0.023687
339,0.972222,10.0000047684,486.609,14.6094,0.0235864
340,0.975,8.99999141693,485.607,14.7775,0.0234862
341,0.972222,10.0000047684,484.418,14.612,0.0233864
342,0.975,8.99999141693,484.06,14.7791,0.0232871
343,0.972222,10.0000047684,483.035,14.6152,0.0231881
344,0.975,8.99999141693,482.421,14.7807,0.0230897
345,0.972222,10.0000047684,480.873,14.6178,0.0229916
346,0.975,8.99999141693,480.792,14.7823,0.0228939
347,0.972222,10.0000047684,479.485,15.8567,0.0227967
348,0.969444,10.9999966621,478.973,15.3187,0.0226998
349,0.975,8.99999141693,479.523,14.7847,0.0226034
350,0.975,8.99999141693,477.979,14.7826,0.0225074
351,0.975,8.99999141693,476.442,14.7805,0.0224118
352,0.972222,10.0000047684,475.66,14.6216,0.0223166
353,0.975,8.99999141693,474.956,14.782,0.0222218
354,0.972222,10.0000047684,474.327,14.6246,0.0221274
355,0.975,8.99999141693,473.38,14.7836,0.0220334
356,0.969444,10.9999966621,472.353,15.7113,0.0219398
357,0.975,8.99999141693,472.342,14.785,0.0218466
358,0.975,8.99999141693,470.849,14.783,0.0217538
359,0.969444,10.9999966621,470.498,15.329,0.0216614
360,0.975,8.99999141693,470.597,14.7874,0.0215694
361,0.975,8.99999141693,469.122,14.7855,0.0214778
362,0.972222,10.0000047684,467.722,14.6312,0.0213865
363,0.975,8.99999141693,467.686,14.787,0.0212957
364,0.972222,10.0000047684,466.432,14.6342,0.0212052
365,0.975,8.99999141693,466.165,14.7885,0.0211151
366,0.972222,10.0000047684,465.101,15.8565,0.0210254
367,0.972222,10.0000047684,464.461,14.6348,0.0209361
368,0.975,8.99999141693,463.725,14.7879,0.0208472
369,0.972222,10.0000047684,462.482,14.6372,0.0207586
370,0.975,8.99999141693,462.233,14.7894,0.0206705
371,0.975,8.99999141693,460.82,14.7875,0.0205827
372,0.969444,10.9999966621,460.334,15.3414,0.0204952
373,0.975,8.99999141693,460.564,14.7918,0.0204082
374,0.972222,10.0000047684,459.309,15.8572,0.0203215
375,0.975,8.99999141693,458.266,14.788,0.0202352
376,0.972222,10.0000047684,457.69,14.6409,0.0201492
377,0.972222,10.0000047684,456.919,14.644,0.0200636
378,0.975,8.99999141693,456.834,14.7927,0.0199784
379,0.975,8.99999141693,455.467,14.7909,0.0198935
380,0.972222,10.0000047684,454.558,14.646,0.019809
381,0.975,8.99999141693,454.034,14.7923,0.0197249
382,0.975,8.99999141693,452.684,14.7905,0.0196411
383,0.966667,12.0000100136,452.573,16.3804,0.0195576
384,0.975,8.99999141693,452.903,14.7944,0.0194746
385,0.975,8.99999141693,451.569,14.7927,0.0193918
386,0.972222,10.0000047684,450.402,14.6499,0.0193095
387,0.975,8.99999141693,450.255,14.7941,0.0192274
388,0.972222,10.0000047684,449.214,14.6526,0.0191458
389,0.975,8.99999141693,448.863,14.7955,0.0190644
390,0.975,8.99999141693,447.557,14.7938,0.0189835
391,0.972222,10.0000047684,446.947,14.6545,0.0189028
392,0.975,8.99999141693,446.18,14.7952,0.0188225
393,0.969444,10.9999966621,445.43,15.7286,0.0187426
394,0.975,8.99999141693,445.267,14.7965,0.018663
395,0.975,8.99999141693,443.989,14.7948,0.0185837
396,0.969444,10.9999966621,443.69,15.3604,0.0185047
397,0.975,8.99999141693,443.82,14.7986,0.0184261
398,0.975,8.99999141693,442.557,14.797,0.0183479
399,0.972222,10.0000047684,441.805,14.6609,0.0182699
400,0.975,8.99999141693,441.22,14.7983,0.0181923
401,0.972222,10.0000047684,440.048,14.6631,0.018115
402,0.972222,10.0000047684,440.097,15.8587,0.0180381
403,0.975,8.99999141693,439.093,14.798,0.0179615
404,0.972222,10.0000047684,438.325,14.6638,0.0178852
405,0.975,8.99999141693,437.782,14.7993,0.0178092
406,0.972222,10.0000047684,436.602,14.6659,0.0177335
407,0.975,8.99999141693,436.48,14.8006,0.0176582
408,0.975,8.99999141693,435.269,14.7991,0.0175832
409,0.969444,10.9999966621,434.804,15.3715,0.0175085
410,0.977778,7.99999952316,435.13,14.2529,0.0174341
411,0.975,8.99999141693,434.062,15.3462,0.0173601
412,0.975,8.99999141693,433.444,14.1152,0.0172863
413,0.977778,7.99999952316,433.083,14.2528,0.0172129
414,0.977778,7.99999952316,431.902,14.2513,0.0171398
415,0.975,8.99999141693,431.372,14.1172,0.017067
416,0.977778,7.99999952316,430.643,14.2526,0.0169945
417,0.975,8.99999141693,429.719,14.1193,0.0169223
418,0.977778,7.99999952316,429.393,14.254,0.0168504
419,0.977778,7.99999952316,428.237,14.2525,0.0167788
420,0.969444,10.9999966621,428.317,15.7855,0.0167076
421,0.977778,7.99999952316,428.651,14.2565,0.0166366
422,0.977778,7.99999952316,427.508,14.2551,0.0165659
423,0.975,8.99999141693,426.834,14.1241,0.0164956
424,0.977778,7.99999952316,426.287,14.2564,0.0164255
425,0.975,8.99999141693,425.23,14.1261,0.0163557
426,0.977778,7.99999952316,425.074,14.2577,0.0162862
427,0.977778,7.99999952316,423.955,14.2563,0.0162171
428,0.975,8.99999141693,423.257,14.128,0.0161482
429,0.975,8.99999141693,422.976,15.3482,0.0160796
430,0.975,8.99999141693,422.074,14.129,0.0160113
431,0.977778,7.99999952316,422.093,14.2587,0.0159433
432,0.975,8.99999141693,421.117,14.1313,0.0158755
433,0.977778,7.99999952316,420.912,14.26,0.0158081
434,0.977778,7.99999952316,419.825,14.2586,0.0157409
435,0.972222,10.0000047684,419.505,14.7361,0.0156741
436,0.977778,7.99999952316,419.689,14.2625,0.0156075
437,0.977778,7.99999952316,418.615,14.2612,0.0155412
438,0.975,8.99999141693,417.709,15.3484,0.0154752
439,0.972222,10.0000047684,417.607,14.5735,0.0154095
440,0.977778,7.99999952316,416.775,14.2611,0.015344
441,0.972222,10.0000047684,416.095,14.5755,0.0152788
442,0.975,8.99999141693,415.872,14.0841,0.0152139
443,0.972222,10.0000047684,415.339,14.5774,0.0151493
444,0.975,8.99999141693,414.737,14.0855,0.0150849
445,0.975,8.99999141693,413.935,14.0846,0.0150209
446,0.969444,10.9999966621,414.058,15.8602,0.014957
447,0.975,8.99999141693,413.568,15.3514,0.0148935
448,0.975,8.99999141693,413.169,14.0873,0.0148302
449,0.972222,10.0000047684,412.406,14.5818,0.0147673
450,0.975,8.99999141693,412.06,14.0887,0.0147045
451,0.975,8.99999141693,411.278,14.0878,0.0146421
452,0.972222,10.0000047684,410.831,14.5841,0.0145799
453,0.975,8.99999141693,410.181,14.0892,0.0145179
454,0.975,8.99999141693,409.41,14.0883,0.0144563
455,0.969444,10.9999966621,409.641,15.8668,0.0143949
456,0.972222,10.0000047684,409.071,14.7157,0.0143337
457,0.975,8.99999141693,408.949,14.0903,0.0142728
458,0.972222,10.0000047684,408.697,14.5882,0.0142122
459,0.975,8.99999141693,407.878,14.0916,0.0141518
460,0.972222,10.0000047684,407.29,14.5901,0.0140917
461,0.975,8.99999141693,406.814,14.093,0.0140318
462,0.975,8.99999141693,406.067,14.0922,0.0139722
463,0.972222,10.0000047684,405.781,15.8719,0.0139129
464,0.975,8.99999141693,405.391,14.0958,0.0138538
465,0.972222,10.0000047684,404.876,14.7183,0.0137949
466,0.975,8.99999141693,404.608,14.0938,0.0137363
467,0.972222,10.0000047684,404.421,14.5946,0.013678
468,0.975,8.99999141693,403.843,14.5959,0.0136199
469,0.975,8.99999141693,403.536,14.0967,0.013562
470,0.975,8.99999141693,402.814,14.0959,0.0135044
471,0.972222,10.0000047684,402.376,14.5981,0.0134471
472,0.975,8.99999141693,401.794,14.0972,0.0133899
473,0.975,8.99999141693,401.081,14.0964,0.0133331
474,0.966667,12.0000100136,401.127,16.4353,0.0132764
475,0.975,8.99999141693,401.092,14.0996,0.01322
476,0.975,8.99999141693,400.388,14.0988,0.0131639
477,0.972222,10.0000047684,399.736,14.602,0.013108
478,0.975,8.99999141693,399.647,14.0995,0.0130523
479,0.972222,10.0000047684,399.068,14.6037,0.0129968
480,0.975,8.99999141693,398.658,14.1008,0.0129416
481,0.975,8.99999141693,397.968,14.1,0.0128867
482,0.972222,10.0000047684,397.661,14.6058,0.0128319
483,0.972222,10.0000047684,397.15,14.7223,0.0127774
484,0.972222,10.0000047684,397.017,14.6065,0.0127231
485,0.975,8.99999141693,396.657,14.1023,0.0126691
486,0.975,8.99999141693,395.981,14.1016,0.0126153
487,0.972222,10.0000047684,395.637,14.6086,0.0125617
488,0.975,8.99999141693,395.269,14.1023,0.0125083
489,0.972222,10.0000047684,394.993,14.6101,0.0124552
490,0.975,8.99999141693,394.317,14.1035,0.0124023
491,0.972222,10.0000047684,393.745,14.6118,0.0123496
492,0.972222,10.0000047684,393.509,14.7246,0.0122971
493,0.975,8.99999141693,393.328,14.1038,0.0122449
494,0.969444,10.9999966621,393.301,15.8918,0.0121929
495,0.975,8.99999141693,392.722,14.1069,0.0121411
496,0.975,8.99999141693,392.073,14.1062,0.0120895
497,0.975,8.99999141693,391.428,14.1055,0.0120382
498,0.969444,10.9999966621,391.211,15.8947,0.011987
499,0.975,8.99999141693,391.064,14.1081,0.0119361
500,0.975,8.99999141693,390.426,14.1074,0.0118854
501,0.969444,10.9999966621,390.211,15.2165,0.0118349
502,0.975,8.99999141693,390.108,14.1084,0.0117846
503,0.972222,10.0000047684,389.492,14.619,0.0117346
504,0.975,8.99999141693,389.206,14.1096,0.0116847
505,0.975,8.99999141693,388.581,14.1089,0.0116351
506,0.972222,10.0000047684,388.208,14.621,0.0115857
507,0.975,8.99999141693,387.69,14.11,0.0115365
508,0.975,8.99999141693,387.074,14.1094,0.0114875
509,0.966667,12.0000100136,386.981,16.4529,0.0114387
510,0.975,8.99999141693,387.069,14.1121,0.0113901
511,0.975,8.99999141693,386.46,14.1115,0.0113417
512,0.972222,10.0000047684,385.895,14.6245,0.0112935
513,0.975,8.99999141693,385.81,14.1121,0.0112455
514,0.972222,10.0000047684,385.305,14.6259,0.0111978
515,0.975,8.99999141693,384.946,14.1132,0.0111502
516,0.975,8.99999141693,384.35,14.1126,0.0111028
517,0.972222,10.0000047684,384.074,14.6278,0.0110557
518,0.972222,10.0000047684,383.506,14.7306,0.0110087
519,0.972222,10.0000047684,383.506,14.6284,0.010962
520,0.975,8.99999141693,383.199,14.1146,0.0109154
521,0.975,8.99999141693,382.615,14.114,0.010869
522,0.972222,10.0000047684,382.3,14.6302,0.0108229
523,0.975,8.99999141693,381.988,14.1146,0.0107769
524,0.972222,10.0000047684,381.729,14.6316,0.0107311
525,0.975,8.99999141693,381.157,14.1157,0.0106855
526,0.972222,10.0000047684,380.642,14.6331,0.0106401
527,0.977778,7.99999952316,380.341,14.2131,0.0105949
528,0.975,8.99999141693,380.026,15.0032,0.0105499
529,0.969444,10.9999966621,380.239,15.9123,0.0105051
530,0.977778,7.99999952316,379.854,14.2149,0.0104605
531,0.977778,7.99999952316,379.336,14.2143,0.0104161
532,0.977778,7.99999952316,378.821,14.2137,0.0103718
533,0.972222,10.0000047684,378.641,15.9003,0.0103277
534,0.977778,7.99999952316,378.639,14.2156,0.0102839
535,0.977778,7.99999952316,378.13,14.215,0.0102402
536,0.975,8.99999141693,377.849,14.7313,0.0101967
537,0.975,8.99999141693,377.623,15.0058,0.0101534
538,0.977778,7.99999952316,377.328,14.2153,0.0101103
539,0.975,8.99999141693,377.253,14.7323,0.0100673
540,0.977778,7.99999952316,376.628,14.2162,0.0100245
541,0.975,8.99999141693,376.311,14.7335,0.00998196
542,0.977778,7.99999952316,375.933,14.217,0.00993956
543,0.977778,7.99999952316,375.441,14.2164,0.00989734
544,0.972222,10.0000047684,375.335,15.9058,0.00985529
545,0.975,8.99999141693,375.267,15.0076,0.00981343
546,0.977778,7.99999952316,375.173,14.2177,0.00977174
547,0.975,8.99999141693,374.97,14.7362,0.00973023
548,0.977778,7.99999952316,374.495,14.2186,0.0096889
549,0.975,8.99999141693,374.058,14.7374,0.00964774
550,0.977778,7.99999952316,373.822,14.2194,0.00960676
551,0.977778,7.99999952316,373.346,14.2188,0.00956596
552,0.975,8.99999141693,373.103,14.7389,0.00952532
553,0.977778,7.99999952316,372.681,14.2197,0.00948486
554,0.975,8.99999141693,372.331,15.0087,0.00944457
555,0.972222,10.0000047684,372.545,15.9102,0.00940445
556,0.977778,7.99999952316,372.238,14.2213,0.0093645
557,0.977778,7.99999952316,371.774,14.2207,0.00932472
558,0.975,8.99999141693,371.365,14.7415,0.00928511
559,0.977778,7.99999952316,371.306,14.2211,0.00924567
560,0.975,8.99999141693,370.942,14.7426,0.0092064
561,0.977778,7.99999952316,370.662,14.2219,0.00916729
562,0.977778,7.99999952316,370.208,14.2214,0.00912835
563,0.972222,10.0000047684,370.145,15.5067,0.00908957
564,0.977778,7.99999952316,369.937,14.2222,0.00905096
565,0.975,8.99999141693,369.538,14.7446,0.00901251
566,0.977778,7.99999952316,369.305,14.223,0.00897423
567,0.977778,7.99999952316,368.86,14.2225,0.00893611
568,0.975,8.99999141693,368.642,14.7459,0.00889815
569,0.977778,7.99999952316,368.41,14.2228,0.00886035
570,0.975,8.99999141693,368.235,14.747,0.00882272
571,0.977778,7.99999952316,367.791,14.2236,0.00878524
572,0.972222,10.0000047684,367.519,15.5103,0.00874792
573,0.977778,7.99999952316,367.529,14.2244,0.00871076
574,0.977778,7.99999952316,367.097,14.2239,0.00867376
575,0.972222,10.0000047684,367.072,15.9195,0.00863691
576,0.977778,7.99999952316,366.768,14.2259,0.00860023
577,0.977778,7.99999952316,366.342,14.2254,0.00856369
578,0.977778,7.99999952316,365.918,14.2249,0.00852732
579,0.975,8.99999141693,365.753,14.7508,0.00849109
580,0.977778,7.99999952316,365.486,14.2253,0.00845503
581,0.972222,10.0000047684,365.48,15.5136,0.00841911
582,0.977778,7.99999952316,365.232,14.226,0.00838335
583,0.975,8.99999141693,364.904,14.7523,0.00834773
584,0.977778,7.99999952316,364.644,14.2267,0.00831228
585,0.977778,7.99999952316,364.232,14.2263,0.00827697
586,0.972222,10.0000047684,364.256,15.9242,0.00824181
587,0.977778,7.99999952316,363.917,14.2282,0.0082068
588,0.977778,7.99999952316,363.51,14.2277,0.00817194
589,0.975,8.99999141693,363.166,15.0155,0.00813722
590,0.975,8.99999141693,363.315,14.755,0.00810266
591,0.977778,7.99999952316,362.861,14.2279,0.00806824
592,0.975,8.99999141693,362.548,14.756,0.00803397
593,0.977778,7.99999952316,362.451,14.2283,0.00799984
594,0.975,8.99999141693,362.176,14.7569,0.00796586
595,0.977778,7.99999952316,361.889,14.229,0.00793202
596,0.977778,7.99999952316,361.496,14.2286,0.00789833
597,0.972222,10.0000047684,361.562,15.9287,0.00786477
598,0.975,8.99999141693,361.256,15.0178,0.00783137
599,0.977778,7.99999952316,361.118,14.2299,0.0077981
600,0.977778,7.99999952316,360.731,14.2295,0.00776498
601,0.972222,10.0000047684,360.661,15.9297,0.00773199
602,0.977778,7.99999952316,360.433,14.2313,0.00769915
603,0.977778,7.99999952316,360.051,14.2309,0.00766644
604,0.975,8.99999141693,359.679,14.7609,0.00763388
605,0.977778,7.99999952316,359.66,14.2312,0.00760145
606,0.975,8.99999141693,359.325,14.7619,0.00756916
607,0.975,8.99999141693,359.192,15.0191,0.00753701
608,0.977778,7.99999952316,359.053,14.2315,0.00750499
609,0.975,8.99999141693,358.866,14.7626,0.00747311
610,0.977778,7.99999952316,358.524,14.2321,0.00744137
611,0.977778,7.99999952316,358.155,14.7635,0.00740976
612,0.977778,7.99999952316,357.999,14.2328,0.00737828
613,0.977778,7.99999952316,357.633,14.2324,0.00734694
614,0.975,8.99999141693,357.41,14.7647,0.00731573
615,0.977778,7.99999952316,357.257,14.2327,0.00728466
616,0.972222,10.0000047684,357.139,15.5259,0.00725371
617,0.977778,7.99999952316,357.033,14.2333,0.0072229
618,0.977778,7.99999952316,356.675,14.2329,0.00719222
619,0.972222,10.0000047684,356.792,15.9365,0.00716167
620,0.977778,7.99999952316,356.397,14.2346,0.00713124
621,0.977778,7.99999952316,356.043,14.2342,0.00710095
622,0.975,8.99999141693,355.72,14.7676,0.00707079
623,0.977778,7.99999952316,355.541,14.2348,0.00704075
624,0.975,8.99999141693,355.217,15.0215,0.00701084
625,0.975,8.99999141693,355.287,14.7683,0.00698106
626,0.977778,7.99999952316,355.112,14.2348,0.00695141
627,0.975,8.99999141693,354.959,14.7691,0.00692188
628,0.977778,7.99999952316,354.62,14.2354,0.00689248
629,0.975,8.99999141693,354.299,14.77,0.0068632
630,0.977778,7.99999952316,354.133,14.236,0.00683405
631,0.977778,7.99999952316,353.794,14.2356,0.00680502
632,0.972222,10.0000047684,353.752,15.9414,0.00677611
633,0.975,8.99999141693,353.558,15.0236,0.00674733
634,0.977778,7.99999952316,353.463,14.2368,0.00671867
635,0.977778,7.99999952316,353.129,14.2364,0.00669012
636,0.975,8.99999141693,352.976,14.7722,0.00666171
637,0.977778,7.99999952316,352.655,14.237,0.00663341
638,0.975,8.99999141693,352.34,14.7731,0.00660523
639,0.977778,7.99999952316,352.314,14.2373,0.00657717
640,0.975,8.99999141693,352.028,14.7739,0.00654923
641,0.977778,7.99999952316,351.847,14.2379,0.00652141
642,0.975,8.99999141693,351.56,15.0241,0.00649371
643,0.972222,10.0000047684,351.767,15.9445,0.00646613
644,0.977778,7.99999952316,351.529,14.2391,0.00643866
645,0.977778,7.99999952316,351.21,14.2387,0.00641131
646,0.977778,7.99999952316,350.891,14.2384,0.00638408
647,0.975,8.99999141693,350.765,14.776,0.00635696
648,0.977778,7.99999952316,350.438,14.2389,0.00632996
649,0.975,8.99999141693,350.156,14.7768,0.00630307
650,0.977778,7.99999952316,350.11,14.2392,0.00627629
651,0.972222,10.0000047684,349.901,15.5366,0.00624963
652,0.977778,7.99999952316,349.915,14.2398,0.00622308
653,0.977778,7.99999952316,349.606,14.2394,0.00619665
654,0.972222,10.0000047684,349.611,15.9482,0.00617033
655,0.977778,7.99999952316,349.362,14.2409,0.00614412
656,0.977778,7.99999952316,349.057,14.2406,0.00611802
657,0.977778,7.99999952316,348.753,14.2402,0.00609203
658,0.975,8.99999141693,348.651,14.7796,0.00606615
659,0.975,8.99999141693,348.326,15.0268,0.00604038
660,0.975,8.99999141693,348.31,14.78,0.00601472
661,0.977778,7.99999952316,348.248,14.241,0.00598917
662,0.975,8.99999141693,348.024,14.7807,0.00596373
663,0.977778,7.99999952316,347.822,14.2416,0.0059384
664,0.977778,7.99999952316,347.526,14.2413,0.00591318
665,0.972222,10.0000047684,347.551,15.9517,0.00588806
666,0.977778,7.99999952316,347.293,14.2426,0.00586305
667,0.977778,7.99999952316,347.002,14.2423,0.00583814
668,0.975,8.99999141693,346.724,15.0279,0.00581334
669,0.975,8.99999141693,346.863,14.7826,0.00578865
670,0.977778,7.99999952316,346.529,14.2425,0.00576406
671,0.975,8.99999141693,346.307,14.7834,0.00573957
672,0.977778,7.99999952316,346.228,14.2428,0.00571519
673,0.975,8.99999141693,346.031,14.7841,0.00569092
674,0.977778,7.99999952316,345.821,14.2433,0.00566674
675,0.977778,7.99999952316,345.539,14.243,0.00564267
676,0.972222,10.0000047684,345.58,15.955,0.0056187
677,0.975,8.99999141693,345.335,15.0297,0.00559483
678,0.977778,7.99999952316,345.261,14.244,0.00557107
679,0.977778,7.99999952316,344.984,14.2437,0.0055474
680,0.975,8.99999141693,344.923,14.7859,0.00552384
681,0.977778,7.99999952316,344.588,14.2442,0.00550037
682,0.975,8.99999141693,344.392,14.7866,0.00547701
683,0.977778,7.99999952316,344.302,14.2445,0.00545374
684,0.975,8.99999141693,344.129,14.7873,0.00543058
685,0.977778,7.99999952316,343.912,14.245,0.00540751
686,0.975,8.99999141693,343.67,15.0301,0.00538454
687,0.972222,10.0000047684,343.915,15.9577,0.00536167
688,0.977778,7.99999952316,343.645,14.2459,0.00533889
689,0.977778,7.99999952316,343.38,14.2456,0.00531621
690,0.977778,7.99999952316,343.115,14.2453,0.00529363
691,0.975,8.99999141693,343.072,15.9588,0.00527114
692,0.977778,7.99999952316,342.904,14.2466,0.00524875
693,0.977778,7.99999952316,342.643,14.2463,0.00522646
694,0.975,8.99999141693,342.394,14.7901,0.00520426
695,0.975,8.99999141693,342.369,15.0319,0.00518215
696,0.977778,7.99999952316,342.218,14.2465,0.00516014
697,0.975,8.99999141693,342.069,14.7907,0.00513822
698,0.977778,7.99999952316,341.948,14.2467,0.00511639
699,0.975,8.99999141693,341.821,14.7913,0.00509466
700,0.977778,7.99999952316,341.582,14.2472,0.00507302
701,0.977778,7.99999952316,341.329,14.792,0.00505147
702,0.977778,7.99999952316,341.218,14.2477,0.00503001
703,0.975,8.99999141693,340.976,15.0325,0.00500864
704,0.975,8.99999141693,341.012,14.7925,0.00498737
705,0.977778,7.99999952316,340.808,14.2478,0.00496618
706,0.977778,7.99999952316,340.561,14.2476,0.00494508
707,0.972222,10.0000047684,340.616,15.963,0.00492408
708,0.977778,7.99999952316,340.459,14.2485,0.00490316
709,0.977778,7.99999952316,340.215,14.2483,0.00488233
710,0.975,8.99999141693,340.105,14.7942,0.00486159
711,0.977778,7.99999952316,339.865,14.2487,0.00484094
712,0.972222,10.0000047684,339.651,15.5522,0.00482038
713,0.977778,7.99999952316,339.71,14.2491,0.0047999
714,0.977778,7.99999952316,339.471,14.2489,0.00477951
715,0.975,8.99999141693,339.333,14.7953,0.00475921
716,0.977778,7.99999952316,339.128,14.2493,0.004739
717,0.977778,7.99999952316,338.892,14.249,0.00471886
718,0.972222,10.0000047684,338.953,15.9658,0.00469882
719,0.977778,7.99999952316,338.793,14.25,0.00467886
720,0.977778,7.99999952316,338.56,14.2497,0.00465899
721,0.972222,10.0000047684,338.49,15.5542,0.00463919
722,0.977778,7.99999952316,338.411,14.2501,0.00461949
723,0.975,8.99999141693,338.201,14.7973,0.00459987
724,0.977778,7.99999952316,338.079,14.2505,0.00458033
725,0.977778,7.99999952316,337.851,14.2503,0.00456087
726,0.975,8.99999141693,337.729,14.7981,0.0045415
727,0.977778,7.99999952316,337.523,14.2507,0.0045222
728,0.977778,7.99999952316,337.298,14.2505,0.00450299
729,0.972222,10.0000047684,337.363,15.9685,0.00448387
730,0.975,8.99999141693,337.239,15.0357,0.00446482
731,0.977778,7.99999952316,337.16,14.2511,0.00444585
732,0.975,8.99999141693,337.078,14.7994,0.00442697
733,0.977778,7.99999952316,336.84,14.2515,0.00440816
734,0.975,8.99999141693,336.649,14.8,0.00438944
735,0.977778,7.99999952316,336.523,14.2519,0.00437079
736,0.977778,7.99999952316,336.305,14.2517,0.00435223
737,0.975,8.99999141693,336.197,14.8007,0.00433374
738,0.975,8.99999141693,336.001,15.0365,0.00431533
739,0.977778,7.99999952316,335.949,14.2518,0.004297
740,0.972222,10.0000047684,336.017,15.9707,0.00427875
741,0.977778,7.99999952316,335.776,14.2528,0.00426057
742,0.977778,7.99999952316,335.564,14.2526,0.00424247
743,0.975,8.99999141693,335.371,14.802,0.00422445
744,0.977778,7.99999952316,335.339,14.2528,0.00420651
745,0.975,8.99999141693,335.164,14.8025,0.00418864
746,0.977778,7.99999952316,335.036,14.2532,0.00417085
747,0.975,8.99999141693,334.846,15.0373,0.00415313
748,0.975,8.99999141693,334.897,14.803,0.00413549
749,0.977778,7.99999952316,334.694,14.2534,0.00411792
750,0.975,8.99999141693,334.496,14.8035,0.00410043
751,0.977778,7.99999952316,334.397,14.2537,0.00408301
752,0.977778,7.99999952316,334.194,14.2535,0.00406567
753,0.972222,10.0000047684,334.152,15.9737,0.0040484
754,0.977778,7.99999952316,334.108,14.2543,0.0040312
755,0.977778,7.99999952316,333.907,14.2541,0.00401407
756,0.972222,10.0000047684,333.77,15.5614,0.00399702
757,0.977778,7.99999952316,333.777,14.2544,0.00398005
758,0.977778,7.99999952316,333.579,14.2542,0.00396314
759,0.975,8.99999141693,333.491,14.8054,0.0039463
760,0.977778,7.99999952316,333.293,14.2546,0.00392954
761,0.975,8.99999141693,333.108,14.8059,0.00391285
762,0.977778,7.99999952316,333.009,14.255,0.00389623
763,0.977778,7.99999952316,332.815,14.2548,0.00387968
764,0.969444,10.9999966621,332.782,16.6795,0.0038632
765,0.977778,7.99999952316,332.885,14.2555,0.00384679
766,0.977778,7.99999952316,332.693,14.2553,0.00383045
767,0.975,8.99999141693,332.542,14.807,0.00381417
768,0.977778,7.99999952316,332.417,14.2557,0.00379797
769,0.977778,7.99999952316,332.227,14.2555,0.00378184
770,0.975,8.99999141693,332.148,14.8077,0.00376577
771,0.977778,7.99999952316,331.954,14.2558,0.00374978
772,0.975,8.99999141693,331.781,14.8082,0.00373385
773,0.975,8.99999141693,331.695,15.04,0.00371799
774,0.977778,7.99999952316,331.646,14.2559,0.0037022
775,0.972222,10.0000047684,331.611,15.9779,0.00368647
776,0.977778,7.99999952316,331.495,14.2568,0.00367081
777,0.977778,7.99999952316,331.312,14.2566,0.00365522
778,0.977778,7.99999952316,331.13,14.2564,0.00363969
779,0.975,8.99999141693,331.042,14.8094,0.00362423
780,0.977778,7.99999952316,330.937,14.2566,0.00360884
781,0.975,8.99999141693,330.864,14.8099,0.0035935
782,0.975,8.99999141693,330.696,15.0407,0.00357824
783,0.975,8.99999141693,330.657,14.8101,0.00356304
784,0.977778,7.99999952316,330.559,14.2573,0.00354791
785,0.977778,7.99999952316,330.382,14.2571,0.00353283
786,0.972222,10.0000047684,330.351,15.98,0.00351783
787,0.977778,7.99999952316,330.238,14.2579,0.00350288
788,0.977778,7.99999952316,330.063,14.2577,0.003488
789,0.977778,7.99999952316,329.89,14.2575,0.00347319
790,0.975,8.99999141693,329.811,15.5675,0.00345843
791,0.977778,7.99999952316,329.843,14.2577,0.00344374
792,0.975,8.99999141693,329.776,14.8117,0.00342912
793,0.977778,7.99999952316,329.593,14.258,0.00341455
794,0.975,8.99999141693,329.442,14.8122,0.00340004
795,0.977778,7.99999952316,329.346,14.2583,0.0033856
796,0.977778,7.99999952316,329.177,14.2582,0.00337122
797,0.972222,10.0000047684,329.148,15.9821,0.0033569
798,0.977778,7.99999952316,329.039,14.259,0.00334264
799,0.975,8.99999141693,328.881,15.0423,0.00332844
800,0.977778,7.99999952316,328.839,14.2586,0.0033143
801,0.975,8.99999141693,328.765,14.8134,0.00330022
802,0.977778,7.99999952316,328.663,14.2588,0.00328621
803,0.975,8.99999141693,328.602,14.8138,0.00327225
804,0.977778,7.99999952316,328.424,14.2591,0.00325835
805,0.975,8.99999141693,328.282,14.8142,0.00324451
806,0.977778,7.99999952316,328.188,14.2594,0.00323072
807,0.977778,7.99999952316,328.027,14.2592,0.003217
808,0.969444,10.9999966621,328.015,16.6869,0.00320333
809,0.977778,7.99999952316,328.022,14.26,0.00318973
810,0.977778,7.99999952316,327.863,14.2598,0.00317618
811,0.977778,7.99999952316,327.705,14.2596,0.00316269
812,0.975,8.99999141693,327.636,14.8153,0.00314925
813,0.977778,7.99999952316,327.536,14.2598,0.00313587
814,0.975,8.99999141693,327.48,14.8157,0.00312255
815,0.977778,7.99999952316,327.308,14.2601,0.00310929
816,0.975,8.99999141693,327.175,14.8161,0.00309608
817,0.975,8.99999141693,327.106,15.0437,0.00308293
818,0.977778,7.99999952316,327.051,14.2602,0.00306983
819,0.972222,10.0000047684,327.025,15.9856,0.00305679
820,0.977778,7.99999952316,326.926,14.2609,0.00304381
821,0.977778,7.99999952316,326.774,14.2608,0.00303088
822,0.977778,7.99999952316,326.623,14.2606,0.003018
823,0.975,8.99999141693,326.558,14.8171,0.00300518
824,0.977778,7.99999952316,326.462,14.2608,0.00299242
825,0.975,8.99999141693,326.41,14.8175,0.00297971
826,0.975,8.99999141693,326.275,15.0443,0.00296705
827,0.975,8.99999141693,326.235,14.8177,0.00295445
828,0.977778,7.99999952316,326.146,14.2613,0.0029419
829,0.977778,7.99999952316,325.999,14.2612,0.0029294
830,0.972222,10.0000047684,325.973,15.9874,0.00291696
831,0.977778,7.99999952316,325.879,14.2619,0.00290457
832,0.977778,7.99999952316,325.734,14.2617,0.00289223
833,0.977778,7.99999952316,325.59,14.2616,0.00287994
834,0.972222,10.0000047684,325.546,15.5742,0.00286771
835,0.977778,7.99999952316,325.494,14.2618,0.00285553
836,0.975,8.99999141693,325.363,14.8191,0.0028434
837,0.977778,7.99999952316,325.341,14.262,0.00283132
838,0.975,8.99999141693,325.221,14.8195,0.00281929
839,0.977778,7.99999952316,325.135,14.2622,0.00280732
840,0.977778,7.99999952316,324.995,14.2621,0.00279539
841,0.972222,10.0000047684,324.969,15.9891,0.00278352
842,0.977778,7.99999952316,324.88,14.2627,0.00277169
843,0.975,8.99999141693,324.765,15.0456,0.00275992
844,0.977778,7.99999952316,324.713,14.2624,0.0027482
845,0.975,8.99999141693,324.656,14.8204,0.00273652
846,0.977778,7.99999952316,324.513,14.2627,0.0027249
847,0.975,8.99999141693,324.388,14.8208,0.00271332
848,0.977778,7.99999952316,324.367,14.2628,0.0027018
849,0.975,8.99999141693,324.253,14.8211,0.00269032
850,0.977778,7.99999952316,324.171,14.2631,0.00267889
851,0.977778,7.99999952316,324.037,14.263,0.00266751
852,0.969444,10.9999966621,324.04,16.693,0.00265618
853,0.977778,7.99999952316,324.032,14.2636,0.0026449
854,0.977778,7.99999952316,323.9,14.2634,0.00263366
855,0.977778,7.99999952316,323.768,14.2633,0.00262248
856,0.975,8.99999141693,323.714,14.8221,0.00261134
857,0.977778,7.99999952316,323.577,14.2636,0.00260024
858,0.975,8.99999141693,323.458,14.8224,0.0025892
859,0.977778,7.99999952316,323.438,14.2637,0.0025782
860,0.975,8.99999141693,323.329,14.8227,0.00256725
861,0.975,8.99999141693,323.287,15.0468,0.00255634
862,0.977778,7.99999952316,323.224,14.2638,0.00254548
863,0.972222,10.0000047684,323.196,15.9921,0.00253467
864,0.977778,7.99999952316,323.119,14.2644,0.0025239
865,0.977778,7.99999952316,322.993,14.2643,0.00251318
866,0.977778,7.99999952316,322.867,14.2641,0.00250251
867,0.975,8.99999141693,322.816,14.8236,0.00249188
868,0.977778,7.99999952316,322.685,14.2644,0.00248129
869,0.972222,10.0000047684,322.596,15.5788,0.00247075
870,0.977778,7.99999952316,322.649,14.2645,0.00246026
871,0.975,8.99999141693,322.545,14.8241,0.00244981
872,0.977778,7.99999952316,322.47,14.2647,0.0024394
873,0.977778,7.99999952316,322.348,14.2646,0.00242904
874,0.972222,10.0000047684,322.319,15.9936,0.00241872
875,0.977778,7.99999952316,322.248,14.2652,0.00240844
876,0.977778,7.99999952316,322.128,14.265,0.00239821
877,0.977778,7.99999952316,322.008,14.2649,0.00238803
878,0.972222,10.0000047684,321.989,15.5798,0.00237788
879,0.977778,7.99999952316,321.928,14.2651,0.00236778
880,0.975,8.99999141693,321.819,14.8253,0.00235772
881,0.977778,7.99999952316,321.755,14.2654,0.00234771
882,0.977778,7.99999952316,321.638,14.2652,0.00233774
883,0.972222,10.0000047684,321.603,15.9947,0.00232781
884,0.977778,7.99999952316,321.586,14.2657,0.00231792
885,0.977778,7.99999952316,321.47,14.2656,0.00230807
886,0.975,8.99999141693,321.38,14.8261,0.00229827
887,0.975,8.99999141693,321.339,15.0485,0.00228851
888,0.977778,7.99999952316,321.278,14.2657,0.00227878
889,0.975,8.99999141693,321.23,14.8264,0.0022691
890,0.977778,7.99999952316,321.112,14.2659,0.00225946
891,0.975,8.99999141693,321.007,14.8267,0.00224987
892,0.977778,7.99999952316,320.947,14.2661,0.00224031
893,0.977778,7.99999952316,320.835,14.266,0.00223079
894,0.972222,10.0000047684,320.797,15.9961,0.00222132
895,0.977778,7.99999952316,320.785,14.2664,0.00221188
896,0.975,8.99999141693,320.718,15.0489,0.00220249
897,0.975,8.99999141693,320.675,14.8274,0.00219313
898,0.977778,7.99999952316,320.602,14.2665,0.00218381
899,0.977778,7.99999952316,320.493,14.2664,0.00217454
900,0.975,8.99999141693,320.446,14.8277,0.0021653
901,0.977778,7.99999952316,320.333,14.2666,0.0021561
902,0.975,8.99999141693,320.233,14.828,0.00214694
903,0.977778,7.99999952316,320.176,14.2668,0.00213782
904,0.975,8.99999141693,320.102,15.0493,0.00212874
905,0.972222,10.0000047684,320.114,15.9972,0.0021197
906,0.977778,7.99999952316,320.106,14.2671,0.0021107
907,0.977778,7.99999952316,320.001,14.267,0.00210173
908,0.975,8.99999141693,319.917,14.8287,0.0020928
909,0.977778,7.99999952316,319.847,14.2672,0.00208391
910,0.977778,7.99999952316,319.743,14.2671,0.00207506
911,0.975,8.99999141693,319.697,14.829,0.00206625
912,0.977778,7.99999952316,319.591,14.2673,0.00205747
913,0.972222,10.0000047684,319.533,15.5836,0.00204873
914,0.977778,7.99999952316,319.521,14.2675,0.00204003
915,0.977778,7.99999952316,319.419,14.2674,0.00203136
916,0.972222,10.0000047684,319.378,15.9984,0.00202273
917,0.977778,7.99999952316,319.374,14.2678,0.00201414
918,0.977778,7.99999952316,319.273,14.2677,0.00200558
919,0.975,8.99999141693,319.192,14.8299,0.00199707
920,0.977778,7.99999952316,319.126,14.2678,0.00198858
921,0.975,8.99999141693,319.032,15.0502,0.00198013
922,0.975,8.99999141693,319.061,14.8301,0.00197172
923,0.977778,7.99999952316,318.961,14.2679,0.00196335
924,0.975,8.99999141693,318.867,14.8304,0.00195501
925,0.977778,7.99999952316,318.817,14.2681,0.0019467
926,0.977778,7.99999952316,318.72,14.268,0.00193843
927,0.972222,10.0000047684,318.676,15.9996,0.0019302
928,0.977778,7.99999952316,318.676,14.2684,0.001922
929,0.977778,7.99999952316,318.58,14.2683,0.00191384
930,0.972222,10.0000047684,318.513,15.5853,0.00190571
931,0.977778,7.99999952316,318.516,14.2685,0.00189761
932,0.977778,7.99999952316,318.421,14.2684,0.00188955
933,0.975,8.99999141693,318.377,14.8313,0.00188152
934,0.977778,7.99999952316,318.282,14.2685,0.00187353
935,0.977778,7.99999952316,318.191,14.8316,0.00186557
936,0.977778,7.99999952316,318.145,14.2687,0.00185765
937,0.977778,7.99999952316,318.053,14.2686,0.00184976
938,0.972222,10.0000047684,318.009,16.7022,0.0018419
939,0.977778,7.99999952316,318.048,14.2691,0.00183408
940,0.977778,7.99999952316,317.956,14.269,0.00182629
941,0.977778,7.99999952316,317.865,14.2689,0.00181853
942,0.975,8.99999141693,317.815,14.8322,0.0018108
943,0.977778,7.99999952316,317.767,14.269,0.00180311
944,0.975,8.99999141693,317.724,14.8324,0.00179545
945,0.977778,7.99999952316,317.635,14.2691,0.00178782
946,0.977778,7.99999952316,317.547,14.8327,0.00178023
947,0.975,8.99999141693,317.511,15.0516,0.00177267
948,0.977778,7.99999952316,317.485,14.2692,0.00176514
949,0.972222,10.0000047684,317.438,16.0017,0.00175764
950,0.977778,7.99999952316,317.412,14.2696,0.00175017
951,0.977778,7.99999952316,317.324,14.2695,0.00174274
952,0.977778,7.99999952316,317.237,14.2695,0.00173534
953,0.975,8.99999141693,317.188,14.8333,0.00172797
954,0.977778,7.99999952316,317.143,14.2695,0.00172063
955,0.975,8.99999141693,317.101,14.8335,0.00171332
956,0.975,8.99999141693,317.029,15.0519,0.00170604
957,0.977778,7.99999952316,317.001,14.2696,0.00169879
958,0.972222,10.0000047684,316.997,16.0025,0.00169158
959,0.977778,7.99999952316,316.929,14.27,0.00168439
960,0.977778,7.99999952316,316.845,14.2699,0.00167723
961,0.975,8.99999141693,316.767,14.834,0.00167011
962,0.977778,7.99999952316,316.722,14.2701,0.00166302
963,0.977778,7.99999952316,316.639,14.27,0.00165595
964,0.972222,10.0000047684,316.596,15.5883,0.00164892
965,0.977778,7.99999952316,316.614,14.2701,0.00164191
966,0.975,8.99999141693,316.572,14.8344,0.00163494
967,0.977778,7.99999952316,316.493,14.2702,0.00162799
968,0.977778,7.99999952316,316.412,14.2702,0.00162108
969,0.972222,10.0000047684,316.405,16.0035,0.00161419
970,0.977778,7.99999952316,316.344,14.2705,0.00160734
971,0.977778,7.99999952316,316.264,14.2705,0.00160051
972,0.975,8.99999141693,316.188,14.835,0.00159371
973,0.975,8.99999141693,316.156,15.0527,0.00158694
974,0.977778,7.99999952316,316.13,14.2705,0.0015802
975,0.975,8.99999141693,316.084,14.8352,0.00157349
976,0.977778,7.99999952316,316.044,14.2706,0.0015668
977,0.975,8.99999141693,316.004,14.8354,0.00156015
978,0.977778,7.99999952316,315.929,14.2708,0.00155352
979,0.977778,7.99999952316,315.852,14.2707,0.00154692
980,0.975,8.99999141693,315.841,16.0045,0.00154035
981,0.977778,7.99999952316,315.786,14.2711,0.00153381
982,0.975,8.99999141693,315.723,15.053,0.00152729
983,0.975,8.99999141693,315.697,14.8359,0.0015208
984,0.977778,7.99999952316,315.658,14.2711,0.00151434
985,0.977778,7.99999952316,315.582,14.271,0.00150791
986,0.975,8.99999141693,315.537,14.8362,0.0015015
987,0.977778,7.99999952316,315.501,14.2711,0.00149513
988,0.975,8.99999141693,315.461,14.8364,0.00148878
989,0.977778,7.99999952316,315.391,14.2713,0.00148245
990,0.977778,7.99999952316,315.317,14.2712,0.00147615
991,0.972222,10.0000047684,315.322,15.5904,0.00146988
992,0.977778,7.99999952316,315.267,14.2713,0.00146364
993,0.975,8.99999141693,315.217,14.8367,0.00145742
994,0.977778,7.99999952316,315.159,14.2715,0.00145123
995,0.977778,7.99999952316,315.087,14.2714,0.00144507
996,0.972222,10.0000047684,315.097,16.0058,0.00143893
997,0.977778,7.99999952316,315.026,14.2717,0.00143282
998,0.977778,7.99999952316,314.954,14.2717,0.00142673
999,0.975,8.99999141693,314.895,15.0536,0.00142067
1000,0.975,8.99999141693,314.922,16.006,0.00141463
1001,0.977778,7.99999952316,314.907,14.2719,0.00140863
1002,0.977778,7.99999952316,314.836,14.2718,0.00140264
1003,0.975,8.99999141693,314.803,14.8375,0.00139668
1004,0.977778,7.99999952316,314.733,14.2719,0.00139075
1005,0.977778,7.99999952316,314.665,14.8377,0.00138484
1006,0.977778,7.99999952316,314.631,14.2721,0.00137896
1007,0.977778,7.99999952316,314.562,14.272,0.0013731
1008,0.972222,10.0000047684,314.535,15.5916,0.00136727
1009,0.977778,7.99999952316,314.515,14.2721,0.00136146
1010,0.977778,7.99999952316,314.447,14.272,0.00135568
1011,0.975,8.99999141693,314.429,14.8381,0.00134992
1012,0.977778,7.99999952316,314.373,14.2721,0.00134419
1013,0.975,8.99999141693,314.36,14.8382,0.00133848
1014,0.977778,7.99999952316,314.274,14.2722,0.00133279
1015,0.975,8.99999141693,314.227,14.8384,0.00132713
1016,0.977778,7.99999952316,314.176,14.2724,0.00132149
1017,0.975,8.99999141693,314.13,15.0543,0.00131588
1018,0.972222,10.0000047684,314.167,16.0073,0.00131029
1019,0.977778,7.99999952316,314.107,14.2726,0.00130472
1020,0.977778,7.99999952316,314.042,14.2725,0.00129918
1021,0.977778,7.99999952316,313.977,14.2725,0.00129366
1022,0.975,8.99999141693,313.959,14.8389,0.00128817
1023,0.977778,7.99999952316,313.907,14.2725,0.00128269
1024,0.975,8.99999141693,313.893,14.8391,0.00127725
1025,0.977778,7.99999952316,313.813,14.2727,0.00127182
1026,0.972222,10.0000047684,313.791,15.5928,0.00126642
1027,0.977778,7.99999952316,313.77,14.2728,0.00126104
1028,0.977778,7.99999952316,313.706,14.2727,0.00125568
1029,0.972222,10.0000047684,313.708,16.0081,0.00125035
1030,0.977778,7.99999952316,313.653,14.273,0.00124504
1031,0.977778,7.99999952316,313.591,14.273,0.00123975
1032,0.977778,7.99999952316,313.529,14.2729,0.00123448
1033,0.975,8.99999141693,313.511,14.8397,0.00122924
1034,0.975,8.99999141693,313.466,15.0548,0.00122402
1035,0.975,8.99999141693,313.496,14.8397,0.00121882
1036,0.977778,7.99999952316,313.42,14.2731,0.00121364
1037,0.975,8.99999141693,313.375,14.8399,0.00120848
1038,0.977778,7.99999952316,313.33,14.2732,0.00120335
1039,0.977778,7.99999952316,313.27,14.2731,0.00119824
1040,0.972222,10.0000047684,313.27,16.0089,0.00119315
1041,0.977778,7.99999952316,313.22,14.2734,0.00118808
1042,0.977778,7.99999952316,313.16,14.2734,0.00118303
1043,0.975,8.99999141693,313.123,15.0551,0.00117801
1044,0.975,8.99999141693,313.13,14.8403,0.001173
1045,0.977778,7.99999952316,313.062,14.2734,0.00116802
1046,0.975,8.99999141693,313.014,14.8405,0.00116306
1047,0.977778,7.99999952316,312.998,14.2735,0.00115812
1048,0.975,8.99999141693,312.955,14.8406,0.0011532
1049,0.977778,7.99999952316,312.913,14.2736,0.0011483
1050,0.977778,7.99999952316,312.856,14.2735,0.00114342
1051,0.969444,10.9999966621,312.856,16.7104,0.00113857
1052,0.977778,7.99999952316,312.853,14.2738,0.00113373
1053,0.977778,7.99999952316,312.796,14.2737,0.00112891
1054,0.977778,7.99999952316,312.74,14.2737,0.00112412
1055,0.975,8.99999141693,312.721,14.841,0.00111934
1056,0.977778,7.99999952316,312.657,14.2738,0.00111459
1057,0.975,8.99999141693,312.61,14.8412,0.00110985
1058,0.977778,7.99999952316,312.597,14.2738,0.00110514
1059,0.975,8.99999141693,312.554,14.8413,0.00110045
1060,0.975,8.99999141693,312.522,15.0557,0.00109577
1061,0.977778,7.99999952316,312.503,14.2739,0.00109112
1062,0.972222,10.0000047684,312.498,16.0102,0.00108648
1063,0.977778,7.99999952316,312.458,14.2741,0.00108187
1064,0.977778,7.99999952316,312.404,14.2741,0.00107727
1065,0.977778,7.99999952316,312.35,14.274,0.00107269
1066,0.975,8.99999141693,312.331,14.8417,0.00106814
1067,0.977778,7.99999952316,312.271,14.2741,0.0010636
1068,0.975,8.99999141693,312.227,15.5952,0.00105908
1069,0.977778,7.99999952316,312.254,14.2742,0.00105458
1070,0.975,8.99999141693,312.212,14.8419,0.0010501
1071,0.977778,7.99999952316,312.177,14.2743,0.00104564
1072,0.977778,7.99999952316,312.124,14.2742,0.0010412
1073,0.972222,10.0000047684,312.117,16.0108,0.00103678
1074,0.977778,7.99999952316,312.08,14.2745,0.00103238
1075,0.977778,7.99999952316,312.028,14.2744,0.00102799
1076,0.977778,7.99999952316,311.977,14.2744,0.00102362
1077,0.972222,10.0000047684,311.963,15.5957,0.00101928
1078,0.977778,7.99999952316,311.941,14.2745,0.00101495
1079,0.975,8.99999141693,311.896,14.8424,0.00101063
1080,0.977778,7.99999952316,311.887,14.2745,0.00100634
1081,0.975,8.99999141693,311.846,14.8426,0.00100207
1082,0.977778,7.99999952316,311.813,14.2746,0.00099781
1083,0.977778,7.99999952316,311.763,14.2746,0.000993571
1084,0.972222,10.0000047684,311.754,16.0114,0.000989351
1085,0.977778,7.99999952316,311.721,14.2748,0.000985148
1086,0.975,8.99999141693,311.68,15.0564,0.000980963
1087,0.977778,7.99999952316,311.661,14.2747,0.000976796
1088,0.975,8.99999141693,311.641,14.8429,0.000972647
1089,0.977778,7.99999952316,311.589,14.2748,0.000968515
1090,0.975,8.99999141693,311.545,14.8431,0.000964401
1091,0.977778,7.99999952316,311.536,14.2749,0.000960305
1092,0.975,8.99999141693,311.495,14.8432,0.000956225
1093,0.977778,7.99999952316,311.465,14.275,0.000952164
1094,0.977778,7.99999952316,311.417,14.2749,0.000948119
1095,0.969444,10.9999966621,311.417,16.7126,0.000944091
1096,0.977778,7.99999952316,311.415,14.2751,0.000940081
1097,0.977778,7.99999952316,311.368,14.2751,0.000936088
1098,0.977778,7.99999952316,311.321,14.275,0.000932112
1099,0.975,8.99999141693,311.301,14.8435,0.000928152
1100,0.977778,7.99999952316,311.252,14.2751,0.00092421
1101,0.977778,7.99999952316,311.209,14.8436,0.000920283
1102,0.977778,7.99999952316,311.184,14.2752,0.000916374
1103,0.975,8.99999141693,311.146,15.0568,0.000912482
1104,0.972222,10.0000047684,311.16,16.0124,0.000908606
1105,0.977778,7.99999952316,311.154,14.2753,0.000904746
1106,0.977778,7.99999952316,311.109,14.2753,0.000900903
1107,0.975,8.99999141693,311.072,14.8439,0.000897076
1108,0.977778,7.99999952316,311.042,14.2754,0.000893265
1109,0.977778,7.99999952316,310.998,14.2753,0.000889471
1110,0.975,8.99999141693,310.977,14.8441,0.000885692
1111,0.977778,7.99999952316,310.932,14.2754,0.00088193
1112,0.975,8.99999141693,310.899,15.5973,0.000878184
1113,0.977778,7.99999952316,310.901,14.2755,0.000874454
1114,0.977778,7.99999952316,310.857,14.2755,0.000870739
1115,0.972222,10.0000047684,310.84,16.0129,0.00086704
1116,0.977778,7.99999952316,310.837,14.2756,0.000863357
1117,0.977778,7.99999952316,310.794,14.2756,0.00085969
1118,0.975,8.99999141693,310.757,14.8445,0.000856038
1119,0.977778,7.99999952316,310.731,14.2757,0.000852402
1120,0.977778,7.99999952316,310.688,14.2756,0.000848781
1121,0.972222,10.0000047684,310.679,15.5977,0.000845175
1122,0.977778,7.99999952316,310.659,14.2757,0.000841585
1123,0.977778,7.99999952316,310.617,14.2757,0.000838011
1124,0.972222,10.0000047684,310.62,16.0133,0.00083445
1125,0.977778,7.99999952316,310.581,14.2759,0.000830906
1126,0.977778,7.99999952316,310.54,14.2758,0.000827376
1127,0.977778,7.99999952316,310.5,14.8449,0.000823862
1128,0.977778,7.99999952316,310.495,14.2759,0.000820362
1129,0.975,8.99999141693,310.459,14.845,0.000816878
1130,0.975,8.99999141693,310.45,15.0575,0.000813408
1131,0.977778,7.99999952316,310.426,14.2759,0.000809952
1132,0.975,8.99999141693,310.404,14.8451,0.000806512
1133,0.977778,7.99999952316,310.366,14.276,0.000803086
1134,0.977778,7.99999952316,310.326,14.2759,0.000799674
1135,0.972222,10.0000047684,310.326,16.0138,0.000796278
1136,0.977778,7.99999952316,310.292,14.2761,0.000792895
1137,0.977778,7.99999952316,310.252,14.2761,0.000789527
1138,0.975,8.99999141693,310.225,15.5984,0.000786173
1139,0.977778,7.99999952316,310.224,14.2762,0.000782834
1140,0.977778,7.99999952316,310.185,14.2761,0.000779508
1141,0.975,8.99999141693,310.161,14.8455,0.000776197
1142,0.977778,7.99999952316,310.143,14.2762,0.0007729
1143,0.975,8.99999141693,310.121,14.8456,0.000769617
1144,0.977778,7.99999952316,310.086,14.2762,0.000766348
1145,0.977778,7.99999952316,310.048,14.2762,0.000763092
1146,0.972222,10.0000047684,310.046,16.0143,0.000759851
1147,0.975,8.99999141693,310.03,15.0578,0.000756623
1148,0.977778,7.99999952316,310.007,14.2763,0.000753409
1149,0.977778,7.99999952316,309.969,14.2763,0.000750209
1150,0.975,8.99999141693,309.964,14.8458,0.000747022
1151,0.977778,7.99999952316,309.914,14.2764,0.000743849
1152,0.975,8.99999141693,309.89,14.8459,0.000740689
1153,0.977778,7.99999952316,309.873,14.2764,0.000737543
1154,0.975,8.99999141693,309.852,14.846,0.00073441
1155,0.977778,7.99999952316,309.821,15.0579,0.00073129
1156,0.977778,7.99999952316,309.811,14.2764,0.000728184
1157,0.972222,10.0000047684,309.807,16.0147,0.00072509
1158,0.977778,7.99999952316,309.78,14.2766,0.00072201
1159,0.977778,7.99999952316,309.744,14.2766,0.000718944
1160,0.977778,7.99999952316,309.708,14.2765,0.00071589
1161,0.975,8.99999141693,309.702,14.8463,0.000712848
1162,0.977778,7.99999952316,309.655,14.2766,0.00070982
1163,0.975,8.99999141693,309.631,14.8464,0.000706805
1164,0.975,8.99999141693,309.622,15.0581,0.000703803
1165,0.975,8.99999141693,309.623,14.8464,0.000700813
1166,0.977778,7.99999952316,309.593,14.2767,0.000697836
1167,0.977778,7.99999952316,309.558,14.2767,0.000694872
1168,0.972222,10.0000047684,309.553,16.0152,0.00069192
1169,0.977778,7.99999952316,309.528,14.2768,0.000688981
1170,0.977778,7.99999952316,309.494,14.2768,0.000686054
1171,0.977778,7.99999952316,309.459,14.2768,0.00068314
1172,0.975,8.99999141693,309.455,15.5997,0.000680238
1173,0.977778,7.99999952316,309.435,14.2768,0.000677349
1174,0.975,8.99999141693,309.412,14.8468,0.000674472
1175,0.977778,7.99999952316,309.398,14.2769,0.000671607
1176,0.975,8.99999141693,309.378,14.8469,0.000668754
1177,0.977778,7.99999952316,309.349,14.2769,0.000665913
1178,0.977778,7.99999952316,309.315,14.2769,0.000663084
1179,0.975,8.99999141693,309.309,16.0156,0.000660267
1180,0.977778,7.99999952316,309.287,14.2771,0.000657463
1181,0.975,8.99999141693,309.258,15.0584,0.00065467
1182,0.977778,7.99999952316,309.247,14.277,0.000651889
1183,0.975,8.99999141693,309.24,14.8471,0.00064912
1184,0.977778,7.99999952316,309.199,14.2771,0.000646362
1185,0.975,8.99999141693,309.176,14.8472,0.000643617
1186,0.977778,7.99999952316,309.163,14.2771,0.000640883
1187,0.975,8.99999141693,309.142,14.8473,0.000638161
1188,0.977778,7.99999952316,309.116,14.2772,0.00063545
1189,0.977778,7.99999952316,309.084,14.2771,0.000632751
1190,0.972222,10.0000047684,309.082,16.7163,0.000630063
1191,0.977778,7.99999952316,309.082,14.2773,0.000627386
0.977778,309.082,5.025014638900757,13.5312,0.542570202933,0.118595221857
