97,10,0.4,2,1000, .1 
0,0.466667,191.999999285,2.30361e+06,1018.63,0.0997458
1,0.472222,190.000004768,2.00628e+06,942.207,0.0989871
2,0.466667,191.999999285,1.75366e+06,887.346,0.0982341
3,0.469444,190.999996662,1.53227e+06,834.059,0.0974869
4,0.477778,187.999999523,1.33952e+06,783.494,0.0967453
5,0.483333,186.000005007,1.17234e+06,730.58,0.0960094
6,0.5,180.0,1.03051e+06,672.626,0.0952791
7,0.511111,175.99998951,910657.0,624.568,0.0945543
8,0.511111,175.99998951,807365.0,591.331,0.0938351
9,0.516667,174.000005722,715351.0,557.397,0.0931213
10,0.527778,169.999995232,634913.0,523.271,0.092413
11,0.533333,167.999989986,564550.0,489.125,0.09171
12,0.547222,163.00000906,506181.0,452.551,0.0910124
13,0.552778,161.000003815,455961.0,430.712,0.0903201
14,0.563889,156.999993324,409864.0,409.461,0.0896331
15,0.583333,150.000007153,369165.0,386.423,0.0889513
16,0.586111,148.999993801,332559.0,373.595,0.0882746
17,0.594444,145.999996662,298285.0,360.531,0.0876032
18,0.611111,140.000002384,267144.0,334.9,0.0869368
19,0.613889,139.00001049,240644.0,317.289,0.0862755
20,0.633333,132.000002861,216486.0,300.037,0.0856192
21,0.641667,129.000005722,195592.0,282.293,0.0849679
22,0.658333,122.999989986,177238.0,265.216,0.0843216
23,0.669444,119.000000954,162074.0,243.252,0.0836802
24,0.680556,114.999990463,148884.0,227.97,0.0830437
25,0.686111,113.000006676,137149.0,220.815,0.082412
26,0.694444,110.000009537,126206.0,215.446,0.0817851
27,0.702778,106.99999094,115967.0,207.411,0.081163
28,0.719444,100.999996662,106932.0,193.581,0.0805456
29,0.725,98.9999914169,98629.5,186.219,0.0799329
30,0.725,98.9999914169,91067.3,182.916,0.0793249
31,0.730556,97.0000076294,83715.2,177.808,0.0787215
32,0.738889,94.0000104904,77032.8,169.959,0.0781227
33,0.747222,90.9999918938,70784.3,165.428,0.0775285
34,0.761111,85.9999895096,65285.4,156.251,0.0769387
35,0.775,81.0000085831,60270.2,147.47,0.0763535
36,0.788889,76.0000061989,55760.1,139.609,0.0757727
37,0.791667,74.9999928474,51781.4,138.179,0.0751963
38,0.788889,76.0000061989,47885.2,137.314,0.0746243
39,0.791667,74.9999928474,44042.1,135.525,0.0740567
40,0.797222,73.0000090599,40610.2,127.998,0.0734933
41,0.802778,71.0000038147,37393.5,124.755,0.0729343
42,0.813889,66.9999933243,34616.9,115.409,0.0723795
43,0.827778,61.9999909401,32130.2,105.581,0.0718289
44,0.833333,60.0000071526,30136.7,103.725,0.0712826
45,0.844444,55.9999966621,28362.4,94.7093,0.0707403
46,0.847222,55.0000047684,26798.4,92.2822,0.0702022
47,0.855556,52.0000076294,25382.3,86.3375,0.0696682
48,0.855556,52.0000076294,24081.6,86.4013,0.0691383
49,0.858333,50.999994278,22796.2,84.0222,0.0686124
50,0.858333,50.999994278,21551.1,84.175,0.0680905
51,0.858333,50.999994278,20304.4,84.3275,0.0675725
52,0.863889,49.0000104904,19096.1,80.7724,0.0670585
53,0.866667,47.999997139,18012.7,78.5223,0.0665484
54,0.866667,47.999997139,16986.9,78.7783,0.0660422
55,0.866667,47.999997139,16030.1,77.6053,0.0655399
56,0.869444,47.0000052452,15076.8,77.3636,0.0650413
57,0.877778,44.0000081062,14232.2,71.1597,0.0645466
58,0.883333,42.000002861,13463.9,69.399,0.0640556
59,0.888889,39.9999976158,12737.3,67.3885,0.0635683
60,0.894444,37.9999923706,12080.6,63.7501,0.0630848
61,0.9,36.0000085831,11471.6,60.1663,0.0626049
62,0.902778,34.9999952316,10938.4,58.2482,0.0621287
63,0.905556,34.0000033379,10408.4,58.4198,0.0616561
64,0.908333,32.9999899864,9906.35,56.5554,0.0611871
65,0.911111,31.9999980927,9447.88,51.5264,0.0607217
66,0.916667,29.9999928474,9074.83,49.9859,0.0602598
67,0.919444,29.0000009537,8748.63,48.5318,0.0598014
68,0.916667,29.9999928474,8407.54,48.2273,0.0593465
69,0.919444,29.0000009537,8082.9,48.7939,0.0588951
70,0.916667,29.9999928474,7757.18,46.2845,0.0584471
71,0.919444,29.0000009537,7467.58,47.0326,0.0580025
72,0.919444,29.0000009537,7180.92,47.1255,0.0575613
73,0.922222,28.0000090599,6884.52,46.0719,0.0571235
74,0.922222,28.0000090599,6600.17,46.1762,0.0566889
75,0.925,26.9999957085,6324.34,45.5378,0.0562577
76,0.927778,26.0000038147,6057.65,43.8778,0.0558298
77,0.933333,23.9999985695,5821.48,42.081,0.0554051
78,0.936111,23.0000066757,5607.54,43.0471,0.0549837
79,0.933333,23.9999985695,5391.09,42.1578,0.0545654
80,0.930556,24.9999904633,5180.6,43.4031,0.0541504
81,0.936111,23.0000066757,4972.33,41.7005,0.0537384
82,0.936111,23.0000066757,4775.84,41.7061,0.0533297
83,0.936111,23.0000066757,4580.78,41.7142,0.052924
84,0.936111,23.0000066757,4380.45,41.7253,0.0525214
85,0.938889,21.9999933243,4191.46,38.0719,0.0521219
86,0.941667,21.0000014305,4043.44,36.1317,0.0517254
87,0.947222,18.9999961853,3920.34,32.4816,0.051332
88,0.947222,18.9999961853,3810.7,34.3203,0.0509415
89,0.947222,18.9999961853,3708.37,34.3567,0.050554
90,0.947222,18.9999961853,3585.14,34.4077,0.0501695
91,0.95,18.0000042915,3488.47,33.8285,0.0497879
92,0.952778,16.9999909401,3374.32,31.5497,0.0494091
93,0.95,18.0000042915,3276.62,33.9004,0.0490333
94,0.952778,16.9999909401,3200.86,31.5369,0.0486603
95,0.958333,15.0000071526,3124.46,28.2965,0.0482902
96,0.963889,13.0000019073,3063.75,22.566,0.0479228
97,0.966667,12.0000100136,3031.4,24.4074,0.0475583
98,0.963889,13.0000019073,2982.63,21.8538,0.0471966
99,0.969444,10.9999966621,2942.87,20.2462,0.0468375
100,0.966667,12.0000100136,2910.92,24.4071,0.0464813
101,0.963889,13.0000019073,2864.03,21.8663,0.0461277
102,0.966667,12.0000100136,2823.71,24.4155,0.0457768
103,0.963889,13.0000019073,2793.7,24.0995,0.0454286
104,0.966667,12.0000100136,2743.88,20.2105,0.045083
105,0.963889,13.0000019073,2714.21,25.5182,0.0447401
106,0.969444,10.9999966621,2664.29,20.2235,0.0443998
107,0.966667,12.0000100136,2630.92,20.2214,0.0440621
108,0.963889,13.0000019073,2599.82,25.5262,0.0437269
109,0.966667,12.0000100136,2554.14,20.2354,0.0433943
110,0.969444,10.9999966621,2519.97,20.2235,0.0430642
111,0.963889,13.0000019073,2489.57,24.1756,0.0427366
112,0.966667,12.0000100136,2445.72,21.5374,0.0424115
113,0.969444,10.9999966621,2418.18,22.1457,0.0420889
114,0.969444,10.9999966621,2387.29,25.0348,0.0417688
115,0.969444,10.9999966621,2345.1,20.2313,0.041451
116,0.969444,10.9999966621,2323.79,25.0403,0.0411357
117,0.969444,10.9999966621,2295.82,25.0407,0.0408228
118,0.966667,12.0000100136,2253.71,24.0668,0.0405123
119,0.969444,10.9999966621,2223.2,25.0471,0.0402041
120,0.969444,10.9999966621,2181.27,20.2484,0.0398983
121,0.969444,10.9999966621,2161.75,25.0538,0.0395948
122,0.972222,10.0000047684,2122.98,21.4034,0.0392936
123,0.969444,10.9999966621,2092.11,25.0574,0.0389947
124,0.969444,10.9999966621,2055.11,23.0186,0.0386981
125,0.972222,10.0000047684,2022.4,21.4154,0.0384038
126,0.966667,12.0000100136,1993.95,24.5025,0.0381116
127,0.966667,12.0000100136,1978.14,25.4936,0.0378217
128,0.972222,10.0000047684,1936.66,21.4318,0.037534
129,0.969444,10.9999966621,1909.46,25.0803,0.0372485
130,0.972222,10.0000047684,1871.5,21.4398,0.0369652
131,0.966667,12.0000100136,1850.07,24.4545,0.036684
132,0.969444,10.9999966621,1838.05,24.4844,0.036405
133,0.972222,10.0000047684,1809.75,20.7519,0.036128
134,0.972222,10.0000047684,1787.42,20.749,0.0358532
135,0.975,8.99999141693,1765.95,20.0196,0.0355805
136,0.963889,13.0000019073,1749.98,24.1118,0.0353099
137,0.969444,10.9999966621,1737.13,25.0763,0.0350413
138,0.975,8.99999141693,1706.65,20.0121,0.0347747
139,0.969444,10.9999966621,1690.82,21.4348,0.0345102
140,0.969444,10.9999966621,1669.98,19.4355,0.0342477
141,0.969444,10.9999966621,1656.9,21.4383,0.0339872
142,0.972222,10.0000047684,1641.38,24.4558,0.0337286
143,0.972222,10.0000047684,1612.24,20.7237,0.0334721
144,0.975,8.99999141693,1591.87,19.9967,0.0332175
145,0.966667,12.0000100136,1576.76,19.3832,0.0329648
146,0.969444,10.9999966621,1564.79,25.037,0.0327141
147,0.972222,10.0000047684,1536.99,20.715,0.0324652
148,0.975,8.99999141693,1518.16,19.9877,0.0322182
149,0.969444,10.9999966621,1502.18,21.4263,0.0319732
150,0.972222,10.0000047684,1485.93,19.0527,0.03173
151,0.969444,10.9999966621,1476.09,22.2553,0.0314886
152,0.969444,10.9999966621,1453.55,21.4208,0.0312491
153,0.963889,13.0000019073,1438.08,26.4191,0.0310114
154,0.975,8.99999141693,1422.45,19.9718,0.0307755
155,0.963889,13.0000019073,1408.29,27.2867,0.0305414
156,0.972222,10.0000047684,1380.98,20.6927,0.0303091
157,0.977778,7.99999952316,1365.83,18.9833,0.0300785
158,0.972222,10.0000047684,1353.33,17.9177,0.0298497
159,0.975,8.99999141693,1345.3,20.945,0.0296227
160,0.977778,7.99999952316,1330.88,19.5077,0.0293973
161,0.980556,7.00000762939,1323.25,17.8071,0.0291737
162,0.977778,7.99999952316,1313.57,19.5036,0.0289518
163,0.983333,5.99999427795,1305.51,16.0017,0.0287316
164,0.980556,7.00000762939,1299.9,21.5312,0.028513
165,0.980556,7.00000762939,1288.16,17.7273,0.0282961
166,0.980556,7.00000762939,1280.07,17.7505,0.0280809
167,0.980556,7.00000762939,1272.35,17.7263,0.0278673
168,0.983333,5.99999427795,1266.35,16.0036,0.0276553
169,0.980556,7.00000762939,1260.25,17.7479,0.0274449
170,0.980556,7.00000762939,1254.6,17.7223,0.0272362
171,0.980556,7.00000762939,1247.04,17.7485,0.027029
172,0.980556,7.00000762939,1239.44,17.7215,0.0268234
173,0.980556,7.00000762939,1235.68,21.5281,0.0266194
174,0.983333,5.99999427795,1221.49,16.0099,0.0264169
175,0.977778,7.99999952316,1218.44,19.5009,0.0262159
176,0.983333,5.99999427795,1208.86,16.0087,0.0260165
177,0.980556,7.00000762939,1204.49,17.7173,0.0258186
178,0.980556,7.00000762939,1198.11,17.7517,0.0256222
179,0.983333,5.99999427795,1190.5,16.0115,0.0254273
180,0.975,8.99999141693,1187.65,24.9502,0.0252339
181,0.983333,5.99999427795,1178.48,16.0136,0.025042
182,0.977778,7.99999952316,1176.42,22.8212,0.0248515
183,0.983333,5.99999427795,1162.04,16.0164,0.0246624
184,0.980556,7.00000762939,1156.7,17.7586,0.0244748
185,0.980556,7.00000762939,1151.77,17.717,0.0242887
186,0.983333,5.99999427795,1144.53,16.0162,0.0241039
187,0.975,8.99999141693,1141.72,24.9415,0.0239206
188,0.983333,5.99999427795,1133.16,16.0184,0.0237386
189,0.975,8.99999141693,1128.77,24.9385,0.023558
190,0.980556,7.00000762939,1119.02,17.7131,0.0233788
191,0.983333,5.99999427795,1111.0,16.0221,0.023201
192,0.980556,7.00000762939,1107.49,17.7136,0.0230245
193,0.980556,7.00000762939,1101.64,17.7634,0.0228494
194,0.980556,7.00000762939,1094.81,17.7134,0.0226756
195,0.980556,7.00000762939,1093.02,17.7112,0.0225031
196,0.977778,7.99999952316,1086.28,23.6052,0.0223319
197,0.980556,7.00000762939,1075.6,17.7135,0.022162
198,0.983333,5.99999427795,1069.24,16.0272,0.0219935
199,0.977778,7.99999952316,1066.34,20.2817,0.0218262
200,0.977778,7.99999952316,1061.21,18.78,0.0216601
201,0.977778,7.99999952316,1053.51,18.782,0.0214954
202,0.977778,7.99999952316,1045.86,18.7841,0.0213319
203,0.975,8.99999141693,1039.07,21.1341,0.0211696
204,0.980556,7.00000762939,1031.53,17.7767,0.0210086
205,0.980556,7.00000762939,1026.15,18.0349,0.0208488
206,0.977778,7.99999952316,1019.57,19.4958,0.0206902
207,0.977778,7.99999952316,1013.37,19.4977,0.0205328
208,0.980556,7.00000762939,1007.34,18.0377,0.0203766
209,0.980556,7.00000762939,1002.38,17.7818,0.0202216
210,0.980556,7.00000762939,995.349,17.7842,0.0200678
211,0.977778,7.99999952316,988.64,19.5021,0.0199151
212,0.980556,7.00000762939,982.262,17.7871,0.0197637
213,0.980556,7.00000762939,975.383,17.7894,0.0196133
214,0.980556,7.00000762939,968.555,17.7918,0.0194641
215,0.980556,7.00000762939,961.775,17.7941,0.0193161
216,0.977778,7.99999952316,955.298,19.5078,0.0191691
217,0.980556,7.00000762939,950.416,18.0499,0.0190233
218,0.980556,7.00000762939,944.719,17.7964,0.0188786
219,0.980556,7.00000762939,938.14,17.7986,0.018735
220,0.977778,7.99999952316,934.816,20.2883,0.0185925
221,0.977778,7.99999952316,929.957,18.8084,0.0184511
222,0.977778,7.99999952316,923.361,18.8103,0.0183107
223,0.977778,7.99999952316,916.814,18.8121,0.0181714
224,0.975,8.99999141693,911.182,21.1437,0.0180332
225,0.980556,7.00000762939,904.333,17.8081,0.017896
226,0.980556,7.00000762939,898.088,17.8103,0.0177599
227,0.980556,7.00000762939,893.886,18.0631,0.0176248
228,0.977778,7.99999952316,889.118,19.5166,0.0174908
229,0.980556,7.00000762939,884.126,18.065,0.0173577
230,0.980556,7.00000762939,879.431,17.8132,0.0172257
231,0.980556,7.00000762939,873.416,17.8154,0.0170946
232,0.977778,7.99999952316,867.96,19.5179,0.0169646
233,0.977778,7.99999952316,862.289,18.8236,0.0168356
234,0.980556,7.00000762939,856.351,17.8203,0.0167075
235,0.980556,7.00000762939,850.51,17.8224,0.0165804
236,0.980556,7.00000762939,844.714,17.8245,0.0164543
237,0.977778,7.99999952316,839.521,19.5234,0.0163291
238,0.980556,7.00000762939,835.339,18.0756,0.0162049
239,0.980556,7.00000762939,830.994,17.8286,0.0160817
240,0.980556,7.00000762939,825.367,17.8307,0.0159593
241,0.977778,7.99999952316,821.578,20.2961,0.0158379
242,0.977778,7.99999952316,817.567,18.835,0.0157175
243,0.977778,7.99999952316,811.92,18.8367,0.0155979
244,0.975,8.99999141693,806.706,21.1531,0.0154793
245,0.983333,5.99999427795,801.224,16.081,0.0153615
246,0.977778,7.99999952316,798.506,18.8395,0.0152447
247,0.980556,7.00000762939,793.045,17.8382,0.0151287
248,0.980556,7.00000762939,787.746,17.8402,0.0150136
249,0.977778,7.99999952316,783.151,19.5323,0.0148994
250,0.980556,7.00000762939,778.57,18.0894,0.0147861
251,0.980556,7.00000762939,775.207,17.8441,0.0146736
252,0.980556,7.00000762939,770.062,17.8461,0.014562
253,0.977778,7.99999952316,765.179,19.5364,0.0144512
254,0.980556,7.00000762939,760.502,17.8486,0.0143413
255,0.980556,7.00000762939,755.472,17.8505,0.0142322
256,0.977778,7.99999952316,750.517,20.6185,0.0141239
257,0.980556,7.00000762939,745.17,17.7304,0.0140165
258,0.980556,7.00000762939,742.836,17.8528,0.0139099
259,0.980556,7.00000762939,737.953,17.8546,0.0138041
260,0.980556,7.00000762939,733.108,17.8565,0.0136991
261,0.977778,7.99999952316,729.765,20.3035,0.0135949
262,0.977778,7.99999952316,727.035,18.8586,0.0134915
263,0.977778,7.99999952316,722.166,18.8602,0.0133888
264,0.977778,7.99999952316,717.331,18.8617,0.013287
265,0.975,8.99999141693,712.75,21.1648,0.0131859
266,0.980556,7.00000762939,708.229,17.8644,0.0130856
267,0.980556,7.00000762939,704.733,18.1081,0.0129861
268,0.980556,7.00000762939,700.715,17.8653,0.0128873
269,0.977778,7.99999952316,696.648,19.5463,0.0127893
270,0.980556,7.00000762939,692.822,18.1104,0.012692
271,0.980556,7.00000762939,689.919,17.8689,0.0125954
272,0.980556,7.00000762939,685.49,17.8706,0.0124996
273,0.975,8.99999141693,682.608,21.1688,0.0124046
274,0.980556,7.00000762939,677.261,17.8729,0.0123102
275,0.980556,7.00000762939,672.931,17.8747,0.0122166
276,0.980556,7.00000762939,668.633,17.8763,0.0121236
277,0.980556,7.00000762939,664.364,17.878,0.0120314
278,0.977778,7.99999952316,660.351,19.5547,0.0119399
279,0.983333,5.99999427795,656.846,16.1161,0.0118491
280,0.977778,7.99999952316,654.879,18.879,0.0117589
281,0.977778,7.99999952316,650.619,18.8804,0.0116695
282,0.972222,10.0000047684,646.924,22.9291,0.0115807
283,0.983333,5.99999427795,642.16,16.1189,0.0114926
284,0.977778,7.99999952316,639.947,18.882,0.0114052
285,0.977778,7.99999952316,636.03,19.558,0.0113185
286,0.980556,7.00000762939,633.226,18.1262,0.0112324
287,0.980556,7.00000762939,630.277,17.8879,0.0111469
288,0.980556,7.00000762939,626.346,17.8895,0.0110621
289,0.980556,7.00000762939,622.448,17.891,0.010978
290,0.977778,7.99999952316,619.038,19.5628,0.0108945
291,0.980556,7.00000762939,615.201,17.8931,0.0108116
292,0.980556,7.00000762939,611.388,17.8947,0.0107294
293,0.980556,7.00000762939,607.603,17.8962,0.0106477
294,0.977778,7.99999952316,603.884,19.5659,0.0105668
295,0.977778,7.99999952316,600.691,19.5673,0.0104864
296,0.980556,7.00000762939,597.38,18.1351,0.0104066
297,0.980556,7.00000762939,594.42,17.8997,0.0103275
298,0.977778,7.99999952316,592.401,20.3173,0.0102489
299,0.977778,7.99999952316,589.814,18.8964,0.0101709
300,0.977778,7.99999952316,586.115,18.8977,0.0100936
301,0.975,8.99999141693,582.515,21.182,0.0100168
302,0.980556,7.00000762939,579.082,17.9047,0.00994059
303,0.980556,7.00000762939,575.571,17.9062,0.00986498
304,0.980556,7.00000762939,573.003,18.1424,0.00978994
305,0.980556,7.00000762939,570.382,17.9081,0.00971547
306,0.977778,7.99999952316,567.26,19.5735,0.00964157
307,0.980556,7.00000762939,563.952,18.1444,0.00956822
308,0.980556,7.00000762939,561.707,17.91,0.00949544
309,0.977778,7.99999952316,558.408,19.5738,0.00942321
310,0.975,8.99999141693,556.53,21.1863,0.00935154
311,0.980556,7.00000762939,552.114,17.9133,0.0092804
312,0.980556,7.00000762939,548.832,17.9146,0.00920981
313,0.980556,7.00000762939,545.574,17.916,0.00913975
314,0.977778,7.99999952316,542.533,19.5778,0.00907023
315,0.983333,5.99999427795,539.932,16.146,0.00900124
316,0.977778,7.99999952316,538.315,18.9119,0.00893277
317,0.977778,7.99999952316,535.057,18.913,0.00886482
318,0.975,8.99999141693,532.276,21.1901,0.00879739
319,0.980556,7.00000762939,528.841,17.9219,0.00873047
320,0.977778,7.99999952316,525.769,20.6744,0.00866406
321,0.977778,7.99999952316,523.662,20.3248,0.00859815
322,0.980556,7.00000762939,521.838,18.1562,0.00853275
323,0.980556,7.00000762939,519.546,17.9241,0.00846784
324,0.980556,7.00000762939,516.545,17.9254,0.00840343
325,0.977778,7.99999952316,513.582,19.5837,0.00833951
326,0.977778,7.99999952316,511.057,19.5847,0.00827607
327,0.980556,7.00000762939,508.04,17.9284,0.00821312
328,0.980556,7.00000762939,505.128,17.9296,0.00815064
329,0.980556,7.00000762939,502.239,17.9308,0.00808865
330,0.977778,7.99999952316,499.514,19.5873,0.00802712
331,0.980556,7.00000762939,497.358,18.1629,0.00796606
332,0.980556,7.00000762939,495.003,17.9325,0.00790546
333,0.977778,7.99999952316,493.224,20.3288,0.00784533
334,0.977778,7.99999952316,491.449,18.925,0.00778565
335,0.977778,7.99999952316,488.603,18.926,0.00772643
336,0.977778,7.99999952316,485.778,18.927,0.00766766
337,0.975,8.99999141693,483.154,21.1969,0.00760933
338,0.980556,7.00000762939,480.51,17.9377,0.00755145
339,0.983333,5.99999427795,478.645,17.7767,0.00749401
340,0.983333,5.99999427795,476.864,17.5305,0.007437
341,0.980556,7.00000762939,474.6,19.1307,0.00738043
342,0.980556,7.00000762939,472.597,18.5441,0.00732429
343,0.986111,5.00000238419,470.266,16.6586,0.00726858
344,0.983333,5.99999427795,468.951,17.5333,0.00721329
345,0.986111,5.00000238419,468.35,17.5922,0.00715842
346,0.986111,5.00000238419,466.96,16.6594,0.00710397
347,0.988889,4.00001049042,466.074,14.6006,0.00704993
348,0.986111,5.00000238419,465.82,16.6599,0.0069963
349,0.986111,5.00000238419,464.226,16.6602,0.00694308
350,0.988889,4.00001049042,463.432,14.6017,0.00689027
351,0.986111,5.00000238419,463.11,16.6607,0.00683786
352,0.986111,5.00000238419,461.841,15.7271,0.00678584
353,0.986111,5.00000238419,461.882,16.662,0.00673423
354,0.986111,5.00000238419,460.742,16.6623,0.006683
355,0.988889,4.00001049042,459.237,14.6038,0.00663217
356,0.986111,5.00000238419,459.274,16.6628,0.00658172
357,0.988889,4.00001049042,458.198,14.6046,0.00653165
358,0.986111,5.00000238419,458.211,16.6632,0.00648197
359,0.986111,5.00000238419,456.735,16.6635,0.00643266
360,0.988889,4.00001049042,455.743,14.6056,0.00638373
361,0.986111,5.00000238419,455.695,16.664,0.00633517
362,0.983333,5.99999427795,454.515,17.5392,0.00628698
363,0.988889,4.00001049042,453.545,14.6071,0.00623916
364,0.988889,4.00001049042,453.191,14.6068,0.0061917
365,0.986111,5.00000238419,453.216,16.6649,0.0061446
366,0.986111,5.00000238419,451.815,16.6652,0.00609786
367,0.988889,4.00001049042,450.857,14.6078,0.00605148
368,0.986111,5.00000238419,450.826,16.6656,0.00600545
369,0.986111,5.00000238419,449.456,16.6659,0.00595976
370,0.988889,4.00001049042,448.578,14.6087,0.00591443
371,0.986111,5.00000238419,448.489,16.6663,0.00586944
372,0.983333,5.99999427795,447.396,17.5418,0.00582479
373,0.988889,4.00001049042,446.537,14.6101,0.00578049
374,0.986111,5.00000238419,446.437,16.6677,0.00573652
375,0.986111,5.00000238419,445.128,16.668,0.00569288
376,0.988889,4.00001049042,444.356,14.611,0.00564958
377,0.986111,5.00000238419,444.202,16.6684,0.0056066
378,0.986111,5.00000238419,442.922,16.6687,0.00556396
379,0.988889,4.00001049042,442.223,14.6119,0.00552163
380,0.986111,5.00000238419,442.016,16.6691,0.00547963
381,0.983333,5.99999427795,441.0,17.5449,0.00543795
382,0.986111,5.00000238419,440.34,17.5933,0.00539658
383,0.986111,5.00000238419,440.019,17.5936,0.00535553
384,0.986111,5.00000238419,439.857,16.6699,0.0053148
385,0.986111,5.00000238419,438.643,16.6701,0.00527437
386,0.988889,4.00001049042,437.975,14.6139,0.00523425
387,0.986111,5.00000238419,437.781,16.6705,0.00519443
388,0.986111,5.00000238419,436.594,16.6708,0.00515492
389,0.988889,4.00001049042,435.994,14.6147,0.00511571
390,0.986111,5.00000238419,435.752,16.6712,0.00507679
391,0.986111,5.00000238419,434.814,15.7416,0.00503818
392,0.986111,5.00000238419,434.829,16.6722,0.00499985
393,0.986111,5.00000238419,433.687,16.6724,0.00496182
394,0.988889,4.00001049042,432.85,14.6164,0.00492408
395,0.986111,5.00000238419,432.873,16.6728,0.00488662
396,0.988889,4.00001049042,432.067,14.617,0.00484945
397,0.986111,5.00000238419,432.072,16.6731,0.00481256
398,0.986111,5.00000238419,430.972,16.6734,0.00477596
399,0.988889,4.00001049042,430.229,14.6177,0.00473963
400,0.988889,4.00001049042,429.949,14.6176,0.00470357
401,0.986111,5.00000238419,429.974,16.6733,0.00466779
402,0.983333,5.99999427795,429.112,17.5494,0.00463229
403,0.986111,5.00000238419,428.347,17.5942,0.00459705
404,0.986111,5.00000238419,428.066,16.6744,0.00456208
405,0.986111,5.00000238419,427.288,16.6746,0.00452738
406,0.988889,4.00001049042,426.569,14.6194,0.00449294
407,0.986111,5.00000238419,426.541,16.675,0.00445877
408,0.986111,5.00000238419,425.523,16.6752,0.00442485
409,0.988889,4.00001049042,424.863,14.6202,0.00439119
410,0.986111,5.00000238419,424.793,16.6755,0.00435779
411,0.983333,5.99999427795,423.991,17.5519,0.00432464
412,0.986111,5.00000238419,423.388,17.5944,0.00429174
413,0.986111,5.00000238419,423.009,16.6766,0.0042591
414,0.986111,5.00000238419,422.281,16.6768,0.0042267
415,0.988889,4.00001049042,421.7,14.6219,0.00419455
416,0.988889,4.00001049042,421.452,14.6217,0.00416264
417,0.986111,5.00000238419,421.393,16.6767,0.00413098
418,0.986111,5.00000238419,420.447,16.6769,0.00409956
419,0.988889,4.00001049042,419.868,14.6224,0.00406837
420,0.986111,5.00000238419,419.77,16.6773,0.00403743
421,0.983333,5.99999427795,419.032,17.5538,0.00400672
422,0.986111,5.00000238419,418.519,17.5948,0.00397624
423,0.986111,5.00000238419,418.115,16.6783,0.00394599
424,0.986111,5.00000238419,417.438,16.6785,0.00391598
425,0.986111,5.00000238419,416.542,16.6787,0.00388619
426,0.988889,4.00001049042,416.065,14.6242,0.00385663
427,0.986111,5.00000238419,415.898,16.679,0.00382729
428,0.988889,4.00001049042,415.445,14.6247,0.00379818
429,0.986111,5.00000238419,415.265,16.6793,0.00376929
430,0.986111,5.00000238419,414.583,15.7527,0.00374061
431,0.986111,5.00000238419,414.572,16.68,0.00371216
432,0.986111,5.00000238419,413.721,16.6802,0.00368392
433,0.988889,4.00001049042,413.096,14.6259,0.0036559
434,0.986111,5.00000238419,413.111,16.6805,0.00362809
435,0.983333,5.99999427795,412.284,19.6113,0.00360049
436,0.988889,4.00001049042,411.703,14.6265,0.00357311
437,0.986111,5.00000238419,411.497,16.6805,0.00354593
438,0.988889,4.00001049042,411.106,14.6267,0.00351895
439,0.988889,4.00001049042,410.915,14.6268,0.00349219
440,0.986111,5.00000238419,410.929,16.6809,0.00346562
441,0.986111,5.00000238419,410.271,16.6815,0.00343926
442,0.986111,5.00000238419,409.483,16.6817,0.0034131
443,0.988889,4.00001049042,408.93,14.6278,0.00338714
444,0.986111,5.00000238419,408.917,16.6819,0.00336137
445,0.986111,5.00000238419,408.145,16.6821,0.0033358
446,0.988889,4.00001049042,407.638,14.6284,0.00331043
447,0.986111,5.00000238419,407.591,16.6824,0.00328525
448,0.988889,4.00001049042,407.103,14.6288,0.00326026
449,0.986111,5.00000238419,407.043,16.6826,0.00323546
450,0.986111,5.00000238419,406.429,16.6832,0.00321085
451,0.986111,5.00000238419,405.694,16.6834,0.00318642
452,0.988889,4.00001049042,405.249,14.6297,0.00316218
453,0.986111,5.00000238419,405.162,16.6836,0.00313813
454,0.986111,5.00000238419,404.445,19.6146,0.00311426
455,0.988889,4.00001049042,404.041,14.6303,0.00309057
456,0.988889,4.00001049042,403.853,14.6302,0.00306706
457,0.986111,5.00000238419,403.781,16.6837,0.00304373
458,0.988889,4.00001049042,403.359,14.6305,0.00302058
459,0.986111,5.00000238419,403.273,16.684,0.0029976
460,0.986111,5.00000238419,402.704,16.6845,0.0029748
461,0.986111,5.00000238419,402.022,16.6847,0.00295217
462,0.988889,4.00001049042,401.638,14.6314,0.00292972
463,0.986111,5.00000238419,401.529,16.6849,0.00290743
464,0.986111,5.00000238419,400.861,16.685,0.00288532
465,0.988889,4.00001049042,400.517,14.6319,0.00286337
466,0.986111,5.00000238419,400.379,16.6853,0.00284159
467,0.986111,5.00000238419,399.865,17.5626,0.00281997
468,0.988889,4.00001049042,399.513,14.6326,0.00279852
469,0.986111,5.00000238419,399.368,16.686,0.00277723
470,0.988889,4.00001049042,398.739,14.6328,0.00275611
471,0.986111,5.00000238419,398.744,16.6862,0.00273514
472,0.988889,4.00001049042,398.292,14.6332,0.00271434
473,0.986111,5.00000238419,398.146,16.6861,0.00269369
474,0.986111,5.00000238419,397.529,16.6862,0.0026732
475,0.988889,4.00001049042,397.235,14.6334,0.00265287
476,0.988889,4.00001049042,397.091,14.6336,0.00263269
477,0.986111,5.00000238419,397.094,16.6865,0.00261266
478,0.988889,4.00001049042,396.664,14.6339,0.00259279
479,0.986111,5.00000238419,396.656,16.6867,0.00257307
480,0.986111,5.00000238419,396.169,16.6872,0.00255349
481,0.986111,5.00000238419,395.582,16.6873,0.00253407
482,0.988889,4.00001049042,395.185,14.6346,0.00251479
483,0.986111,5.00000238419,395.157,16.6875,0.00249566
484,0.986111,5.00000238419,394.582,16.6877,0.00247668
485,0.988889,4.00001049042,394.22,14.6351,0.00245784
486,0.986111,5.00000238419,394.168,16.6879,0.00243914
487,0.986111,5.00000238419,393.704,16.6883,0.00242059
488,0.988889,4.00001049042,393.356,14.6357,0.00240218
489,0.986111,5.00000238419,393.298,16.6885,0.00238391
490,0.986111,5.00000238419,392.751,16.6886,0.00236577
491,0.988889,4.00001049042,392.434,14.6361,0.00234778
492,0.988889,4.00001049042,392.292,14.636,0.00232992
493,0.986111,5.00000238419,392.243,16.6886,0.00231219
494,0.986111,5.00000238419,391.712,16.6887,0.00229461
495,0.988889,4.00001049042,391.398,14.6364,0.00227715
496,0.986111,5.00000238419,391.327,16.6889,0.00225983
497,0.986111,5.00000238419,390.898,16.6893,0.00224264
498,0.988889,4.00001049042,390.597,14.6369,0.00222558
499,0.986111,5.00000238419,390.52,16.6895,0.00220865
500,0.986111,5.00000238419,390.013,16.6896,0.00219185
501,0.988889,4.00001049042,389.743,14.6373,0.00217518
502,0.986111,5.00000238419,389.645,16.6898,0.00215863
503,0.986111,5.00000238419,389.148,16.6899,0.00214221
504,0.988889,4.00001049042,388.907,14.6377,0.00212592
505,0.988889,4.00001049042,388.791,14.6378,0.00210975
506,0.986111,5.00000238419,388.798,16.6901,0.0020937
507,0.986111,5.00000238419,388.399,16.6905,0.00207777
508,0.986111,5.00000238419,387.922,16.6906,0.00206197
509,0.988889,4.00001049042,387.584,14.6384,0.00204628
510,0.986111,5.00000238419,387.47,16.6905,0.00203072
511,0.988889,4.00001049042,387.238,14.6385,0.00201527
512,0.988889,4.00001049042,387.127,16.6907,0.00199994
513,0.988889,4.00001049042,386.679,14.6387,0.00198473
514,0.986111,5.00000238419,386.676,16.6909,0.00196963
515,0.988889,4.00001049042,386.355,14.6389,0.00195465
516,0.986111,5.00000238419,386.345,16.691,0.00193978
517,0.986111,5.00000238419,385.975,16.6914,0.00192503
518,0.986111,5.00000238419,385.533,16.6915,0.00191038
519,0.988889,4.00001049042,385.238,14.6395,0.00189585
520,0.986111,5.00000238419,385.211,16.6916,0.00188143
521,0.988889,4.00001049042,384.928,14.6397,0.00186712
522,0.986111,5.00000238419,384.894,16.6918,0.00185292
523,0.986111,5.00000238419,384.467,16.6919,0.00183882
524,0.988889,4.00001049042,384.209,14.6401,0.00182483
525,0.986111,5.00000238419,384.157,16.6921,0.00181095
526,0.986111,5.00000238419,383.812,16.6924,0.00179718
527,0.986111,5.00000238419,383.4,16.6925,0.00178351
528,0.988889,4.00001049042,383.166,14.6406,0.00176994
529,0.988889,4.00001049042,383.056,14.6405,0.00175648
530,0.986111,5.00000238419,383.013,16.6925,0.00174312
531,0.988889,4.00001049042,382.769,14.6408,0.00172986
532,0.986111,5.00000238419,382.72,16.6926,0.0017167
533,0.986111,5.00000238419,382.324,16.6927,0.00170364
534,0.988889,4.00001049042,382.103,14.641,0.00169068
535,0.986111,5.00000238419,382.037,16.6928,0.00167782
536,0.986111,5.00000238419,381.717,16.6931,0.00166506
537,0.986111,5.00000238419,381.335,16.6932,0.00165239
538,0.988889,4.00001049042,381.135,14.6415,0.00163982
539,0.986111,5.00000238419,381.055,16.6934,0.00162735
540,0.988889,4.00001049042,380.68,16.6934,0.00161497
541,0.988889,4.00001049042,380.504,14.6418,0.00160269
542,0.988889,4.00001049042,380.415,14.6419,0.00159049
543,0.986111,5.00000238419,380.413,16.6936,0.0015784
544,0.988889,4.00001049042,380.154,14.6421,0.00156639
545,0.986111,5.00000238419,380.065,16.6936,0.00155447
546,0.986111,5.00000238419,379.769,16.6939,0.00154265
547,0.988889,4.00001049042,379.415,16.6939,0.00153092
548,0.988889,4.00001049042,379.248,14.6424,0.00151927
549,0.988889,4.00001049042,379.164,14.6425,0.00150771
550,0.986111,5.00000238419,379.162,16.6941,0.00149625
551,0.986111,5.00000238419,378.817,16.6942,0.00148486
552,0.988889,4.00001049042,378.581,14.6428,0.00147357
553,0.986111,5.00000238419,378.565,16.6943,0.00146236
554,0.988889,4.00001049042,378.339,14.643,0.00145124
555,0.986111,5.00000238419,378.317,16.6944,0.0014402
556,0.986111,5.00000238419,378.043,16.6947,0.00142924
557,0.986111,5.00000238419,377.714,16.6948,0.00141837
558,0.988889,4.00001049042,377.507,14.6434,0.00140758
559,0.986111,5.00000238419,377.475,16.6949,0.00139687
560,0.986111,5.00000238419,377.153,16.695,0.00138625
561,0.988889,4.00001049042,376.966,14.6436,0.0013757
562,0.986111,5.00000238419,376.918,16.6951,0.00136524
563,0.988889,4.00001049042,376.74,14.6438,0.00135485
564,0.986111,5.00000238419,376.687,16.6952,0.00134455
565,0.986111,5.00000238419,376.431,16.6954,0.00133432
566,0.986111,5.00000238419,376.123,16.6955,0.00132417
567,0.988889,4.00001049042,375.963,14.6442,0.0013141
568,0.988889,4.00001049042,375.881,14.6442,0.0013041
569,0.986111,5.00000238419,375.835,16.6955,0.00129418
570,0.986111,5.00000238419,375.537,16.6956,0.00128434
571,0.988889,4.00001049042,375.377,14.6444,0.00127457
572,0.986111,5.00000238419,375.32,16.6957,0.00126487
573,0.988889,4.00001049042,375.169,14.6445,0.00125525
574,0.986111,5.00000238419,375.105,16.6958,0.0012457
575,0.986111,5.00000238419,374.867,16.696,0.00123623
576,0.988889,4.00001049042,374.584,16.6961,0.00122683
577,0.988889,4.00001049042,374.448,14.6449,0.00121749
578,0.988889,4.00001049042,374.381,14.645,0.00120823
579,0.986111,5.00000238419,374.379,16.6962,0.00119904
580,0.986111,5.00000238419,374.104,16.6963,0.00118992
581,0.988889,4.00001049042,373.915,14.6452,0.00118087
582,0.986111,5.00000238419,373.9,16.6964,0.00117189
583,0.986111,5.00000238419,373.813,17.5983,0.00116297
584,0.986111,5.00000238419,373.622,16.6965,0.00115413
585,0.988889,4.00001049042,373.425,14.6454,0.00114535
586,0.986111,5.00000238419,373.426,16.6966,0.00113663
587,0.986111,5.00000238419,373.165,16.6966,0.00112799
588,0.988889,4.00001049042,372.984,14.6456,0.00111941
589,0.986111,5.00000238419,372.971,16.6967,0.00111089
590,0.986111,5.00000238419,372.716,16.6968,0.00110244
591,0.988889,4.00001049042,372.551,14.6458,0.00109406
592,0.986111,5.00000238419,372.529,16.6969,0.00108574
593,0.983333,5.99999427795,372.329,17.5751,0.00107748
594,0.988889,4.00001049042,372.163,14.6461,0.00106928
595,0.986111,5.00000238419,372.138,16.6972,0.00106115
596,0.986111,5.00000238419,371.895,16.6972,0.00105308
597,0.988889,4.00001049042,371.75,14.6463,0.00104506
598,0.986111,5.00000238419,371.713,16.6973,0.00103711
599,0.986111,5.00000238419,371.476,16.6974,0.00102923
600,0.988889,4.00001049042,371.346,14.6465,0.0010214
601,0.986111,5.00000238419,371.301,16.6975,0.00101363
602,0.983333,5.99999427795,371.115,17.5757,0.00100592
603,0.988889,4.00001049042,370.983,14.6467,0.000998266
604,0.986111,5.00000238419,370.936,16.6977,0.000990672
605,0.988889,4.00001049042,370.707,16.6978,0.000983136
606,0.988889,4.00001049042,370.597,14.6469,0.000975658
607,0.988889,4.00001049042,370.539,14.6469,0.000968237
608,0.986111,5.00000238419,370.494,16.6978,0.000960871
609,0.986111,5.00000238419,370.272,16.6978,0.000953562
610,0.988889,4.00001049042,370.164,14.647,0.000946309
611,0.988889,4.00001049042,370.113,14.6471,0.000939111
612,0.986111,5.00000238419,370.115,16.698,0.000931967
613,0.983333,5.99999427795,369.944,17.5763,0.000924878
614,0.988889,4.00001049042,369.778,14.6473,0.000917843
615,0.986111,5.00000238419,369.778,16.6982,0.000910861
616,0.986111,5.00000238419,369.569,16.6982,0.000903932
617,0.988889,4.00001049042,369.426,14.6475,0.000897056
618,0.986111,5.00000238419,369.414,16.6983,0.000890233
619,0.986111,5.00000238419,369.21,16.6984,0.000883461
620,0.988889,4.00001049042,369.078,14.6476,0.000876741
621,0.986111,5.00000238419,369.059,16.6985,0.000870072
622,0.986111,5.00000238419,368.893,16.6986,0.000863454
623,0.986111,5.00000238419,368.695,16.6987,0.000856885
624,0.988889,4.00001049042,368.575,14.6479,0.000850367
625,0.988889,4.00001049042,368.519,14.6479,0.000843899
626,0.986111,5.00000238419,368.506,16.6987,0.00083748
627,0.988889,4.00001049042,368.381,14.648,0.000831109
628,0.986111,5.00000238419,368.364,16.6987,0.000824787
629,0.986111,5.00000238419,368.174,16.6988,0.000818513
630,0.988889,4.00001049042,368.058,14.6481,0.000812287
631,0.986111,5.00000238419,368.034,16.6988,0.000806108
632,0.986111,5.00000238419,367.88,16.699,0.000799977
633,0.986111,5.00000238419,367.697,16.699,0.000793891
634,0.988889,4.00001049042,367.593,14.6484,0.000787853
635,0.986111,5.00000238419,367.561,16.6991,0.000781859
636,0.988889,4.00001049042,367.463,14.6485,0.000775912
637,0.986111,5.00000238419,367.428,16.6992,0.00077001
638,0.986111,5.00000238419,367.25,16.6992,0.000764153
639,0.988889,4.00001049042,367.163,14.6486,0.00075834
640,0.988889,4.00001049042,367.12,14.6486,0.000752572
641,0.986111,5.00000238419,367.083,16.6992,0.000746847
642,0.986111,5.00000238419,366.941,16.6993,0.000741166
643,0.986111,5.00000238419,366.77,16.6994,0.000735528
644,0.988889,4.00001049042,366.683,14.6488,0.000729933
645,0.986111,5.00000238419,366.643,16.6994,0.000724381
646,0.988889,4.00001049042,366.48,14.6489,0.000718871
647,0.986111,5.00000238419,366.479,16.6995,0.000713403
648,0.988889,4.00001049042,366.36,14.649,0.000707976
649,0.986111,5.00000238419,366.359,16.6996,0.000702591
650,0.988889,4.00001049042,366.243,14.6491,0.000697246
651,0.986111,5.00000238419,366.238,16.6996,0.000691943
652,0.986111,5.00000238419,366.106,16.6998,0.000686679
653,0.986111,5.00000238419,365.946,16.6998,0.000681456
654,0.988889,4.00001049042,365.842,14.6493,0.000676272
655,0.986111,5.00000238419,365.832,16.6998,0.000671128
656,0.986111,5.00000238419,365.677,16.6999,0.000666023
657,0.988889,4.00001049042,365.581,14.6494,0.000660957
658,0.986111,5.00000238419,365.564,16.6999,0.000655929
659,0.988889,4.00001049042,365.473,14.6495,0.00065094
660,0.986111,5.00000238419,365.452,16.7,0.000645988
661,0.986111,5.00000238419,365.328,16.7001,0.000641074
662,0.986111,5.00000238419,365.181,16.7002,0.000636198
663,0.988889,4.00001049042,365.098,14.6497,0.000631359
664,0.988889,4.00001049042,365.057,14.6496,0.000626556
665,0.986111,5.00000238419,365.04,16.7001,0.00062179
666,0.986111,5.00000238419,364.897,16.7002,0.00061706
667,0.988889,4.00001049042,364.815,14.6497,0.000612367
668,0.986111,5.00000238419,364.792,16.7002,0.000607708
669,0.988889,4.00001049042,364.714,14.6498,0.000603086
670,0.986111,5.00000238419,364.688,16.7003,0.000598498
671,0.986111,5.00000238419,364.574,16.7004,0.000593946
672,0.986111,5.00000238419,364.436,16.7004,0.000589428
673,0.988889,4.00001049042,364.365,14.65,0.000584944
674,0.988889,4.00001049042,364.336,16.7005,0.000580495
675,0.988889,4.00001049042,364.203,14.6501,0.000576079
676,0.986111,5.00000238419,364.204,16.7005,0.000571697
677,0.988889,4.00001049042,364.109,14.6501,0.000567348
678,0.986111,5.00000238419,364.106,16.7006,0.000563033
679,0.988889,4.00001049042,364.014,14.6502,0.00055875
680,0.988889,4.00001049042,363.98,16.7006,0.0005545
681,0.988889,4.00001049042,363.876,16.7007,0.000550282
682,0.988889,4.00001049042,363.75,14.6503,0.000546096
683,0.986111,5.00000238419,363.751,16.7007,0.000541942
684,0.988889,4.00001049042,363.66,14.6504,0.00053782
685,0.986111,5.00000238419,363.657,16.7008,0.000533729
686,0.986111,5.00000238419,363.535,16.7008,0.000529669
687,0.988889,4.00001049042,363.451,14.6504,0.00052564
688,0.986111,5.00000238419,363.445,16.7008,0.000521641
689,0.988889,4.00001049042,363.365,14.6505,0.000517673
690,0.986111,5.00000238419,363.355,16.7009,0.000513736
691,0.986111,5.00000238419,363.257,16.701,0.000509828
692,0.986111,5.00000238419,363.138,16.701,0.00050595
693,0.988889,4.00001049042,363.066,14.6507,0.000502101
694,0.986111,5.00000238419,363.053,16.701,0.000498282
695,0.986111,5.00000238419,362.937,16.7011,0.000494491
696,0.988889,4.00001049042,362.871,14.6508,0.00049073
697,0.986111,5.00000238419,362.853,16.7011,0.000486997
698,0.986111,5.00000238419,362.76,16.7012,0.000483293
699,0.988889,4.00001049042,362.699,14.6509,0.000479616
700,0.986111,5.00000238419,362.678,16.7012,0.000475968
701,0.986111,5.00000238419,362.568,16.7013,0.000472348
702,0.988889,4.00001049042,362.512,14.651,0.000468755
703,0.988889,4.00001049042,362.482,14.651,0.000465189
704,0.986111,5.00000238419,362.465,16.7013,0.000461651
705,0.986111,5.00000238419,362.359,16.7013,0.000458139
706,0.988889,4.00001049042,362.304,14.651,0.000454654
707,0.986111,5.00000238419,362.281,16.7013,0.000451196
708,0.986111,5.00000238419,362.194,16.7014,0.000447763
709,0.988889,4.00001049042,362.091,16.7014,0.000444358
710,0.988889,4.00001049042,362.041,14.6512,0.000440977
711,0.988889,4.00001049042,362.017,14.6512,0.000437623
712,0.986111,5.00000238419,362.016,16.7015,0.000434294
713,0.988889,4.00001049042,361.943,14.6512,0.00043099
714,0.986111,5.00000238419,361.941,16.7015,0.000427712
715,0.986111,5.00000238419,361.843,16.7016,0.000424459
716,0.988889,4.00001049042,361.776,14.6513,0.00042123
717,0.986111,5.00000238419,361.77,16.7016,0.000418026
718,0.983333,5.99999427795,361.694,17.5802,0.000414846
719,0.988889,4.00001049042,361.628,17.5993,0.00041169
720,0.988889,4.00001049042,361.602,17.5993,0.000408559
721,0.986111,5.00000238419,361.599,16.7017,0.000405451
722,0.986111,5.00000238419,361.507,16.7017,0.000402367
723,0.988889,4.00001049042,361.443,14.6515,0.000399306
724,0.986111,5.00000238419,361.438,16.7017,0.000396269
725,0.986111,5.00000238419,361.347,16.7017,0.000393255
726,0.988889,4.00001049042,361.288,14.6516,0.000390263
727,0.986111,5.00000238419,361.28,16.7018,0.000387295
728,0.983333,5.99999427795,361.207,17.5804,0.000384349
729,0.986111,5.00000238419,361.152,17.5993,0.000381425
730,0.986111,5.00000238419,361.118,16.7019,0.000378524
731,0.986111,5.00000238419,361.05,16.7019,0.000375644
732,0.988889,4.00001049042,361.0,14.6517,0.000372787
733,0.986111,5.00000238419,360.987,16.7019,0.000369951
734,0.986111,5.00000238419,360.902,16.702,0.000367137
735,0.988889,4.00001049042,360.857,14.6518,0.000364344
736,0.988889,4.00001049042,360.838,16.702,0.000361573
737,0.986111,5.00000238419,360.771,16.7021,0.000358823
738,0.988889,4.00001049042,360.687,16.7021,0.000356093
739,0.988889,4.00001049042,360.648,14.6519,0.000353385
740,0.988889,4.00001049042,360.627,14.6519,0.000350696
741,0.986111,5.00000238419,360.609,16.7021,0.000348029
742,0.988889,4.00001049042,360.566,14.6519,0.000345381
743,0.988889,4.00001049042,360.55,16.7021,0.000342754
744,0.988889,4.00001049042,360.469,16.7021,0.000340147
745,0.988889,4.00001049042,360.432,14.652,0.00033756
746,0.988889,4.00001049042,360.414,14.652,0.000334992
747,0.986111,5.00000238419,360.413,16.7022,0.000332444
748,0.986111,5.00000238419,360.35,16.7022,0.000329915
749,0.986111,5.00000238419,360.273,16.7022,0.000327405
750,0.988889,4.00001049042,360.22,14.6521,0.000324915
751,0.986111,5.00000238419,360.216,16.7023,0.000322443
752,0.986111,5.00000238419,360.142,16.7023,0.000319991
753,0.988889,4.00001049042,360.094,14.6522,0.000317557
754,0.986111,5.00000238419,360.087,16.7023,0.000315141
755,0.988889,4.00001049042,360.042,14.6522,0.000312744
756,0.986111,5.00000238419,360.034,16.7023,0.000310365
757,0.986111,5.00000238419,359.975,16.7024,0.000308004
758,0.986111,5.00000238419,359.903,16.7024,0.000305661
759,0.988889,4.00001049042,359.862,14.6523,0.000303336
760,0.986111,5.00000238419,359.852,16.7024,0.000301029
761,0.986111,5.00000238419,359.783,19.6352,0.000298739
762,0.988889,4.00001049042,359.744,14.6524,0.000296466
763,0.988889,4.00001049042,359.726,14.6523,0.000294211
764,0.986111,5.00000238419,359.717,16.7025,0.000291973
765,0.988889,4.00001049042,359.676,14.6524,0.000289752
766,0.986111,5.00000238419,359.666,16.7025,0.000287548
767,0.986111,5.00000238419,359.612,16.7025,0.000285361
768,0.986111,5.00000238419,359.546,16.7026,0.00028319
769,0.988889,4.00001049042,359.51,14.6525,0.000281036
770,0.986111,5.00000238419,359.497,16.7026,0.000278899
771,0.988889,4.00001049042,359.432,16.7026,0.000276777
772,0.988889,4.00001049042,359.401,14.6525,0.000274672
773,0.988889,4.00001049042,359.386,14.6525,0.000272582
774,0.986111,5.00000238419,359.387,16.7026,0.000270509
775,0.988889,4.00001049042,359.34,14.6526,0.000268451
776,0.986111,5.00000238419,359.34,16.7026,0.000266409
777,0.986111,5.00000238419,359.289,16.7027,0.000264383
778,0.986111,5.00000238419,359.228,16.7027,0.000262372
779,0.988889,4.00001049042,359.186,14.6526,0.000260376
780,0.988889,4.00001049042,359.172,16.7027,0.000258395
781,0.988889,4.00001049042,359.113,14.6527,0.00025643
782,0.986111,5.00000238419,359.113,16.7027,0.000254479
783,0.988889,4.00001049042,359.071,14.6527,0.000252543
784,0.986111,5.00000238419,359.069,16.7027,0.000250622
785,0.988889,4.00001049042,359.028,14.6527,0.000248716
786,0.986111,5.00000238419,359.026,16.7028,0.000246824
787,0.986111,5.00000238419,358.978,16.7028,0.000244947
788,0.986111,5.00000238419,358.922,16.7028,0.000243083
789,0.988889,4.00001049042,358.885,14.6528,0.000241234
790,0.986111,5.00000238419,358.881,16.7028,0.000239399
791,0.986111,5.00000238419,358.827,16.7029,0.000237578
792,0.988889,4.00001049042,358.791,14.6528,0.000235771
793,0.986111,5.00000238419,358.785,16.7029,0.000233978
794,0.986111,5.00000238419,358.74,16.7029,0.000232198
795,0.988889,4.00001049042,358.708,14.6529,0.000230432
796,0.986111,5.00000238419,358.7,16.7029,0.000228679
797,0.986111,5.00000238419,358.648,16.703,0.000226939
798,0.988889,4.00001049042,358.618,14.6529,0.000225213
799,0.988889,4.00001049042,358.605,14.6529,0.0002235
800,0.986111,5.00000238419,358.597,16.703,0.0002218
801,0.986111,5.00000238419,358.545,16.703,0.000220113
802,0.988889,4.00001049042,358.518,14.653,0.000218438
803,0.986111,5.00000238419,358.508,16.703,0.000216777
804,0.986111,5.00000238419,358.469,17.5817,0.000215128
805,0.988889,4.00001049042,358.44,17.5996,0.000213491
806,0.988889,4.00001049042,358.429,16.703,0.000211868
807,0.988889,4.00001049042,358.381,16.7031,0.000210256
808,0.988889,4.00001049042,358.357,14.6531,0.000208656
809,0.988889,4.00001049042,358.345,14.6531,0.000207069
810,0.986111,5.00000238419,358.346,16.7031,0.000205494
811,0.986111,5.00000238419,358.298,16.7031,0.000203931
812,0.988889,4.00001049042,358.264,14.6531,0.00020238
813,0.986111,5.00000238419,358.263,16.7031,0.00020084
814,0.983333,5.99999427795,358.226,17.5818,0.000199313
815,0.988889,4.00001049042,358.192,17.5996,0.000197797
816,0.986111,5.00000238419,358.19,16.7032,0.000196292
817,0.986111,5.00000238419,358.143,16.7032,0.000194799
818,0.988889,4.00001049042,358.116,14.6532,0.000193317
819,0.988889,4.00001049042,358.102,14.6532,0.000191847
820,0.986111,5.00000238419,358.101,16.7032,0.000190387
821,0.986111,5.00000238419,358.056,16.7032,0.000188939
822,0.988889,4.00001049042,358.027,14.6532,0.000187502
823,0.986111,5.00000238419,358.024,16.7032,0.000186076
824,0.983333,5.99999427795,357.991,17.5819,0.00018466
825,0.988889,4.00001049042,357.962,17.5997,0.000183256
826,0.986111,5.00000238419,357.947,16.7033,0.000181862
827,0.986111,5.00000238419,357.915,16.7033,0.000180478
828,0.988889,4.00001049042,357.889,14.6533,0.000179105
829,0.986111,5.00000238419,357.883,16.7033,0.000177743
830,0.986111,5.00000238419,357.843,16.7033,0.000176391
831,0.988889,4.00001049042,357.821,14.6533,0.000175049
832,0.988889,4.00001049042,357.813,16.7033,0.000173718
833,0.986111,5.00000238419,357.779,16.7033,0.000172396
834,0.988889,4.00001049042,357.738,16.7033,0.000171085
835,0.988889,4.00001049042,357.719,14.6534,0.000169783
836,0.988889,4.00001049042,357.711,16.7034,0.000168492
837,0.988889,4.00001049042,357.672,14.6534,0.00016721
838,0.988889,4.00001049042,357.665,16.7034,0.000165938
839,0.988889,4.00001049042,357.644,14.6534,0.000164676
840,0.988889,4.00001049042,357.635,16.7034,0.000163424
841,0.988889,4.00001049042,357.617,14.6534,0.00016218
842,0.988889,4.00001049042,357.608,16.7034,0.000160947
843,0.988889,4.00001049042,357.577,16.7034,0.000159723
844,0.988889,4.00001049042,357.541,14.6535,0.000158508
845,0.986111,5.00000238419,357.541,16.7034,0.000157302
846,0.988889,4.00001049042,357.514,14.6535,0.000156105
847,0.986111,5.00000238419,357.514,16.7034,0.000154918
848,0.988889,4.00001049042,357.488,14.6535,0.000153739
849,0.986111,5.00000238419,357.488,16.7035,0.00015257
850,0.986111,5.00000238419,357.452,16.7035,0.000151409
851,0.988889,4.00001049042,357.429,14.6535,0.000150258
852,0.986111,5.00000238419,357.426,16.7035,0.000149115
853,0.986111,5.00000238419,357.398,16.7035,0.00014798
854,0.986111,5.00000238419,357.364,16.7035,0.000146855
855,0.988889,4.00001049042,357.342,14.6536,0.000145738
856,0.986111,5.00000238419,357.339,16.7035,0.000144629
857,0.986111,5.00000238419,357.305,16.7035,0.000143529
858,0.988889,4.00001049042,357.286,14.6536,0.000142437
859,0.988889,4.00001049042,357.277,14.6536,0.000141354
860,0.986111,5.00000238419,357.273,16.7035,0.000140279
861,0.988889,4.00001049042,357.252,14.6536,0.000139211
862,0.986111,5.00000238419,357.249,16.7035,0.000138153
863,0.986111,5.00000238419,357.223,16.7036,0.000137102
864,0.986111,5.00000238419,357.191,16.7036,0.000136059
865,0.988889,4.00001049042,357.172,14.6537,0.000135024
866,0.988889,4.00001049042,357.169,16.7036,0.000133997
867,0.988889,4.00001049042,357.136,16.7036,0.000132977
868,0.988889,4.00001049042,357.121,14.6537,0.000131966
869,0.988889,4.00001049042,357.115,16.7036,0.000130962
870,0.988889,4.00001049042,357.099,14.6537,0.000129966
871,0.988889,4.00001049042,357.092,16.7036,0.000128977
872,0.988889,4.00001049042,357.067,16.7036,0.000127996
873,0.988889,4.00001049042,357.038,14.6537,0.000127023
874,0.986111,5.00000238419,357.038,16.7037,0.000126056
0.986111,357.038,3.405900478363037,1.5625,0.221100429931,0.0654962978593
