1,10,0.1,2,1000, .1 
0,0.516667,174.000005722,1.55142e+06,1014.84,0.0993624
1,0.527778,169.999995232,1.26216e+06,915.699,0.097474
2,0.563889,156.999993324,1.03784e+06,798.48,0.0956215
3,0.575,153.000004292,865902.0,721.382,0.0938042
4,0.591667,147.000010014,728784.0,659.325,0.0920214
5,0.608333,140.999994278,620545.0,586.701,0.0902725
6,0.627778,134.000008106,535303.0,532.514,0.0885569
7,0.644444,127.999992371,468039.0,481.4,0.0868738
8,0.663889,121.000006199,411295.0,423.369,0.0852228
9,0.683333,113.999998569,368353.0,383.533,0.0836031
10,0.683333,113.999998569,332206.0,356.908,0.0820142
11,0.691667,111.000001431,301336.0,345.496,0.0804555
12,0.7,108.000004292,274384.0,320.768,0.0789264
13,0.713889,103.000001907,251426.0,297.867,0.0774264
14,0.722222,100.000004768,231757.0,283.481,0.0759549
15,0.722222,100.000004768,213824.0,272.598,0.0745113
16,0.730556,97.0000076294,198410.0,258.001,0.0730952
17,0.738889,94.0000104904,184505.0,238.803,0.071706
18,0.752778,89.0000081062,173089.0,225.978,0.0703432
19,0.766667,84.000005722,163016.0,212.819,0.0690063
20,0.766667,84.000005722,153938.0,211.683,0.0676948
21,0.772222,82.0000004768,145184.0,206.109,0.0664083
22,0.780556,79.0000033379,137397.0,196.267,0.0651462
23,0.777778,79.9999952316,130365.0,197.11,0.063908
24,0.786111,76.9999980927,123562.0,188.633,0.0626935
25,0.786111,76.9999980927,117340.0,186.883,0.061502
26,0.797222,73.0000090599,111598.0,177.617,0.0603331
27,0.802778,71.0000038147,106309.0,173.163,0.0591864
28,0.808333,68.9999985695,101482.0,167.301,0.0580616
29,0.813889,66.9999933243,97155.9,162.999,0.0569581
30,0.808333,68.9999985695,92931.7,163.751,0.0558756
31,0.822222,63.9999961853,88923.3,156.367,0.0548137
32,0.827778,61.9999909401,85550.7,150.291,0.0537719
33,0.836111,58.9999938011,82397.2,145.202,0.05275
34,0.838889,58.0000019073,79447.9,144.961,0.0517474
35,0.841667,57.0000100136,76545.8,143.409,0.050764
36,0.844444,55.9999966621,73794.6,142.84,0.0497992
37,0.852778,52.9999995232,71279.2,136.301,0.0488527
38,0.852778,52.9999995232,68976.1,133.617,0.0479243
39,0.858333,50.999994278,66905.8,132.256,0.0470135
40,0.858333,50.999994278,64850.9,132.78,0.04612
41,0.858333,50.999994278,62820.3,133.323,0.0452434
42,0.855556,52.0000076294,60813.1,133.473,0.0443836
43,0.861111,50.0000023842,58843.9,132.248,0.04354
44,0.863889,49.0000104904,56988.8,129.071,0.0427126
45,0.866667,47.999997139,55299.1,127.409,0.0419008
46,0.869444,47.0000052452,53659.4,126.1,0.0411045
47,0.869444,47.0000052452,52080.4,126.586,0.0403233
48,0.875,45.0,50639.2,118.215,0.0395569
49,0.880556,42.9999947548,49305.4,115.226,0.0388051
50,0.880556,42.9999947548,48051.9,115.571,0.0380676
51,0.888889,39.9999976158,46835.0,109.517,0.0373441
52,0.888889,39.9999976158,45769.9,109.89,0.0366344
53,0.891667,39.000005722,44718.7,110.514,0.0359381
54,0.891667,39.000005722,43691.3,110.9,0.0352551
55,0.894444,37.9999923706,42668.0,109.273,0.0345851
56,0.897222,37.0000004768,41703.9,105.494,0.0339278
57,0.897222,37.0000004768,40831.4,105.793,0.033283
58,0.897222,37.0000004768,39970.6,106.094,0.0326504
59,0.897222,37.0000004768,39121.6,106.395,0.0320299
60,0.9,36.0000085831,38286.8,105.436,0.0314212
61,0.9,36.0000085831,37485.4,105.727,0.030824
62,0.9,36.0000085831,36694.9,106.02,0.0302382
63,0.9,36.0000085831,35915.3,106.312,0.0296635
64,0.9,36.0000085831,35146.3,106.605,0.0290997
65,0.9,36.0000085831,34387.9,106.897,0.0285467
66,0.9,36.0000085831,33639.9,107.189,0.0280041
67,0.902778,34.9999952316,32906.6,106.739,0.0274719
68,0.905556,34.0000033379,32220.1,102.007,0.0269498
69,0.905556,34.0000033379,31549.6,102.256,0.0264376
70,0.905556,34.0000033379,30888.7,102.506,0.0259352
71,0.908333,32.9999899864,30238.7,101.458,0.0254423
72,0.908333,32.9999899864,29612.3,101.725,0.0249587
73,0.911111,31.9999980927,28998.5,97.8452,0.0244844
74,0.913889,31.0000061989,28420.2,96.3353,0.024019
75,0.913889,31.0000061989,27872.6,96.5687,0.0235625
76,0.913889,31.0000061989,27332.7,96.8008,0.0231147
77,0.916667,29.9999928474,26803.5,91.4049,0.0226754
78,0.919444,29.0000009537,26358.1,89.693,0.0222445
79,0.919444,29.0000009537,25940.4,89.8278,0.0218217
80,0.922222,28.0000090599,25536.9,84.32,0.021407
81,0.922222,28.0000090599,25192.4,84.4147,0.0210001
82,0.922222,28.0000090599,24853.6,84.509,0.020601
83,0.922222,28.0000090599,24520.5,84.6029,0.0202095
84,0.922222,28.0000090599,24192.9,84.6964,0.0198254
85,0.925,26.9999957085,23896.4,75.4261,0.0194486
86,0.927778,26.0000038147,23639.4,71.4595,0.019079
87,0.927778,26.0000038147,23390.0,71.5308,0.0187164
88,0.927778,26.0000038147,23145.0,71.6015,0.0183607
89,0.927778,26.0000038147,22904.2,71.6718,0.0180117
90,0.927778,26.0000038147,22667.6,71.7414,0.0176694
91,0.927778,26.0000038147,22435.2,71.8105,0.0173336
92,0.927778,26.0000038147,22206.7,71.8791,0.0170042
93,0.927778,26.0000038147,21982.3,71.947,0.016681
94,0.927778,26.0000038147,21761.8,72.0143,0.016364
95,0.927778,26.0000038147,21545.2,72.081,0.016053
96,0.927778,26.0000038147,21332.3,72.147,0.0157479
97,0.927778,26.0000038147,21123.2,72.2124,0.0154486
98,0.927778,26.0000038147,20917.7,72.2772,0.015155
99,0.927778,26.0000038147,20715.8,72.3412,0.014867
100,0.927778,26.0000038147,20517.5,72.4046,0.0145844
101,0.930556,24.9999904633,20331.0,68.1058,0.0143072
102,0.930556,24.9999904633,20150.0,68.1539,0.0140353
103,0.930556,24.9999904633,19972.2,68.2017,0.0137686
104,0.930556,24.9999904633,19797.5,68.249,0.0135069
105,0.930556,24.9999904633,19625.9,68.2958,0.0132502
106,0.930556,24.9999904633,19457.4,68.3422,0.0129984
107,0.930556,24.9999904633,19291.9,68.3881,0.0127513
108,0.930556,24.9999904633,19129.3,68.4335,0.012509
109,0.930556,24.9999904633,18969.7,68.4784,0.0122713
110,0.930556,24.9999904633,18812.8,68.5229,0.012038
111,0.933333,23.9999985695,18662.8,63.5741,0.0118092
112,0.933333,23.9999985695,18534.1,63.6191,0.0115848
113,0.936111,23.0000066757,18408.1,61.111,0.0113646
114,0.936111,23.0000066757,18293.2,61.1504,0.0111486
115,0.936111,23.0000066757,18180.4,61.1892,0.0109368
116,0.936111,23.0000066757,18069.7,61.2276,0.0107289
117,0.936111,23.0000066757,17960.9,61.2654,0.010525
118,0.936111,23.0000066757,17854.0,61.3027,0.010325
119,0.936111,23.0000066757,17749.1,61.3396,0.0101287
120,0.936111,23.0000066757,17646.1,61.3758,0.00993624
121,0.936111,23.0000066757,17544.9,61.4116,0.0097474
122,0.936111,23.0000066757,17445.5,61.4469,0.00956215
123,0.936111,23.0000066757,17347.9,61.4817,0.00938042
124,0.936111,23.0000066757,17252.0,61.516,0.00920214
125,0.936111,23.0000066757,17157.9,61.5497,0.00902725
126,0.936111,23.0000066757,17065.5,61.583,0.00885569
127,0.936111,23.0000066757,16974.8,61.6158,0.00868738
128,0.938889,21.9999933243,16889.6,59.03,0.00852228
129,0.938889,21.9999933243,16811.5,59.0543,0.00836031
130,0.938889,21.9999933243,16734.8,59.0783,0.00820142
131,0.938889,21.9999933243,16659.6,59.1018,0.00804555
132,0.938889,21.9999933243,16585.7,59.1251,0.00789264
133,0.938889,21.9999933243,16513.2,59.148,0.00774264
134,0.938889,21.9999933243,16442.0,59.1705,0.00759549
135,0.938889,21.9999933243,16372.1,59.1927,0.00745113
136,0.938889,21.9999933243,16303.5,59.2146,0.00730952
137,0.938889,21.9999933243,16236.2,59.2362,0.0071706
138,0.938889,21.9999933243,16170.1,59.2574,0.00703432
139,0.938889,21.9999933243,16105.2,59.2783,0.00690063
140,0.938889,21.9999933243,16041.5,59.2988,0.00676948
141,0.938889,21.9999933243,15979.0,59.3191,0.00664083
142,0.938889,21.9999933243,15917.6,59.339,0.00651462
143,0.938889,21.9999933243,15857.3,59.3586,0.00639081
144,0.938889,21.9999933243,15798.2,59.3779,0.00626935
145,0.938889,21.9999933243,15740.2,59.3969,0.0061502
146,0.938889,21.9999933243,15683.2,59.4156,0.00603331
147,0.938889,21.9999933243,15627.3,59.4339,0.00591865
148,0.938889,21.9999933243,15572.4,59.452,0.00580616
149,0.938889,21.9999933243,15518.6,59.4698,0.00569581
150,0.938889,21.9999933243,15465.7,59.4874,0.00558756
151,0.938889,21.9999933243,15413.8,59.5046,0.00548137
152,0.938889,21.9999933243,15362.9,59.5215,0.00537719
153,0.938889,21.9999933243,15312.9,59.5382,0.005275
154,0.938889,21.9999933243,15263.8,59.5546,0.00517474
155,0.938889,21.9999933243,15215.6,59.5707,0.0050764
156,0.938889,21.9999933243,15168.4,59.5866,0.00497992
157,0.938889,21.9999933243,15122.0,59.6022,0.00488527
158,0.938889,21.9999933243,15076.5,59.6175,0.00479243
159,0.941667,21.0000014305,15033.4,57.371,0.00470135
160,0.941667,21.0000014305,14993.5,57.3839,0.004612
161,0.941667,21.0000014305,14954.4,57.3965,0.00452434
162,0.941667,21.0000014305,14916.0,57.409,0.00443836
163,0.941667,21.0000014305,14878.3,57.4212,0.004354
164,0.941667,21.0000014305,14841.3,57.4332,0.00427126
165,0.941667,21.0000014305,14805.0,57.4451,0.00419008
166,0.941667,21.0000014305,14769.4,57.4567,0.00411045
167,0.941667,21.0000014305,14734.5,57.4681,0.00403232
168,0.941667,21.0000014305,14700.2,57.4793,0.00395569
169,0.941667,21.0000014305,14666.5,57.4904,0.00388051
170,0.941667,21.0000014305,14633.5,57.5012,0.00380676
171,0.941667,21.0000014305,14601.1,57.5119,0.00373441
172,0.944444,20.0000095367,14569.3,55.4815,0.00366344
173,0.944444,20.0000095367,14540.5,55.4888,0.00359381
174,0.944444,20.0000095367,14512.2,55.496,0.00352551
175,0.944444,20.0000095367,14484.4,55.503,0.00345851
176,0.944444,20.0000095367,14457.2,55.5099,0.00339278
177,0.944444,20.0000095367,14430.5,55.5167,0.0033283
178,0.944444,20.0000095367,14404.3,55.5233,0.00326504
179,0.944444,20.0000095367,14378.5,55.5299,0.00320299
180,0.944444,20.0000095367,14353.3,55.5363,0.00314212
181,0.944444,20.0000095367,14328.5,55.5427,0.0030824
182,0.944444,20.0000095367,14304.2,55.5489,0.00302382
183,0.944444,20.0000095367,14280.4,55.555,0.00296635
184,0.944444,20.0000095367,14257.0,55.561,0.00290997
185,0.944444,20.0000095367,14234.0,55.5669,0.00285467
186,0.944444,20.0000095367,14211.5,55.5727,0.00280041
187,0.944444,20.0000095367,14189.4,55.5784,0.00274719
188,0.944444,20.0000095367,14167.7,55.584,0.00269498
189,0.944444,20.0000095367,14146.5,55.5895,0.00264376
190,0.944444,20.0000095367,14125.6,55.5949,0.00259352
191,0.944444,20.0000095367,14105.1,55.6002,0.00254423
192,0.944444,20.0000095367,14085.0,55.6054,0.00249587
193,0.944444,20.0000095367,14065.3,55.6105,0.00244844
194,0.944444,20.0000095367,14046.0,55.6155,0.0024019
195,0.944444,20.0000095367,14027.0,55.6205,0.00235625
196,0.944444,20.0000095367,14008.4,55.6253,0.00231147
197,0.944444,20.0000095367,13990.1,55.6301,0.00226754
198,0.944444,20.0000095367,13972.2,55.6348,0.00222445
199,0.944444,20.0000095367,13954.6,55.6394,0.00218217
200,0.944444,20.0000095367,13937.3,55.6439,0.0021407
201,0.944444,20.0000095367,13920.4,55.6483,0.00210001
202,0.944444,20.0000095367,13903.8,55.6527,0.0020601
203,0.944444,20.0000095367,13887.5,55.657,0.00202095
204,0.944444,20.0000095367,13871.5,55.6612,0.00198254
205,0.944444,20.0000095367,13855.8,55.6653,0.00194486
206,0.944444,20.0000095367,13840.5,55.6693,0.0019079
207,0.944444,20.0000095367,13825.4,55.6733,0.00187164
208,0.944444,20.0000095367,13810.5,55.6772,0.00183607
209,0.944444,20.0000095367,13796.0,55.6811,0.00180117
210,0.944444,20.0000095367,13781.8,55.6848,0.00176694
211,0.944444,20.0000095367,13767.8,55.6885,0.00173336
212,0.944444,20.0000095367,13754.0,55.6922,0.00170042
213,0.944444,20.0000095367,13740.6,55.6957,0.0016681
214,0.944444,20.0000095367,13727.4,55.6992,0.0016364
215,0.944444,20.0000095367,13714.4,55.7027,0.0016053
216,0.944444,20.0000095367,13701.7,55.706,0.00157479
217,0.944444,20.0000095367,13689.2,55.7094,0.00154486
218,0.944444,20.0000095367,13677.0,55.7126,0.0015155
219,0.944444,20.0000095367,13665.0,55.7158,0.0014867
220,0.944444,20.0000095367,13653.2,55.7189,0.00145844
221,0.944444,20.0000095367,13641.6,55.722,0.00143072
222,0.944444,20.0000095367,13630.3,55.7251,0.00140353
223,0.944444,20.0000095367,13619.2,55.728,0.00137686
224,0.944444,20.0000095367,13608.3,55.7309,0.00135069
225,0.944444,20.0000095367,13597.6,55.7338,0.00132502
226,0.944444,20.0000095367,13587.0,55.7366,0.00129984
227,0.944444,20.0000095367,13576.7,55.7394,0.00127513
228,0.944444,20.0000095367,13566.6,55.7421,0.0012509
229,0.944444,20.0000095367,13556.7,55.7447,0.00122713
230,0.944444,20.0000095367,13547.0,55.7473,0.0012038
231,0.944444,20.0000095367,13537.4,55.7499,0.00118092
232,0.944444,20.0000095367,13528.1,55.7524,0.00115848
233,0.944444,20.0000095367,13518.9,55.7549,0.00113646
234,0.944444,20.0000095367,13509.9,55.7573,0.00111486
235,0.944444,20.0000095367,13501.0,55.7597,0.00109368
236,0.944444,20.0000095367,13492.3,55.762,0.00107289
237,0.944444,20.0000095367,13483.8,55.7643,0.0010525
238,0.944444,20.0000095367,13475.5,55.7665,0.0010325
239,0.944444,20.0000095367,13467.3,55.7687,0.00101287
240,0.944444,20.0000095367,13459.2,55.7709,0.000993624
241,0.944444,20.0000095367,13451.3,55.773,0.00097474
242,0.944444,20.0000095367,13443.6,55.7751,0.000956215
243,0.944444,20.0000095367,13436.0,55.7771,0.000938042
244,0.944444,20.0000095367,13428.6,55.7792,0.000920214
245,0.944444,20.0000095367,13421.3,55.7811,0.000902725
246,0.944444,20.0000095367,13414.1,55.7831,0.000885569
247,0.944444,20.0000095367,13407.1,55.785,0.000868738
248,0.944444,20.0000095367,13400.2,55.7868,0.000852228
249,0.944444,20.0000095367,13393.4,55.7887,0.000836031
250,0.944444,20.0000095367,13386.8,55.7905,0.000820142
251,0.944444,20.0000095367,13380.2,55.7922,0.000804555
252,0.944444,20.0000095367,13373.8,55.7939,0.000789264
253,0.944444,20.0000095367,13367.6,55.7956,0.000774264
254,0.944444,20.0000095367,13361.4,55.7973,0.000759549
255,0.944444,20.0000095367,13355.4,55.7989,0.000745113
256,0.944444,20.0000095367,13349.5,55.8005,0.000730952
257,0.944444,20.0000095367,13343.7,55.8021,0.00071706
258,0.944444,20.0000095367,13338.0,55.8037,0.000703432
259,0.944444,20.0000095367,13332.4,55.8052,0.000690063
260,0.944444,20.0000095367,13326.9,55.8067,0.000676948
261,0.944444,20.0000095367,13321.5,55.8081,0.000664083
262,0.944444,20.0000095367,13316.2,55.8096,0.000651462
263,0.944444,20.0000095367,13311.1,55.811,0.000639081
264,0.944444,20.0000095367,13306.0,55.8123,0.000626934
265,0.944444,20.0000095367,13301.0,55.8137,0.00061502
266,0.944444,20.0000095367,13296.1,55.815,0.000603331
267,0.944444,20.0000095367,13291.3,55.8163,0.000591865
268,0.944444,20.0000095367,13286.6,55.8176,0.000580616
269,0.944444,20.0000095367,13282.0,55.8189,0.000569581
270,0.944444,20.0000095367,13277.5,55.8201,0.000558756
271,0.944444,20.0000095367,13273.0,55.8213,0.000548137
272,0.944444,20.0000095367,13268.7,55.8225,0.000537719
273,0.944444,20.0000095367,13264.4,55.8237,0.0005275
274,0.944444,20.0000095367,13260.2,55.8248,0.000517474
275,0.944444,20.0000095367,13256.1,55.8259,0.00050764
276,0.944444,20.0000095367,13252.1,55.827,0.000497992
277,0.944444,20.0000095367,13248.1,55.8281,0.000488527
278,0.944444,20.0000095367,13244.2,55.8292,0.000479243
279,0.944444,20.0000095367,13240.4,55.8302,0.000470135
280,0.944444,20.0000095367,13236.7,55.8312,0.0004612
281,0.944444,20.0000095367,13233.0,55.8322,0.000452434
282,0.944444,20.0000095367,13229.4,55.8332,0.000443836
283,0.944444,20.0000095367,13225.9,55.8342,0.0004354
284,0.944444,20.0000095367,13222.4,55.8351,0.000427126
285,0.944444,20.0000095367,13219.0,55.836,0.000419008
286,0.944444,20.0000095367,13215.7,55.8369,0.000411045
287,0.944444,20.0000095367,13212.4,55.8378,0.000403232
288,0.944444,20.0000095367,13209.2,55.8387,0.000395569
289,0.944444,20.0000095367,13206.0,55.8396,0.000388051
290,0.944444,20.0000095367,13203.0,55.8404,0.000380676
291,0.944444,20.0000095367,13199.9,55.8412,0.000373441
292,0.944444,20.0000095367,13197.0,55.8421,0.000366344
293,0.944444,20.0000095367,13194.0,55.8428,0.000359381
294,0.944444,20.0000095367,13191.2,55.8436,0.000352551
295,0.944444,20.0000095367,13188.4,55.8444,0.000345851
296,0.944444,20.0000095367,13185.6,55.8451,0.000339278
297,0.944444,20.0000095367,13182.9,55.8459,0.00033283
298,0.944444,20.0000095367,13180.3,55.8466,0.000326504
299,0.944444,20.0000095367,13177.7,55.8473,0.000320299
300,0.944444,20.0000095367,13175.1,55.848,0.000314212
301,0.944444,20.0000095367,13172.6,55.8487,0.00030824
302,0.944444,20.0000095367,13170.2,55.8494,0.000302382
303,0.944444,20.0000095367,13167.8,55.85,0.000296635
304,0.944444,20.0000095367,13165.4,55.8507,0.000290997
305,0.944444,20.0000095367,13163.1,55.8513,0.000285467
306,0.944444,20.0000095367,13160.8,55.8519,0.000280041
307,0.944444,20.0000095367,13158.6,55.8525,0.000274719
308,0.944444,20.0000095367,13156.4,55.8531,0.000269498
309,0.944444,20.0000095367,13154.3,55.8537,0.000264376
310,0.944444,20.0000095367,13152.2,55.8543,0.000259352
311,0.947222,18.9999961853,13150.2,50.8555,0.000254423
312,0.947222,18.9999961853,13148.6,50.8556,0.000249587
313,0.947222,18.9999961853,13147.0,50.8557,0.000244844
314,0.947222,18.9999961853,13145.4,50.8558,0.00024019
315,0.947222,18.9999961853,13143.9,50.8559,0.000235625
316,0.947222,18.9999961853,13142.5,50.856,0.000231147
317,0.947222,18.9999961853,13141.0,50.8561,0.000226754
318,0.947222,18.9999961853,13139.6,50.8562,0.000222445
319,0.947222,18.9999961853,13138.2,50.8563,0.000218217
320,0.947222,18.9999961853,13136.8,50.8564,0.00021407
321,0.947222,18.9999961853,13135.4,50.8565,0.000210001
322,0.947222,18.9999961853,13134.1,50.8566,0.00020601
323,0.947222,18.9999961853,13132.8,50.8567,0.000202095
324,0.947222,18.9999961853,13131.5,50.8567,0.000198254
325,0.947222,18.9999961853,13130.3,50.8568,0.000194486
326,0.947222,18.9999961853,13129.1,50.8569,0.00019079
327,0.947222,18.9999961853,13127.9,50.857,0.000187164
328,0.947222,18.9999961853,13126.7,50.8571,0.000183607
329,0.947222,18.9999961853,13125.5,50.8572,0.000180117
330,0.947222,18.9999961853,13124.4,50.8572,0.000176694
331,0.947222,18.9999961853,13123.3,50.8573,0.000173336
332,0.947222,18.9999961853,13122.2,50.8574,0.000170042
333,0.947222,18.9999961853,13121.1,50.8575,0.00016681
334,0.947222,18.9999961853,13120.1,50.8575,0.00016364
335,0.947222,18.9999961853,13119.0,50.8576,0.00016053
336,0.947222,18.9999961853,13118.0,50.8577,0.000157479
337,0.947222,18.9999961853,13117.0,50.8577,0.000154486
338,0.947222,18.9999961853,13116.1,50.8578,0.00015155
339,0.947222,18.9999961853,13115.1,50.8579,0.00014867
340,0.947222,18.9999961853,13114.2,50.8579,0.000145844
341,0.947222,18.9999961853,13113.3,50.858,0.000143072
342,0.947222,18.9999961853,13112.4,50.8581,0.000140353
343,0.947222,18.9999961853,13111.5,50.8581,0.000137686
344,0.947222,18.9999961853,13110.6,50.8582,0.000135069
345,0.947222,18.9999961853,13109.8,50.8583,0.000132502
346,0.947222,18.9999961853,13108.9,50.8583,0.000129984
347,0.947222,18.9999961853,13108.1,50.8584,0.000127513
348,0.947222,18.9999961853,13107.3,50.8584,0.00012509
349,0.947222,18.9999961853,13106.5,50.8585,0.000122713
350,0.947222,18.9999961853,13105.7,50.8585,0.00012038
351,0.947222,18.9999961853,13105.0,50.8586,0.000118092
352,0.947222,18.9999961853,13104.2,50.8586,0.000115848
353,0.947222,18.9999961853,13103.5,50.8587,0.000113646
354,0.947222,18.9999961853,13102.8,50.8587,0.000111486
355,0.947222,18.9999961853,13102.1,50.8588,0.000109368
356,0.947222,18.9999961853,13101.4,50.8588,0.000107289
357,0.947222,18.9999961853,13100.7,50.8589,0.00010525
358,0.947222,18.9999961853,13100.1,50.8589,0.00010325
359,0.947222,18.9999961853,13099.4,50.859,0.000101287
360,0.947222,18.9999961853,13098.8,50.859,9.93624e-05
361,0.947222,18.9999961853,13098.1,50.8591,9.7474e-05
362,0.947222,18.9999961853,13097.5,50.8591,9.56215e-05
363,0.947222,18.9999961853,13096.9,50.8591,9.38042e-05
364,0.947222,18.9999961853,13096.3,50.8592,9.20214e-05
365,0.947222,18.9999961853,13095.8,50.8592,9.02725e-05
366,0.947222,18.9999961853,13095.2,50.8593,8.85569e-05
367,0.947222,18.9999961853,13094.6,50.8593,8.68738e-05
368,0.947222,18.9999961853,13094.1,50.8593,8.52228e-05
369,0.947222,18.9999961853,13093.5,50.8594,8.36031e-05
370,0.947222,18.9999961853,13093.0,50.8594,8.20142e-05
371,0.947222,18.9999961853,13092.5,50.8594,8.04555e-05
372,0.947222,18.9999961853,13092.0,50.8595,7.89264e-05
373,0.947222,18.9999961853,13091.5,50.8595,7.74264e-05
374,0.947222,18.9999961853,13091.0,50.8596,7.59549e-05
375,0.947222,18.9999961853,13090.5,50.8596,7.45113e-05
376,0.947222,18.9999961853,13090.1,50.8596,7.30952e-05
377,0.947222,18.9999961853,13089.6,50.8596,7.1706e-05
378,0.947222,18.9999961853,13089.2,50.8597,7.03432e-05
379,0.947222,18.9999961853,13088.7,50.8597,6.90063e-05
380,0.947222,18.9999961853,13088.3,50.8597,6.76948e-05
381,0.947222,18.9999961853,13087.8,50.8598,6.64083e-05
382,0.947222,18.9999961853,13087.4,50.8598,6.51462e-05
383,0.947222,18.9999961853,13087.0,50.8598,6.39081e-05
384,0.947222,18.9999961853,13086.6,50.8599,6.26934e-05
385,0.947222,18.9999961853,13086.2,50.8599,6.1502e-05
386,0.947222,18.9999961853,13085.8,50.8599,6.03331e-05
387,0.947222,18.9999961853,13085.5,50.8599,5.91865e-05
388,0.947222,18.9999961853,13085.1,50.86,5.80616e-05
389,0.947222,18.9999961853,13084.7,50.86,5.69581e-05
390,0.947222,18.9999961853,13084.4,50.86,5.58756e-05
391,0.947222,18.9999961853,13084.0,50.86,5.48137e-05
392,0.947222,18.9999961853,13083.7,50.8601,5.37719e-05
393,0.947222,18.9999961853,13083.3,50.8601,5.275e-05
394,0.947222,18.9999961853,13083.0,50.8601,5.17474e-05
395,0.947222,18.9999961853,13082.7,50.8601,5.0764e-05
396,0.947222,18.9999961853,13082.3,50.8602,4.97992e-05
397,0.947222,18.9999961853,13082.0,50.8602,4.88527e-05
398,0.947222,18.9999961853,13081.7,50.8602,4.79243e-05
399,0.947222,18.9999961853,13081.4,50.8602,4.70135e-05
400,0.947222,18.9999961853,13081.1,50.8602,4.612e-05
401,0.947222,18.9999961853,13080.8,50.8603,4.52434e-05
402,0.947222,18.9999961853,13080.5,50.8603,4.43836e-05
403,0.947222,18.9999961853,13080.3,50.8603,4.354e-05
404,0.947222,18.9999961853,13080.0,50.8603,4.27126e-05
405,0.947222,18.9999961853,13079.7,50.8603,4.19008e-05
406,0.947222,18.9999961853,13079.5,50.8604,4.11045e-05
407,0.947222,18.9999961853,13079.2,50.8604,4.03233e-05
408,0.947222,18.9999961853,13078.9,50.8604,3.95569e-05
409,0.947222,18.9999961853,13078.7,50.8604,3.88051e-05
410,0.947222,18.9999961853,13078.4,50.8604,3.80676e-05
411,0.947222,18.9999961853,13078.2,50.8604,3.73441e-05
412,0.947222,18.9999961853,13078.0,50.8605,3.66344e-05
413,0.947222,18.9999961853,13077.7,50.8605,3.59381e-05
414,0.947222,18.9999961853,13077.5,50.8605,3.52551e-05
415,0.947222,18.9999961853,13077.3,50.8605,3.45851e-05
416,0.947222,18.9999961853,13077.1,50.8605,3.39278e-05
417,0.947222,18.9999961853,13076.9,50.8605,3.3283e-05
418,0.947222,18.9999961853,13076.7,50.8605,3.26504e-05
419,0.947222,18.9999961853,13076.4,50.8606,3.20299e-05
420,0.947222,18.9999961853,13076.2,50.8606,3.14212e-05
421,0.947222,18.9999961853,13076.1,50.8606,3.0824e-05
422,0.947222,18.9999961853,13075.9,50.8606,3.02382e-05
423,0.947222,18.9999961853,13075.7,50.8606,2.96635e-05
424,0.947222,18.9999961853,13075.5,50.8606,2.90997e-05
425,0.947222,18.9999961853,13075.3,50.8606,2.85467e-05
426,0.947222,18.9999961853,13075.1,50.8607,2.80041e-05
427,0.947222,18.9999961853,13074.9,50.8607,2.74719e-05
428,0.947222,18.9999961853,13074.8,50.8607,2.69498e-05
429,0.947222,18.9999961853,13074.6,50.8607,2.64376e-05
430,0.947222,18.9999961853,13074.4,50.8607,2.59352e-05
431,0.947222,18.9999961853,13074.3,50.8607,2.54422e-05
432,0.947222,18.9999961853,13074.1,50.8607,2.49587e-05
433,0.947222,18.9999961853,13074.0,50.8607,2.44844e-05
434,0.947222,18.9999961853,13073.8,50.8608,2.4019e-05
435,0.947222,18.9999961853,13073.6,50.8608,2.35625e-05
436,0.947222,18.9999961853,13073.5,50.8608,2.31147e-05
437,0.947222,18.9999961853,13073.4,50.8608,2.26754e-05
438,0.947222,18.9999961853,13073.2,50.8608,2.22445e-05
439,0.947222,18.9999961853,13073.1,50.8608,2.18217e-05
440,0.947222,18.9999961853,13072.9,50.8608,2.1407e-05
441,0.947222,18.9999961853,13072.8,50.8608,2.10001e-05
442,0.947222,18.9999961853,13072.7,50.8608,2.0601e-05
443,0.947222,18.9999961853,13072.5,50.8608,2.02095e-05
444,0.947222,18.9999961853,13072.4,50.8608,1.98254e-05
445,0.947222,18.9999961853,13072.3,50.8609,1.94486e-05
446,0.947222,18.9999961853,13072.2,50.8609,1.9079e-05
447,0.947222,18.9999961853,13072.0,50.8609,1.87164e-05
448,0.947222,18.9999961853,13071.9,50.8609,1.83607e-05
449,0.947222,18.9999961853,13071.8,50.8609,1.80117e-05
450,0.947222,18.9999961853,13071.7,50.8609,1.76694e-05
451,0.947222,18.9999961853,13071.6,50.8609,1.73336e-05
452,0.947222,18.9999961853,13071.5,50.8609,1.70042e-05
453,0.947222,18.9999961853,13071.4,50.8609,1.6681e-05
454,0.947222,18.9999961853,13071.3,50.8609,1.6364e-05
455,0.947222,18.9999961853,13071.2,50.8609,1.6053e-05
456,0.947222,18.9999961853,13071.1,50.8609,1.57479e-05
457,0.947222,18.9999961853,13071.0,50.8609,1.54486e-05
458,0.947222,18.9999961853,13070.9,50.861,1.5155e-05
459,0.947222,18.9999961853,13070.8,50.861,1.4867e-05
460,0.947222,18.9999961853,13070.7,50.861,1.45844e-05
461,0.947222,18.9999961853,13070.6,50.861,1.43072e-05
462,0.947222,18.9999961853,13070.5,50.861,1.40353e-05
463,0.947222,18.9999961853,13070.4,50.861,1.37686e-05
464,0.947222,18.9999961853,13070.3,50.861,1.35069e-05
465,0.947222,18.9999961853,13070.2,50.861,1.32502e-05
466,0.947222,18.9999961853,13070.1,50.861,1.29984e-05
467,0.947222,18.9999961853,13070.1,50.861,1.27513e-05
468,0.947222,18.9999961853,13070.0,50.861,1.2509e-05
469,0.947222,18.9999961853,13069.9,50.861,1.22713e-05
470,0.947222,18.9999961853,13069.8,50.861,1.2038e-05
471,0.947222,18.9999961853,13069.8,50.861,1.18092e-05
472,0.947222,18.9999961853,13069.7,50.861,1.15848e-05
473,0.947222,18.9999961853,13069.6,50.861,1.13646e-05
474,0.947222,18.9999961853,13069.5,50.8611,1.11486e-05
475,0.947222,18.9999961853,13069.5,50.8611,1.09368e-05
476,0.947222,18.9999961853,13069.4,50.8611,1.07289e-05
477,0.947222,18.9999961853,13069.3,50.8611,1.0525e-05
478,0.947222,18.9999961853,13069.3,50.8611,1.0325e-05
479,0.947222,18.9999961853,13069.2,50.8611,1.01287e-05
480,0.947222,18.9999961853,13069.1,50.8611,9.93625e-06
481,0.947222,18.9999961853,13069.1,50.8611,9.7474e-06
482,0.947222,18.9999961853,13069.0,50.8611,9.56215e-06
483,0.947222,18.9999961853,13068.9,50.8611,9.38042e-06
484,0.947222,18.9999961853,13068.9,50.8611,9.20215e-06
485,0.947222,18.9999961853,13068.8,50.8611,9.02725e-06
486,0.947222,18.9999961853,13068.8,50.8611,8.85569e-06
487,0.947222,18.9999961853,13068.7,50.8611,8.68738e-06
488,0.947222,18.9999961853,13068.7,50.8611,8.52227e-06
489,0.947222,18.9999961853,13068.6,50.8611,8.36031e-06
490,0.947222,18.9999961853,13068.6,50.8611,8.20142e-06
491,0.947222,18.9999961853,13068.5,50.8611,8.04555e-06
492,0.947222,18.9999961853,13068.5,50.8611,7.89264e-06
493,0.947222,18.9999961853,13068.4,50.8611,7.74264e-06
494,0.947222,18.9999961853,13068.4,50.8611,7.59549e-06
495,0.947222,18.9999961853,13068.3,50.8611,7.45113e-06
496,0.947222,18.9999961853,13068.3,50.8611,7.30952e-06
497,0.947222,18.9999961853,13068.2,50.8611,7.1706e-06
498,0.947222,18.9999961853,13068.2,50.8611,7.03432e-06
499,0.947222,18.9999961853,13068.1,50.8612,6.90064e-06
500,0.947222,18.9999961853,13068.1,50.8612,6.76948e-06
501,0.947222,18.9999961853,13068.0,50.8612,6.64083e-06
502,0.947222,18.9999961853,13068.0,50.8612,6.51462e-06
503,0.947222,18.9999961853,13068.0,50.8612,6.3908e-06
504,0.947222,18.9999961853,13067.9,50.8612,6.26934e-06
505,0.947222,18.9999961853,13067.9,50.8612,6.1502e-06
506,0.947222,18.9999961853,13067.8,50.8612,6.03331e-06
507,0.947222,18.9999961853,13067.8,50.8612,5.91864e-06
508,0.947222,18.9999961853,13067.8,50.8612,5.80616e-06
509,0.947222,18.9999961853,13067.7,50.8612,5.69581e-06
510,0.947222,18.9999961853,13067.7,50.8612,5.58756e-06
511,0.947222,18.9999961853,13067.7,50.8612,5.48137e-06
512,0.947222,18.9999961853,13067.6,50.8612,5.37719e-06
513,0.947222,18.9999961853,13067.6,50.8612,5.275e-06
514,0.947222,18.9999961853,13067.6,50.8612,5.17475e-06
515,0.947222,18.9999961853,13067.5,50.8612,5.0764e-06
516,0.947222,18.9999961853,13067.5,50.8612,4.97992e-06
517,0.947222,18.9999961853,13067.5,50.8612,4.88528e-06
518,0.947222,18.9999961853,13067.4,50.8612,4.79243e-06
519,0.947222,18.9999961853,13067.4,50.8612,4.70135e-06
520,0.947222,18.9999961853,13067.4,50.8612,4.612e-06
521,0.947222,18.9999961853,13067.3,50.8612,4.52435e-06
522,0.947222,18.9999961853,13067.3,50.8612,4.43836e-06
523,0.947222,18.9999961853,13067.3,50.8612,4.354e-06
524,0.947222,18.9999961853,13067.3,50.8612,4.27126e-06
525,0.947222,18.9999961853,13067.2,50.8612,4.19008e-06
526,0.947222,18.9999961853,13067.2,50.8612,4.11044e-06
527,0.947222,18.9999961853,13067.2,50.8612,4.03233e-06
528,0.947222,18.9999961853,13067.1,50.8612,3.95569e-06
529,0.947222,18.9999961853,13067.1,50.8612,3.88051e-06
530,0.947222,18.9999961853,13067.1,50.8612,3.80676e-06
531,0.947222,18.9999961853,13067.1,50.8612,3.73441e-06
532,0.947222,18.9999961853,13067.0,50.8612,3.66344e-06
533,0.947222,18.9999961853,13067.0,50.8612,3.59381e-06
534,0.947222,18.9999961853,13067.0,50.8612,3.52551e-06
535,0.947222,18.9999961853,13067.0,50.8612,3.45851e-06
536,0.947222,18.9999961853,13066.9,50.8612,3.39278e-06
537,0.947222,18.9999961853,13066.9,50.8612,3.3283e-06
538,0.947222,18.9999961853,13066.9,50.8612,3.26504e-06
539,0.947222,18.9999961853,13066.9,50.8612,3.20299e-06
540,0.947222,18.9999961853,13066.9,50.8612,3.14212e-06
541,0.947222,18.9999961853,13066.8,50.8612,3.0824e-06
542,0.947222,18.9999961853,13066.8,50.8612,3.02382e-06
543,0.947222,18.9999961853,13066.8,50.8612,2.96635e-06
544,0.947222,18.9999961853,13066.8,50.8612,2.90997e-06
545,0.947222,18.9999961853,13066.8,50.8612,2.85467e-06
546,0.947222,18.9999961853,13066.7,50.8612,2.80041e-06
547,0.947222,18.9999961853,13066.7,50.8612,2.74719e-06
548,0.947222,18.9999961853,13066.7,50.8612,2.69498e-06
549,0.947222,18.9999961853,13066.7,50.8612,2.64376e-06
550,0.947222,18.9999961853,13066.7,50.8612,2.59352e-06
551,0.947222,18.9999961853,13066.7,50.8612,2.54423e-06
552,0.947222,18.9999961853,13066.6,50.8612,2.49587e-06
553,0.947222,18.9999961853,13066.6,50.8612,2.44844e-06
554,0.947222,18.9999961853,13066.6,50.8612,2.4019e-06
555,0.947222,18.9999961853,13066.6,50.8612,2.35626e-06
556,0.947222,18.9999961853,13066.6,50.8612,2.31147e-06
557,0.947222,18.9999961853,13066.6,50.8613,2.26754e-06
558,0.947222,18.9999961853,13066.6,50.8613,2.22445e-06
559,0.947222,18.9999961853,13066.5,50.8613,2.18217e-06
560,0.947222,18.9999961853,13066.5,50.8613,2.1407e-06
561,0.947222,18.9999961853,13066.5,50.8613,2.10001e-06
562,0.947222,18.9999961853,13066.5,50.8613,2.0601e-06
563,0.947222,18.9999961853,13066.5,50.8613,2.02095e-06
564,0.947222,18.9999961853,13066.5,50.8613,1.98254e-06
565,0.947222,18.9999961853,13066.5,50.8613,1.94486e-06
566,0.947222,18.9999961853,13066.5,50.8613,1.9079e-06
567,0.947222,18.9999961853,13066.4,50.8613,1.87164e-06
568,0.947222,18.9999961853,13066.4,50.8613,1.83607e-06
569,0.947222,18.9999961853,13066.4,50.8613,1.80117e-06
570,0.947222,18.9999961853,13066.4,50.8613,1.76694e-06
571,0.947222,18.9999961853,13066.4,50.8613,1.73336e-06
572,0.947222,18.9999961853,13066.4,50.8613,1.70042e-06
573,0.947222,18.9999961853,13066.4,50.8613,1.6681e-06
574,0.947222,18.9999961853,13066.4,50.8613,1.6364e-06
575,0.947222,18.9999961853,13066.4,50.8613,1.6053e-06
576,0.947222,18.9999961853,13066.3,50.8613,1.57479e-06
577,0.947222,18.9999961853,13066.3,50.8613,1.54486e-06
578,0.947222,18.9999961853,13066.3,50.8613,1.5155e-06
579,0.947222,18.9999961853,13066.3,50.8613,1.4867e-06
580,0.947222,18.9999961853,13066.3,50.8613,1.45844e-06
581,0.947222,18.9999961853,13066.3,50.8613,1.43072e-06
582,0.947222,18.9999961853,13066.3,50.8613,1.40353e-06
583,0.947222,18.9999961853,13066.3,50.8613,1.37686e-06
584,0.947222,18.9999961853,13066.3,50.8613,1.35069e-06
585,0.947222,18.9999961853,13066.3,50.8613,1.32502e-06
586,0.947222,18.9999961853,13066.3,50.8613,1.29984e-06
587,0.947222,18.9999961853,13066.3,50.8613,1.27513e-06
588,0.947222,18.9999961853,13066.2,50.8613,1.2509e-06
589,0.947222,18.9999961853,13066.2,50.8613,1.22713e-06
590,0.947222,18.9999961853,13066.2,50.8613,1.2038e-06
591,0.947222,18.9999961853,13066.2,50.8613,1.18092e-06
592,0.947222,18.9999961853,13066.2,50.8613,1.15848e-06
593,0.947222,18.9999961853,13066.2,50.8613,1.13646e-06
594,0.947222,18.9999961853,13066.2,50.8613,1.11486e-06
595,0.947222,18.9999961853,13066.2,50.8613,1.09368e-06
596,0.947222,18.9999961853,13066.2,50.8613,1.07289e-06
597,0.947222,18.9999961853,13066.2,50.8613,1.0525e-06
0.947222,13066.2,2.2181153297424316,2001.06,2.13424132376,0.305300224403
