55,10,0.9,2,1000, .1 
0,0.391667,218.999994993,2.08202e+06,1126.19,0.0999707
1,0.4,215.999997854,1.72506e+06,1012.9,0.099883
2,0.402778,214.999995232,1.43547e+06,913.334,0.0997953
3,0.408333,213.000000715,1.20215e+06,830.67,0.0997078
4,0.416667,210.000003576,1.0096e+06,753.826,0.0996203
5,0.422222,207.999998331,855300.0,675.622,0.0995328
6,0.436111,202.999995947,730772.0,612.664,0.0994455
7,0.45,198.000004292,628928.0,555.675,0.0993582
8,0.458333,194.999996424,546388.0,510.611,0.099271
9,0.472222,190.000004768,477533.0,463.482,0.0991839
10,0.480556,186.999996901,420523.0,429.884,0.0990968
11,0.491667,182.999997139,372187.0,390.848,0.0990099
12,0.511111,175.99998951,332564.0,367.069,0.098923
13,0.516667,174.000005722,297544.0,344.636,0.0988362
14,0.516667,174.000005722,267359.0,322.666,0.0987494
15,0.538889,166.000006199,241284.0,302.216,0.0986627
16,0.555556,159.999990463,218186.0,284.867,0.0985762
17,0.563889,156.999993324,197363.0,272.893,0.0984896
18,0.580556,150.999999046,178564.0,255.314,0.0984032
19,0.583333,150.000007153,162186.0,246.872,0.0983168
20,0.594444,145.999996662,146958.0,236.425,0.0982306
21,0.608333,140.999994278,133464.0,223.022,0.0981444
22,0.619444,137.000005245,121342.0,212.558,0.0980582
23,0.630556,132.999994755,110414.0,202.797,0.0979722
24,0.630556,132.999994755,100086.0,199.409,0.0978862
25,0.641667,129.000005722,90131.3,191.297,0.0978003
26,0.652778,124.999995232,80979.8,179.966,0.0977144
27,0.666667,119.999992847,72937.5,173.639,0.0976287
28,0.675,116.999995708,65441.2,167.281,0.097543
29,0.691667,111.000001431,58491.1,160.432,0.0974574
30,0.713889,103.000001907,52581.1,144.452,0.0973719
31,0.727778,97.9999995232,47677.2,136.383,0.0972864
32,0.741667,92.999997139,43256.3,128.701,0.097201
33,0.75,90.0,39414.8,121.56,0.0971157
34,0.758333,87.000002861,36029.4,114.387,0.0970305
35,0.766667,84.000005722,32909.5,109.256,0.0969453
36,0.772222,82.0000004768,30127.4,106.065,0.0968603
37,0.780556,79.0000033379,27524.3,101.226,0.0967753
38,0.797222,73.0000090599,25073.6,95.8233,0.0966903
39,0.8,71.9999957085,22888.9,92.9865,0.0966055
40,0.813889,66.9999933243,20909.9,86.792,0.0965207
41,0.816667,66.0000014305,19198.3,83.6012,0.096436
42,0.822222,63.9999961853,17622.3,81.5994,0.0963513
43,0.827778,61.9999909401,16141.6,77.1041,0.0962668
44,0.827778,61.9999909401,14827.8,76.8116,0.0961823
45,0.838889,58.0000019073,13617.4,71.0314,0.0960979
46,0.844444,55.9999966621,12502.8,69.0778,0.0960135
47,0.838889,58.0000019073,11433.6,69.2863,0.0959293
48,0.847222,55.0000047684,10422.5,65.3436,0.0958451
49,0.858333,50.999994278,9548.99,60.8009,0.095761
50,0.863889,49.0000104904,8794.97,59.3885,0.0956769
51,0.861111,50.0000023842,8047.96,59.3348,0.095593
52,0.863889,49.0000104904,7301.78,58.4357,0.0955091
53,0.869444,47.0000052452,6609.27,57.0579,0.0954253
54,0.886111,40.9999895096,6003.65,50.9689,0.0953415
55,0.897222,37.0000004768,5521.98,47.7959,0.0952578
56,0.897222,37.0000004768,5096.38,47.7007,0.0951742
57,0.897222,37.0000004768,4669.88,47.6117,0.0950907
58,0.902778,34.9999952316,4281.84,42.0414,0.0950073
59,0.911111,31.9999980927,3945.66,39.2915,0.0949239
60,0.922222,28.0000090599,3676.75,34.6612,0.0948406
61,0.925,26.9999957085,3480.73,33.9966,0.0947573
62,0.927778,26.0000038147,3283.53,33.261,0.0946742
63,0.930556,24.9999904633,3127.09,32.5179,0.0945911
64,0.930556,24.9999904633,2963.12,31.4225,0.0945081
65,0.930556,24.9999904633,2811.87,30.8366,0.0944251
66,0.930556,24.9999904633,2662.94,30.8046,0.0943423
67,0.930556,24.9999904633,2518.64,31.3956,0.0942595
68,0.936111,23.0000066757,2377.16,27.243,0.0941767
69,0.936111,23.0000066757,2278.6,27.1858,0.0940941
70,0.936111,23.0000066757,2181.92,26.8166,0.0940115
71,0.938889,21.9999933243,2100.73,27.2051,0.093929
72,0.944444,20.0000095367,2018.63,25.9163,0.0938466
73,0.944444,20.0000095367,1947.09,25.9007,0.0937642
74,0.944444,20.0000095367,1867.28,25.9046,0.0936819
75,0.947222,18.9999961853,1799.03,25.1637,0.0935997
76,0.947222,18.9999961853,1731.24,25.1476,0.0935176
77,0.947222,18.9999961853,1658.3,25.1513,0.0934355
78,0.947222,18.9999961853,1590.67,25.1379,0.0933535
79,0.947222,18.9999961853,1523.15,25.126,0.0932716
80,0.944444,20.0000095367,1450.85,25.1236,0.0931897
81,0.944444,20.0000095367,1384.02,25.1165,0.0931079
82,0.944444,20.0000095367,1317.28,25.111,0.0930262
83,0.944444,20.0000095367,1252.52,26.4653,0.0929446
84,0.947222,18.9999961853,1190.26,25.1007,0.092863
85,0.95,18.0000042915,1133.9,23.0343,0.0927815
86,0.952778,16.9999909401,1089.25,21.8773,0.0927001
87,0.947222,18.9999961853,1050.11,25.2298,0.0926187
88,0.95,18.0000042915,1005.88,23.0782,0.0925374
89,0.955556,15.9999990463,963.745,21.74,0.0924562
90,0.947222,18.9999961853,931.53,24.157,0.0923751
91,0.952778,16.9999909401,897.04,22.2212,0.092294
92,0.955556,15.9999990463,863.685,21.684,0.092213
93,0.95,18.0000042915,839.769,23.6357,0.0921321
94,0.955556,15.9999990463,806.672,19.7901,0.0920512
95,0.961111,13.9999938011,780.287,18.5199,0.0919704
96,0.963889,13.0000019073,759.581,18.2209,0.0918897
97,0.963889,13.0000019073,745.198,18.4929,0.0918091
98,0.963889,13.0000019073,723.946,18.2264,0.0917285
99,0.966667,12.0000100136,709.335,17.7518,0.091648
100,0.966667,12.0000100136,695.087,17.7534,0.0915676
101,0.969444,10.9999966621,682.255,16.8925,0.0914872
102,0.966667,12.0000100136,674.807,18.707,0.0914069
103,0.966667,12.0000100136,664.11,19.3009,0.0913267
104,0.966667,12.0000100136,645.435,17.1344,0.0912465
105,0.966667,12.0000100136,637.455,17.6474,0.0911665
106,0.963889,13.0000019073,631.411,19.3901,0.0910864
107,0.961111,13.9999938011,625.038,19.9771,0.0910065
108,0.969444,10.9999966621,616.855,18.1272,0.0909266
109,0.966667,12.0000100136,605.732,18.6934,0.0908468
110,0.969444,10.9999966621,597.333,18.1207,0.0907671
111,0.966667,12.0000100136,592.666,18.6924,0.0906875
112,0.969444,10.9999966621,585.644,18.1124,0.0906079
113,0.966667,12.0000100136,576.064,18.6943,0.0905283
114,0.966667,12.0000100136,566.242,18.6932,0.0904489
115,0.969444,10.9999966621,558.827,17.2382,0.0903695
116,0.969444,10.9999966621,554.858,17.2367,0.0902902
117,0.969444,10.9999966621,552.243,17.236,0.090211
118,0.966667,12.0000100136,540.738,17.9189,0.0901318
119,0.966667,12.0000100136,533.133,17.3633,0.0900527
120,0.972222,10.0000047684,527.534,16.7773,0.0899737
121,0.975,8.99999141693,525.322,13.7666,0.0898947
122,0.969444,10.9999966621,521.186,14.7381,0.0898158
123,0.972222,10.0000047684,516.747,14.5722,0.089737
124,0.975,8.99999141693,512.296,13.7605,0.0896582
125,0.975,8.99999141693,511.151,13.7537,0.0895795
126,0.975,8.99999141693,514.936,15.0262,0.0895009
127,0.972222,10.0000047684,502.485,14.5714,0.0894224
128,0.977778,7.99999952316,498.129,14.1585,0.0893439
129,0.977778,7.99999952316,496.225,14.156,0.0892655
130,0.977778,7.99999952316,494.33,14.1535,0.0891871
131,0.977778,7.99999952316,492.438,14.1511,0.0891089
132,0.977778,7.99999952316,489.941,14.1526,0.0890307
133,0.977778,7.99999952316,488.051,14.1502,0.0889525
134,0.977778,7.99999952316,486.166,14.1478,0.0888745
135,0.977778,7.99999952316,484.287,14.1454,0.0887965
136,0.977778,7.99999952316,482.412,14.1431,0.0887185
137,0.975,8.99999141693,479.648,13.7326,0.0886407
138,0.977778,7.99999952316,479.31,14.1356,0.0885629
139,0.977778,7.99999952316,477.43,14.1333,0.0884852
140,0.977778,7.99999952316,475.553,14.131,0.0884075
141,0.975,8.99999141693,474.059,13.723,0.0883299
142,0.980556,7.00000762939,474.772,14.3866,0.0882524
143,0.980556,7.00000762939,470.755,14.3866,0.0881749
144,0.980556,7.00000762939,469.161,14.3848,0.0880976
145,0.980556,7.00000762939,467.571,14.383,0.0880203
146,0.980556,7.00000762939,465.985,14.3813,0.087943
147,0.980556,7.00000762939,464.403,14.3796,0.0878658
148,0.980556,7.00000762939,462.823,14.3779,0.0877887
149,0.983333,5.99999427795,459.216,14.3286,0.0877117
150,0.980556,7.00000762939,450.402,13.9406,0.0876347
151,0.980556,7.00000762939,450.952,14.3842,0.0875578
152,0.980556,7.00000762939,446.664,13.9375,0.0874809
153,0.980556,7.00000762939,447.713,14.3797,0.0874042
154,0.983333,5.99999427795,446.537,14.3322,0.0873274
155,0.983333,5.99999427795,445.036,14.333,0.0872508
156,0.983333,5.99999427795,442.785,14.3326,0.0871742
157,0.983333,5.99999427795,440.535,14.3323,0.0870977
158,0.983333,5.99999427795,438.288,14.3319,0.0870213
159,0.983333,5.99999427795,436.042,14.3316,0.0869449
160,0.977778,7.99999952316,428.648,14.1448,0.0868686
161,0.980556,7.00000762939,427.622,13.9421,0.0867924
162,0.983333,5.99999427795,427.306,14.3402,0.0867162
163,0.983333,5.99999427795,425.033,14.3399,0.0866401
164,0.983333,5.99999427795,422.761,14.3396,0.0865641
165,0.983333,5.99999427795,420.491,14.3393,0.0864881
166,0.980556,7.00000762939,411.617,13.9492,0.0864122
167,0.983333,5.99999427795,414.511,14.3481,0.0863364
168,0.980556,7.00000762939,410.06,13.9465,0.0862606
169,0.983333,5.99999427795,410.295,14.3448,0.0861849
170,0.983333,5.99999427795,408.005,14.3445,0.0861092
171,0.983333,5.99999427795,405.718,14.3443,0.0860337
172,0.980556,7.00000762939,396.273,13.9542,0.0859582
173,0.980556,7.00000762939,400.842,14.8731,0.0858827
174,0.980556,7.00000762939,398.352,14.8693,0.0858074
175,0.983333,5.99999427795,392.855,14.3525,0.0857321
176,0.983333,5.99999427795,390.561,14.3523,0.0856568
177,0.983333,5.99999427795,388.27,14.352,0.0855816
178,0.983333,5.99999427795,385.979,14.3518,0.0855065
179,0.977778,7.99999952316,378.264,14.1428,0.0854315
180,0.980556,7.00000762939,380.411,15.0259,0.0853565
181,0.983333,5.99999427795,376.936,14.3606,0.0852816
182,0.983333,5.99999427795,374.643,14.3604,0.0852068
183,0.983333,5.99999427795,372.352,14.3601,0.085132
184,0.983333,5.99999427795,370.061,14.3599,0.0850573
185,0.983333,5.99999427795,367.773,14.3597,0.0849826
186,0.977778,7.99999952316,359.288,14.5856,0.084908
187,0.980556,7.00000762939,362.013,14.8937,0.0848335
188,0.980556,7.00000762939,356.611,14.8794,0.0847591
189,0.980556,7.00000762939,354.227,13.9592,0.0846847
190,0.983333,5.99999427795,354.562,14.3603,0.0846104
191,0.980556,7.00000762939,355.952,17.1583,0.0845361
192,0.980556,7.00000762939,345.98,13.968,0.0844619
193,0.983333,5.99999427795,346.644,14.3716,0.0843878
194,0.980556,7.00000762939,344.426,15.0319,0.0843137
195,0.983333,5.99999427795,340.571,14.3704,0.0842397
196,0.983333,5.99999427795,338.273,14.3703,0.0841658
197,0.983333,5.99999427795,335.976,14.3701,0.0840919
198,0.983333,5.99999427795,333.68,14.37,0.0840181
199,0.972222,10.0000047684,330.798,14.9509,0.0839444
200,0.980556,7.00000762939,325.542,14.9106,0.0838707
201,0.983333,5.99999427795,323.703,14.3744,0.0837971
202,0.980556,7.00000762939,322.243,15.0345,0.0837236
203,0.983333,5.99999427795,318.359,14.3743,0.0836501
204,0.983333,5.99999427795,318.647,14.3749,0.0835767
205,0.983333,5.99999427795,316.345,14.3748,0.0835033
206,0.983333,5.99999427795,314.044,14.3747,0.0834301
207,0.980556,7.00000762939,305.049,13.9754,0.0833568
208,0.980556,7.00000762939,303.287,13.9741,0.0832837
209,0.983333,5.99999427795,303.67,14.3799,0.0832106
210,0.983333,5.99999427795,301.346,14.3798,0.0831376
211,0.980556,7.00000762939,301.801,14.9158,0.0830646
212,0.977778,7.99999952316,301.875,15.6145,0.0829917
213,0.986111,5.00000238419,290.762,11.5422,0.0829189
214,0.986111,5.00000238419,288.448,11.5423,0.0828461
215,0.986111,5.00000238419,286.135,11.5425,0.0827734
216,0.980556,7.00000762939,287.147,12.5175,0.0827007
217,0.986111,5.00000238419,282.701,11.5439,0.0826282
218,0.986111,5.00000238419,280.391,11.5441,0.0825556
219,0.983333,5.99999427795,278.149,11.8039,0.0824832
220,0.983333,5.99999427795,275.306,11.6262,0.0824108
221,0.983333,5.99999427795,272.071,11.6304,0.0823385
222,0.986111,5.00000238419,272.526,11.5495,0.0822662
223,0.986111,5.00000238419,270.194,11.5498,0.082194
224,0.988889,4.00001049042,268.883,9.67912,0.0821219
225,0.988889,4.00001049042,267.968,9.67997,0.0820498
226,0.983333,5.99999427795,266.801,10.4876,0.0819778
227,0.988889,4.00001049042,266.994,9.68287,0.0819059
228,0.988889,4.00001049042,266.065,9.68373,0.081834
229,0.988889,4.00001049042,265.136,9.6846,0.0817622
230,0.980556,7.00000762939,258.457,10.7337,0.0816904
231,0.986111,5.00000238419,259.16,9.90293,0.0816187
232,0.986111,5.00000238419,260.317,9.61845,0.0815471
233,0.988889,4.00001049042,260.958,9.68929,0.0814755
234,0.983333,5.99999427795,257.87,10.4909,0.081404
235,0.986111,5.00000238419,259.708,13.4536,0.0813326
236,0.986111,5.00000238419,251.442,10.3811,0.0812612
237,0.988889,4.00001049042,249.652,9.69683,0.0811899
238,0.988889,4.00001049042,248.704,9.6977,0.0811186
239,0.988889,4.00001049042,247.755,9.69858,0.0810474
240,0.988889,4.00001049042,246.806,9.69946,0.0809763
241,0.991667,2.99999713898,246.435,9.4758,0.0809052
242,0.991667,2.99999713898,246.435,9.4758,0.0808342
0.991667,246.435,0.956946611404419,33.1719,0.419558248573,0.0785467662659
