41,10,0.2,2,1000, .1 
0,0.652778,124.999995232,1.09966e+06,804.716,0.0995539
1,0.658333,122.999989986,913208.0,735.334,0.0982276
2,0.683333,113.999998569,767112.0,649.871,0.096919
3,0.7,108.000004292,653861.0,593.473,0.0956278
4,0.716667,102.000010014,558773.0,546.295,0.0943538
5,0.727778,97.9999995232,480290.0,510.028,0.0930968
6,0.738889,94.0000104904,415424.0,471.293,0.0918565
7,0.752778,89.0000081062,362576.0,431.869,0.0906328
8,0.761111,85.9999895096,318385.0,403.018,0.0894253
9,0.766667,84.000005722,278412.0,379.393,0.0882339
10,0.769444,82.9999923706,244395.0,345.418,0.0870584
11,0.786111,76.9999980927,216104.0,320.721,0.0858986
12,0.794444,74.0000009537,191295.0,307.772,0.0847542
13,0.8,71.9999957085,168702.0,287.588,0.0836251
14,0.816667,66.0000014305,149882.0,268.328,0.082511
15,0.822222,63.9999961853,133533.0,242.601,0.0814118
16,0.827778,61.9999909401,119652.0,230.085,0.0803272
17,0.833333,60.0000071526,108069.0,208.17,0.079257
18,0.836111,58.9999938011,98270.9,200.596,0.0782011
19,0.833333,60.0000071526,89070.7,197.643,0.0771593
20,0.85,53.9999914169,80529.5,182.237,0.0761313
21,0.858333,50.999994278,72898.2,170.747,0.0751171
22,0.875,45.0,66926.5,145.337,0.0741163
23,0.880556,42.9999947548,62548.2,135.814,0.0731289
24,0.891667,39.000005722,59502.9,106.634,0.0721547
25,0.897222,37.0000004768,57412.7,101.166,0.0711934
26,0.897222,37.0000004768,55574.5,101.322,0.0702449
27,0.891667,39.000005722,53719.3,99.147,0.0693091
28,0.891667,39.000005722,51970.4,99.619,0.0683857
29,0.894444,37.9999923706,50385.1,97.4129,0.0674747
30,0.9,36.0000085831,48958.8,89.9924,0.0665757
31,0.902778,34.9999952316,47626.3,91.2288,0.0656888
32,0.905556,34.0000033379,46369.7,77.9059,0.0648136
33,0.913889,31.0000061989,45450.2,65.9049,0.0639502
34,0.919444,29.0000009537,44794.1,67.5323,0.0630982
35,0.913889,31.0000061989,44085.6,65.69,0.0622576
36,0.916667,29.9999928474,43441.7,67.6853,0.0614281
37,0.916667,29.9999928474,42813.7,66.7853,0.0606098
38,0.916667,29.9999928474,42189.9,67.0067,0.0598023
39,0.911111,31.9999980927,41526.7,63.4905,0.0590056
40,0.919444,29.0000009537,40957.1,67.222,0.0582195
41,0.916667,29.9999928474,40416.8,65.7523,0.0574439
42,0.922222,28.0000090599,39843.5,66.1692,0.0566786
43,0.925,26.9999957085,39275.3,66.3248,0.0559235
44,0.922222,28.0000090599,38743.3,65.04,0.0551784
45,0.927778,26.0000038147,38181.3,65.5658,0.0544433
46,0.925,26.9999957085,37631.8,64.3447,0.053718
47,0.927778,26.0000038147,37106.3,65.6794,0.0530024
48,0.927778,26.0000038147,36576.1,65.85,0.0522962
49,0.925,26.9999957085,36027.4,64.3571,0.0515995
50,0.925,26.9999957085,35532.6,66.068,0.0509121
51,0.919444,29.0000009537,34985.0,64.5643,0.0502338
52,0.930556,24.9999904633,34567.4,64.6014,0.0495646
53,0.922222,28.0000090599,34107.7,62.3015,0.0489043
54,0.927778,26.0000038147,33670.3,63.903,0.0482527
55,0.927778,26.0000038147,33224.1,61.8949,0.0476099
56,0.930556,24.9999904633,32805.8,63.9791,0.0469756
57,0.925,26.9999957085,32356.9,62.1565,0.0463498
58,0.927778,26.0000038147,31948.4,64.3667,0.0457323
59,0.927778,26.0000038147,31508.0,62.146,0.045123
60,0.930556,24.9999904633,31134.1,64.5419,0.0445219
61,0.930556,24.9999904633,30677.1,64.7104,0.0439287
62,0.927778,26.0000038147,30275.6,62.4795,0.0433435
63,0.930556,24.9999904633,29874.2,61.5875,0.0427661
64,0.933333,23.9999985695,29521.3,64.6021,0.0421963
65,0.930556,24.9999904633,29112.5,61.5616,0.0416341
66,0.930556,24.9999904633,28739.5,64.1627,0.0410795
67,0.930556,24.9999904633,28372.4,61.6503,0.0405322
68,0.927778,26.0000038147,28022.9,61.1069,0.0399922
69,0.930556,24.9999904633,27694.6,65.0641,0.0394594
70,0.936111,23.0000066757,27361.6,53.3349,0.0389337
71,0.941667,21.0000014305,27138.8,54.1993,0.038415
72,0.936111,23.0000066757,26973.2,52.8281,0.0379032
73,0.938889,21.9999933243,26761.8,50.0976,0.0373983
74,0.941667,21.0000014305,26572.5,54.3355,0.0369001
75,0.933333,23.9999985695,26381.3,50.4986,0.0364085
76,0.941667,21.0000014305,26198.0,54.433,0.0359234
77,0.933333,23.9999985695,26003.1,49.3643,0.0354448
78,0.933333,23.9999985695,25841.0,53.3315,0.0349726
79,0.941667,21.0000014305,25665.8,54.5834,0.0345067
80,0.933333,23.9999985695,25469.7,49.3974,0.034047
81,0.933333,23.9999985695,25310.3,53.345,0.0335934
82,0.938889,21.9999933243,25157.8,54.1981,0.0331458
83,0.938889,21.9999933243,24984.8,49.6842,0.0327042
84,0.941667,21.0000014305,24830.9,52.0348,0.0322686
85,0.941667,21.0000014305,24660.3,53.8971,0.0318387
86,0.938889,21.9999933243,24517.7,48.8662,0.0314145
87,0.944444,20.0000095367,24366.5,52.2173,0.030996
88,0.936111,23.0000066757,24215.0,49.7634,0.030583
89,0.944444,20.0000095367,24084.1,52.2679,0.0301756
90,0.936111,23.0000066757,23935.1,53.065,0.0297736
91,0.944444,20.0000095367,23813.2,52.3182,0.0293769
92,0.941667,21.0000014305,23651.3,49.0257,0.0289855
93,0.938889,21.9999933243,23524.8,50.8872,0.0285994
94,0.947222,18.9999961853,23407.9,49.7833,0.0282184
95,0.941667,21.0000014305,23255.0,46.6698,0.0278424
96,0.944444,20.0000095367,23138.7,49.5031,0.0274715
97,0.938889,21.9999933243,23006.0,50.6735,0.0271055
98,0.941667,21.0000014305,22874.5,46.4567,0.0267444
99,0.941667,21.0000014305,22764.4,50.7386,0.0263881
100,0.947222,18.9999961853,22636.7,48.043,0.0260365
101,0.947222,18.9999961853,22528.4,44.9425,0.0256897
102,0.938889,21.9999933243,22422.8,55.0645,0.0253474
103,0.95,18.0000042915,22326.8,44.1181,0.0250097
104,0.947222,18.9999961853,22233.7,48.0833,0.0246766
105,0.95,18.0000042915,22134.4,44.0774,0.0243478
106,0.95,18.0000042915,22043.6,47.2296,0.0240234
107,0.947222,18.9999961853,21961.9,48.8786,0.0237034
108,0.95,18.0000042915,21876.0,49.9226,0.0233876
109,0.95,18.0000042915,21776.3,44.048,0.023076
110,0.95,18.0000042915,21697.4,51.0141,0.0227686
111,0.95,18.0000042915,21609.9,47.3209,0.0224652
112,0.952778,16.9999909401,21521.8,44.8029,0.022166
113,0.95,18.0000042915,21438.9,48.2039,0.0218707
114,0.95,18.0000042915,21360.9,46.3401,0.0215793
115,0.958333,15.0000071526,21292.0,47.792,0.0212918
116,0.95,18.0000042915,21208.3,47.786,0.0210081
117,0.95,18.0000042915,21148.4,52.1842,0.0207283
118,0.952778,16.9999909401,21064.5,46.8719,0.0204521
119,0.955556,15.9999990463,21007.4,46.9039,0.0201796
120,0.955556,15.9999990463,20930.6,44.5189,0.0199108
121,0.955556,15.9999990463,20874.9,49.1329,0.0196455
122,0.955556,15.9999990463,20796.6,49.7172,0.0193838
123,0.95,18.0000042915,20731.6,47.7173,0.0191256
124,0.95,18.0000042915,20664.2,47.9414,0.0188708
125,0.95,18.0000042915,20592.6,51.4086,0.0186194
126,0.952778,16.9999909401,20546.5,49.6211,0.0183713
127,0.955556,15.9999990463,20464.8,44.4547,0.0181266
128,0.955556,15.9999990463,20426.1,49.1677,0.0178851
129,0.955556,15.9999990463,20345.4,47.8905,0.0176468
130,0.95,18.0000042915,20284.3,48.2854,0.0174117
131,0.955556,15.9999990463,20235.7,53.5535,0.0171797
132,0.95,18.0000042915,20166.1,47.6241,0.0169508
133,0.952778,16.9999909401,20111.1,47.029,0.016725
134,0.955556,15.9999990463,20048.0,44.4187,0.0165022
135,0.955556,15.9999990463,19993.2,47.9292,0.0162824
136,0.947222,18.9999961853,19942.2,51.5126,0.0160654
137,0.952778,16.9999909401,19893.1,55.7891,0.0158514
138,0.947222,18.9999961853,19838.1,50.2529,0.0156402
139,0.95,18.0000042915,19790.2,51.8217,0.0154319
140,0.95,18.0000042915,19728.3,50.3086,0.0152263
141,0.952778,16.9999909401,19671.1,46.6046,0.0150234
142,0.952778,16.9999909401,19634.4,52.8996,0.0148233
143,0.95,18.0000042915,19579.2,48.2753,0.0146258
144,0.952778,16.9999909401,19533.5,49.6504,0.0144309
145,0.944444,20.0000095367,19490.9,52.4633,0.0142387
146,0.952778,16.9999909401,19440.2,49.247,0.014049
147,0.95,18.0000042915,19400.0,49.8876,0.0138618
148,0.95,18.0000042915,19354.4,51.8897,0.0136771
149,0.947222,18.9999961853,19300.8,47.1223,0.0134949
150,0.955556,15.9999990463,19263.9,50.6426,0.0133151
151,0.952778,16.9999909401,19216.0,46.5542,0.0131378
152,0.95,18.0000042915,19178.6,53.2557,0.0129627
153,0.952778,16.9999909401,19126.6,49.7192,0.01279
154,0.95,18.0000042915,19087.7,49.8447,0.0126196
155,0.955556,15.9999990463,19044.2,50.6826,0.0124515
156,0.95,18.0000042915,18997.9,45.4869,0.0122856
157,0.952778,16.9999909401,18970.5,52.9594,0.012122
158,0.952778,16.9999909401,18921.7,46.5322,0.0119605
159,0.95,18.0000042915,18893.2,57.777,0.0118011
160,0.95,18.0000042915,18851.7,48.227,0.0116439
161,0.952778,16.9999909401,18807.2,52.9679,0.0114888
162,0.947222,18.9999961853,18768.5,47.5474,0.0113357
163,0.955556,15.9999990463,18735.6,50.7353,0.0111847
164,0.947222,18.9999961853,18706.3,50.164,0.0110357
165,0.952778,16.9999909401,18660.9,49.783,0.0108887
166,0.947222,18.9999961853,18626.5,50.1431,0.0107436
167,0.95,18.0000042915,18590.9,52.0352,0.0106005
168,0.95,18.0000042915,18556.9,49.7789,0.0104592
169,0.952778,16.9999909401,18526.0,52.6674,0.0103199
170,0.947222,18.9999961853,18486.2,49.5554,0.0101824
171,0.95,18.0000042915,18461.3,54.837,0.0100468
172,0.952778,16.9999909401,18419.4,46.4941,0.00991292
173,0.947222,18.9999961853,18389.5,55.8249,0.00978085
174,0.947222,18.9999961853,18351.1,43.9417,0.00965055
175,0.947222,18.9999961853,18329.4,55.8313,0.00952198
176,0.95,18.0000042915,18288.8,45.0047,0.00939512
177,0.955556,15.9999990463,18266.6,50.8137,0.00926996
178,0.95,18.0000042915,18230.9,49.7446,0.00914646
179,0.95,18.0000042915,18209.9,54.8127,0.0090246
180,0.947222,18.9999961853,18171.9,51.3612,0.00890437
181,0.955556,15.9999990463,18148.7,50.8302,0.00878575
182,0.944444,20.0000095367,18106.9,47.4274,0.0086687
183,0.952778,16.9999909401,18089.5,49.8933,0.00855321
184,0.955556,15.9999990463,18052.7,50.8548,0.00843926
185,0.944444,20.0000095367,18033.3,53.0926,0.00832683
186,0.95,18.0000042915,18002.5,48.2196,0.0082159
187,0.947222,18.9999961853,17976.8,50.9377,0.00810644
188,0.95,18.0000042915,17945.6,48.568,0.00799844
189,0.95,18.0000042915,17918.7,49.7249,0.00789189
190,0.95,18.0000042915,17893.1,45.4315,0.00778674
191,0.952778,16.9999909401,17874.0,52.7938,0.00768301
192,0.947222,18.9999961853,17844.7,47.0148,0.00758065
193,0.952778,16.9999909401,17822.9,52.8,0.00747966
194,0.947222,18.9999961853,17794.6,50.0996,0.00738001
195,0.95,18.0000042915,17773.6,48.6044,0.00728169
196,0.95,18.0000042915,17746.0,49.7059,0.00718468
197,0.952778,16.9999909401,17728.5,55.6719,0.00708896
198,0.95,18.0000042915,17695.5,48.2224,0.00699452
199,0.952778,16.9999909401,17682.0,53.1259,0.00690134
200,0.95,18.0000042915,17652.0,48.2275,0.00680939
201,0.95,18.0000042915,17637.1,53.5126,0.00671868
202,0.95,18.0000042915,17604.6,48.6491,0.00662917
203,0.947222,18.9999961853,17586.2,53.2655,0.00654085
204,0.947222,18.9999961853,17564.4,47.5747,0.00645371
205,0.955556,15.9999990463,17546.2,50.9538,0.00636773
206,0.944444,20.0000095367,17527.3,52.9616,0.0062829
207,0.952778,16.9999909401,17502.9,50.0169,0.00619919
208,0.947222,18.9999961853,17481.6,50.0965,0.0061166
209,0.955556,15.9999990463,17464.1,50.9686,0.00603512
210,0.95,18.0000042915,17441.4,49.6912,0.00595471
211,0.952778,16.9999909401,17427.5,48.805,0.00587538
212,0.952778,16.9999909401,17402.1,43.2111,0.00579711
213,0.955556,15.9999990463,17388.4,49.1266,0.00571988
214,0.955556,15.9999990463,17366.2,44.4802,0.00564367
215,0.952778,16.9999909401,17353.5,52.5162,0.00556849
216,0.952778,16.9999909401,17333.5,46.3232,0.0054943
217,0.952778,16.9999909401,17313.8,46.2322,0.0054211
218,0.955556,15.9999990463,17294.9,43.6571,0.00534888
219,0.955556,15.9999990463,17280.3,50.2959,0.00527762
220,0.95,18.0000042915,17263.1,49.5393,0.00520731
221,0.955556,15.9999990463,17246.7,45.5616,0.00513794
222,0.947222,18.9999961853,17231.2,51.255,0.00506949
223,0.955556,15.9999990463,17213.1,46.0057,0.00500195
224,0.95,18.0000042915,17199.9,49.8847,0.00493531
225,0.952778,16.9999909401,17183.4,48.8491,0.00486956
226,0.952778,16.9999909401,17168.8,47.799,0.00480469
227,0.955556,15.9999990463,17153.9,48.8656,0.00474067
228,0.952778,16.9999909401,17135.3,43.6481,0.00467752
229,0.947222,18.9999961853,17125.0,51.2449,0.0046152
230,0.955556,15.9999990463,17109.4,46.0218,0.00455372
231,0.952778,16.9999909401,17094.6,47.79,0.00449305
232,0.952778,16.9999909401,17083.2,48.866,0.00443319
233,0.955556,15.9999990463,17064.3,44.4383,0.00437413
234,0.955556,15.9999990463,17054.1,49.1547,0.00431586
235,0.955556,15.9999990463,17037.4,44.4397,0.00425836
236,0.952778,16.9999909401,17024.5,51.1425,0.00420163
237,0.952778,16.9999909401,17010.9,43.1607,0.00414565
238,0.95,18.0000042915,16998.6,52.8186,0.00409042
239,0.955556,15.9999990463,16983.5,44.4321,0.00403593
240,0.955556,15.9999990463,16973.3,50.2795,0.00398216
241,0.952778,16.9999909401,16959.7,47.7613,0.00392911
242,0.955556,15.9999990463,16947.0,45.6073,0.00387676
243,0.95,18.0000042915,16934.7,48.8354,0.00382511
244,0.958333,15.0000071526,16921.6,46.8178,0.00377415
245,0.95,18.0000042915,16907.5,44.7825,0.00372387
246,0.955556,15.9999990463,16897.8,45.6137,0.00367426
247,0.952778,16.9999909401,16885.4,46.2957,0.00362531
248,0.952778,16.9999909401,16876.1,50.2213,0.00357701
249,0.947222,18.9999961853,16863.2,50.0939,0.00352936
250,0.952778,16.9999909401,16855.2,50.4039,0.00348234
251,0.952778,16.9999909401,16843.7,46.0546,0.00343594
252,0.95,18.0000042915,16832.1,46.7426,0.00339017
253,0.955556,15.9999990463,16823.3,48.3841,0.003345
254,0.947222,18.9999961853,16811.9,45.9126,0.00330044
255,0.952778,16.9999909401,16802.5,47.4492,0.00325647
256,0.947222,18.9999961853,16792.6,46.2976,0.00321309
257,0.952778,16.9999909401,16783.3,48.2027,0.00317028
258,0.95,18.0000042915,16773.6,47.8559,0.00312805
259,0.952778,16.9999909401,16765.7,52.4569,0.00308637
260,0.947222,18.9999961853,16757.0,46.313,0.00304525
261,0.95,18.0000042915,16745.9,47.7844,0.00300468
262,0.95,18.0000042915,16736.7,45.0518,0.00296465
263,0.95,18.0000042915,16729.5,52.8509,0.00292516
264,0.947222,18.9999961853,16719.4,46.2821,0.00288619
265,0.952778,16.9999909401,16711.9,50.4178,0.00284774
266,0.95,18.0000042915,16702.9,46.7155,0.0028098
267,0.952778,16.9999909401,16694.1,50.4182,0.00277236
268,0.95,18.0000042915,16685.9,46.7091,0.00273543
269,0.952778,16.9999909401,16677.3,50.4213,0.00269899
270,0.95,18.0000042915,16668.8,44.7403,0.00266303
271,0.947222,18.9999961853,16660.7,46.3044,0.00262755
272,0.95,18.0000042915,16654.4,47.7958,0.00259255
273,0.952778,16.9999909401,16644.6,50.4252,0.00255801
274,0.947222,18.9999961853,16637.6,45.8957,0.00252393
275,0.95,18.0000042915,16630.3,47.8377,0.0024903
276,0.952778,16.9999909401,16623.9,48.2142,0.00245713
277,0.944444,20.0000095367,16614.5,48.8003,0.00242439
278,0.952778,16.9999909401,16609.4,51.7062,0.00239209
279,0.944444,20.0000095367,16600.1,48.7965,0.00236022
280,0.952778,16.9999909401,16594.0,47.4761,0.00232878
281,0.95,18.0000042915,16586.4,51.1984,0.00229775
282,0.952778,16.9999909401,16580.3,51.7048,0.00226714
283,0.947222,18.9999961853,16573.9,46.2631,0.00223694
284,0.952778,16.9999909401,16566.2,50.4331,0.00220714
285,0.95,18.0000042915,16560.1,49.9905,0.00217773
286,0.952778,16.9999909401,16553.4,50.4339,0.00214872
287,0.95,18.0000042915,16548.0,46.6837,0.00212009
288,0.947222,18.9999961853,16540.1,50.5496,0.00209185
289,0.95,18.0000042915,16534.6,48.0146,0.00206398
290,0.944444,20.0000095367,16527.2,48.7885,0.00203648
291,0.955556,15.9999990463,16522.4,48.4188,0.00200935
292,0.952778,16.9999909401,16514.1,46.3222,0.00198258
293,0.947222,18.9999961853,16509.6,42.5787,0.00195617
294,0.944444,20.0000095367,16503.7,43.4282,0.00193011
295,0.95,18.0000042915,16498.0,45.1794,0.0019044
296,0.95,18.0000042915,16493.4,48.778,0.00187902
297,0.955556,15.9999990463,16487.4,48.4231,0.00185399
298,0.95,18.0000042915,16482.5,46.6716,0.00182929
299,0.952778,16.9999909401,16475.7,47.4921,0.00180492
300,0.95,18.0000042915,16471.4,46.6676,0.00178087
301,0.95,18.0000042915,16464.7,47.8187,0.00175715
302,0.952778,16.9999909401,16459.4,45.9992,0.00173374
303,0.95,18.0000042915,16454.0,52.8789,0.00171064
304,0.947222,18.9999961853,16449.0,42.5747,0.00168785
305,0.95,18.0000042915,16444.1,52.8814,0.00166537
306,0.952778,16.9999909401,16439.4,45.9969,0.00164318
307,0.944444,20.0000095367,16433.7,44.0712,0.00162129
308,0.952778,16.9999909401,16430.1,47.4992,0.00159969
309,0.947222,18.9999961853,16424.4,48.4575,0.00157838
310,0.955556,15.9999990463,16420.3,48.4307,0.00155735
311,0.95,18.0000042915,16416.4,46.6578,0.0015366
312,0.952778,16.9999909401,16411.0,50.275,0.00151613
313,0.947222,18.9999961853,16405.8,44.9132,0.00149593
314,0.947222,18.9999961853,16401.5,50.5632,0.001476
315,0.947222,18.9999961853,16396.7,42.5714,0.00145634
316,0.952778,16.9999909401,16393.1,50.2776,0.00143694
317,0.95,18.0000042915,16388.9,47.9636,0.00141779
318,0.952778,16.9999909401,16383.8,48.2299,0.0013989
319,0.95,18.0000042915,16379.9,45.008,0.00138027
320,0.947222,18.9999961853,16376.5,48.4478,0.00136188
321,0.955556,15.9999990463,16372.4,48.4371,0.00134374
322,0.95,18.0000042915,16368.8,46.6496,0.00132583
323,0.95,18.0000042915,16364.0,45.531,0.00130817
324,0.95,18.0000042915,16359.7,45.0042,0.00129074
325,0.952778,16.9999909401,16356.5,50.2816,0.00127355
326,0.95,18.0000042915,16351.6,43.603,0.00125658
327,0.95,18.0000042915,16348.4,47.4753,0.00123984
328,0.95,18.0000042915,16344.8,45.0028,0.00122332
329,0.952778,16.9999909401,16341.1,48.2336,0.00120702
330,0.952778,16.9999909401,16337.2,45.9829,0.00119094
331,0.95,18.0000042915,16333.5,45.535,0.00117508
332,0.95,18.0000042915,16330.1,45.0016,0.00115942
333,0.952778,16.9999909401,16326.9,48.235,0.00114398
334,0.947222,18.9999961853,16323.0,49.9133,0.00112873
335,0.952778,16.9999909401,16320.2,50.4595,0.0011137
336,0.95,18.0000042915,16316.9,46.6394,0.00109886
337,0.95,18.0000042915,16312.4,45.218,0.00108422
338,0.947222,18.9999961853,16309.9,49.9093,0.00106978
339,0.95,18.0000042915,16306.7,47.8034,0.00105552
340,0.952778,16.9999909401,16304.0,48.2369,0.00104146
341,0.944444,20.0000095367,16300.2,47.4378,0.00102759
342,0.95,18.0000042915,16297.7,49.021,0.0010139
343,0.947222,18.9999961853,16294.6,46.226,0.00100039
344,0.955556,15.9999990463,16291.0,48.4478,0.000987062
345,0.947222,18.9999961853,16288.5,49.9028,0.000973912
346,0.952778,16.9999909401,16285.7,50.4636,0.000960937
347,0.95,18.0000042915,16282.9,46.6337,0.000948135
348,0.952778,16.9999909401,16279.7,50.4639,0.000935504
349,0.95,18.0000042915,16277.2,46.6317,0.00092304
350,0.947222,18.9999961853,16273.7,50.5777,0.000910743
351,0.952778,16.9999909401,16271.2,45.9745,0.00089861
352,0.947222,18.9999961853,16268.3,51.1638,0.000886638
353,0.95,18.0000042915,16266.1,45.2269,0.000874826
354,0.947222,18.9999961853,16263.0,46.2223,0.000863171
355,0.95,18.0000042915,16260.8,49.0264,0.000851672
356,0.95,18.0000042915,16258.5,48.7511,0.000840325
357,0.955556,15.9999990463,16256.0,48.4525,0.00082913
358,0.947222,18.9999961853,16253.1,48.5474,0.000818084
359,0.955556,15.9999990463,16250.8,48.4527,0.000807185
360,0.95,18.0000042915,16248.6,46.627,0.000796431
361,0.95,18.0000042915,16245.3,45.2316,0.000785821
362,0.947222,18.9999961853,16243.8,49.8884,0.000775352
363,0.952778,16.9999909401,16240.9,50.4688,0.000765023
364,0.95,18.0000042915,16239.2,46.6255,0.00075483
365,0.952778,16.9999909401,16236.4,48.242,0.000744774
366,0.95,18.0000042915,16234.2,47.9117,0.000734852
367,0.947222,18.9999961853,16232.0,51.161,0.000725062
368,0.952778,16.9999909401,16230.2,47.5294,0.000715402
369,0.941667,21.0000014305,16227.5,44.4086,0.000705871
370,0.952778,16.9999909401,16225.8,47.5297,0.000696468
371,0.947222,18.9999961853,16223.4,48.4251,0.000687189
372,0.947222,18.9999961853,16221.1,50.4271,0.000678034
373,0.947222,18.9999961853,16219.5,46.2736,0.000669001
374,0.952778,16.9999909401,16217.4,50.3001,0.000660088
375,0.95,18.0000042915,16215.3,43.5915,0.000651294
376,0.947222,18.9999961853,16213.2,50.5845,0.000642617
377,0.947222,18.9999961853,16211.4,42.5587,0.000634056
378,0.95,18.0000042915,16209.5,52.9076,0.000625609
379,0.95,18.0000042915,16207.8,47.9025,0.000617274
380,0.944444,20.0000095367,16205.6,44.044,0.000609051
381,0.952778,16.9999909401,16204.2,47.5332,0.000600937
382,0.95,18.0000042915,16202.1,46.6189,0.000592931
383,0.955556,15.9999990463,16200.5,48.4595,0.000585031
384,0.952778,16.9999909401,16199.1,47.6309,0.000577237
385,0.952778,16.9999909401,16197.0,48.2451,0.000569547
386,0.947222,18.9999961853,16195.2,44.8482,0.000561959
387,0.952778,16.9999909401,16193.4,50.3033,0.000554473
388,0.95,18.0000042915,16192.0,44.9874,0.000547086
389,0.952778,16.9999909401,16190.2,48.2459,0.000539797
390,0.95,18.0000042915,16188.8,47.8964,0.000532606
391,0.95,18.0000042915,16186.8,46.6158,0.00052551
392,0.95,18.0000042915,16185.7,50.8175,0.000518509
393,0.947222,18.9999961853,16184.1,48.4186,0.000511601
394,0.955556,15.9999990463,16182.5,48.4621,0.000504786
395,0.952778,16.9999909401,16180.7,47.6277,0.000498061
396,0.95,18.0000042915,16179.3,50.8174,0.000491425
397,0.944444,20.0000095367,16178.1,48.7502,0.000484878
398,0.952778,16.9999909401,16176.4,48.2467,0.000478418
399,0.952778,16.9999909401,16174.7,43.5881,0.000472045
400,0.95,18.0000042915,16173.5,47.5053,0.000465756
401,0.95,18.0000042915,16172.1,44.9851,0.000459551
402,0.952778,16.9999909401,16170.7,48.2474,0.000453429
403,0.944444,20.0000095367,16169.1,47.3939,0.000447388
404,0.95,18.0000042915,16168.0,49.0416,0.000441428
405,0.95,18.0000042915,16166.7,48.7412,0.000435547
406,0.952778,16.9999909401,16165.5,50.4781,0.000429744
407,0.947222,18.9999961853,16164.0,48.5133,0.000424019
408,0.95,18.0000042915,16162.8,47.7895,0.00041837
409,0.952778,16.9999909401,16161.7,48.2482,0.000412796
410,0.947222,18.9999961853,16160.3,45.1997,0.000407297
411,0.952778,16.9999909401,16159.1,48.2481,0.000401871
412,0.95,18.0000042915,16157.8,47.7891,0.000396517
413,0.952778,16.9999909401,16156.9,52.399,0.000391234
414,0.947222,18.9999961853,16155.4,45.1996,0.000386022
415,0.952778,16.9999909401,16154.2,48.2487,0.000380879
416,0.947222,18.9999961853,16153.0,45.8441,0.000375805
417,0.947222,18.9999961853,16152.1,45.1993,0.000370798
418,0.952778,16.9999909401,16151.0,48.2489,0.000365858
419,0.952778,16.9999909401,16149.8,50.4799,0.000360984
420,0.944444,20.0000095367,16148.7,45.8294,0.000356175
421,0.95,18.0000042915,16147.6,47.7879,0.00035143
422,0.952778,16.9999909401,16146.7,48.2493,0.000346748
423,0.947222,18.9999961853,16145.4,51.1532,0.000342129
424,0.952778,16.9999909401,16144.6,48.8717,0.00033757
425,0.947222,18.9999961853,16143.3,46.2692,0.000333073
426,0.952778,16.9999909401,16142.6,50.3108,0.000328636
427,0.947222,18.9999961853,16141.5,46.9445,0.000324258
428,0.947222,18.9999961853,16140.4,43.3871,0.000319938
429,0.952778,16.9999909401,16139.6,47.5434,0.000315675
430,0.952778,16.9999909401,16138.6,47.8631,0.00031147
431,0.947222,18.9999961853,16137.7,45.8254,0.00030732
432,0.952778,16.9999909401,16136.7,45.9576,0.000303226
433,0.95,18.0000042915,16136.0,51.4779,0.000299186
434,0.95,18.0000042915,16135.0,47.7867,0.0002952
435,0.955556,15.9999990463,16134.1,49.23,0.000291268
436,0.95,18.0000042915,16133.0,47.7868,0.000287387
437,0.952778,16.9999909401,16132.5,51.4777,0.000283558
438,0.947222,18.9999961853,16131.5,48.411,0.000279781
439,0.952778,16.9999909401,16130.6,46.2256,0.000276053
440,0.947222,18.9999961853,16129.9,49.853,0.000272376
441,0.952778,16.9999909401,16128.9,47.5449,0.000268747
442,0.95,18.0000042915,16128.2,46.6056,0.000265167
443,0.955556,15.9999990463,16127.3,48.4698,0.000261634
444,0.95,18.0000042915,16126.8,49.4739,0.000258148
445,0.947222,18.9999961853,16125.7,45.1981,0.000254709
446,0.952778,16.9999909401,16125.1,48.2513,0.000251316
447,0.952778,16.9999909401,16124.1,45.9564,0.000247968
448,0.955556,15.9999990463,16123.7,49.231,0.000244664
449,0.95,18.0000042915,16122.8,46.6047,0.000241405
450,0.955556,15.9999990463,16122.2,48.4705,0.000238189
451,0.944444,20.0000095367,16121.4,45.8191,0.000235015
452,0.955556,15.9999990463,16120.6,48.4706,0.000231884
453,0.95,18.0000042915,16120.0,46.6043,0.000228795
454,0.95,18.0000042915,16119.3,47.7853,0.000225747
455,0.955556,15.9999990463,16118.7,46.3673,0.000222739
456,0.952778,16.9999909401,16117.8,45.9555,0.000219772
457,0.95,18.0000042915,16117.4,51.4764,0.000216844
458,0.947222,18.9999961853,16116.6,48.4088,0.000213955
459,0.952778,16.9999909401,16116.0,46.2284,0.000211105
460,0.95,18.0000042915,16115.4,48.7358,0.000208292
461,0.952778,16.9999909401,16114.7,47.5472,0.000205517
462,0.95,18.0000042915,16114.1,46.6031,0.000202779
463,0.955556,15.9999990463,16113.5,48.4716,0.000200078
464,0.95,18.0000042915,16112.7,46.603,0.000197412
465,0.952778,16.9999909401,16112.2,47.5476,0.000194782
466,0.952778,16.9999909401,16111.7,47.6166,0.000192187
467,0.955556,15.9999990463,16111.0,48.472,0.000189627
468,0.947222,18.9999961853,16110.7,48.4929,0.000187101
469,0.95,18.0000042915,16109.8,44.9789,0.000184608
470,0.955556,15.9999990463,16109.5,49.2325,0.000182149
471,0.944444,20.0000095367,16108.8,48.7433,0.000179722
472,0.955556,15.9999990463,16108.4,48.4722,0.000177328
473,0.947222,18.9999961853,16107.7,43.8088,0.000174965
474,0.95,18.0000042915,16107.2,45.2604,0.000172634
475,0.95,18.0000042915,16106.7,48.7349,0.000170334
476,0.955556,15.9999990463,16106.2,48.4726,0.000168065
477,0.944444,20.0000095367,16105.6,43.3838,0.000165826
478,0.95,18.0000042915,16105.2,50.8158,0.000163617
479,0.944444,20.0000095367,16104.7,48.743,0.000161437
480,0.955556,15.9999990463,16104.1,48.4729,0.000159286
481,0.95,18.0000042915,16103.7,44.6479,0.000157164
482,0.947222,18.9999961853,16103.2,48.9608,0.00015507
483,0.947222,18.9999961853,16102.8,45.197,0.000153005
484,0.95,18.0000042915,16102.2,46.6012,0.000150966
485,0.947222,18.9999961853,16101.9,47.9559,0.000148955
486,0.947222,18.9999961853,16101.5,51.1491,0.00014697
487,0.955556,15.9999990463,16101.0,48.4734,0.000145012
488,0.95,18.0000042915,16100.5,46.2021,0.00014308
489,0.952778,16.9999909401,16100.1,47.5496,0.000141174
490,0.944444,20.0000095367,16099.7,48.7426,0.000139294
491,0.952778,16.9999909401,16099.2,48.2535,0.000137438
492,0.95,18.0000042915,16098.9,47.7836,0.000135607
493,0.95,18.0000042915,16098.5,46.6004,0.0001338
494,0.955556,15.9999990463,16098.1,50.2408,0.000132018
495,0.95,18.0000042915,16097.6,46.6002,0.000130259
496,0.952778,16.9999909401,16097.3,47.5501,0.000128523
497,0.95,18.0000042915,16096.9,46.6002,0.000126811
498,0.95,18.0000042915,16096.5,52.7532,0.000125122
499,0.95,18.0000042915,16096.2,47.7833,0.000123455
500,0.952778,16.9999909401,16095.7,47.5504,0.00012181
501,0.95,18.0000042915,16095.4,46.6,0.000120187
502,0.95,18.0000042915,16095.0,51.4744,0.000118586
503,0.95,18.0000042915,16094.7,47.7832,0.000117006
504,0.95,18.0000042915,16094.2,46.5998,0.000115447
505,0.952778,16.9999909401,16094.0,50.4867,0.000113909
506,0.952778,16.9999909401,16093.6,47.6136,0.000112392
507,0.955556,15.9999990463,16093.3,48.4744,0.000110895
508,0.95,18.0000042915,16092.9,46.5996,0.000109417
509,0.952778,16.9999909401,16092.6,50.4869,0.000107959
510,0.952778,16.9999909401,16092.3,47.6134,0.000106521
511,0.952778,16.9999909401,16091.9,48.2541,0.000105102
512,0.95,18.0000042915,16091.6,43.5815,0.000103702
513,0.952778,16.9999909401,16091.3,50.3178,0.00010232
514,0.952778,16.9999909401,16091.0,45.9525,0.000100957
515,0.952778,16.9999909401,16090.7,51.474,9.96121e-05
516,0.95,18.0000042915,16090.4,47.7828,9.8285e-05
517,0.95,18.0000042915,16090.1,46.599,9.69757e-05
518,0.95,18.0000042915,16089.8,50.4231,9.56837e-05
519,0.947222,18.9999961853,16089.5,46.2661,9.44089e-05
520,0.95,18.0000042915,16089.2,47.5201,9.31512e-05
521,0.952778,16.9999909401,16089.0,45.9522,9.19102e-05
522,0.95,18.0000042915,16088.7,51.4739,9.06857e-05
523,0.95,18.0000042915,16088.4,47.7826,8.94776e-05
524,0.95,18.0000042915,16088.1,45.5631,8.82855e-05
525,0.95,18.0000042915,16087.8,43.5812,8.71094e-05
526,0.95,18.0000042915,16087.7,52.753,8.59488e-05
527,0.95,18.0000042915,16087.4,47.7826,8.48038e-05
528,0.952778,16.9999909401,16087.1,43.8057,8.3674e-05
529,0.952778,16.9999909401,16086.9,50.4876,8.25593e-05
530,0.952778,16.9999909401,16086.6,47.6125,8.14593e-05
531,0.955556,15.9999990463,16086.4,48.4754,8.03741e-05
532,0.95,18.0000042915,16086.1,43.8055,7.93034e-05
533,0.952778,16.9999909401,16085.9,50.4877,7.82468e-05
534,0.952778,16.9999909401,16085.7,47.6124,7.72044e-05
535,0.952778,16.9999909401,16085.4,48.2547,7.61758e-05
536,0.952778,16.9999909401,16085.2,45.9519,7.5161e-05
537,0.952778,16.9999909401,16085.0,48.2547,7.41596e-05
538,0.95,18.0000042915,16084.7,44.9765,7.31717e-05
539,0.95,18.0000042915,16084.5,51.4735,7.21968e-05
540,0.95,18.0000042915,16084.3,47.7823,7.1235e-05
541,0.952778,16.9999909401,16084.1,47.6121,7.0286e-05
542,0.952778,16.9999909401,16083.9,47.5522,6.93496e-05
543,0.947222,18.9999961853,16083.7,48.4826,6.84257e-05
544,0.95,18.0000042915,16083.5,50.276,6.75141e-05
545,0.95,18.0000042915,16083.2,43.5808,6.66146e-05
546,0.95,18.0000042915,16083.1,52.7529,6.57272e-05
547,0.952778,16.9999909401,16082.9,47.7821,6.48515e-05
548,0.952778,16.9999909401,16082.7,48.2549,6.39875e-05
549,0.952778,16.9999909401,16082.4,45.9515,6.31351e-05
550,0.952778,16.9999909401,16082.3,48.2549,6.2294e-05
551,0.952778,16.9999909401,16082.1,45.9514,6.14641e-05
552,0.952778,16.9999909401,16081.9,44.6447,6.06452e-05
553,0.952778,16.9999909401,16081.7,50.4883,5.98373e-05
554,0.95,18.0000042915,16081.5,46.1998,5.90401e-05
555,0.95,18.0000042915,16081.4,50.2761,5.82535e-05
556,0.952778,16.9999909401,16081.1,43.5807,5.74774e-05
557,0.95,18.0000042915,16081.0,52.9229,5.67117e-05
558,0.95,18.0000042915,16080.8,44.9761,5.59562e-05
559,0.95,18.0000042915,16080.7,50.2762,5.52107e-05
560,0.952778,16.9999909401,16080.5,45.9513,5.44751e-05
561,0.95,18.0000042915,16080.3,50.6008,5.37494e-05
562,0.95,18.0000042915,16080.2,44.976,5.30333e-05
563,0.952778,16.9999909401,16080.0,50.2763,5.23268e-05
564,0.947222,18.9999961853,16079.8,49.8377,5.16297e-05
565,0.952778,16.9999909401,16079.7,50.4886,5.09418e-05
566,0.947222,18.9999961853,16079.5,43.8045,5.02632e-05
567,0.95,18.0000042915,16079.4,43.813,4.95935e-05
568,0.95,18.0000042915,16079.2,52.9231,4.89328e-05
569,0.95,18.0000042915,16079.1,44.976,4.82809e-05
570,0.95,18.0000042915,16079.0,50.2764,4.76377e-05
571,0.95,18.0000042915,16078.8,47.8602,4.70031e-05
572,0.95,18.0000042915,16078.7,50.2764,4.63769e-05
573,0.95,18.0000042915,16078.5,43.8043,4.5759e-05
574,0.95,18.0000042915,16078.4,49.0562,4.51494e-05
575,0.95,18.0000042915,16078.3,48.7317,4.45479e-05
576,0.952778,16.9999909401,16078.1,46.2356,4.39544e-05
577,0.95,18.0000042915,16078.0,46.1994,4.33688e-05
578,0.947222,18.9999961853,16077.8,42.5509,4.2791e-05
579,0.952778,16.9999909401,16077.7,52.9233,4.2221e-05
580,0.952778,16.9999909401,16077.6,47.8598,4.16585e-05
581,0.95,18.0000042915,16077.5,46.4354,4.11035e-05
582,0.95,18.0000042915,16077.3,44.9758,4.05559e-05
583,0.952778,16.9999909401,16077.2,50.2765,4.00156e-05
584,0.947222,18.9999961853,16077.1,48.4801,3.94825e-05
585,0.95,18.0000042915,16077.0,49.0565,3.89565e-05
586,0.95,18.0000042915,16076.9,48.7316,3.84375e-05
587,0.95,18.0000042915,16076.7,48.8723,3.79254e-05
588,0.95,18.0000042915,16076.6,51.147,3.74201e-05
589,0.952778,16.9999909401,16076.5,47.5534,3.69216e-05
590,0.95,18.0000042915,16076.4,46.1992,3.64297e-05
591,0.952778,16.9999909401,16076.3,51.6803,3.59444e-05
592,0.95,18.0000042915,16076.2,46.1992,3.54655e-05
593,0.952778,16.9999909401,16076.1,44.9757,3.4993e-05
594,0.952778,16.9999909401,16076.0,50.6014,3.45268e-05
595,0.95,18.0000042915,16075.9,46.5966,3.40669e-05
596,0.955556,15.9999990463,16075.8,48.4768,3.3613e-05
597,0.95,18.0000042915,16075.7,48.7315,3.31652e-05
598,0.952778,16.9999909401,16075.6,50.4891,3.27234e-05
599,0.95,18.0000042915,16075.5,46.5965,3.22874e-05
600,0.955556,15.9999990463,16075.4,46.2361,3.18573e-05
601,0.95,18.0000042915,16075.3,45.837,3.14328e-05
602,0.952778,16.9999909401,16075.2,44.9756,3.10141e-05
603,0.952778,16.9999909401,16075.1,47.872,3.06009e-05
604,0.95,18.0000042915,16075.0,51.4727,3.01932e-05
605,0.95,18.0000042915,16074.9,47.7815,2.9791e-05
606,0.952778,16.9999909401,16074.8,46.5964,2.93941e-05
607,0.952778,16.9999909401,16074.7,48.0492,2.90025e-05
608,0.952778,16.9999909401,16074.6,47.6106,2.86161e-05
609,0.952778,16.9999909401,16074.6,50.4892,2.82349e-05
610,0.952778,16.9999909401,16074.5,48.4791,2.78587e-05
611,0.952778,16.9999909401,16074.4,50.4892,2.74876e-05
612,0.952778,16.9999909401,16074.3,47.6106,2.71214e-05
613,0.952778,16.9999909401,16074.2,50.4893,2.676e-05
614,0.952778,16.9999909401,16074.1,48.479,2.64035e-05
615,0.952778,16.9999909401,16074.0,45.1955,2.60518e-05
616,0.955556,15.9999990463,16074.0,49.2358,2.57047e-05
617,0.95,18.0000042915,16073.9,50.2767,2.53622e-05
618,0.952778,16.9999909401,16073.8,47.8586,2.50244e-05
619,0.947222,18.9999961853,16073.7,44.4001,2.4691e-05
620,0.952778,16.9999909401,16073.7,47.5539,2.4362e-05
621,0.95,18.0000042915,16073.6,45.8011,2.40375e-05
622,0.955556,15.9999990463,16073.5,50.4893,2.37172e-05
623,0.952778,16.9999909401,16073.5,47.6105,2.34012e-05
624,0.952778,16.9999909401,16073.4,50.4894,2.30895e-05
625,0.95,18.0000042915,16073.3,46.6049,2.27819e-05
626,0.952778,16.9999909401,16073.2,49.0571,2.24784e-05
627,0.95,18.0000042915,16073.2,46.1988,2.21789e-05
628,0.95,18.0000042915,16073.1,48.4786,2.18834e-05
629,0.952778,16.9999909401,16073.1,50.4894,2.15919e-05
630,0.955556,15.9999990463,16073.0,46.5961,2.13042e-05
631,0.952778,16.9999909401,16072.9,50.4894,2.10204e-05
632,0.952778,16.9999909401,16072.9,47.6103,2.07404e-05
633,0.952778,16.9999909401,16072.8,49.0572,2.04641e-05
634,0.952778,16.9999909401,16072.7,46.1988,2.01914e-05
635,0.95,18.0000042915,16072.7,51.196,1.99224e-05
636,0.952778,16.9999909401,16072.6,47.7812,1.9657e-05
637,0.958333,15.0000071526,16072.5,47.5541,1.93951e-05
638,0.952778,16.9999909401,16072.5,47.6103,1.91367e-05
639,0.95,18.0000042915,16072.4,46.596,1.88818e-05
640,0.952778,16.9999909401,16072.4,50.4895,1.86302e-05
641,0.955556,15.9999990463,16072.3,48.4783,1.8382e-05
642,0.952778,16.9999909401,16072.3,50.4895,1.81371e-05
643,0.952778,16.9999909401,16072.2,46.596,1.78955e-05
644,0.955556,15.9999990463,16072.1,52.7526,1.76571e-05
645,0.952778,16.9999909401,16072.1,47.7812,1.74219e-05
646,0.952778,16.9999909401,16072.0,46.5959,1.71898e-05
647,0.955556,15.9999990463,16072.0,49.0573,1.69608e-05
648,0.95,18.0000042915,16072.0,49.8353,1.67348e-05
649,0.952778,16.9999909401,16071.9,50.4895,1.65119e-05
650,0.95,18.0000042915,16071.8,46.5959,1.62919e-05
651,0.955556,15.9999990463,16071.8,51.4048,1.60748e-05
652,0.95,18.0000042915,16071.7,43.8032,1.58607e-05
653,0.955556,15.9999990463,16071.7,48.4774,1.56494e-05
654,0.95,18.0000042915,16071.6,46.5959,1.54409e-05
655,0.95,18.0000042915,16071.6,50.2769,1.52352e-05
656,0.952778,16.9999909401,16071.6,45.9503,1.50322e-05
657,0.955556,15.9999990463,16071.5,47.6101,1.48319e-05
658,0.955556,15.9999990463,16071.5,45.2679,1.46343e-05
659,0.95,18.0000042915,16071.4,43.3804,1.44394e-05
660,0.955556,15.9999990463,16071.4,46.2368,1.4247e-05
661,0.952778,16.9999909401,16071.3,43.3804,1.40572e-05
662,0.955556,15.9999990463,16071.3,50.8151,1.38699e-05
663,0.947222,18.9999961853,16071.3,51.1465,1.36851e-05
664,0.955556,15.9999990463,16071.2,48.4775,1.35028e-05
665,0.95,18.0000042915,16071.2,48.4779,1.33229e-05
666,0.95,18.0000042915,16071.1,48.4022,1.31454e-05
667,0.955556,15.9999990463,16071.1,48.4775,1.29703e-05
668,0.955556,15.9999990463,16071.0,46.1986,1.27975e-05
669,0.952778,16.9999909401,16071.0,51.6801,1.2627e-05
670,0.952778,16.9999909401,16071.0,51.1465,1.24588e-05
671,0.955556,15.9999990463,16070.9,48.4775,1.22928e-05
672,0.955556,15.9999990463,16070.9,48.4778,1.2129e-05
673,0.952778,16.9999909401,16070.9,46.5957,1.19675e-05
674,0.958333,15.0000071526,16070.8,45.2681,1.1808e-05
675,0.952778,16.9999909401,16070.8,50.3208,1.16507e-05
676,0.952778,16.9999909401,16070.7,42.5506,1.14955e-05
677,0.95,18.0000042915,16070.7,43.3803,1.13423e-05
678,0.955556,15.9999990463,16070.7,45.2681,1.11912e-05
679,0.952778,16.9999909401,16070.6,50.3208,1.10421e-05
680,0.952778,16.9999909401,16070.6,46.9222,1.0895e-05
681,0.952778,16.9999909401,16070.6,46.1985,1.07499e-05
682,0.955556,15.9999990463,16070.5,47.5544,1.06067e-05
683,0.955556,15.9999990463,16070.5,46.1985,1.04654e-05
684,0.955556,15.9999990463,16070.5,48.4775,1.03259e-05
685,0.955556,15.9999990463,16070.4,47.6099,1.01884e-05
686,0.952778,16.9999909401,16070.4,50.8151,1.00526e-05
687,0.95,18.0000042915,16070.4,48.7397,9.91871e-06
688,0.952778,16.9999909401,16070.3,48.256,9.78657e-06
689,0.952778,16.9999909401,16070.3,46.5956,9.65619e-06
690,0.958333,15.0000071526,16070.3,45.2682,9.52755e-06
691,0.952778,16.9999909401,16070.3,48.7309,9.40061e-06
692,0.955556,15.9999990463,16070.2,48.4776,9.27537e-06
693,0.95,18.0000042915,16070.2,48.4775,9.1518e-06
694,0.955556,15.9999990463,16070.2,45.9501,9.02988e-06
695,0.955556,15.9999990463,16070.1,51.4723,8.90958e-06
696,0.952778,16.9999909401,16070.1,44.975,8.79088e-06
697,0.955556,15.9999990463,16070.1,48.256,8.67377e-06
698,0.955556,15.9999990463,16070.1,46.1985,8.55821e-06
699,0.958333,15.0000071526,16070.0,51.6801,8.44419e-06
700,0.955556,15.9999990463,16070.0,43.2966,8.3317e-06
701,0.955556,15.9999990463,16070.0,48.256,8.2207e-06
702,0.952778,16.9999909401,16070.0,46.5956,8.11118e-06
703,0.958333,15.0000071526,16069.9,44.975,8.00312e-06
704,0.955556,15.9999990463,16069.9,49.2361,7.8965e-06
705,0.95,18.0000042915,16069.9,46.2651,7.7913e-06
706,0.952778,16.9999909401,16069.9,46.1984,7.68749e-06
707,0.955556,15.9999990463,16069.8,47.5545,7.58508e-06
708,0.952778,16.9999909401,16069.8,48.7397,7.48403e-06
709,0.952778,16.9999909401,16069.8,45.5653,7.38433e-06
710,0.958333,15.0000071526,16069.8,45.1953,7.28594e-06
711,0.955556,15.9999990463,16069.7,48.4773,7.18888e-06
712,0.952778,16.9999909401,16069.7,50.4898,7.09311e-06
713,0.955556,15.9999990463,16069.7,45.7996,6.99861e-06
714,0.958333,15.0000071526,16069.7,47.5545,6.90537e-06
715,0.958333,15.0000071526,16069.7,47.781,6.81337e-06
716,0.955556,15.9999990463,16069.6,46.6036,6.7226e-06
717,0.955556,15.9999990463,16069.6,46.543,6.63304e-06
718,0.955556,15.9999990463,16069.6,47.8727,6.54467e-06
719,0.95,18.0000042915,16069.6,48.402,6.45748e-06
720,0.952778,16.9999909401,16069.6,45.1953,6.37145e-06
721,0.955556,15.9999990463,16069.5,51.4722,6.28657e-06
722,0.952778,16.9999909401,16069.5,45.7995,6.20282e-06
723,0.958333,15.0000071526,16069.5,48.0501,6.12018e-06
724,0.952778,16.9999909401,16069.5,43.3802,6.03865e-06
725,0.958333,15.0000071526,16069.5,47.7809,5.95819e-06
726,0.955556,15.9999990463,16069.5,52.3922,5.87882e-06
727,0.952778,16.9999909401,16069.4,44.6165,5.8005e-06
728,0.955556,15.9999990463,16069.4,50.4898,5.72322e-06
729,0.95,18.0000042915,16069.4,46.5955,5.64697e-06
730,0.952778,16.9999909401,16069.4,46.5955,5.57174e-06
731,0.955556,15.9999990463,16069.4,48.4777,5.49751e-06
732,0.952778,16.9999909401,16069.4,47.7809,5.42427e-06
733,0.952778,16.9999909401,16069.3,48.256,5.35201e-06
734,0.952778,16.9999909401,16069.3,45.95,5.28071e-06
735,0.952778,16.9999909401,16069.3,48.402,5.21036e-06
736,0.952778,16.9999909401,16069.3,47.3611,5.14094e-06
737,0.955556,15.9999990463,16069.3,48.4777,5.07245e-06
738,0.955556,15.9999990463,16069.3,50.4224,5.00487e-06
739,0.952778,16.9999909401,16069.3,43.5797,4.9382e-06
740,0.952778,16.9999909401,16069.2,43.3802,4.8724e-06
741,0.952778,16.9999909401,16069.2,47.8727,4.80749e-06
742,0.955556,15.9999990463,16069.2,46.265,4.74345e-06
743,0.952778,16.9999909401,16069.2,48.7396,4.68025e-06
744,0.955556,15.9999990463,16069.2,46.2372,4.6179e-06
745,0.95,18.0000042915,16069.2,47.8728,4.55638e-06
746,0.952778,16.9999909401,16069.2,42.5504,4.49568e-06
747,0.95,18.0000042915,16069.2,46.1984,4.43578e-06
748,0.95,18.0000042915,16069.2,47.8728,4.37669e-06
749,0.952778,16.9999909401,16069.1,48.8723,4.31838e-06
750,0.952778,16.9999909401,16069.1,47.8728,4.26085e-06
751,0.952778,16.9999909401,16069.1,43.5797,4.20408e-06
752,0.952778,16.9999909401,16069.1,47.8728,4.14807e-06
753,0.952778,16.9999909401,16069.1,47.8728,4.09281e-06
754,0.955556,15.9999990463,16069.1,44.8104,4.03829e-06
755,0.952778,16.9999909401,16069.1,48.7394,3.98448e-06
756,0.952778,16.9999909401,16069.1,42.5504,3.9314e-06
757,0.955556,15.9999990463,16069.1,46.2651,3.87903e-06
758,0.952778,16.9999909401,16069.0,50.321,3.82735e-06
759,0.955556,15.9999990463,16069.0,42.5505,3.77636e-06
760,0.952778,16.9999909401,16069.0,47.8728,3.72605e-06
761,0.955556,15.9999990463,16069.0,46.2373,3.67641e-06
762,0.95,18.0000042915,16069.0,48.7308,3.62743e-06
763,0.955556,15.9999990463,16069.0,43.5797,3.5791e-06
764,0.955556,15.9999990463,16069.0,46.2373,3.53142e-06
765,0.952778,16.9999909401,16069.0,50.321,3.48437e-06
766,0.955556,15.9999990463,16069.0,42.5505,3.43795e-06
767,0.952778,16.9999909401,16069.0,48.7308,3.39215e-06
768,0.952778,16.9999909401,16068.9,46.2373,3.34696e-06
769,0.955556,15.9999990463,16068.9,45.2685,3.30237e-06
770,0.95,18.0000042915,16068.9,48.7308,3.25837e-06
0.95,16068.9,3.030944585800171,0.0,1.18789140535,0.278602201914
