60,10,0.7,2,1000, .1 
0,0.463889,193.000001907,1.93861e+06,1022.35,0.099901
1,0.488889,183.999999762,1.65846e+06,934.539,0.0996045
2,0.488889,183.999999762,1.42206e+06,871.369,0.0993089
3,0.5,180.0,1.21874e+06,802.987,0.0990141
4,0.513889,174.999997616,1.04739e+06,739.796,0.0987203
5,0.527778,169.999995232,902674.0,681.516,0.0984273
6,0.55,161.999995708,779777.0,627.984,0.0981352
7,0.569444,155.000009537,676919.0,577.621,0.0978439
8,0.577778,151.99999094,589998.0,538.988,0.0975535
9,0.575,153.000004292,515108.0,504.167,0.097264
10,0.583333,150.000007153,452366.0,457.632,0.0969753
11,0.608333,140.999994278,400654.0,418.055,0.0966875
12,0.625,135.0,357260.0,386.53,0.0964006
13,0.630556,132.999994755,321084.0,359.536,0.0961144
14,0.641667,129.000005722,289745.0,329.908,0.0958292
15,0.652778,124.999995232,263371.0,311.538,0.0955448
16,0.661111,121.999998093,239862.0,294.034,0.0952612
17,0.666667,119.999992847,218935.0,280.043,0.0949785
18,0.669444,119.000000954,199958.0,267.083,0.0946966
19,0.675,116.999995708,182929.0,253.572,0.0944156
20,0.680556,114.999990463,167554.0,238.922,0.0941353
21,0.691667,111.000001431,154009.0,225.086,0.093856
22,0.7,108.000004292,141891.0,215.037,0.0935774
23,0.702778,106.99999094,131071.0,202.149,0.0932997
24,0.711111,103.999993801,121490.0,189.336,0.0930228
25,0.722222,100.000004768,113180.0,180.425,0.0927467
26,0.716667,102.000010014,105586.0,168.786,0.0924714
27,0.725,98.9999914169,98944.3,162.505,0.092197
28,0.736111,95.0000023842,92839.7,151.906,0.0919234
29,0.736111,95.0000023842,87608.0,146.659,0.0916506
30,0.747222,90.9999918938,82788.9,140.601,0.0913785
31,0.747222,90.9999918938,78296.6,136.283,0.0911073
32,0.747222,90.9999918938,74087.4,132.633,0.0908369
33,0.75,90.0,70116.1,128.268,0.0905674
34,0.75,90.0,66437.9,122.306,0.0902986
35,0.752778,89.0000081062,63120.9,119.833,0.0900306
36,0.747222,90.9999918938,59986.5,113.394,0.0897634
37,0.75,90.0,57104.2,111.145,0.089497
38,0.741667,92.999997139,54364.9,107.876,0.0892313
39,0.738889,94.0000104904,51849.3,104.73,0.0889665
40,0.741667,92.999997139,49471.9,102.043,0.0887025
41,0.741667,92.999997139,47203.5,99.0713,0.0884392
42,0.744444,92.0000052452,45062.4,97.1019,0.0881767
43,0.747222,90.9999918938,42987.7,94.2012,0.087915
44,0.744444,92.0000052452,41045.0,92.7394,0.0876541
45,0.747222,90.9999918938,39208.1,89.4934,0.087394
46,0.752778,89.0000081062,37538.0,86.0881,0.0871346
47,0.758333,87.000002861,35932.4,83.4073,0.086876
48,0.752778,89.0000081062,34442.6,81.2275,0.0866182
49,0.755556,87.9999947548,33048.6,79.9876,0.0863611
50,0.75,90.0,31708.6,78.7883,0.0861048
51,0.752778,89.0000081062,30406.4,76.5886,0.0858492
52,0.755556,87.9999947548,29197.2,73.9066,0.0855944
53,0.752778,89.0000081062,28004.5,70.8555,0.0853404
54,0.755556,87.9999947548,26905.5,70.7508,0.0850871
55,0.755556,87.9999947548,25835.3,69.3646,0.0848346
56,0.755556,87.9999947548,24834.0,68.0474,0.0845828
57,0.755556,87.9999947548,23828.5,66.7471,0.0843318
58,0.758333,87.000002861,22892.5,64.3099,0.0840815
59,0.761111,85.9999895096,22013.7,62.6592,0.083832
60,0.755556,87.9999947548,21147.6,60.6485,0.0835832
61,0.755556,87.9999947548,20320.3,59.5811,0.0833351
62,0.747222,90.9999918938,19542.7,58.3318,0.0830878
63,0.75,90.0,18805.0,56.0958,0.0828412
64,0.752778,89.0000081062,18084.1,54.902,0.0825953
65,0.75,90.0,17412.0,54.5793,0.0823502
66,0.75,90.0,16744.9,51.1495,0.0821058
67,0.75,90.0,16172.2,50.5168,0.0818621
68,0.755556,87.9999947548,15603.0,48.471,0.0816191
69,0.755556,87.9999947548,15073.7,47.8673,0.0813769
70,0.758333,87.000002861,14553.1,47.1763,0.0811354
71,0.755556,87.9999947548,14050.6,46.8183,0.0808946
72,0.75,90.0,13566.4,45.6363,0.0806545
73,0.75,90.0,13098.8,44.6243,0.0804151
74,0.747222,90.9999918938,12675.2,43.6772,0.0801765
75,0.736111,95.0000023842,12288.6,43.0033,0.0799385
76,0.727778,97.9999995232,11902.0,41.5499,0.0797013
77,0.730556,97.0000076294,11533.2,40.9937,0.0794647
78,0.730556,97.0000076294,11175.9,40.677,0.0792289
79,0.736111,95.0000023842,10821.5,40.1978,0.0789937
80,0.733333,95.999994278,10478.3,40.0665,0.0787593
81,0.727778,97.9999995232,10134.5,39.8184,0.0785255
82,0.722222,100.000004768,9804.09,39.0574,0.0782925
83,0.719444,100.999996662,9482.08,39.0363,0.0780601
84,0.719444,100.999996662,9165.46,38.6482,0.0778284
85,0.722222,100.000004768,8852.68,38.0266,0.0775975
86,0.725,98.9999914169,8564.72,36.7346,0.0773672
87,0.722222,100.000004768,8292.14,36.5017,0.0771375
88,0.719444,100.999996662,8025.44,36.1629,0.0769086
89,0.719444,100.999996662,7762.33,36.0751,0.0766804
90,0.719444,100.999996662,7499.95,36.3712,0.0764528
91,0.716667,102.000010014,7234.68,36.3488,0.0762259
92,0.713889,103.000001907,6971.68,35.7003,0.0759996
93,0.716667,102.000010014,6715.4,35.6318,0.0757741
94,0.708333,105.000007153,6473.72,33.7798,0.0755492
95,0.7,108.000004292,6268.17,33.1692,0.075325
96,0.7,108.000004292,6071.35,33.1363,0.0751014
97,0.7,108.000004292,5874.2,33.1481,0.0748785
98,0.705556,105.999999046,5680.44,32.1328,0.0746563
99,0.708333,105.000007153,5490.71,32.1997,0.0744347
100,0.716667,102.000010014,5304.59,30.7068,0.0742138
101,0.713889,103.000001907,5130.86,30.5723,0.0739936
102,0.725,98.9999914169,4962.25,30.2831,0.073774
103,0.725,98.9999914169,4794.55,30.4222,0.073555
104,0.727778,97.9999995232,4624.66,30.558,0.0733367
105,0.730556,97.0000076294,4452.42,30.5705,0.073119
106,0.733333,95.999994278,4279.28,30.695,0.072902
107,0.747222,90.9999918938,4110.84,29.611,0.0726857
108,0.752778,89.0000081062,3954.0,29.3335,0.0724699
109,0.755556,87.9999947548,3796.51,29.3821,0.0722549
110,0.761111,85.9999895096,3644.99,29.0314,0.0720404
111,0.772222,82.0000004768,3493.38,28.8329,0.0718266
112,0.775,81.0000085831,3343.63,28.9723,0.0716134
113,0.783333,77.9999899864,3196.44,28.4546,0.0714009
114,0.794444,74.0000009537,3048.34,27.9805,0.071189
115,0.8,71.9999957085,2912.81,27.5726,0.0709777
116,0.805556,69.9999904633,2777.42,27.3459,0.0707671
117,0.822222,63.9999961853,2656.83,26.1176,0.070557
118,0.830556,60.9999990463,2541.19,25.7708,0.0703476
119,0.836111,58.9999938011,2431.79,24.2841,0.0701388
120,0.836111,58.9999938011,2332.42,24.3926,0.0699307
121,0.838889,58.0000019073,2233.14,24.5292,0.0697231
122,0.844444,55.9999966621,2132.11,24.2592,0.0695162
123,0.85,53.9999914169,2035.66,23.3525,0.0693099
124,0.855556,52.0000076294,1956.53,21.5977,0.0691042
125,0.861111,50.0000023842,1886.37,20.796,0.0688991
126,0.863889,49.0000104904,1821.57,20.4427,0.0686946
127,0.863889,49.0000104904,1756.75,20.5153,0.0684907
128,0.863889,49.0000104904,1691.17,20.6019,0.0682875
129,0.866667,47.999997139,1625.32,20.2098,0.0680848
130,0.866667,47.999997139,1562.57,20.0882,0.0678827
131,0.872222,45.9999918938,1501.74,19.7969,0.0676813
132,0.883333,42.000002861,1442.07,18.6541,0.0674804
133,0.891667,39.000005722,1392.95,18.3379,0.0672801
134,0.891667,39.000005722,1344.64,18.3511,0.0670804
135,0.894444,37.9999923706,1296.25,18.3585,0.0668814
136,0.9,36.0000085831,1247.23,17.3466,0.0666829
137,0.902778,34.9999952316,1204.29,16.9841,0.0664849
138,0.911111,31.9999980927,1168.26,15.1201,0.0662876
139,0.908333,32.9999899864,1135.6,15.8342,0.0660909
140,0.913889,31.0000061989,1102.92,15.093,0.0658947
141,0.911111,31.9999980927,1070.86,15.698,0.0656992
142,0.911111,31.9999980927,1038.82,15.6978,0.0655042
143,0.922222,28.0000090599,1006.84,13.808,0.0653098
144,0.919444,29.0000009537,977.358,14.0129,0.065116
145,0.919444,29.0000009537,947.734,14.4131,0.0649227
146,0.922222,28.0000090599,919.007,13.7778,0.06473
147,0.925,26.9999957085,892.039,13.437,0.0645379
148,0.927778,26.0000038147,865.011,13.2413,0.0643464
149,0.930556,24.9999904633,838.479,13.8288,0.0641554
150,0.925,26.9999957085,812.727,13.91,0.063965
151,0.930556,24.9999904633,787.532,13.1767,0.0637751
152,0.933333,23.9999985695,762.963,13.2421,0.0635859
153,0.927778,26.0000038147,737.386,13.7824,0.0633971
154,0.930556,24.9999904633,712.535,13.948,0.063209
155,0.936111,23.0000066757,687.796,13.0083,0.0630214
156,0.944444,20.0000095367,665.484,10.8623,0.0628344
157,0.95,18.0000042915,646.107,10.5114,0.0626479
158,0.952778,16.9999909401,626.261,10.2505,0.0624619
159,0.958333,15.0000071526,607.807,9.86248,0.0622766
160,0.958333,15.0000071526,590.353,9.85236,0.0620917
161,0.955556,15.9999990463,573.049,10.0109,0.0619075
162,0.955556,15.9999990463,555.873,10.0048,0.0617237
163,0.958333,15.0000071526,538.546,9.88064,0.0615405
164,0.958333,15.0000071526,522.788,9.55986,0.0613579
165,0.958333,15.0000071526,506.389,9.54687,0.0611758
166,0.961111,13.9999938011,490.45,9.57006,0.0609942
167,0.961111,13.9999938011,475.423,9.55937,0.0608132
168,0.963889,13.0000019073,458.808,9.21834,0.0606327
169,0.963889,13.0000019073,445.145,9.2034,0.0604528
170,0.963889,13.0000019073,431.147,9.19203,0.0602733
171,0.963889,13.0000019073,417.181,9.18004,0.0600945
172,0.963889,13.0000019073,403.954,9.16734,0.0599161
173,0.961111,13.9999938011,390.265,8.9173,0.0597383
174,0.963889,13.0000019073,376.509,8.39177,0.059561
175,0.963889,13.0000019073,363.16,8.37619,0.0593842
176,0.963889,13.0000019073,349.93,8.36131,0.059208
177,0.963889,13.0000019073,336.815,8.34712,0.0590323
178,0.963889,13.0000019073,323.812,8.33361,0.058857
179,0.961111,13.9999938011,310.978,8.73839,0.0586824
180,0.963889,13.0000019073,298.207,8.31016,0.0585082
181,0.966667,12.0000100136,286.915,7.51222,0.0583346
182,0.972222,10.0000047684,277.403,7.40756,0.0581614
183,0.972222,10.0000047684,268.763,7.40404,0.0579888
184,0.972222,10.0000047684,260.37,7.40169,0.0578167
185,0.972222,10.0000047684,251.808,7.3987,0.0576451
186,0.972222,10.0000047684,243.281,7.39572,0.057474
187,0.972222,10.0000047684,234.797,7.39323,0.0573035
188,0.972222,10.0000047684,226.549,7.39187,0.0571334
189,0.972222,10.0000047684,218.136,7.38988,0.0569638
190,0.969444,10.9999966621,210.035,7.83775,0.0567948
191,0.975,8.99999141693,202.731,6.78207,0.0566262
192,0.975,8.99999141693,195.753,6.77443,0.0564581
193,0.975,8.99999141693,189.014,6.76794,0.0562906
194,0.972222,10.0000047684,182.119,6.99924,0.0561235
195,0.975,8.99999141693,175.566,6.75368,0.0559569
196,0.975,8.99999141693,168.464,6.74419,0.0557909
197,0.972222,10.0000047684,162.066,6.97217,0.0556253
198,0.975,8.99999141693,155.602,6.73413,0.0554602
199,0.972222,10.0000047684,148.659,6.95493,0.0552956
200,0.975,8.99999141693,142.606,6.72214,0.0551315
201,0.975,8.99999141693,135.739,6.7138,0.0549679
202,0.972222,10.0000047684,129.299,6.93145,0.0548047
203,0.975,8.99999141693,123.288,6.7059,0.0546421
204,0.972222,10.0000047684,116.619,6.93574,0.0544799
205,0.972222,10.0000047684,110.549,6.90811,0.0543182
206,0.975,8.99999141693,104.088,6.68825,0.054157
207,0.972222,10.0000047684,97.9809,6.89631,0.0539963
208,0.972222,10.0000047684,92.0024,6.92085,0.053836
209,0.972222,10.0000047684,85.522,6.3106,0.0536762
210,0.977778,7.99999952316,79.3531,6.11347,0.0535169
211,0.972222,10.0000047684,73.5565,6.29383,0.0533581
212,0.977778,7.99999952316,69.6244,6.10084,0.0531997
213,0.975,8.99999141693,67.1592,4.8215,0.0530419
214,0.980556,7.00000762939,64.2036,4.31761,0.0528844
215,0.977778,7.99999952316,61.4161,4.61425,0.0527275
216,0.977778,7.99999952316,59.4103,4.88646,0.052571
217,0.980556,7.00000762939,56.0294,4.32354,0.052415
218,0.977778,7.99999952316,53.4349,4.61389,0.0522594
219,0.977778,7.99999952316,51.2176,4.89756,0.0521043
220,0.977778,7.99999952316,47.9761,4.61376,0.0519497
221,0.977778,7.99999952316,45.9236,4.90512,0.0517955
222,0.980556,7.00000762939,42.6983,4.33445,0.0516418
223,0.980556,7.00000762939,40.3808,4.93371,0.0514885
224,0.980556,7.00000762939,38.0262,4.3407,0.0513357
225,0.983333,5.99999427795,35.6741,4.3076,0.0511833
226,0.980556,7.00000762939,33.5562,4.94054,0.0510314
227,0.977778,7.99999952316,31.4916,5.12032,0.05088
228,0.983333,5.99999427795,29.4134,4.31857,0.050729
229,0.980556,7.00000762939,26.8937,4.36141,0.0505784
230,0.983333,5.99999427795,24.835,4.32481,0.0504283
231,0.983333,5.99999427795,22.4862,4.59102,0.0502786
232,0.983333,5.99999427795,21.2519,3.92865,0.0501294
233,0.980556,7.00000762939,19.9603,5.45058,0.0499806
234,0.986111,5.00000238419,18.9186,3.38432,0.0498323
235,0.988889,4.00001049042,17.8849,3.19865,0.0496844
236,0.986111,5.00000238419,16.9853,3.47629,0.0495369
237,0.986111,5.00000238419,16.304,3.38909,0.0493899
238,0.988889,4.00001049042,15.4318,3.2037,0.0492433
239,0.988889,4.00001049042,14.9768,3.27019,0.0490972
240,0.991667,2.99999713898,14.45,2.29982,0.0489515
241,0.991667,2.99999713898,14.1922,2.29979,0.0488062
242,0.991667,2.99999713898,13.9353,2.29977,0.0486613
243,0.986111,5.00000238419,13.7792,4.03676,0.0485169
244,0.983333,5.99999427795,13.9887,5.09262,0.0483729
245,0.988889,4.00001049042,13.1862,3.34285,0.0482294
246,0.988889,4.00001049042,13.0139,3.34301,0.0480862
247,0.988889,4.00001049042,12.8421,3.34318,0.0479435
248,0.986111,5.00000238419,12.8143,4.03823,0.0478012
249,0.986111,5.00000238419,12.6097,3.53306,0.0476593
250,0.988889,4.00001049042,12.5505,3.3431,0.0475179
251,0.988889,4.00001049042,12.3803,3.34327,0.0473769
252,0.988889,4.00001049042,12.2105,3.34344,0.0472363
253,0.988889,4.00001049042,12.041,3.34362,0.0470961
254,0.986111,5.00000238419,11.9221,4.04112,0.0469563
255,0.991667,2.99999713898,11.9748,3.19627,0.0468169
256,0.991667,2.99999713898,11.9795,3.19628,0.046678
257,0.991667,2.99999713898,11.9844,3.19629,0.0465395
258,0.991667,2.99999713898,11.9892,3.1963,0.0464013
259,0.991667,2.99999713898,11.9939,3.19632,0.0462636
260,0.991667,2.99999713898,11.9988,3.19633,0.0461263
261,0.988889,4.00001049042,12.0084,3.81556,0.0459894
262,0.991667,2.99999713898,11.8976,3.19609,0.0458529
263,0.991667,2.99999713898,11.9026,3.1961,0.0457168
264,0.991667,2.99999713898,11.9074,3.19612,0.0455812
265,0.991667,2.99999713898,11.9124,3.19614,0.0454459
266,0.991667,2.99999713898,11.9173,3.19615,0.045311
267,0.991667,2.99999713898,11.9223,3.19617,0.0451765
268,0.991667,2.99999713898,11.9273,3.19619,0.0450425
269,0.991667,2.99999713898,11.9323,3.19621,0.0449088
270,0.991667,2.99999713898,11.9374,3.19623,0.0447755
271,0.991667,2.99999713898,11.9424,3.19625,0.0446426
272,0.991667,2.99999713898,11.9227,3.19637,0.0445101
273,0.991667,2.99999713898,11.9278,3.19639,0.044378
274,0.988889,4.00001049042,11.9691,4.13522,0.0442463
275,0.991667,2.99999713898,12.0382,3.1957,0.044115
276,0.991667,2.99999713898,12.0188,3.19582,0.043984
277,0.991667,2.99999713898,12.0238,3.19584,0.0438535
278,0.991667,2.99999713898,12.0291,3.19586,0.0437234
279,0.991667,2.99999713898,12.0344,3.19589,0.0435936
280,0.991667,2.99999713898,12.0395,3.19591,0.0434642
281,0.991667,2.99999713898,12.0449,3.19594,0.0433352
282,0.991667,2.99999713898,12.05,3.19596,0.0432066
283,0.991667,2.99999713898,12.0554,3.19599,0.0430784
284,0.991667,2.99999713898,12.0605,3.19602,0.0429505
285,0.991667,2.99999713898,12.0658,3.19604,0.042823
286,0.991667,2.99999713898,12.0711,3.19607,0.042696
287,0.991667,2.99999713898,12.0529,3.19619,0.0425692
288,0.988889,4.00001049042,12.083,4.13473,0.0424429
289,0.988889,4.00001049042,12.0373,3.53494,0.0423169
290,0.988889,4.00001049042,12.0426,3.34418,0.0421913
291,0.991667,2.99999713898,12.0465,3.19558,0.0420661
292,0.991667,2.99999713898,12.0519,3.19561,0.0419413
293,0.991667,2.99999713898,12.0572,3.19565,0.0418168
294,0.991667,2.99999713898,12.0627,3.19568,0.0416927
295,0.991667,2.99999713898,12.0681,3.19571,0.0415689
296,0.991667,2.99999713898,12.0734,3.19574,0.0414456
297,0.988889,4.00001049042,12.1059,3.81657,0.0413226
298,0.991667,2.99999713898,11.9826,3.19556,0.0411999
299,0.991667,2.99999713898,11.988,3.19559,0.0410777
300,0.991667,2.99999713898,11.9934,3.19563,0.0409557
301,0.991667,2.99999713898,11.999,3.19566,0.0408342
302,0.991667,2.99999713898,12.0043,3.1957,0.040713
303,0.991667,2.99999713898,12.0097,3.19573,0.0405922
304,0.991667,2.99999713898,12.0151,3.19577,0.0404717
305,0.991667,2.99999713898,12.0207,3.19581,0.0403516
306,0.991667,2.99999713898,12.026,3.19585,0.0402318
307,0.991667,2.99999713898,12.0315,3.19588,0.0401124
308,0.991667,2.99999713898,12.1225,4.26746,0.0399934
309,0.994444,2.00000524521,12.103,3.26234,0.0398747
310,0.994444,2.00000524521,12.103,3.26234,0.0397563
0.994444,12.103,1.11448073387146,1.89746,0.416981831016,0.074133595738
