79,10,0.3,2,1000, .1 
0,0.416667,210.000003576,1.14027e+06,832.429,0.0996661
1,0.422222,207.999998331,941828.0,754.208,0.0986712
2,0.425,206.999995708,780021.0,685.486,0.0976861
3,0.441667,201.000001431,648456.0,619.64,0.0967109
4,0.444444,199.999998808,541753.0,564.187,0.0957455
5,0.466667,191.999999285,455442.0,511.758,0.0947897
6,0.483333,186.000005007,384783.0,465.147,0.0938434
7,0.5,180.0,327425.0,426.907,0.0929065
8,0.505556,177.999994755,279687.0,391.14,0.0919791
9,0.533333,167.999989986,241459.0,352.326,0.0910608
10,0.541667,164.999992847,210161.0,320.682,0.0901518
11,0.544444,164.000000954,183997.0,297.87,0.0892518
12,0.558333,158.999998569,161980.0,273.412,0.0883608
13,0.566667,156.000001431,144072.0,255.548,0.0874787
14,0.572222,153.999996185,128298.0,241.315,0.0866054
15,0.591667,147.000010014,114795.0,217.019,0.0857408
16,0.605556,142.000007629,103539.0,205.726,0.0848849
17,0.613889,139.00001049,93580.0,195.43,0.0840375
18,0.622222,135.999991894,84753.1,185.705,0.0831985
19,0.638889,129.999997616,77012.5,174.4,0.082368
20,0.644444,127.999992371,70083.6,163.813,0.0815457
21,0.65,126.000008583,64017.0,157.997,0.0807316
22,0.652778,124.999995232,58401.9,150.228,0.0799257
23,0.661111,121.999998093,53470.0,141.75,0.0791278
24,0.663889,121.000006199,49067.8,136.109,0.0783379
25,0.666667,119.999992847,45101.0,129.946,0.0775558
26,0.669444,119.000000954,41372.1,126.604,0.0767816
27,0.675,116.999995708,37891.9,122.992,0.0760151
28,0.691667,111.000001431,34746.1,115.618,0.0752562
29,0.711111,103.999993801,32074.3,107.374,0.074505
30,0.722222,100.000004768,29645.2,104.557,0.0737612
31,0.727778,97.9999995232,27420.4,102.266,0.0730248
32,0.738889,94.0000104904,25279.9,97.3617,0.0722958
33,0.741667,92.999997139,23363.3,94.9749,0.0715741
34,0.741667,92.999997139,21569.9,93.9598,0.0708596
35,0.752778,89.0000081062,19895.2,89.4759,0.0701522
36,0.755556,87.9999947548,18396.2,85.7756,0.0694519
37,0.766667,84.000005722,17093.5,81.2666,0.0687585
38,0.786111,76.9999980927,16035.3,70.7621,0.0680721
39,0.791667,74.9999928474,15169.2,68.2379,0.0673926
40,0.797222,73.0000090599,14339.7,66.6641,0.0667198
41,0.8,71.9999957085,13540.8,65.1611,0.0660537
42,0.811111,68.0000066757,12789.9,60.0708,0.0653943
43,0.811111,68.0000066757,12157.3,59.5721,0.0647415
44,0.816667,66.0000014305,11556.5,57.2002,0.0640952
45,0.816667,66.0000014305,11002.4,55.6089,0.0634553
46,0.819444,65.0000095367,10502.1,54.6768,0.0628219
47,0.825,63.0000042915,10018.1,53.4179,0.0621947
48,0.825,63.0000042915,9553.98,53.1891,0.0615738
49,0.830556,60.9999990463,9106.54,52.1336,0.0609591
50,0.830556,60.9999990463,8687.62,50.1843,0.0603506
51,0.836111,58.9999938011,8303.44,48.5067,0.0597481
52,0.838889,58.0000019073,7948.03,47.6544,0.0591516
53,0.836111,58.9999938011,7611.72,46.4399,0.0585611
54,0.841667,57.0000100136,7326.87,42.8703,0.0579765
55,0.836111,58.9999938011,7065.13,42.2456,0.0573977
56,0.838889,58.0000019073,6815.58,41.7955,0.0568247
57,0.838889,58.0000019073,6568.81,41.6833,0.0562575
58,0.841667,57.0000100136,6328.15,41.0763,0.0556959
59,0.841667,57.0000100136,6095.87,40.9481,0.0551398
60,0.841667,57.0000100136,5867.76,40.899,0.0545894
61,0.844444,55.9999966621,5645.85,39.3599,0.0540444
62,0.844444,55.9999966621,5438.44,38.0977,0.0535049
63,0.85,53.9999914169,5237.85,35.7702,0.0529708
64,0.847222,55.0000047684,5068.81,34.9417,0.052442
65,0.85,53.9999914169,4918.36,33.3164,0.0519184
66,0.85,53.9999914169,4772.19,33.32,0.0514001
67,0.85,53.9999914169,4634.1,33.3265,0.050887
68,0.85,53.9999914169,4498.65,32.5302,0.050379
69,0.85,53.9999914169,4364.98,32.2224,0.0498761
70,0.852778,52.9999995232,4232.8,32.1949,0.0493782
71,0.852778,52.9999995232,4103.09,31.9543,0.0488852
72,0.852778,52.9999995232,3974.72,31.9831,0.0483972
73,0.855556,52.0000076294,3864.96,28.2394,0.0479141
74,0.85,53.9999914169,3765.81,27.4836,0.0474357
75,0.861111,50.0000023842,3672.29,26.1947,0.0469622
76,0.861111,50.0000023842,3584.71,26.2262,0.0464934
77,0.861111,50.0000023842,3498.85,25.1107,0.0460292
78,0.858333,50.999994278,3421.64,25.0312,0.0455697
79,0.855556,52.0000076294,3345.67,24.2639,0.0451148
80,0.85,53.9999914169,3273.53,23.8745,0.0446644
81,0.852778,52.9999995232,3207.23,23.0373,0.0442185
82,0.855556,52.0000076294,3144.5,23.1823,0.0437771
83,0.852778,52.9999995232,3081.53,23.1378,0.0433401
84,0.855556,52.0000076294,3019.15,23.284,0.0429074
85,0.852778,52.9999995232,2956.74,23.2498,0.0424791
86,0.852778,52.9999995232,2894.69,23.3098,0.042055
87,0.858333,50.999994278,2833.84,22.3508,0.0416352
88,0.858333,50.999994278,2779.58,22.4813,0.0412195
89,0.858333,50.999994278,2726.43,22.4089,0.0408081
90,0.858333,50.999994278,2673.92,22.5174,0.0404007
91,0.866667,47.999997139,2624.42,21.7474,0.0399973
92,0.858333,50.999994278,2577.96,21.5188,0.0395981
93,0.863889,49.0000104904,2532.34,21.4181,0.0392027
94,0.863889,49.0000104904,2487.4,21.3018,0.0388114
95,0.863889,49.0000104904,2443.14,21.5972,0.0384239
96,0.872222,45.9999918938,2399.14,21.633,0.0380404
97,0.875,45.0,2360.37,19.7941,0.0376606
98,0.877778,44.0000081062,2330.96,18.8927,0.0372846
99,0.880556,42.9999947548,2305.24,17.2716,0.0369124
100,0.880556,42.9999947548,2280.55,18.1574,0.0365439
101,0.888889,39.9999976158,2256.4,18.0974,0.0361791
102,0.886111,40.9999895096,2235.41,16.0691,0.0358179
103,0.880556,42.9999947548,2218.94,14.7376,0.0354604
104,0.877778,44.0000081062,2204.01,13.6742,0.0351064
105,0.894444,37.9999923706,2192.46,15.0872,0.0347559
106,0.880556,42.9999947548,2180.76,13.1963,0.0344089
107,0.891667,39.000005722,2171.72,15.5414,0.0340654
108,0.883333,42.000002861,2161.25,12.9319,0.0337254
109,0.888889,39.9999976158,2154.21,16.0472,0.0333887
110,0.888889,39.9999976158,2142.29,12.5643,0.0330554
111,0.886111,40.9999895096,2135.41,16.9805,0.0327254
112,0.877778,44.0000081062,2124.27,14.6238,0.0323987
113,0.888889,39.9999976158,2117.36,16.181,0.0320753
114,0.880556,42.9999947548,2107.16,13.9347,0.031755
115,0.886111,40.9999895096,2101.09,16.9565,0.031438
116,0.883333,42.000002861,2089.96,13.8084,0.0311242
117,0.891667,39.000005722,2083.9,15.9385,0.0308135
118,0.877778,44.0000081062,2074.3,14.2371,0.0305059
119,0.888889,39.9999976158,2067.74,16.4615,0.0302013
120,0.883333,42.000002861,2058.4,13.9129,0.0298998
121,0.894444,37.9999923706,2051.2,15.7333,0.0296013
122,0.877778,44.0000081062,2042.61,14.3841,0.0293058
123,0.883333,42.000002861,2036.78,17.3564,0.0290133
124,0.883333,42.000002861,2026.97,13.8713,0.0287236
125,0.894444,37.9999923706,2021.19,15.6696,0.0284369
126,0.883333,42.000002861,2012.04,13.8489,0.028153
127,0.888889,39.9999976158,2006.03,15.2299,0.027872
128,0.880556,42.9999947548,1997.75,13.8674,0.0275937
129,0.891667,39.000005722,1992.59,16.0111,0.0273183
130,0.888889,39.9999976158,1983.65,15.1275,0.0270455
131,0.880556,42.9999947548,1975.78,13.9992,0.0267755
132,0.891667,39.000005722,1969.83,15.7098,0.0265082
133,0.883333,42.000002861,1962.38,14.224,0.0262436
134,0.886111,40.9999895096,1956.46,16.4433,0.0259816
135,0.888889,39.9999976158,1948.17,13.1999,0.0257223
136,0.888889,39.9999976158,1943.52,16.0517,0.0254655
137,0.888889,39.9999976158,1935.02,13.183,0.0252112
138,0.886111,40.9999895096,1930.73,15.8235,0.0249596
139,0.880556,42.9999947548,1922.45,13.6062,0.0247104
140,0.891667,39.000005722,1917.85,15.857,0.0244637
141,0.888889,39.9999976158,1910.25,15.012,0.0242195
142,0.886111,40.9999895096,1903.15,13.5328,0.0239777
143,0.888889,39.9999976158,1898.02,14.9927,0.0237383
144,0.886111,40.9999895096,1891.05,13.5175,0.0235014
145,0.886111,40.9999895096,1885.82,15.2177,0.0232668
146,0.888889,39.9999976158,1879.33,13.1199,0.0230345
147,0.888889,39.9999976158,1874.38,15.1704,0.0228045
148,0.888889,39.9999976158,1867.73,13.107,0.0225769
149,0.888889,39.9999976158,1863.03,15.1511,0.0223515
150,0.886111,40.9999895096,1856.2,13.2838,0.0221284
151,0.888889,39.9999976158,1851.94,15.1325,0.0219074
152,0.886111,40.9999895096,1845.13,13.5839,0.0216887
153,0.891667,39.000005722,1841.09,14.7491,0.0214722
154,0.886111,40.9999895096,1834.56,13.4573,0.0212579
155,0.888889,39.9999976158,1830.64,14.8928,0.0210457
156,0.888889,39.9999976158,1824.08,15.0889,0.0208356
157,0.883333,42.000002861,1817.99,13.2384,0.0206276
158,0.883333,42.000002861,1813.68,15.0405,0.0204216
159,0.886111,40.9999895096,1807.71,13.0416,0.0202178
160,0.880556,42.9999947548,1803.66,15.5711,0.0200159
161,0.883333,42.000002861,1797.76,13.3641,0.0198161
162,0.894444,37.9999923706,1794.21,15.2324,0.0196183
163,0.886111,40.9999895096,1788.23,13.4112,0.0194224
164,0.886111,40.9999895096,1783.9,14.7107,0.0192286
165,0.886111,40.9999895096,1778.5,13.4004,0.0190366
166,0.891667,39.000005722,1774.61,14.6531,0.0188466
167,0.888889,39.9999976158,1769.33,15.0054,0.0186584
168,0.888889,39.9999976158,1764.02,10.7549,0.0184721
169,0.883333,42.000002861,1760.69,12.7257,0.0182877
170,0.886111,40.9999895096,1757.1,11.5558,0.0181052
171,0.888889,39.9999976158,1753.75,12.1437,0.0179244
172,0.886111,40.9999895096,1750.08,10.7269,0.0177455
173,0.888889,39.9999976158,1746.95,12.1443,0.0175683
174,0.888889,39.9999976158,1743.25,10.7433,0.017393
175,0.894444,37.9999923706,1740.59,12.0581,0.0172193
176,0.888889,39.9999976158,1736.77,13.3279,0.0170474
177,0.891667,39.000005722,1733.02,10.747,0.0168772
178,0.891667,39.000005722,1730.19,12.0748,0.0167088
179,0.888889,39.9999976158,1726.57,11.5489,0.016542
180,0.891667,39.000005722,1723.7,11.7821,0.0163768
181,0.891667,39.000005722,1720.08,12.0672,0.0162133
182,0.891667,39.000005722,1716.87,10.7473,0.0160515
183,0.883333,42.000002861,1714.13,11.4362,0.0158912
184,0.894444,37.9999923706,1711.61,12.0318,0.0157326
185,0.888889,39.9999976158,1708.24,13.3183,0.0155755
186,0.891667,39.000005722,1704.75,10.7491,0.01542
187,0.888889,39.9999976158,1701.96,11.7895,0.0152661
188,0.891667,39.000005722,1698.59,10.751,0.0151137
189,0.888889,39.9999976158,1696.25,11.8764,0.0149628
190,0.888889,39.9999976158,1693.02,11.5561,0.0148135
191,0.891667,39.000005722,1690.64,11.748,0.0146656
192,0.891667,39.000005722,1687.33,12.0457,0.0145192
193,0.891667,39.000005722,1684.34,10.753,0.0143742
194,0.883333,42.000002861,1681.98,13.3828,0.0142307
195,0.886111,40.9999895096,1678.75,10.4899,0.0140887
196,0.888889,39.9999976158,1676.37,11.8712,0.013948
197,0.888889,39.9999976158,1673.49,10.795,0.0138088
198,0.886111,40.9999895096,1671.11,11.5959,0.0136709
199,0.891667,39.000005722,1668.12,11.7266,0.0135344
200,0.888889,39.9999976158,1665.32,10.7674,0.0133993
201,0.894444,37.9999923706,1663.41,11.9969,0.0132656
202,0.886111,40.9999895096,1660.14,10.4646,0.0131331
203,0.886111,40.9999895096,1658.1,12.2548,0.013002
204,0.894444,37.9999923706,1655.29,11.8545,0.0128722
205,0.888889,39.9999976158,1652.76,10.7752,0.0127437
206,0.888889,39.9999976158,1650.33,11.5731,0.0126165
207,0.888889,39.9999976158,1647.65,10.455,0.0124906
208,0.888889,39.9999976158,1645.74,11.8667,0.0123659
209,0.886111,40.9999895096,1643.07,12.2267,0.0122424
210,0.886111,40.9999895096,1640.99,11.5846,0.0121202
211,0.891667,39.000005722,1638.26,11.7019,0.0119992
212,0.888889,39.9999976158,1635.9,10.8104,0.0118794
213,0.888889,39.9999976158,1633.66,11.5653,0.0117608
214,0.886111,40.9999895096,1631.29,10.4761,0.0116434
215,0.888889,39.9999976158,1629.38,11.5643,0.0115272
216,0.886111,40.9999895096,1626.87,10.8211,0.0114121
217,0.888889,39.9999976158,1624.99,11.5629,0.0112982
218,0.888889,39.9999976158,1622.58,11.7321,0.0111854
219,0.888889,39.9999976158,1620.16,10.4628,0.0110737
220,0.886111,40.9999895096,1618.4,13.1733,0.0109632
221,0.886111,40.9999895096,1615.92,10.5255,0.0108537
222,0.886111,40.9999895096,1614.23,11.5784,0.0107454
223,0.888889,39.9999976158,1611.87,12.3616,0.0106381
224,0.888889,39.9999976158,1609.73,12.2661,0.0105319
225,0.886111,40.9999895096,1607.8,11.5772,0.0104268
226,0.883333,42.000002861,1605.69,11.3475,0.0103227
227,0.888889,39.9999976158,1603.95,11.7232,0.0102196
228,0.891667,39.000005722,1601.81,13.2694,0.0101176
229,0.886111,40.9999895096,1599.54,10.534,0.0100166
230,0.888889,39.9999976158,1597.88,11.554,0.00991661
231,0.886111,40.9999895096,1595.81,10.5396,0.00981762
232,0.888889,39.9999976158,1594.18,11.719,0.00971961
233,0.891667,39.000005722,1591.95,11.6711,0.00962258
234,0.886111,40.9999895096,1590.05,10.5009,0.00952652
235,0.888889,39.9999976158,1588.36,11.5515,0.00943141
236,0.883333,42.000002861,1586.36,10.5483,0.00933726
237,0.888889,39.9999976158,1584.76,11.551,0.00924405
238,0.883333,42.000002861,1582.85,11.3341,0.00915176
239,0.888889,39.9999976158,1581.41,11.551,0.0090604
240,0.886111,40.9999895096,1579.28,11.5744,0.00896995
241,0.886111,40.9999895096,1577.42,10.5579,0.00888041
242,0.886111,40.9999895096,1575.95,11.5745,0.00879175
243,0.888889,39.9999976158,1574.07,12.5001,0.00870399
244,0.880556,42.9999947548,1572.33,11.3505,0.00861709
245,0.888889,39.9999976158,1570.72,11.5488,0.00853107
246,0.883333,42.000002861,1568.97,10.5671,0.0084459
247,0.886111,40.9999895096,1567.63,12.3973,0.00836159
248,0.886111,40.9999895096,1565.65,10.5697,0.00827812
249,0.888889,39.9999976158,1564.4,11.549,0.00819548
250,0.888889,39.9999976158,1562.54,11.5476,0.00811366
251,0.883333,42.000002861,1560.88,10.5777,0.00803266
252,0.888889,39.9999976158,1559.47,11.5482,0.00795247
253,0.883333,42.000002861,1557.75,10.5824,0.00787308
254,0.888889,39.9999976158,1556.52,11.5481,0.00779449
255,0.886111,40.9999895096,1554.74,11.5757,0.00771668
256,0.886111,40.9999895096,1553.18,10.5829,0.00763964
257,0.886111,40.9999895096,1551.84,11.5759,0.00756337
258,0.883333,42.000002861,1550.24,11.3628,0.00748787
259,0.886111,40.9999895096,1549.12,12.4038,0.00741312
260,0.886111,40.9999895096,1547.33,11.9133,0.00733911
261,0.886111,40.9999895096,1545.84,10.5917,0.00726585
262,0.886111,40.9999895096,1544.59,11.5773,0.00719331
263,0.886111,40.9999895096,1543.1,12.4051,0.0071215
264,0.886111,40.9999895096,1541.58,10.5957,0.00705041
265,0.888889,39.9999976158,1540.32,11.5477,0.00698003
266,0.886111,40.9999895096,1538.83,10.5995,0.00691034
267,0.886111,40.9999895096,1537.68,11.579,0.00684136
268,0.888889,39.9999976158,1536.13,11.5475,0.00677306
269,0.883333,42.000002861,1534.86,10.6131,0.00670545
270,0.888889,39.9999976158,1533.6,11.5478,0.00663851
271,0.883333,42.000002861,1532.13,10.6182,0.00657224
272,0.888889,39.9999976158,1531.1,11.5486,0.00650663
273,0.883333,42.000002861,1529.69,10.6213,0.00644167
274,0.888889,39.9999976158,1528.68,11.5489,0.00637736
275,0.886111,40.9999895096,1527.16,11.581,0.0063137
276,0.886111,40.9999895096,1525.82,10.6171,0.00625067
277,0.886111,40.9999895096,1524.85,11.5821,0.00618827
278,0.888889,39.9999976158,1523.48,11.5487,0.00612649
279,0.886111,40.9999895096,1522.09,10.6209,0.00606533
280,0.888889,39.9999976158,1521.16,11.5496,0.00600478
281,0.888889,39.9999976158,1519.79,11.5488,0.00594484
282,0.883333,42.000002861,1518.68,10.6373,0.00588549
283,0.888889,39.9999976158,1517.49,11.5494,0.00582673
284,0.883333,42.000002861,1516.27,10.642,0.00576857
285,0.888889,39.9999976158,1515.37,11.5502,0.00571098
286,0.883333,42.000002861,1514.11,10.645,0.00565397
287,0.888889,39.9999976158,1513.15,11.5509,0.00559752
288,0.886111,40.9999895096,1511.91,11.5854,0.00554164
289,0.888889,39.9999976158,1510.71,11.5503,0.00548632
290,0.883333,42.000002861,1509.63,10.6514,0.00543155
291,0.888889,39.9999976158,1508.63,11.5513,0.00537733
292,0.883333,42.000002861,1507.41,10.656,0.00532365
293,0.888889,39.9999976158,1506.62,11.5519,0.0052705
294,0.886111,40.9999895096,1505.43,10.6437,0.00521789
295,0.886111,40.9999895096,1504.6,11.5886,0.0051658
296,0.888889,39.9999976158,1503.43,11.5522,0.00511423
297,0.883333,42.000002861,1502.35,10.6635,0.00506317
298,0.891667,39.000005722,1501.52,11.5519,0.00501263
299,0.886111,40.9999895096,1500.35,11.5894,0.00496259
300,0.888889,39.9999976158,1499.37,10.7005,0.00491304
301,0.888889,39.9999976158,1498.48,11.5933,0.004864
302,0.888889,39.9999976158,1497.43,11.5531,0.00481544
303,0.883333,42.000002861,1496.5,11.6612,0.00476737
304,0.888889,39.9999976158,1495.6,11.5542,0.00471978
305,0.888889,39.9999976158,1494.56,10.6594,0.00467266
306,0.888889,39.9999976158,1493.82,11.5959,0.00462601
307,0.886111,40.9999895096,1492.78,12.4306,0.00457983
308,0.886111,40.9999895096,1491.8,10.7344,0.00453411
309,0.891667,39.000005722,1491.03,11.5551,0.00448885
310,0.886111,40.9999895096,1490.05,11.5935,0.00444404
311,0.886111,40.9999895096,1489.15,11.6559,0.00439967
312,0.888889,39.9999976158,1488.31,11.5985,0.00435575
313,0.888889,39.9999976158,1487.36,10.671,0.00431227
314,0.888889,39.9999976158,1486.69,11.6,0.00426922
315,0.888889,39.9999976158,1485.79,12.4355,0.0042266
316,0.888889,39.9999976158,1484.82,10.7227,0.0041844
317,0.888889,39.9999976158,1484.14,11.6008,0.00414263
318,0.894444,37.9999923706,1483.19,11.5431,0.00410128
319,0.888889,39.9999976158,1482.43,10.7778,0.00406033
320,0.891667,39.000005722,1481.64,11.5585,0.0040198
321,0.888889,39.9999976158,1480.79,10.7804,0.00397967
322,0.894444,37.9999923706,1480.17,11.544,0.00393994
323,0.894444,37.9999923706,1479.27,11.5437,0.00390061
324,0.888889,39.9999976158,1478.54,10.7843,0.00386167
325,0.894444,37.9999923706,1477.88,11.5443,0.00382312
326,0.888889,39.9999976158,1477.06,10.7867,0.00378495
327,0.894444,37.9999923706,1476.48,11.5447,0.00374717
328,0.894444,37.9999923706,1475.64,11.5445,0.00370976
329,0.888889,39.9999976158,1474.91,10.7904,0.00367273
330,0.894444,37.9999923706,1474.31,11.5451,0.00363606
331,0.891667,39.000005722,1473.5,10.7927,0.00359976
332,0.894444,37.9999923706,1472.9,11.5454,0.00356383
333,0.894444,37.9999923706,1472.1,11.6308,0.00352825
334,0.888889,39.9999976158,1471.38,10.7964,0.00349303
335,0.894444,37.9999923706,1470.83,11.5458,0.00345815
336,0.891667,39.000005722,1470.07,11.6311,0.00342363
337,0.891667,39.000005722,1469.33,10.73,0.00338945
338,0.891667,39.000005722,1468.8,11.6323,0.00335562
339,0.894444,37.9999923706,1468.11,11.546,0.00332212
340,0.891667,39.000005722,1467.45,10.7319,0.00328895
341,0.891667,39.000005722,1466.87,11.6327,0.00325612
342,0.894444,37.9999923706,1466.16,11.5463,0.00322362
343,0.888889,39.9999976158,1465.45,10.806,0.00319143
344,0.894444,37.9999923706,1464.93,11.5468,0.00315957
345,0.891667,39.000005722,1464.27,10.7366,0.00312803
346,0.891667,39.000005722,1463.78,11.6343,0.00309681
347,0.894444,37.9999923706,1463.07,11.547,0.00306589
348,0.888889,39.9999976158,1462.44,10.8114,0.00303528
349,0.894444,37.9999923706,1461.97,11.5476,0.00300498
350,0.891667,39.000005722,1461.32,10.7412,0.00297498
351,0.891667,39.000005722,1460.88,11.6358,0.00294528
352,0.894444,37.9999923706,1460.21,11.5479,0.00291588
353,0.888889,39.9999976158,1459.58,10.8166,0.00288677
354,0.894444,37.9999923706,1459.16,11.5484,0.00285795
355,0.894444,37.9999923706,1458.46,11.548,0.00282942
356,0.888889,39.9999976158,1457.87,10.8197,0.00280118
357,0.894444,37.9999923706,1457.41,11.5487,0.00277321
358,0.891667,39.000005722,1456.81,11.6371,0.00274553
359,0.891667,39.000005722,1456.29,10.7486,0.00271812
360,0.894444,37.9999923706,1455.81,11.5488,0.00269099
361,0.891667,39.000005722,1455.24,11.638,0.00266412
362,0.891667,39.000005722,1454.71,10.751,0.00263753
363,0.891667,39.000005722,1454.24,11.6386,0.0026112
364,0.891667,39.000005722,1453.72,10.7527,0.00258513
365,0.894444,37.9999923706,1453.29,11.5497,0.00255932
366,0.891667,39.000005722,1452.7,11.6391,0.00253377
367,0.891667,39.000005722,1452.16,10.7551,0.00250848
368,0.891667,39.000005722,1451.74,11.64,0.00248343
369,0.894444,37.9999923706,1451.22,11.55,0.00245864
370,0.891667,39.000005722,1450.74,10.7566,0.0024341
371,0.891667,39.000005722,1450.32,11.6405,0.0024098
372,0.894444,37.9999923706,1449.79,11.5504,0.00238574
373,0.888889,39.9999976158,1449.33,10.8344,0.00236193
374,0.894444,37.9999923706,1448.91,11.5508,0.00233835
375,0.891667,39.000005722,1448.43,10.7604,0.002315
376,0.891667,39.000005722,1448.06,11.6418,0.00229189
377,0.894444,37.9999923706,1447.55,11.5512,0.00226901
378,0.888889,39.9999976158,1447.04,10.8387,0.00224636
379,0.894444,37.9999923706,1446.67,11.5516,0.00222394
380,0.891667,39.000005722,1446.18,10.7641,0.00220173
381,0.891667,39.000005722,1445.86,11.6431,0.00217975
382,0.894444,37.9999923706,1445.37,11.552,0.00215799
383,0.891667,39.000005722,1444.91,10.8428,0.00213645
384,0.894444,37.9999923706,1444.6,11.5525,0.00211512
385,0.894444,37.9999923706,1444.11,11.5521,0.00209401
386,0.888889,39.9999976158,1443.71,10.8446,0.0020731
387,0.894444,37.9999923706,1443.36,11.5526,0.00205241
388,0.891667,39.000005722,1442.9,11.6445,0.00203192
389,0.891667,39.000005722,1442.46,10.7701,0.00201163
390,0.894444,37.9999923706,1442.12,11.553,0.00199155
391,0.888889,39.9999976158,1441.69,10.8485,0.00197167
392,0.894444,37.9999923706,1441.39,11.5534,0.00195199
393,0.891667,39.000005722,1440.95,11.6457,0.0019325
394,0.891667,39.000005722,1440.55,10.7733,0.00191321
395,0.894444,37.9999923706,1440.25,11.5538,0.00189411
396,0.891667,39.000005722,1439.83,11.6461,0.0018752
397,0.894444,37.9999923706,1439.42,11.5537,0.00185648
398,0.888889,39.9999976158,1439.06,10.8533,0.00183795
399,0.894444,37.9999923706,1438.75,11.5541,0.0018196
400,0.891667,39.000005722,1438.33,10.7764,0.00180143
401,0.891667,39.000005722,1438.05,11.6473,0.00178345
402,0.891667,39.000005722,1437.65,10.7777,0.00176565
403,0.891667,39.000005722,1437.37,11.6478,0.00174802
404,0.894444,37.9999923706,1437.0,11.5548,0.00173057
405,0.894444,37.9999923706,1436.62,10.7794,0.00171329
406,0.891667,39.000005722,1436.37,11.6484,0.00169619
407,0.894444,37.9999923706,1436.0,11.5551,0.00167926
408,0.891667,39.000005722,1435.61,11.6485,0.00166249
409,0.891667,39.000005722,1435.31,10.7815,0.0016459
410,0.894444,37.9999923706,1435.01,11.5554,0.00162947
411,0.888889,39.9999976158,1434.65,10.8616,0.0016132
412,0.894444,37.9999923706,1434.38,11.5557,0.00159709
413,0.891667,39.000005722,1434.03,11.6496,0.00158115
414,0.891667,39.000005722,1433.7,10.7842,0.00156537
415,0.897222,37.0000004768,1433.47,10.6315,0.00154974
416,0.894444,37.9999923706,1433.22,11.0878,0.00153427
417,0.894444,37.9999923706,1432.97,10.289,0.00151895
418,0.894444,37.9999923706,1432.78,10.1714,0.00150379
419,0.894444,37.9999923706,1432.56,10.1714,0.00148878
420,0.894444,37.9999923706,1432.31,10.1713,0.00147391
421,0.894444,37.9999923706,1432.11,10.1714,0.0014592
422,0.894444,37.9999923706,1431.9,10.1714,0.00144463
423,0.891667,39.000005722,1431.69,9.81421,0.00143021
424,0.894444,37.9999923706,1431.56,10.1718,0.00141593
425,0.894444,37.9999923706,1431.34,10.1719,0.0014018
426,0.894444,37.9999923706,1431.12,10.1719,0.0013878
427,0.894444,37.9999923706,1430.92,10.1719,0.00137395
428,0.894444,37.9999923706,1430.72,10.1718,0.00136023
429,0.894444,37.9999923706,1430.52,10.1719,0.00134665
430,0.894444,37.9999923706,1430.32,10.172,0.00133321
431,0.894444,37.9999923706,1430.13,10.172,0.0013199
432,0.894444,37.9999923706,1429.92,10.1719,0.00130672
433,0.894444,37.9999923706,1429.72,10.178,0.00129368
434,0.894444,37.9999923706,1429.6,10.1724,0.00128077
435,0.894444,37.9999923706,1429.42,10.1724,0.00126798
436,0.894444,37.9999923706,1429.23,10.1724,0.00125532
437,0.894444,37.9999923706,1429.05,10.543,0.00124279
438,0.894444,37.9999923706,1428.85,10.1724,0.00123038
439,0.894444,37.9999923706,1428.67,10.1724,0.0012181
440,0.891667,39.000005722,1428.5,9.81872,0.00120594
441,0.891667,39.000005722,1428.4,10.5436,0.0011939
442,0.894444,37.9999923706,1428.2,10.1729,0.00118198
443,0.894444,37.9999923706,1428.03,10.1729,0.00117018
444,0.894444,37.9999923706,1427.85,10.1728,0.0011585
445,0.891667,39.000005722,1427.69,10.5438,0.00114694
446,0.894444,37.9999923706,1427.52,10.1729,0.00113549
447,0.894444,37.9999923706,1427.34,10.1729,0.00112415
448,0.894444,37.9999923706,1427.18,10.1729,0.00111293
449,0.888889,39.9999976158,1427.04,10.1827,0.00110182
450,0.891667,39.000005722,1426.91,10.6629,0.00109082
451,0.894444,37.9999923706,1426.76,10.1733,0.00107993
452,0.894444,37.9999923706,1426.58,10.1733,0.00106915
453,0.894444,37.9999923706,1426.43,10.1733,0.00105847
454,0.894444,37.9999923706,1426.28,10.1733,0.00104791
455,0.894444,37.9999923706,1426.13,10.5445,0.00103745
456,0.894444,37.9999923706,1425.96,10.6631,0.00102709
457,0.888889,39.9999976158,1425.82,10.1849,0.00101684
458,0.894444,37.9999923706,1425.72,10.1737,0.00100669
459,0.894444,37.9999923706,1425.58,10.1737,0.000996636
460,0.894444,37.9999923706,1425.43,10.1737,0.000986686
461,0.894444,37.9999923706,1425.28,10.1738,0.000976836
462,0.894444,37.9999923706,1425.13,10.1738,0.000967085
463,0.894444,37.9999923706,1424.99,10.1738,0.00095743
464,0.891667,39.000005722,1424.86,9.82453,0.000947872
465,0.894444,37.9999923706,1424.76,10.664,0.00093841
466,0.894444,37.9999923706,1424.62,10.1741,0.000929042
467,0.894444,37.9999923706,1424.49,10.1741,0.000919767
468,0.894444,37.9999923706,1424.36,10.1742,0.000910585
469,0.894444,37.9999923706,1424.22,10.1742,0.000901495
470,0.894444,37.9999923706,1424.08,10.1741,0.000892495
471,0.894444,37.9999923706,1423.95,10.1741,0.000883585
472,0.891667,39.000005722,1423.83,10.5457,0.000874765
473,0.891667,39.000005722,1423.71,9.82628,0.000866032
474,0.894444,37.9999923706,1423.62,10.6644,0.000857386
475,0.894444,37.9999923706,1423.48,11.1088,0.000848827
476,0.894444,37.9999923706,1423.35,10.1745,0.000840353
477,0.894444,37.9999923706,1423.23,10.5461,0.000831964
478,0.894444,37.9999923706,1423.12,10.1746,0.000823659
479,0.894444,37.9999923706,1423.0,10.1746,0.000815436
480,0.894444,37.9999923706,1422.87,10.1746,0.000807296
481,0.894444,37.9999923706,1422.75,9.82772,0.000799236
482,0.891667,39.000005722,1422.68,11.8749,0.000791258
483,0.891667,39.000005722,1422.56,10.5466,0.000783359
484,0.894444,37.9999923706,1422.44,10.1749,0.000775539
485,0.894444,37.9999923706,1422.33,10.1749,0.000767796
486,0.894444,37.9999923706,1422.22,10.1749,0.000760131
487,0.891667,39.000005722,1422.11,10.5467,0.000752543
488,0.894444,37.9999923706,1422.0,10.6651,0.00074503
489,0.894444,37.9999923706,1421.88,10.1749,0.000737593
490,0.891667,39.000005722,1421.78,9.82932,0.00073023
491,0.894444,37.9999923706,1421.71,10.1752,0.00072294
492,0.894444,37.9999923706,1421.6,10.1752,0.000715723
493,0.894444,37.9999923706,1421.5,10.1752,0.000708578
494,0.894444,37.9999923706,1421.38,10.5471,0.000701504
495,0.894444,37.9999923706,1421.28,10.1752,0.000694501
496,0.894444,37.9999923706,1421.18,10.1752,0.000687568
497,0.894444,37.9999923706,1421.08,10.1752,0.000680704
498,0.894444,37.9999923706,1420.97,10.1752,0.000673908
499,0.891667,39.000005722,1420.89,10.3548,0.000667181
500,0.894444,37.9999923706,1420.82,10.1756,0.00066052
501,0.894444,37.9999923706,1420.72,10.1755,0.000653926
502,0.894444,37.9999923706,1420.62,10.1755,0.000647398
503,0.894444,37.9999923706,1420.52,10.1755,0.000640935
504,0.894444,37.9999923706,1420.43,10.6659,0.000634537
505,0.894444,37.9999923706,1420.34,10.1756,0.000628202
506,0.894444,37.9999923706,1420.25,10.1756,0.000621931
507,0.888889,39.9999976158,1420.18,10.1944,0.000615722
508,0.894444,37.9999923706,1420.09,10.1758,0.000609576
509,0.894444,37.9999923706,1420.0,10.1758,0.00060349
510,0.891667,39.000005722,1419.92,10.548,0.000597466
511,0.894444,37.9999923706,1419.83,10.1759,0.000591501
512,0.894444,37.9999923706,1419.74,10.1758,0.000585596
513,0.894444,37.9999923706,1419.65,10.1758,0.00057975
514,0.891667,39.000005722,1419.57,10.1955,0.000573963
515,0.891667,39.000005722,1419.52,10.6665,0.000568233
516,0.894444,37.9999923706,1419.43,10.176,0.00056256
517,0.894444,37.9999923706,1419.34,11.1108,0.000556944
518,0.894444,37.9999923706,1419.26,10.1761,0.000551384
519,0.894444,37.9999923706,1419.18,10.1761,0.00054588
520,0.894444,37.9999923706,1419.1,10.1761,0.00054043
521,0.891667,39.000005722,1419.03,10.6666,0.000535035
522,0.894444,37.9999923706,1418.94,10.5485,0.000529694
523,0.894444,37.9999923706,1418.87,9.83398,0.000524406
524,0.894444,37.9999923706,1418.82,10.1763,0.000519171
525,0.894444,37.9999923706,1418.74,10.1763,0.000513988
526,0.894444,37.9999923706,1418.67,10.5487,0.000508857
527,0.894444,37.9999923706,1418.59,10.1763,0.000503777
528,0.894444,37.9999923706,1418.51,10.1763,0.000498748
529,0.894444,37.9999923706,1418.44,10.1763,0.000493769
530,0.894444,37.9999923706,1418.37,9.83468,0.00048884
531,0.891667,39.000005722,1418.32,10.6671,0.00048396
532,0.894444,37.9999923706,1418.25,10.1765,0.000479128
533,0.891667,39.000005722,1418.18,10.549,0.000474345
534,0.894444,37.9999923706,1418.11,10.1766,0.00046961
535,0.894444,37.9999923706,1418.04,10.1766,0.000464922
536,0.894444,37.9999923706,1417.97,10.1765,0.000460281
537,0.891667,39.000005722,1417.9,10.5491,0.000455685
538,0.894444,37.9999923706,1417.84,10.6672,0.000451136
539,0.894444,37.9999923706,1417.77,10.5491,0.000446633
540,0.894444,37.9999923706,1417.71,10.1766,0.000442174
541,0.891667,39.000005722,1417.65,9.83585,0.00043776
542,0.894444,37.9999923706,1417.59,10.1767,0.00043339
543,0.894444,37.9999923706,1417.53,10.1767,0.000429063
544,0.894444,37.9999923706,1417.48,11.8776,0.00042478
545,0.891667,39.000005722,1417.41,10.5494,0.000420539
546,0.894444,37.9999923706,1417.35,10.1768,0.000416341
547,0.894444,37.9999923706,1417.28,10.1768,0.000412185
548,0.894444,37.9999923706,1417.22,10.1768,0.00040807
549,0.891667,39.000005722,1417.17,10.1997,0.000403996
550,0.894444,37.9999923706,1417.12,10.177,0.000399963
551,0.894444,37.9999923706,1417.06,10.177,0.00039597
552,0.894444,37.9999923706,1417.01,10.177,0.000392017
553,0.894444,37.9999923706,1416.95,10.6677,0.000388104
554,0.894444,37.9999923706,1416.89,10.177,0.00038423
555,0.894444,37.9999923706,1416.83,10.177,0.000380394
556,0.894444,37.9999923706,1416.78,10.5497,0.000376596
557,0.891667,39.000005722,1416.73,9.83735,0.000372837
558,0.894444,37.9999923706,1416.69,10.1771,0.000369115
559,0.894444,37.9999923706,1416.63,10.1771,0.00036543
560,0.891667,39.000005722,1416.58,10.5499,0.000361782
561,0.894444,37.9999923706,1416.52,10.1771,0.00035817
562,0.894444,37.9999923706,1416.47,10.1772,0.000354595
563,0.894444,37.9999923706,1416.42,10.1772,0.000351055
564,0.891667,39.000005722,1416.37,10.2011,0.00034755
565,0.894444,37.9999923706,1416.34,10.668,0.000344081
566,0.894444,37.9999923706,1416.28,10.1773,0.000340646
567,0.894444,37.9999923706,1416.23,10.1773,0.000337245
568,0.894444,37.9999923706,1416.18,10.1773,0.000333878
569,0.894444,37.9999923706,1416.13,10.1773,0.000330545
570,0.894444,37.9999923706,1416.09,10.6681,0.000327246
571,0.894444,37.9999923706,1416.04,10.1773,0.000323979
572,0.891667,39.000005722,1415.99,10.5502,0.000320744
573,0.894444,37.9999923706,1415.94,10.1774,0.000317542
574,0.894444,37.9999923706,1415.89,9.83865,0.000314372
575,0.894444,37.9999923706,1415.86,10.5503,0.000311234
576,0.894444,37.9999923706,1415.82,10.1775,0.000308127
577,0.894444,37.9999923706,1415.78,10.1775,0.000305051
578,0.894444,37.9999923706,1415.73,10.1775,0.000302006
579,0.894444,37.9999923706,1415.68,10.5504,0.000298991
580,0.894444,37.9999923706,1415.64,10.6683,0.000296006
581,0.894444,37.9999923706,1415.6,9.83912,0.000293051
582,0.894444,37.9999923706,1415.57,10.1776,0.000290125
583,0.894444,37.9999923706,1415.52,10.1776,0.000287229
584,0.894444,37.9999923706,1415.48,10.1776,0.000284362
585,0.894444,37.9999923706,1415.44,10.1776,0.000281523
586,0.894444,37.9999923706,1415.4,10.1776,0.000278712
587,0.894444,37.9999923706,1415.35,10.1776,0.00027593
588,0.894444,37.9999923706,1415.31,10.1776,0.000273176
589,0.894444,37.9999923706,1415.28,10.6685,0.000270449
590,0.894444,37.9999923706,1415.24,10.1776,0.000267749
591,0.891667,39.000005722,1415.2,9.83978,0.000265076
592,0.894444,37.9999923706,1415.17,10.5507,0.000262429
593,0.894444,37.9999923706,1415.13,10.1777,0.00025981
594,0.894444,37.9999923706,1415.09,10.1777,0.000257216
595,0.894444,37.9999923706,1415.06,10.1777,0.000254648
596,0.894444,37.9999923706,1415.02,10.5507,0.000252106
597,0.891667,39.000005722,1414.98,10.6687,0.000249589
598,0.894444,37.9999923706,1414.95,10.1778,0.000247098
599,0.891667,39.000005722,1414.91,10.2037,0.000244631
600,0.894444,37.9999923706,1414.89,10.1778,0.000242189
601,0.894444,37.9999923706,1414.85,10.1778,0.000239771
602,0.894444,37.9999923706,1414.81,10.5509,0.000237377
603,0.894444,37.9999923706,1414.78,10.1779,0.000235008
604,0.894444,37.9999923706,1414.75,10.6688,0.000232662
605,0.894444,37.9999923706,1414.71,10.1779,0.000230339
606,0.894444,37.9999923706,1414.68,9.84064,0.000228039
607,0.894444,37.9999923706,1414.65,10.178,0.000225763
608,0.894444,37.9999923706,1414.62,10.178,0.000223509
609,0.894444,37.9999923706,1414.59,10.6689,0.000221278
610,0.894444,37.9999923706,1414.56,10.5511,0.000219069
611,0.894444,37.9999923706,1414.53,10.178,0.000216882
612,0.894444,37.9999923706,1414.49,10.178,0.000214717
613,0.894444,37.9999923706,1414.46,10.178,0.000212573
614,0.894444,37.9999923706,1414.43,10.5511,0.000210451
615,0.894444,37.9999923706,1414.4,9.84108,0.00020835
616,0.894444,37.9999923706,1414.38,10.1781,0.00020627
617,0.894444,37.9999923706,1414.35,10.1781,0.000204211
618,0.894444,37.9999923706,1414.32,10.1781,0.000202173
619,0.894444,37.9999923706,1414.29,10.669,0.000200154
620,0.894444,37.9999923706,1414.26,10.1781,0.000198156
621,0.894444,37.9999923706,1414.23,10.1781,0.000196178
622,0.894444,37.9999923706,1414.2,10.1781,0.00019422
623,0.894444,37.9999923706,1414.17,10.1781,0.000192281
624,0.894444,37.9999923706,1414.14,10.1781,0.000190361
625,0.894444,37.9999923706,1414.11,10.1781,0.000188461
626,0.894444,37.9999923706,1414.09,11.8795,0.000186579
627,0.894444,37.9999923706,1414.06,10.2051,0.000184717
628,0.894444,37.9999923706,1414.04,10.1782,0.000182873
629,0.894444,37.9999923706,1414.02,10.1782,0.000181047
630,0.894444,37.9999923706,1413.99,10.1782,0.00017924
631,0.894444,37.9999923706,1413.96,10.5514,0.00017745
632,0.894444,37.9999923706,1413.94,10.1782,0.000175679
633,0.894444,37.9999923706,1413.91,10.1782,0.000173925
634,0.894444,37.9999923706,1413.89,9.84188,0.000172189
635,0.894444,37.9999923706,1413.86,10.5514,0.00017047
636,0.894444,37.9999923706,1413.84,10.6693,0.000168768
637,0.894444,37.9999923706,1413.82,10.5515,0.000167083
638,0.894444,37.9999923706,1413.79,10.1783,0.000165415
639,0.894444,37.9999923706,1413.77,10.1783,0.000163764
640,0.894444,37.9999923706,1413.74,10.1783,0.000162129
641,0.894444,37.9999923706,1413.72,10.1783,0.000160511
642,0.894444,37.9999923706,1413.7,10.2058,0.000158908
643,0.894444,37.9999923706,1413.68,10.1783,0.000157322
644,0.894444,37.9999923706,1413.66,10.1783,0.000155751
645,0.894444,37.9999923706,1413.63,10.5516,0.000154197
646,0.894444,37.9999923706,1413.61,10.6694,0.000152657
647,0.894444,37.9999923706,1413.59,10.1783,0.000151133
648,0.894444,37.9999923706,1413.57,10.1783,0.000149624
649,0.894444,37.9999923706,1413.54,11.1136,0.000148131
650,0.894444,37.9999923706,1413.52,10.1784,0.000146652
651,0.894444,37.9999923706,1413.5,9.84249,0.000145188
652,0.894444,37.9999923706,1413.49,10.5517,0.000143739
653,0.894444,37.9999923706,1413.46,10.1784,0.000142304
654,0.894444,37.9999923706,1413.44,10.1784,0.000140883
655,0.894444,37.9999923706,1413.42,10.1784,0.000139477
656,0.894444,37.9999923706,1413.4,10.6695,0.000138084
657,0.894444,37.9999923706,1413.38,11.1137,0.000136706
658,0.894444,37.9999923706,1413.36,10.5517,0.000135341
659,0.894444,37.9999923706,1413.34,10.1784,0.00013399
660,0.894444,37.9999923706,1413.32,9.84277,0.000132652
661,0.894444,37.9999923706,1413.31,10.1785,0.000131328
662,0.894444,37.9999923706,1413.29,10.1785,0.000130017
663,0.894444,37.9999923706,1413.27,10.6696,0.000128719
664,0.894444,37.9999923706,1413.25,10.1785,0.000127434
665,0.894444,37.9999923706,1413.24,10.5518,0.000126162
666,0.894444,37.9999923706,1413.22,10.1785,0.000124902
667,0.894444,37.9999923706,1413.2,10.1785,0.000123655
668,0.894444,37.9999923706,1413.18,10.1785,0.000122421
669,0.894444,37.9999923706,1413.16,10.2067,0.000121199
670,0.894444,37.9999923706,1413.15,10.6696,0.000119989
671,0.894444,37.9999923706,1413.13,10.1786,0.000118791
672,0.894444,37.9999923706,1413.11,10.1786,0.000117605
673,0.894444,37.9999923706,1413.1,10.1786,0.000116431
674,0.894444,37.9999923706,1413.08,10.1786,0.000115269
675,0.894444,37.9999923706,1413.06,10.5519,0.000114118
676,0.894444,37.9999923706,1413.05,10.6697,0.000112979
677,0.894444,37.9999923706,1413.03,10.207,0.000111851
678,0.894444,37.9999923706,1413.02,10.1786,0.000110734
679,0.894444,37.9999923706,1413.0,10.1786,0.000109629
680,0.894444,37.9999923706,1412.99,10.1786,0.000108535
681,0.894444,37.9999923706,1412.97,10.1786,0.000107451
682,0.894444,37.9999923706,1412.95,10.1786,0.000106378
683,0.894444,37.9999923706,1412.94,10.1786,0.000105316
684,0.894444,37.9999923706,1412.92,10.1786,0.000104265
685,0.894444,37.9999923706,1412.91,9.84346,0.000103224
686,0.894444,37.9999923706,1412.9,10.6698,0.000102194
687,0.894444,37.9999923706,1412.88,10.1787,0.000101173
688,0.894444,37.9999923706,1412.87,10.552,0.000100164
689,0.894444,37.9999923706,1412.85,10.1787,9.91636e-05
690,0.894444,37.9999923706,1412.84,10.1787,9.81737e-05
691,0.894444,37.9999923706,1412.82,10.1787,9.71936e-05
692,0.894444,37.9999923706,1412.81,10.552,9.62233e-05
693,0.894444,37.9999923706,1412.79,10.1787,9.52627e-05
694,0.894444,37.9999923706,1412.78,9.84365,9.43117e-05
695,0.894444,37.9999923706,1412.77,10.1787,9.33702e-05
696,0.894444,37.9999923706,1412.76,10.6698,9.24381e-05
697,0.894444,37.9999923706,1412.74,10.1787,9.15153e-05
698,0.894444,37.9999923706,1412.73,10.1787,9.06017e-05
699,0.894444,37.9999923706,1412.72,10.6698,8.96972e-05
700,0.894444,37.9999923706,1412.7,10.5521,8.88018e-05
701,0.894444,37.9999923706,1412.69,10.1787,8.79153e-05
702,0.894444,37.9999923706,1412.68,10.1787,8.70376e-05
703,0.894444,37.9999923706,1412.66,10.1787,8.61687e-05
704,0.894444,37.9999923706,1412.65,9.84386,8.53085e-05
705,0.894444,37.9999923706,1412.64,10.1788,8.44569e-05
706,0.894444,37.9999923706,1412.63,10.1788,8.36137e-05
707,0.894444,37.9999923706,1412.62,10.1788,8.2779e-05
708,0.894444,37.9999923706,1412.61,10.5521,8.19527e-05
709,0.894444,37.9999923706,1412.59,10.1788,8.11346e-05
710,0.894444,37.9999923706,1412.58,10.1788,8.03246e-05
711,0.894444,37.9999923706,1412.57,9.84398,7.95227e-05
712,0.894444,37.9999923706,1412.56,10.5522,7.87288e-05
713,0.894444,37.9999923706,1412.55,10.6699,7.79429e-05
714,0.894444,37.9999923706,1412.54,10.1788,7.71648e-05
715,0.894444,37.9999923706,1412.53,10.1788,7.63945e-05
716,0.894444,37.9999923706,1412.52,10.1788,7.56318e-05
717,0.894444,37.9999923706,1412.51,10.1788,7.48768e-05
718,0.894444,37.9999923706,1412.5,10.5522,7.41293e-05
719,0.894444,37.9999923706,1412.48,9.84414,7.33893e-05
720,0.894444,37.9999923706,1412.48,10.1788,7.26566e-05
721,0.894444,37.9999923706,1412.47,10.1788,7.19313e-05
722,0.894444,37.9999923706,1412.46,10.5522,7.12132e-05
723,0.894444,37.9999923706,1412.44,10.1788,7.05023e-05
724,0.894444,37.9999923706,1412.43,10.67,6.97985e-05
725,0.894444,37.9999923706,1412.42,10.1788,6.91017e-05
726,0.894444,37.9999923706,1412.41,10.1788,6.84118e-05
727,0.894444,37.9999923706,1412.41,10.2081,6.77289e-05
728,0.894444,37.9999923706,1412.4,10.1789,6.70527e-05
729,0.894444,37.9999923706,1412.39,10.1789,6.63834e-05
730,0.894444,37.9999923706,1412.38,10.5523,6.57207e-05
731,0.894444,37.9999923706,1412.37,10.67,6.50646e-05
732,0.894444,37.9999923706,1412.36,10.1789,6.4415e-05
733,0.894444,37.9999923706,1412.35,10.5523,6.3772e-05
734,0.894444,37.9999923706,1412.34,9.84438,6.31354e-05
735,0.894444,37.9999923706,1412.33,10.1789,6.25051e-05
736,0.894444,37.9999923706,1412.33,10.1789,6.18811e-05
737,0.894444,37.9999923706,1412.32,10.5523,6.12633e-05
738,0.894444,37.9999923706,1412.31,10.1789,6.06518e-05
739,0.894444,37.9999923706,1412.3,10.1789,6.00463e-05
740,0.894444,37.9999923706,1412.29,10.1789,5.94468e-05
741,0.894444,37.9999923706,1412.28,10.5524,5.88534e-05
742,0.894444,37.9999923706,1412.27,10.1789,5.82659e-05
743,0.894444,37.9999923706,1412.26,10.6701,5.76842e-05
744,0.894444,37.9999923706,1412.25,10.1789,5.71083e-05
745,0.894444,37.9999923706,1412.25,9.84453,5.65382e-05
746,0.894444,37.9999923706,1412.24,10.1789,5.59738e-05
747,0.894444,37.9999923706,1412.23,10.1789,5.5415e-05
748,0.894444,37.9999923706,1412.22,10.6701,5.48618e-05
749,0.894444,37.9999923706,1412.22,10.5524,5.43141e-05
750,0.894444,37.9999923706,1412.21,10.1789,5.37719e-05
751,0.894444,37.9999923706,1412.2,10.1789,5.32351e-05
752,0.894444,37.9999923706,1412.19,10.1789,5.27037e-05
753,0.894444,37.9999923706,1412.18,10.2085,5.21775e-05
754,0.894444,37.9999923706,1412.18,10.179,5.16567e-05
755,0.894444,37.9999923706,1412.17,10.179,5.1141e-05
756,0.894444,37.9999923706,1412.16,10.179,5.06304e-05
757,0.894444,37.9999923706,1412.16,10.6701,5.0125e-05
758,0.894444,37.9999923706,1412.15,10.179,4.96246e-05
759,0.894444,37.9999923706,1412.14,10.179,4.91292e-05
760,0.894444,37.9999923706,1412.14,10.179,4.86387e-05
761,0.894444,37.9999923706,1412.13,10.179,4.81532e-05
762,0.894444,37.9999923706,1412.12,9.84474,4.76725e-05
763,0.894444,37.9999923706,1412.12,10.179,4.71966e-05
764,0.894444,37.9999923706,1412.11,10.179,4.67254e-05
765,0.894444,37.9999923706,1412.1,10.179,4.62589e-05
766,0.894444,37.9999923706,1412.1,10.179,4.57971e-05
767,0.894444,37.9999923706,1412.09,10.179,4.53399e-05
768,0.894444,37.9999923706,1412.08,10.7512,4.48873e-05
769,0.894444,37.9999923706,1412.08,10.6702,4.44392e-05
770,0.894444,37.9999923706,1412.07,10.179,4.39956e-05
771,0.894444,37.9999923706,1412.06,10.179,4.35564e-05
772,0.894444,37.9999923706,1412.06,9.84484,4.31216e-05
773,0.894444,37.9999923706,1412.05,10.179,4.26911e-05
774,0.894444,37.9999923706,1412.05,10.6702,4.22649e-05
775,0.894444,37.9999923706,1412.04,10.179,4.1843e-05
776,0.894444,37.9999923706,1412.03,10.5525,4.14253e-05
777,0.894444,37.9999923706,1412.03,10.179,4.10117e-05
778,0.894444,37.9999923706,1412.02,10.179,4.06023e-05
779,0.894444,37.9999923706,1412.02,10.179,4.0197e-05
780,0.894444,37.9999923706,1412.01,10.179,3.97957e-05
781,0.894444,37.9999923706,1412.0,10.2088,3.93984e-05
782,0.894444,37.9999923706,1412.0,10.6702,3.90051e-05
783,0.894444,37.9999923706,1411.99,10.5525,3.86157e-05
784,0.894444,37.9999923706,1411.99,10.179,3.82302e-05
785,0.894444,37.9999923706,1411.98,10.179,3.78485e-05
786,0.894444,37.9999923706,1411.98,10.179,3.74707e-05
787,0.894444,37.9999923706,1411.97,10.5525,3.70966e-05
788,0.894444,37.9999923706,1411.97,9.84499,3.67263e-05
789,0.894444,37.9999923706,1411.96,10.179,3.63597e-05
790,0.894444,37.9999923706,1411.96,10.179,3.59967e-05
791,0.894444,37.9999923706,1411.95,10.6702,3.56373e-05
792,0.894444,37.9999923706,1411.95,10.5525,3.52816e-05
793,0.894444,37.9999923706,1411.94,10.179,3.49294e-05
794,0.894444,37.9999923706,1411.94,10.179,3.45807e-05
795,0.894444,37.9999923706,1411.93,10.179,3.42355e-05
796,0.894444,37.9999923706,1411.93,9.84505,3.38937e-05
797,0.894444,37.9999923706,1411.92,10.6703,3.35553e-05
798,0.894444,37.9999923706,1411.92,10.1791,3.32203e-05
799,0.894444,37.9999923706,1411.91,10.5526,3.28887e-05
800,0.894444,37.9999923706,1411.91,10.1791,3.25604e-05
801,0.894444,37.9999923706,1411.9,10.1791,3.22353e-05
802,0.894444,37.9999923706,1411.9,10.1791,3.19135e-05
803,0.894444,37.9999923706,1411.89,9.8451,3.15949e-05
804,0.894444,37.9999923706,1411.89,10.1791,3.12795e-05
805,0.894444,37.9999923706,1411.88,10.1791,3.09673e-05
806,0.894444,37.9999923706,1411.88,10.6703,3.06581e-05
807,0.894444,37.9999923706,1411.88,10.1791,3.0352e-05
808,0.894444,37.9999923706,1411.87,10.1791,3.00491e-05
809,0.894444,37.9999923706,1411.87,9.84514,2.97491e-05
810,0.894444,37.9999923706,1411.86,10.1791,2.94521e-05
811,0.894444,37.9999923706,1411.86,10.5526,2.91581e-05
812,0.894444,37.9999923706,1411.85,10.1791,2.8867e-05
813,0.894444,37.9999923706,1411.85,10.1791,2.85788e-05
814,0.894444,37.9999923706,1411.85,10.1791,2.82935e-05
815,0.894444,37.9999923706,1411.84,10.5526,2.80111e-05
816,0.894444,37.9999923706,1411.84,12.8656,2.77314e-05
817,0.894444,37.9999923706,1411.83,10.2091,2.74546e-05
818,0.894444,37.9999923706,1411.83,10.1791,2.71805e-05
819,0.894444,37.9999923706,1411.83,10.1791,2.69092e-05
820,0.894444,37.9999923706,1411.82,10.5526,2.66405e-05
821,0.894444,37.9999923706,1411.82,10.1791,2.63746e-05
822,0.894444,37.9999923706,1411.82,10.1791,2.61113e-05
823,0.894444,37.9999923706,1411.81,10.5526,2.58506e-05
824,0.894444,37.9999923706,1411.81,9.84524,2.55926e-05
825,0.894444,37.9999923706,1411.81,10.1791,2.53371e-05
826,0.894444,37.9999923706,1411.8,10.1791,2.50841e-05
827,0.894444,37.9999923706,1411.8,10.6703,2.48337e-05
828,0.894444,37.9999923706,1411.79,10.1791,2.45858e-05
829,0.894444,37.9999923706,1411.79,10.1791,2.43404e-05
830,0.894444,37.9999923706,1411.79,11.2059,2.40974e-05
831,0.894444,37.9999923706,1411.78,11.1145,2.38568e-05
832,0.894444,37.9999923706,1411.78,10.1791,2.36187e-05
833,0.894444,37.9999923706,1411.78,10.1791,2.33829e-05
834,0.894444,37.9999923706,1411.77,10.1791,2.31494e-05
835,0.894444,37.9999923706,1411.77,10.2092,2.29183e-05
836,0.894444,37.9999923706,1411.77,10.1791,2.26895e-05
837,0.894444,37.9999923706,1411.76,10.6703,2.2463e-05
838,0.894444,37.9999923706,1411.76,10.1791,2.22388e-05
839,0.894444,37.9999923706,1411.76,10.5527,2.20168e-05
840,0.894444,37.9999923706,1411.76,10.1791,2.1797e-05
841,0.894444,37.9999923706,1411.75,10.1791,2.15794e-05
842,0.894444,37.9999923706,1411.75,10.6703,2.1364e-05
843,0.894444,37.9999923706,1411.75,10.5527,2.11507e-05
844,0.894444,37.9999923706,1411.74,10.1791,2.09395e-05
845,0.894444,37.9999923706,1411.74,10.1791,2.07305e-05
846,0.894444,37.9999923706,1411.74,10.1791,2.05236e-05
847,0.894444,37.9999923706,1411.73,9.84536,2.03187e-05
848,0.894444,37.9999923706,1411.73,10.5527,2.01158e-05
849,0.894444,37.9999923706,1411.73,10.1791,1.9915e-05
850,0.894444,37.9999923706,1411.73,10.1791,1.97162e-05
851,0.894444,37.9999923706,1411.72,10.5527,1.95194e-05
852,0.894444,37.9999923706,1411.72,10.1791,1.93245e-05
853,0.894444,37.9999923706,1411.72,10.1791,1.91316e-05
854,0.894444,37.9999923706,1411.72,10.5527,1.89406e-05
855,0.894444,37.9999923706,1411.71,10.1791,1.87515e-05
856,0.894444,37.9999923706,1411.71,10.1791,1.85643e-05
857,0.894444,37.9999923706,1411.71,10.5527,1.8379e-05
858,0.894444,37.9999923706,1411.71,11.173,1.81955e-05
859,0.894444,37.9999923706,1411.7,10.7515,1.80139e-05
860,0.894444,37.9999923706,1411.7,10.1791,1.7834e-05
861,0.894444,37.9999923706,1411.7,10.5527,1.7656e-05
862,0.894444,37.9999923706,1411.7,10.1791,1.74798e-05
863,0.894444,37.9999923706,1411.69,10.1791,1.73053e-05
864,0.894444,37.9999923706,1411.69,10.1791,1.71325e-05
865,0.894444,37.9999923706,1411.69,10.1791,1.69615e-05
866,0.894444,37.9999923706,1411.69,9.84544,1.67921e-05
867,0.894444,37.9999923706,1411.68,10.5527,1.66245e-05
868,0.894444,37.9999923706,1411.68,10.1792,1.64585e-05
869,0.894444,37.9999923706,1411.68,10.1792,1.62942e-05
870,0.894444,37.9999923706,1411.68,10.5527,1.61316e-05
871,0.894444,37.9999923706,1411.68,10.1792,1.59705e-05
872,0.894444,37.9999923706,1411.67,10.1792,1.58111e-05
873,0.894444,37.9999923706,1411.67,10.1792,1.56533e-05
874,0.894444,37.9999923706,1411.67,10.6704,1.5497e-05
875,0.894444,37.9999923706,1411.67,10.1792,1.53423e-05
876,0.894444,37.9999923706,1411.66,10.1792,1.51891e-05
877,0.894444,37.9999923706,1411.66,10.1792,1.50375e-05
878,0.894444,37.9999923706,1411.66,10.5527,1.48874e-05
879,0.894444,37.9999923706,1411.66,10.1792,1.47388e-05
880,0.894444,37.9999923706,1411.66,10.7515,1.45916e-05
881,0.894444,37.9999923706,1411.66,10.1792,1.4446e-05
882,0.894444,37.9999923706,1411.65,11.8809,1.43017e-05
883,0.894444,37.9999923706,1411.65,10.5527,1.4159e-05
884,0.894444,37.9999923706,1411.65,10.1792,1.40176e-05
885,0.894444,37.9999923706,1411.65,10.1792,1.38777e-05
886,0.894444,37.9999923706,1411.65,10.5527,1.37391e-05
887,0.894444,37.9999923706,1411.64,10.1792,1.3602e-05
888,0.894444,37.9999923706,1411.64,10.1792,1.34662e-05
889,0.894444,37.9999923706,1411.64,10.1792,1.33318e-05
890,0.894444,37.9999923706,1411.64,11.206,1.31987e-05
891,0.894444,37.9999923706,1411.64,10.1792,1.30669e-05
892,0.894444,37.9999923706,1411.63,10.1792,1.29365e-05
893,0.894444,37.9999923706,1411.63,10.6704,1.28073e-05
894,0.894444,37.9999923706,1411.63,10.1792,1.26795e-05
895,0.894444,37.9999923706,1411.63,9.84554,1.25529e-05
896,0.894444,37.9999923706,1411.63,10.1792,1.24276e-05
897,0.894444,37.9999923706,1411.63,10.1792,1.23035e-05
898,0.894444,37.9999923706,1411.62,10.1792,1.21807e-05
899,0.894444,37.9999923706,1411.62,10.1792,1.20591e-05
900,0.894444,37.9999923706,1411.62,10.7516,1.19387e-05
901,0.894444,37.9999923706,1411.62,10.5527,1.18195e-05
902,0.894444,37.9999923706,1411.62,9.84556,1.17015e-05
903,0.894444,37.9999923706,1411.61,10.1792,1.15847e-05
904,0.894444,37.9999923706,1411.61,10.1792,1.14691e-05
905,0.894444,37.9999923706,1411.61,10.1792,1.13546e-05
906,0.894444,37.9999923706,1411.61,10.1792,1.12412e-05
907,0.894444,37.9999923706,1411.61,10.1792,1.1129e-05
908,0.894444,37.9999923706,1411.61,10.1792,1.10179e-05
909,0.894444,37.9999923706,1411.6,10.6704,1.09079e-05
910,0.894444,37.9999923706,1411.6,10.1792,1.0799e-05
911,0.894444,37.9999923706,1411.6,10.5529,1.06912e-05
912,0.894444,37.9999923706,1411.6,10.1792,1.05845e-05
913,0.894444,37.9999923706,1411.6,10.5527,1.04788e-05
914,0.894444,37.9999923706,1411.6,10.1792,1.03742e-05
915,0.894444,37.9999923706,1411.59,11.1725,1.02706e-05
916,0.894444,37.9999923706,1411.59,11.206,1.01681e-05
917,0.894444,37.9999923706,1411.59,10.1792,1.00666e-05
918,0.894444,37.9999923706,1411.59,11.1146,9.9661e-06
919,0.894444,37.9999923706,1411.59,11.5464,9.86661e-06
920,0.894444,37.9999923706,1411.59,10.6704,9.76811e-06
921,0.894444,37.9999923706,1411.59,10.1792,9.6706e-06
922,0.894444,37.9999923706,1411.58,10.1792,9.57406e-06
923,0.894444,37.9999923706,1411.58,9.84561,9.47848e-06
924,0.894444,37.9999923706,1411.58,11.206,9.38386e-06
925,0.894444,37.9999923706,1411.58,10.5528,9.29018e-06
926,0.894444,37.9999923706,1411.58,11.7572,9.19744e-06
927,0.894444,37.9999923706,1411.58,10.1792,9.10562e-06
928,0.894444,37.9999923706,1411.57,10.1792,9.01472e-06
929,0.894444,37.9999923706,1411.57,9.84562,8.92472e-06
930,0.894444,37.9999923706,1411.57,10.1792,8.83563e-06
931,0.894444,37.9999923706,1411.57,10.1792,8.74742e-06
932,0.894444,37.9999923706,1411.57,12.8658,8.6601e-06
933,0.894444,37.9999923706,1411.57,11.1146,8.57365e-06
934,0.894444,37.9999923706,1411.57,10.9031,8.48806e-06
935,0.894444,37.9999923706,1411.57,10.1792,8.40332e-06
936,0.894444,37.9999923706,1411.57,10.7516,8.31943e-06
937,0.894444,37.9999923706,1411.56,10.1792,8.23638e-06
938,0.894444,37.9999923706,1411.56,10.1792,8.15415e-06
939,0.894444,37.9999923706,1411.56,10.1792,8.07275e-06
940,0.894444,37.9999923706,1411.56,10.6704,7.99216e-06
941,0.894444,37.9999923706,1411.56,10.1792,7.91238e-06
942,0.894444,37.9999923706,1411.56,9.84565,7.83338e-06
943,0.894444,37.9999923706,1411.56,10.6704,7.75519e-06
944,0.894444,37.9999923706,1411.56,10.1792,7.67777e-06
945,0.894444,37.9999923706,1411.55,10.1792,7.60112e-06
946,0.894444,37.9999923706,1411.55,10.1792,7.52524e-06
947,0.894444,37.9999923706,1411.55,10.1792,7.45011e-06
948,0.894444,37.9999923706,1411.55,10.1792,7.37574e-06
949,0.894444,37.9999923706,1411.55,10.2096,7.30211e-06
950,0.894444,37.9999923706,1411.55,10.1792,7.22921e-06
951,0.894444,37.9999923706,1411.55,10.1792,7.15704e-06
952,0.894444,37.9999923706,1411.55,10.1792,7.0856e-06
953,0.894444,37.9999923706,1411.55,10.2096,7.01486e-06
954,0.894444,37.9999923706,1411.54,10.1792,6.94483e-06
955,0.894444,37.9999923706,1411.54,10.1792,6.8755e-06
956,0.894444,37.9999923706,1411.54,10.1792,6.80686e-06
957,0.894444,37.9999923706,1411.54,10.5528,6.73891e-06
958,0.894444,37.9999923706,1411.54,10.1792,6.67164e-06
959,0.894444,37.9999923706,1411.54,10.1792,6.60503e-06
960,0.894444,37.9999923706,1411.54,10.1792,6.53909e-06
961,0.894444,37.9999923706,1411.54,10.8836,6.47382e-06
962,0.894444,37.9999923706,1411.54,11.0643,6.40919e-06
963,0.894444,37.9999923706,1411.54,10.8836,6.34521e-06
964,0.894444,37.9999923706,1411.54,10.1792,6.28186e-06
965,0.894444,37.9999923706,1411.53,10.1792,6.21915e-06
966,0.894444,37.9999923706,1411.53,9.8457,6.15706e-06
967,0.894444,37.9999923706,1411.53,10.5528,6.0956e-06
968,0.894444,37.9999923706,1411.53,10.1792,6.03475e-06
969,0.894444,37.9999923706,1411.53,11.1146,5.9745e-06
970,0.894444,37.9999923706,1411.53,10.8836,5.91486e-06
971,0.894444,37.9999923706,1411.53,10.5528,5.85581e-06
972,0.894444,37.9999923706,1411.53,11.2329,5.79736e-06
973,0.894444,37.9999923706,1411.53,11.1146,5.73948e-06
974,0.894444,37.9999923706,1411.53,10.1792,5.68218e-06
975,0.894444,37.9999923706,1411.53,10.1792,5.62546e-06
976,0.894444,37.9999923706,1411.53,10.1792,5.5693e-06
977,0.894444,37.9999923706,1411.53,10.8836,5.5137e-06
978,0.894444,37.9999923706,1411.52,10.1792,5.45866e-06
979,0.894444,37.9999923706,1411.52,10.5528,5.40417e-06
980,0.894444,37.9999923706,1411.52,10.1792,5.35022e-06
981,0.894444,37.9999923706,1411.52,10.7516,5.2968e-06
982,0.894444,37.9999923706,1411.52,10.7516,5.24392e-06
983,0.894444,37.9999923706,1411.52,10.1792,5.19158e-06
984,0.894444,37.9999923706,1411.52,10.1792,5.13975e-06
985,0.894444,37.9999923706,1411.52,10.7516,5.08844e-06
986,0.894444,37.9999923706,1411.52,10.5528,5.03764e-06
987,0.894444,37.9999923706,1411.52,10.5528,4.98735e-06
988,0.894444,37.9999923706,1411.52,10.7516,4.93757e-06
989,0.894444,37.9999923706,1411.52,10.1792,4.88827e-06
990,0.894444,37.9999923706,1411.52,10.1792,4.83947e-06
991,0.894444,37.9999923706,1411.52,10.1792,4.79116e-06
992,0.894444,37.9999923706,1411.52,10.1792,4.74333e-06
993,0.894444,37.9999923706,1411.52,10.1792,4.69598e-06
994,0.894444,37.9999923706,1411.51,10.1792,4.6491e-06
995,0.894444,37.9999923706,1411.51,10.5528,4.60269e-06
996,0.894444,37.9999923706,1411.51,10.1792,4.55674e-06
997,0.894444,37.9999923706,1411.51,10.1792,4.51125e-06
998,0.894444,37.9999923706,1411.51,10.1792,4.46621e-06
999,0.894444,37.9999923706,1411.51,10.1792,4.42163e-06
1000,0.894444,37.9999923706,1411.51,10.7516,4.37749e-06
1001,0.894444,37.9999923706,1411.51,10.1792,4.33379e-06
0.894444,1411.51,3.7017264366149902,1.0,1.78631989151,0.528174392972
