69,10,0.2,2,1000, .1 
0,0.575,153.000004292,1.49686e+06,863.477,0.0995539
1,0.594444,145.999996662,1.30994e+06,781.471,0.0982276
2,0.611111,140.000002384,1.15388e+06,707.94,0.096919
3,0.622222,135.999991894,1.02546e+06,660.363,0.0956278
4,0.627778,134.000008106,917276.0,616.187,0.0943538
5,0.641667,129.000005722,825060.0,573.153,0.0930968
6,0.655556,124.000003338,748474.0,531.544,0.0918565
7,0.655556,124.000003338,680423.0,509.877,0.0906328
8,0.663889,121.000006199,619637.0,481.809,0.0894253
9,0.675,116.999995708,569584.0,434.553,0.0882339
10,0.680556,114.999990463,526607.0,417.539,0.0870584
11,0.683333,113.999998569,488657.0,393.785,0.0858986
12,0.688889,111.999993324,455292.0,376.064,0.0847542
13,0.694444,110.000009537,425194.0,361.225,0.0836251
14,0.708333,105.000007153,397574.0,349.364,0.082511
15,0.708333,105.000007153,373047.0,334.248,0.0814118
16,0.713889,103.000001907,350902.0,316.262,0.0803272
17,0.719444,100.999996662,330853.0,297.735,0.079257
18,0.719444,100.999996662,313310.0,291.158,0.0782011
19,0.722222,100.000004768,296864.0,280.383,0.0771593
20,0.727778,97.9999995232,281884.0,273.223,0.0761313
21,0.727778,97.9999995232,267808.0,268.453,0.0751171
22,0.727778,97.9999995232,254632.0,261.394,0.0741163
23,0.727778,97.9999995232,242202.0,256.213,0.0731289
24,0.730556,97.0000076294,230405.0,250.819,0.0721547
25,0.733333,95.999994278,219365.0,246.336,0.0711934
26,0.738889,94.0000104904,208946.0,233.515,0.0702449
27,0.744444,92.0000052452,199835.0,225.427,0.0693091
28,0.747222,90.9999918938,191303.0,219.442,0.0683857
29,0.747222,90.9999918938,183471.0,207.819,0.0674747
30,0.752778,89.0000081062,176542.0,197.877,0.0665757
31,0.755556,87.9999947548,170453.0,193.052,0.0656888
32,0.758333,87.000002861,164786.0,189.263,0.0648136
33,0.761111,85.9999895096,159354.0,185.197,0.0639502
34,0.769444,82.9999923706,154312.0,175.234,0.0630982
35,0.769444,82.9999923706,149985.0,172.228,0.0622576
36,0.766667,84.000005722,145810.0,170.151,0.0614281
37,0.763889,84.9999976158,141859.0,165.8,0.0606098
38,0.763889,84.9999976158,138111.0,164.403,0.0598023
39,0.772222,82.0000004768,134595.0,160.71,0.0590056
40,0.780556,79.0000033379,131177.0,157.824,0.0582195
41,0.777778,79.9999952316,128000.0,156.364,0.0574439
42,0.788889,76.0000061989,124982.0,151.684,0.0566786
43,0.788889,76.0000061989,122170.0,150.615,0.0559235
44,0.788889,76.0000061989,119422.0,149.592,0.0551784
45,0.788889,76.0000061989,116754.0,148.608,0.0544433
46,0.794444,74.0000009537,114156.0,146.313,0.053718
47,0.797222,73.0000090599,111735.0,144.701,0.0530024
48,0.802778,71.0000038147,109369.0,142.129,0.0522962
49,0.808333,68.9999985695,107162.0,138.034,0.0515995
50,0.811111,68.0000066757,105088.0,136.991,0.0509121
51,0.813889,66.9999933243,103111.0,135.631,0.0502338
52,0.816667,66.0000014305,101212.0,133.354,0.0495646
53,0.819444,65.0000095367,99360.6,131.921,0.0489043
54,0.819444,65.0000095367,97569.4,131.187,0.0482527
55,0.819444,65.0000095367,95853.4,130.482,0.0476099
56,0.822222,63.9999961853,94176.4,126.633,0.0469756
57,0.822222,63.9999961853,92594.1,126.053,0.0463498
58,0.819444,65.0000095367,91049.6,125.287,0.0457323
59,0.827778,61.9999909401,89603.0,120.794,0.045123
60,0.827778,61.9999909401,88234.5,120.242,0.0445219
61,0.822222,63.9999961853,86901.2,119.646,0.0439287
62,0.825,63.0000042915,85604.9,119.036,0.0433435
63,0.833333,60.0000071526,84390.5,115.519,0.0427661
64,0.833333,60.0000071526,83250.2,115.054,0.0421963
65,0.836111,58.9999938011,82165.0,114.454,0.0416341
66,0.836111,58.9999938011,81036.1,113.971,0.0410795
67,0.836111,58.9999938011,79996.5,113.548,0.0405322
68,0.836111,58.9999938011,78963.4,113.126,0.0399922
69,0.838889,58.0000019073,77950.1,112.102,0.0394594
70,0.838889,58.0000019073,76984.2,111.702,0.0389337
71,0.838889,58.0000019073,76015.4,111.312,0.038415
72,0.838889,58.0000019073,75052.8,110.896,0.0379032
73,0.838889,58.0000019073,74147.7,110.515,0.0373983
74,0.836111,58.9999938011,73288.1,108.791,0.0369001
75,0.836111,58.9999938011,72425.2,108.43,0.0364085
76,0.836111,58.9999938011,71579.4,108.08,0.0359234
77,0.836111,58.9999938011,70736.2,107.704,0.0354448
78,0.836111,58.9999938011,69923.5,107.375,0.0349726
79,0.836111,58.9999938011,69145.5,107.059,0.0345067
80,0.836111,58.9999938011,68363.4,106.749,0.034047
81,0.836111,58.9999938011,67567.9,106.412,0.0335934
82,0.836111,58.9999938011,66833.3,106.125,0.0331458
83,0.836111,58.9999938011,66094.5,105.842,0.0327042
84,0.836111,58.9999938011,65386.5,105.573,0.0322686
85,0.836111,58.9999938011,64648.9,105.272,0.0318387
86,0.836111,58.9999938011,63966.6,105.019,0.0314145
87,0.836111,58.9999938011,63280.0,104.771,0.030996
88,0.836111,58.9999938011,62581.9,104.496,0.030583
89,0.838889,58.0000019073,61953.7,103.161,0.0301756
90,0.838889,58.0000019073,61321.9,102.913,0.0297736
91,0.838889,58.0000019073,60716.5,102.675,0.0293769
92,0.838889,58.0000019073,60083.4,102.41,0.0289855
93,0.841667,57.0000100136,59512.8,101.09,0.0285994
94,0.844444,55.9999966621,58941.0,99.6924,0.0282184
95,0.844444,55.9999966621,58393.7,99.487,0.0278424
96,0.844444,55.9999966621,57848.4,99.2638,0.0274715
97,0.844444,55.9999966621,57320.1,99.0703,0.0271055
98,0.844444,55.9999966621,56781.6,98.8546,0.0267444
99,0.844444,55.9999966621,56271.3,98.6725,0.0263881
100,0.844444,55.9999966621,55786.4,94.9721,0.0260365
101,0.844444,55.9999966621,55316.9,94.7875,0.0256897
102,0.844444,55.9999966621,54864.3,94.6323,0.0253474
103,0.844444,55.9999966621,54432.5,94.49,0.0250097
104,0.844444,55.9999966621,53994.9,94.3443,0.0246766
105,0.844444,55.9999966621,53564.6,94.2031,0.0243478
106,0.844444,55.9999966621,53141.5,94.0669,0.0240234
107,0.847222,55.0000047684,52739.1,93.2214,0.0237034
108,0.85,53.9999914169,52344.9,92.3582,0.0233876
109,0.85,53.9999914169,51958.2,92.219,0.023076
110,0.847222,55.0000047684,51578.1,91.1284,0.0227686
111,0.855556,52.0000076294,51220.4,93.776,0.0224652
112,0.85,53.9999914169,50865.7,92.0395,0.022166
113,0.852778,52.9999995232,50507.7,91.5539,0.0218707
114,0.852778,52.9999995232,50182.7,89.6997,0.0215793
115,0.855556,52.0000076294,49858.2,89.9739,0.0212918
116,0.858333,50.999994278,49550.3,89.2225,0.0210081
117,0.858333,50.999994278,49257.0,89.1091,0.0207283
118,0.858333,50.999994278,48955.0,88.9913,0.0204521
119,0.858333,50.999994278,48657.6,88.8764,0.0201796
120,0.858333,50.999994278,48365.0,88.7643,0.0199108
121,0.858333,50.999994278,48084.1,88.6606,0.0196455
122,0.858333,50.999994278,47813.1,88.5609,0.0193838
123,0.858333,50.999994278,47533.9,88.457,0.0191256
124,0.861111,50.0000023842,47256.1,87.5361,0.0188708
125,0.858333,50.999994278,46993.5,86.9736,0.0186194
126,0.861111,50.0000023842,46736.2,87.3229,0.0183713
127,0.863889,49.0000104904,46487.0,84.3749,0.0181266
128,0.863889,49.0000104904,46267.1,84.2626,0.0178851
129,0.861111,50.0000023842,46051.0,83.692,0.0176468
130,0.861111,50.0000023842,45827.9,83.567,0.0174117
131,0.863889,49.0000104904,45611.2,83.915,0.0171797
132,0.863889,49.0000104904,45405.2,83.8114,0.0169508
133,0.861111,50.0000023842,45190.8,83.2359,0.016725
134,0.858333,50.999994278,44991.5,82.9984,0.0165022
135,0.861111,50.0000023842,44792.6,83.3544,0.0162824
136,0.861111,50.0000023842,44594.4,83.2565,0.0160654
137,0.858333,50.999994278,44398.2,82.7007,0.0158514
138,0.858333,50.999994278,44217.1,82.6108,0.0156402
139,0.861111,50.0000023842,44027.9,82.9725,0.0154319
140,0.861111,50.0000023842,43837.1,81.4253,0.0152263
141,0.863889,49.0000104904,43654.5,81.7374,0.0150234
142,0.863889,49.0000104904,43481.2,81.6548,0.0148233
143,0.863889,49.0000104904,43305.2,81.5684,0.0146258
144,0.861111,50.0000023842,43131.2,81.0815,0.0144309
145,0.861111,50.0000023842,42962.0,80.9986,0.0142387
146,0.863889,49.0000104904,42795.8,81.3144,0.014049
147,0.861111,50.0000023842,42629.5,80.8347,0.0138618
148,0.863889,49.0000104904,42468.0,81.1517,0.0136771
149,0.863889,49.0000104904,42307.7,81.0748,0.0134949
150,0.861111,50.0000023842,42149.3,80.602,0.0133151
151,0.861111,50.0000023842,42000.0,80.5326,0.0131378
152,0.863889,49.0000104904,41848.3,80.8532,0.0129627
153,0.861111,50.0000023842,41694.6,80.3807,0.01279
154,0.863889,49.0000104904,41544.9,80.7035,0.0126196
155,0.861111,50.0000023842,41403.3,80.2486,0.0124515
156,0.861111,50.0000023842,41257.8,80.1732,0.0122856
157,0.861111,50.0000023842,41115.6,80.8975,0.012122
158,0.858333,50.999994278,40981.1,80.4124,0.0119605
159,0.861111,50.0000023842,40841.0,79.9898,0.0118011
160,0.861111,50.0000023842,40712.1,79.9372,0.0116439
161,0.858333,50.999994278,40583.0,80.2698,0.0114888
162,0.855556,52.0000076294,40447.9,79.775,0.0113357
163,0.858333,50.999994278,40325.1,79.3653,0.0111847
164,0.858333,50.999994278,40201.5,80.1175,0.0110357
165,0.861111,50.0000023842,40073.5,77.5125,0.0108887
166,0.861111,50.0000023842,39957.8,77.4691,0.0107436
167,0.861111,50.0000023842,39841.2,78.3807,0.0106005
168,0.861111,50.0000023842,39723.8,77.3739,0.0104592
169,0.861111,50.0000023842,39609.9,77.3306,0.0103199
170,0.858333,50.999994278,39494.7,77.7269,0.0101824
171,0.858333,50.999994278,39386.9,77.6892,0.0100468
172,0.861111,50.0000023842,39281.2,78.4463,0.00991292
173,0.861111,50.0000023842,39170.5,77.1533,0.00978085
174,0.855556,52.0000076294,39064.9,78.3419,0.00965055
175,0.858333,50.999994278,38963.7,78.8092,0.00952198
176,0.855556,52.0000076294,38855.5,78.2622,0.00939512
177,0.858333,50.999994278,38757.1,77.7778,0.00926996
178,0.863889,49.0000104904,38656.4,77.4714,0.00914646
179,0.863889,49.0000104904,38553.7,76.4334,0.0090246
180,0.861111,50.0000023842,38460.2,77.0753,0.00890437
181,0.861111,50.0000023842,38365.9,78.0252,0.00878575
182,0.861111,50.0000023842,38267.7,76.9968,0.0086687
183,0.858333,50.999994278,38179.1,77.3914,0.00855321
184,0.863889,49.0000104904,38084.7,76.9766,0.00843926
185,0.863889,49.0000104904,37998.0,76.9448,0.00832683
186,0.863889,49.0000104904,37910.3,77.9306,0.0082159
187,0.866667,47.999997139,37817.3,76.2652,0.00810644
188,0.863889,49.0000104904,37734.6,76.8396,0.00799844
189,0.863889,49.0000104904,37647.7,76.8021,0.00789189
190,0.863889,49.0000104904,37564.2,76.7718,0.00778674
191,0.863889,49.0000104904,37482.1,76.7375,0.00768301
192,0.863889,49.0000104904,37401.6,76.7071,0.00758065
193,0.861111,50.0000023842,37317.9,77.1259,0.00747966
194,0.863889,49.0000104904,37241.2,76.6434,0.00738001
195,0.863889,49.0000104904,37162.0,76.6088,0.00728169
196,0.863889,49.0000104904,37085.7,77.6016,0.00718468
197,0.863889,49.0000104904,37006.9,76.5493,0.00708896
198,0.861111,50.0000023842,36932.4,76.9818,0.00699452
199,0.866667,47.999997139,36859.2,77.0135,0.00690134
200,0.866667,47.999997139,36784.0,76.592,0.00680939
201,0.863889,49.0000104904,36714.3,76.442,0.00671868
202,0.866667,47.999997139,36640.4,75.8158,0.00662917
203,0.869444,47.0000052452,36571.6,76.9001,0.00654085
204,0.866667,47.999997139,36500.2,76.5639,0.00645371
205,0.869444,47.0000052452,36435.1,76.9355,0.00636773
206,0.863889,49.0000104904,36366.3,76.3044,0.0062829
207,0.863889,49.0000104904,36300.6,77.3012,0.00619919
208,0.863889,49.0000104904,36235.0,76.2562,0.0061166
209,0.863889,49.0000104904,36170.9,76.2346,0.00603512
210,0.863889,49.0000104904,36107.2,76.207,0.00595471
211,0.866667,47.999997139,36045.5,76.6966,0.00587538
212,0.866667,47.999997139,35982.0,76.368,0.00579711
213,0.866667,47.999997139,35921.8,76.6497,0.00571988
214,0.863889,49.0000104904,35859.9,76.1149,0.00564367
215,0.866667,47.999997139,35803.1,76.0959,0.00556849
216,0.863889,49.0000104904,35741.8,76.0712,0.0054943
217,0.872222,45.9999918938,35686.9,76.904,0.0054211
218,0.866667,47.999997139,35628.9,76.5402,0.00534888
219,0.869444,47.0000052452,35571.2,76.3901,0.00527762
220,0.866667,47.999997139,35518.3,76.1142,0.00520731
221,0.872222,45.9999918938,35461.6,75.4683,0.00513794
222,0.872222,45.9999918938,35410.3,76.8002,0.00506949
223,0.863889,49.0000104904,35355.7,75.9301,0.00500195
224,0.869444,47.0000052452,35304.0,76.504,0.00493531
225,0.863889,49.0000104904,35251.3,75.8932,0.00486956
226,0.866667,47.999997139,35201.0,76.3826,0.00480469
227,0.863889,49.0000104904,35150.2,75.8571,0.00474067
228,0.866667,47.999997139,35101.6,76.3458,0.00467752
229,0.866667,47.999997139,35051.6,75.9432,0.0046152
230,0.869444,47.0000052452,35005.6,75.9287,0.00455372
231,0.863889,49.0000104904,34957.8,75.7899,0.00449305
232,0.866667,47.999997139,34911.5,76.2788,0.00443319
233,0.866667,47.999997139,34863.1,75.9643,0.00437413
234,0.869444,47.0000052452,34819.5,76.3282,0.00431586
235,0.866667,47.999997139,34773.0,75.1469,0.00425836
236,0.872222,45.9999918938,34729.1,77.2072,0.00420163
237,0.863889,49.0000104904,34684.4,75.6944,0.00414565
238,0.866667,47.999997139,34641.7,75.8007,0.00409042
239,0.872222,45.9999918938,34599.2,75.115,0.00403593
240,0.869444,47.0000052452,34557.8,76.7331,0.00398216
241,0.866667,47.999997139,34516.3,75.7567,0.00392911
242,0.863889,49.0000104904,34476.1,75.6258,0.00387676
243,0.869444,47.0000052452,34435.3,75.6361,0.00382511
244,0.872222,45.9999918938,34396.7,76.0985,0.00377415
245,0.866667,47.999997139,34356.7,75.4913,0.00372387
246,0.869444,47.0000052452,34318.5,75.9916,0.00367426
247,0.869444,47.0000052452,34279.3,75.5838,0.00362531
248,0.872222,45.9999918938,34243.4,76.0469,0.00357701
249,0.872222,45.9999918938,34204.9,75.2648,0.00352936
250,0.869444,47.0000052452,34168.6,75.5477,0.00348234
251,0.872222,45.9999918938,34131.8,74.9448,0.00343594
252,0.872222,45.9999918938,34096.7,75.8851,0.00339017
253,0.869444,47.0000052452,34061.9,75.3634,0.003345
254,0.872222,45.9999918938,34027.5,75.8616,0.00330044
255,0.869444,47.0000052452,33992.6,75.3405,0.00325647
256,0.869444,47.0000052452,33960.5,75.3316,0.00321309
257,0.869444,47.0000052452,33926.6,75.3183,0.00317028
258,0.872222,45.9999918938,33894.7,75.8172,0.00312805
259,0.869444,47.0000052452,33861.6,75.2979,0.00308637
260,0.869444,47.0000052452,33829.9,75.2878,0.00304525
261,0.869444,47.0000052452,33798.1,75.277,0.00300468
262,0.872222,45.9999918938,33768.1,75.7753,0.00296465
263,0.872222,45.9999918938,33736.6,74.8193,0.00292516
264,0.869444,47.0000052452,33706.7,75.2481,0.00288619
265,0.869444,47.0000052452,33677.7,75.2382,0.00284774
266,0.872222,45.9999918938,33648.4,75.7353,0.0028098
267,0.869444,47.0000052452,33618.8,75.2192,0.00277236
268,0.869444,47.0000052452,33590.8,75.2113,0.00273543
269,0.869444,47.0000052452,33562.2,75.2004,0.00269899
270,0.869444,47.0000052452,33534.0,75.191,0.00266303
271,0.869444,47.0000052452,33507.9,75.1842,0.00262755
272,0.869444,47.0000052452,33480.3,75.1737,0.00259255
273,0.872222,45.9999918938,33454.3,75.6712,0.00255801
274,0.869444,47.0000052452,33427.3,75.1576,0.00252393
275,0.869444,47.0000052452,33402.1,75.1504,0.0024903
276,0.869444,47.0000052452,33376.0,75.1406,0.00245713
277,0.872222,45.9999918938,33351.1,75.6382,0.00242439
278,0.869444,47.0000052452,33325.7,75.1254,0.00239209
279,0.872222,45.9999918938,33301.4,75.6227,0.00236022
280,0.869444,47.0000052452,33277.0,75.1105,0.00232878
281,0.869444,47.0000052452,33253.2,75.1033,0.00229775
282,0.869444,47.0000052452,33229.3,75.0955,0.00226714
283,0.869444,47.0000052452,33207.3,75.0895,0.00223694
284,0.869444,47.0000052452,33183.7,75.0812,0.00220714
285,0.872222,45.9999918938,33161.5,75.5779,0.00217773
286,0.869444,47.0000052452,33138.2,75.0672,0.00214872
287,0.872222,45.9999918938,33116.6,75.5635,0.00212009
288,0.869444,47.0000052452,33094.3,75.0542,0.00209185
289,0.869444,47.0000052452,33073.4,75.0483,0.00206398
290,0.872222,45.9999918938,33051.9,74.6094,0.00203648
291,0.872222,45.9999918938,33031.2,75.5367,0.00200935
292,0.869444,47.0000052452,33010.3,75.0281,0.00198258
293,0.869444,47.0000052452,32990.4,75.0228,0.00195617
294,0.869444,47.0000052452,32969.7,75.0157,0.00193011
295,0.872222,45.9999918938,32950.9,75.512,0.0019044
296,0.869444,47.0000052452,32930.7,75.0037,0.00187902
297,0.872222,45.9999918938,32911.6,75.4996,0.00185399
298,0.869444,47.0000052452,32892.1,74.992,0.00182929
299,0.869444,47.0000052452,32873.8,74.9872,0.00180492
300,0.869444,47.0000052452,32855.0,74.9813,0.00178087
301,0.869444,47.0000052452,32837.3,74.9765,0.00175715
302,0.869444,47.0000052452,32819.3,74.9705,0.00173374
303,0.869444,47.0000052452,32801.5,74.9645,0.00171064
304,0.872222,45.9999918938,32784.2,75.4599,0.00168785
305,0.869444,47.0000052452,32766.7,74.9544,0.00166537
306,0.869444,47.0000052452,32749.8,74.9494,0.00164318
307,0.869444,47.0000052452,32732.7,74.9441,0.00162129
308,0.869444,47.0000052452,32716.8,74.9402,0.00159969
309,0.869444,47.0000052452,32700.2,74.9343,0.00157838
310,0.869444,47.0000052452,32683.8,74.9292,0.00155735
311,0.872222,45.9999918938,32667.9,75.4233,0.0015366
312,0.872222,45.9999918938,32652.2,75.4194,0.00151613
313,0.869444,47.0000052452,32636.5,74.9156,0.00149593
314,0.869444,47.0000052452,32621.6,74.9117,0.001476
315,0.869444,47.0000052452,32606.4,74.9068,0.00145634
316,0.869444,47.0000052452,32591.3,74.9021,0.00143694
317,0.869444,47.0000052452,32577.1,74.8983,0.00141779
318,0.872222,45.9999918938,32562.3,74.466,0.0013989
319,0.872222,45.9999918938,32548.1,75.3875,0.00138027
320,0.869444,47.0000052452,32533.8,74.8851,0.00136188
321,0.872222,45.9999918938,32520.2,74.8816,0.00134374
322,0.869444,47.0000052452,32506.1,74.8769,0.00132583
323,0.872222,45.9999918938,32493.1,75.3713,0.00130817
324,0.869444,47.0000052452,32479.3,74.869,0.00129074
325,0.872222,45.9999918938,32466.3,75.3631,0.00127355
326,0.869444,47.0000052452,32452.8,74.8613,0.00125658
327,0.869444,47.0000052452,32440.3,74.8581,0.00123984
328,0.869444,47.0000052452,32427.4,74.8542,0.00122332
329,0.872222,45.9999918938,32415.3,75.3478,0.00120702
330,0.869444,47.0000052452,32402.8,74.847,0.00119094
331,0.869444,47.0000052452,32390.4,74.8432,0.00117508
332,0.869444,47.0000052452,32378.8,74.8402,0.00115942
333,0.872222,45.9999918938,32367.0,75.3333,0.00114398
334,0.869444,47.0000052452,32355.0,74.8333,0.00112873
335,0.869444,47.0000052452,32343.4,74.8296,0.0011137
336,0.869444,47.0000052452,32332.3,74.8268,0.00109886
337,0.869444,47.0000052452,32320.8,74.823,0.00108422
338,0.869444,47.0000052452,32310.3,74.8205,0.00106978
339,0.869444,47.0000052452,32299.1,74.8168,0.00105552
340,0.872222,45.9999918938,32288.5,75.31,0.00104146
341,0.872222,45.9999918938,32277.6,74.9473,0.00102759
342,0.869444,47.0000052452,32267.4,74.8083,0.0010139
343,0.872222,45.9999918938,32256.9,74.3798,0.00100039
344,0.869444,47.0000052452,32246.5,74.8015,0.000987062
345,0.872222,45.9999918938,32236.7,75.2944,0.000973912
346,0.869444,47.0000052452,32226.6,74.7959,0.000960937
347,0.872222,45.9999918938,32216.9,75.2889,0.000948135
348,0.869444,47.0000052452,32207.1,74.7905,0.000935504
349,0.869444,47.0000052452,32197.6,74.7879,0.00092304
350,0.869444,47.0000052452,32188.1,74.785,0.000910743
351,0.869444,47.0000052452,32179.2,74.783,0.00089861
352,0.869444,47.0000052452,32169.8,74.7798,0.000886638
353,0.872222,45.9999918938,32161.0,75.2725,0.000874826
354,0.869444,47.0000052452,32151.7,74.7747,0.000863171
355,0.872222,45.9999918938,32143.1,74.7726,0.000851672
356,0.872222,45.9999918938,32134.3,74.77,0.000840325
357,0.869444,47.0000052452,32125.7,74.7672,0.00082913
358,0.872222,45.9999918938,32117.5,75.2596,0.000818084
359,0.872222,45.9999918938,32109.0,75.2574,0.000807185
360,0.869444,47.0000052452,32100.6,74.7604,0.000796431
361,0.869444,47.0000052452,32092.5,74.7578,0.000785821
362,0.869444,47.0000052452,32084.5,74.7561,0.000775352
363,0.869444,47.0000052452,32076.7,74.7535,0.000765023
364,0.872222,45.9999918938,32069.0,74.7516,0.00075483
365,0.869444,47.0000052452,32061.2,74.749,0.000744774
366,0.872222,45.9999918938,32053.7,75.2412,0.000734852
367,0.869444,47.0000052452,32046.1,74.7449,0.000725062
368,0.872222,45.9999918938,32038.9,74.7431,0.000715402
369,0.869444,47.0000052452,32031.5,74.7409,0.000705871
370,0.869444,47.0000052452,32024.2,74.7384,0.000696468
371,0.872222,45.9999918938,32017.2,75.2304,0.000687189
372,0.869444,47.0000052452,32010.0,74.7347,0.000678034
373,0.869444,47.0000052452,32003.3,74.733,0.000669001
374,0.869444,47.0000052452,31996.5,74.7309,0.000660088
375,0.872222,45.9999918938,31989.9,75.2228,0.000651294
376,0.869444,47.0000052452,31983.0,74.7271,0.000642617
377,0.869444,47.0000052452,31976.7,74.7257,0.000634056
378,0.869444,47.0000052452,31970.1,74.7236,0.000625609
379,0.872222,45.9999918938,31963.8,75.2153,0.000617274
380,0.869444,47.0000052452,31957.3,74.7199,0.000609051
381,0.872222,45.9999918938,31951.2,75.2117,0.000600937
382,0.869444,47.0000052452,31945.0,74.7166,0.000592931
383,0.869444,47.0000052452,31939.1,74.7152,0.000585031
384,0.869444,47.0000052452,31933.2,74.7133,0.000577237
385,0.869444,47.0000052452,31927.2,74.7116,0.000569547
386,0.869444,47.0000052452,31921.5,74.7102,0.000561959
387,0.872222,45.9999918938,31915.7,74.2859,0.000554473
388,0.872222,45.9999918938,31910.1,75.1998,0.000547086
389,0.869444,47.0000052452,31904.5,74.7053,0.000539797
390,0.872222,45.9999918938,31899.1,75.1967,0.000532606
391,0.869444,47.0000052452,31893.4,74.7022,0.00052551
392,0.869444,47.0000052452,31888.3,74.7011,0.000518509
393,0.869444,47.0000052452,31882.9,74.6993,0.000511601
394,0.869444,47.0000052452,31877.6,74.6978,0.000504786
395,0.872222,45.9999918938,31872.6,74.6966,0.000498061
396,0.869444,47.0000052452,31867.4,74.6949,0.000491425
397,0.872222,45.9999918938,31862.7,75.1863,0.000484878
398,0.869444,47.0000052452,31857.5,74.6922,0.000478418
399,0.872222,45.9999918938,31852.7,74.6911,0.000472045
400,0.869444,47.0000052452,31847.9,74.6897,0.000465756
401,0.872222,45.9999918938,31843.3,75.1808,0.000459551
402,0.872222,45.9999918938,31838.4,74.2652,0.000453429
403,0.872222,45.9999918938,31833.9,75.1782,0.000447388
404,0.869444,47.0000052452,31829.2,74.6845,0.000441428
405,0.869444,47.0000052452,31824.8,74.6835,0.000435547
406,0.869444,47.0000052452,31820.3,74.682,0.000429744
407,0.869444,47.0000052452,31816.0,74.6808,0.000424019
408,0.872222,45.9999918938,31811.8,74.6798,0.00041837
409,0.869444,47.0000052452,31807.4,74.6784,0.000412796
410,0.872222,45.9999918938,31803.4,75.1695,0.000407297
411,0.869444,47.0000052452,31799.1,74.6761,0.000401871
412,0.869444,47.0000052452,31795.1,74.6752,0.000396517
413,0.869444,47.0000052452,31791.0,74.674,0.000391234
414,0.872222,45.9999918938,31787.0,74.6728,0.000386022
415,0.872222,45.9999918938,31783.1,75.1636,0.000380879
416,0.869444,47.0000052452,31779.1,74.6706,0.000375805
417,0.872222,45.9999918938,31775.4,74.6697,0.000370798
418,0.869444,47.0000052452,31771.6,74.6686,0.000365858
419,0.872222,45.9999918938,31768.0,75.1594,0.000360984
420,0.869444,47.0000052452,31764.1,74.6665,0.000356175
421,0.872222,45.9999918938,31760.6,74.6657,0.00035143
422,0.869444,47.0000052452,31756.9,74.6646,0.000346748
423,0.875,45.0,31753.5,75.2522,0.000342129
424,0.869444,47.0000052452,31749.9,74.6627,0.00033757
425,0.875,45.0,31746.5,75.1535,0.000333073
426,0.872222,45.9999918938,31743.1,74.6609,0.000328636
427,0.869444,47.0000052452,31739.8,74.6601,0.000324258
428,0.869444,47.0000052452,31736.5,74.6591,0.000319938
429,0.869444,47.0000052452,31733.2,74.6581,0.000315675
430,0.872222,45.9999918938,31730.0,74.6573,0.00031147
431,0.869444,47.0000052452,31726.8,74.6564,0.00030732
432,0.875,45.0,31723.8,75.147,0.000303226
433,0.869444,47.0000052452,31720.7,74.6547,0.000299186
434,0.872222,45.9999918938,31717.7,74.654,0.0002952
435,0.872222,45.9999918938,31714.6,74.653,0.000291268
436,0.875,45.0,31711.8,75.2403,0.000287387
437,0.869444,47.0000052452,31708.7,74.6514,0.000283558
438,0.875,45.0,31705.9,75.1421,0.000279781
439,0.872222,45.9999918938,31702.9,74.229,0.000276053
440,0.872222,45.9999918938,31700.1,75.1404,0.000272376
441,0.872222,45.9999918938,31697.4,74.6485,0.000268747
442,0.869444,47.0000052452,31694.7,74.6478,0.000265167
443,0.869444,47.0000052452,31692.0,74.6469,0.000261634
444,0.869444,47.0000052452,31689.3,74.6462,0.000258148
445,0.869444,47.0000052452,31686.8,74.6457,0.000254709
446,0.869444,47.0000052452,31684.1,74.6448,0.000251316
447,0.872222,45.9999918938,31681.6,74.6442,0.000247968
448,0.872222,45.9999918938,31679.0,74.6434,0.000244664
449,0.869444,47.0000052452,31676.5,74.6427,0.000241405
450,0.872222,45.9999918938,31674.1,75.1331,0.000238189
451,0.869444,47.0000052452,31671.6,74.6413,0.000235015
452,0.872222,45.9999918938,31669.3,74.7744,0.000231884
453,0.869444,47.0000052452,31666.9,74.64,0.000228795
454,0.872222,45.9999918938,31664.6,75.1305,0.000225747
455,0.872222,45.9999918938,31662.3,74.2182,0.000222739
456,0.872222,45.9999918938,31660.0,75.1292,0.000219772
457,0.869444,47.0000052452,31657.8,74.6376,0.000216844
458,0.872222,45.9999918938,31655.6,74.7707,0.000213955
459,0.869444,47.0000052452,31653.4,74.6364,0.000211105
460,0.869444,47.0000052452,31651.2,74.6358,0.000208292
461,0.869444,47.0000052452,31649.2,74.6354,0.000205517
462,0.869444,47.0000052452,31647.1,74.6347,0.000202779
463,0.872222,45.9999918938,31645.1,75.125,0.000200078
464,0.869444,47.0000052452,31642.9,74.6336,0.000197412
465,0.872222,45.9999918938,31641.0,74.6331,0.000194782
466,0.875,45.0,31639.0,74.6326,0.000192187
467,0.872222,45.9999918938,31637.1,75.1228,0.000189627
468,0.872222,45.9999918938,31635.1,74.2111,0.000187101
469,0.872222,45.9999918938,31633.2,75.1217,0.000184608
470,0.869444,47.0000052452,31631.3,74.6305,0.000182149
471,0.872222,45.9999918938,31629.5,74.6301,0.000179722
472,0.869444,47.0000052452,31627.6,74.6295,0.000177328
473,0.872222,45.9999918938,31625.8,74.629,0.000174965
474,0.872222,45.9999918938,31624.1,74.6285,0.000172634
475,0.869444,47.0000052452,31622.3,74.628,0.000170334
476,0.872222,45.9999918938,31620.6,75.1182,0.000168065
477,0.872222,45.9999918938,31618.8,74.6271,0.000165826
478,0.872222,45.9999918938,31617.2,74.6267,0.000163617
479,0.872222,45.9999918938,31615.5,74.6262,0.000161437
480,0.872222,45.9999918938,31613.9,74.6257,0.000159286
481,0.872222,45.9999918938,31612.3,75.1158,0.000157164
482,0.872222,45.9999918938,31610.7,74.6249,0.00015507
483,0.875,45.0,31609.1,74.6245,0.000153005
484,0.872222,45.9999918938,31607.5,74.2038,0.000150966
485,0.875,45.0,31606.0,75.1141,0.000148955
486,0.872222,45.9999918938,31604.5,74.6232,0.00014697
487,0.872222,45.9999918938,31603.0,75.1132,0.000145012
488,0.869444,47.0000052452,31601.5,74.6224,0.00014308
489,0.872222,45.9999918938,31600.0,74.6221,0.000141174
490,0.872222,45.9999918938,31598.6,74.6216,0.000139294
491,0.875,45.0,31597.2,75.1117,0.000137438
492,0.872222,45.9999918938,31595.8,74.6209,0.000135607
493,0.872222,45.9999918938,31594.4,74.6206,0.0001338
494,0.869444,47.0000052452,31593.0,74.6201,0.000132018
495,0.872222,45.9999918938,31591.7,74.6198,0.000130259
496,0.872222,45.9999918938,31590.4,74.6195,0.000128523
497,0.872222,45.9999918938,31589.1,74.199,0.000126811
498,0.875,45.0,31587.8,75.109,0.000125122
499,0.869444,47.0000052452,31586.5,74.6184,0.000123455
500,0.872222,45.9999918938,31585.3,75.1084,0.00012181
501,0.869444,47.0000052452,31584.0,74.6177,0.000120187
502,0.875,45.0,31582.8,74.6175,0.000118586
503,0.869444,47.0000052452,31581.6,74.617,0.000117006
504,0.872222,45.9999918938,31580.4,74.6167,0.000115447
505,0.869444,47.0000052452,31579.3,74.6165,0.000113909
506,0.872222,45.9999918938,31578.1,74.6161,0.000112392
507,0.875,45.0,31576.9,75.106,0.000110895
508,0.872222,45.9999918938,31575.8,74.6155,0.000109417
509,0.872222,45.9999918938,31574.7,74.6152,0.000107959
510,0.872222,45.9999918938,31573.6,74.6149,0.000106521
511,0.875,45.0,31572.5,74.6146,0.000105102
512,0.875,45.0,31571.4,74.6143,0.000103702
513,0.875,45.0,31570.4,74.194,0.00010232
514,0.875,45.0,31569.3,75.1039,0.000100957
515,0.875,45.0,31568.3,74.6135,9.96121e-05
516,0.875,45.0,31567.3,75.1034,9.8285e-05
517,0.872222,45.9999918938,31566.3,74.6129,9.69757e-05
518,0.875,45.0,31565.3,74.6127,9.56837e-05
519,0.875,45.0,31564.3,74.6124,9.44089e-05
520,0.875,45.0,31563.4,75.1023,9.31512e-05
521,0.875,45.0,31562.4,74.192,9.19102e-05
522,0.872222,45.9999918938,31561.5,75.1018,9.06857e-05
523,0.872222,45.9999918938,31560.6,74.6114,8.94776e-05
524,0.872222,45.9999918938,31559.7,74.6112,8.82855e-05
525,0.872222,45.9999918938,31558.8,74.6109,8.71094e-05
526,0.875,45.0,31557.9,74.6107,8.59488e-05
527,0.877778,44.0000081062,31557.0,74.6105,8.48038e-05
528,0.877778,44.0000081062,31556.2,73.8494,8.3674e-05
529,0.877778,44.0000081062,31555.3,74.3748,8.25593e-05
530,0.875,45.0,31554.5,73.8489,8.14593e-05
531,0.877778,44.0000081062,31553.7,73.8488,8.03741e-05
532,0.877778,44.0000081062,31552.9,73.8485,7.93034e-05
533,0.875,45.0,31552.1,74.3739,7.82468e-05
534,0.875,45.0,31551.3,73.8481,7.72044e-05
535,0.880556,42.9999947548,31550.6,73.8479,7.61758e-05
536,0.875,45.0,31549.8,73.8476,7.5161e-05
537,0.877778,44.0000081062,31549.1,73.8474,7.41596e-05
538,0.877778,44.0000081062,31548.3,73.8472,7.31717e-05
539,0.875,45.0,31547.6,74.3726,7.21968e-05
540,0.875,45.0,31546.9,73.8468,7.1235e-05
541,0.877778,44.0000081062,31546.2,73.8466,7.0286e-05
542,0.877778,44.0000081062,31545.5,73.5292,6.93496e-05
543,0.877778,44.0000081062,31544.8,73.8462,6.84257e-05
544,0.877778,44.0000081062,31544.1,73.846,6.75141e-05
545,0.877778,44.0000081062,31543.5,74.3714,6.66146e-05
546,0.875,45.0,31542.8,73.8457,6.57272e-05
547,0.877778,44.0000081062,31542.2,73.9283,6.48515e-05
548,0.877778,44.0000081062,31541.5,73.8453,6.39875e-05
549,0.875,45.0,31540.9,74.3707,6.31351e-05
550,0.875,45.0,31540.3,73.8449,6.2294e-05
551,0.877778,44.0000081062,31539.6,73.8448,6.14641e-05
552,0.880556,42.9999947548,31539.0,73.5274,6.06452e-05
553,0.877778,44.0000081062,31538.4,73.8445,5.98373e-05
554,0.877778,44.0000081062,31537.8,73.8443,5.90401e-05
555,0.880556,42.9999947548,31537.3,74.3696,5.82535e-05
556,0.875,45.0,31536.7,73.8439,5.74774e-05
557,0.877778,44.0000081062,31536.1,73.8438,5.67117e-05
558,0.877778,44.0000081062,31535.5,73.5265,5.59562e-05
559,0.877778,44.0000081062,31535.0,73.8435,5.52107e-05
560,0.877778,44.0000081062,31534.5,73.8433,5.44751e-05
561,0.880556,42.9999947548,31533.9,73.8432,5.37494e-05
562,0.877778,44.0000081062,31533.4,73.843,5.30333e-05
563,0.877778,44.0000081062,31532.9,74.3684,5.23268e-05
564,0.880556,42.9999947548,31532.3,73.5256,5.16297e-05
565,0.880556,42.9999947548,31531.8,73.8426,5.09418e-05
566,0.877778,44.0000081062,31531.3,73.8424,5.02632e-05
567,0.877778,44.0000081062,31530.8,74.3678,4.95935e-05
568,0.880556,42.9999947548,31530.3,73.5251,4.89328e-05
569,0.880556,42.9999947548,31529.8,73.842,4.82809e-05
570,0.877778,44.0000081062,31529.4,73.8419,4.76377e-05
571,0.880556,42.9999947548,31528.9,73.8418,4.70031e-05
572,0.877778,44.0000081062,31528.4,73.8416,4.63769e-05
573,0.877778,44.0000081062,31528.0,74.367,4.5759e-05
574,0.877778,44.0000081062,31527.5,73.8414,4.51494e-05
575,0.880556,42.9999947548,31527.1,73.8413,4.45479e-05
576,0.877778,44.0000081062,31526.6,73.8411,4.39544e-05
577,0.877778,44.0000081062,31526.2,74.3664,4.33688e-05
578,0.880556,42.9999947548,31525.7,73.5238,4.2791e-05
579,0.880556,42.9999947548,31525.3,73.8408,4.2221e-05
580,0.877778,44.0000081062,31524.9,73.8406,4.16585e-05
581,0.877778,44.0000081062,31524.5,73.8405,4.11035e-05
582,0.880556,42.9999947548,31524.1,73.5234,4.05559e-05
583,0.877778,44.0000081062,31523.7,74.3657,4.00156e-05
584,0.880556,42.9999947548,31523.3,73.5232,3.94825e-05
585,0.880556,42.9999947548,31522.9,73.8401,3.89565e-05
586,0.877778,44.0000081062,31522.5,73.84,3.84375e-05
587,0.877778,44.0000081062,31522.1,73.8399,3.79254e-05
588,0.880556,42.9999947548,31521.8,73.5227,3.74201e-05
589,0.880556,42.9999947548,31521.4,74.3651,3.69216e-05
590,0.880556,42.9999947548,31521.0,73.5225,3.64297e-05
591,0.880556,42.9999947548,31520.7,73.8395,3.59444e-05
592,0.877778,44.0000081062,31520.3,73.8394,3.54655e-05
593,0.880556,42.9999947548,31520.0,74.3646,3.4993e-05
594,0.880556,42.9999947548,31519.6,73.5222,3.45268e-05
595,0.880556,42.9999947548,31519.3,73.8391,3.40669e-05
596,0.877778,44.0000081062,31518.9,73.839,3.3613e-05
597,0.880556,42.9999947548,31518.6,73.8389,3.31652e-05
598,0.880556,42.9999947548,31518.3,73.5218,3.27234e-05
599,0.880556,42.9999947548,31518.0,74.3641,3.22874e-05
600,0.880556,42.9999947548,31517.6,73.8386,3.18573e-05
601,0.880556,42.9999947548,31517.3,73.8385,3.14328e-05
602,0.880556,42.9999947548,31517.0,73.5215,3.10141e-05
603,0.880556,42.9999947548,31516.7,74.3637,3.06009e-05
604,0.880556,42.9999947548,31516.4,73.8382,3.01932e-05
605,0.880556,42.9999947548,31516.1,73.8382,2.9791e-05
606,0.880556,42.9999947548,31515.8,73.8381,2.93941e-05
607,0.880556,42.9999947548,31515.5,73.838,2.90025e-05
608,0.877778,44.0000081062,31515.2,73.8379,2.86161e-05
609,0.880556,42.9999947548,31514.9,74.3632,2.82349e-05
610,0.880556,42.9999947548,31514.7,73.5208,2.78587e-05
611,0.880556,42.9999947548,31514.4,73.8377,2.74876e-05
612,0.880556,42.9999947548,31514.1,73.8376,2.71214e-05
613,0.880556,42.9999947548,31513.8,73.8375,2.676e-05
614,0.880556,42.9999947548,31513.6,73.5205,2.64035e-05
615,0.880556,42.9999947548,31513.3,73.8374,2.60518e-05
616,0.880556,42.9999947548,31513.1,73.8373,2.57047e-05
617,0.880556,42.9999947548,31512.8,74.3626,2.53622e-05
618,0.880556,42.9999947548,31512.5,73.5202,2.50244e-05
619,0.880556,42.9999947548,31512.3,73.8371,2.4691e-05
620,0.880556,42.9999947548,31512.1,73.837,2.4362e-05
621,0.880556,42.9999947548,31511.8,74.3623,2.40375e-05
622,0.880556,42.9999947548,31511.6,73.8369,2.37172e-05
623,0.880556,42.9999947548,31511.3,73.8368,2.34012e-05
624,0.880556,42.9999947548,31511.1,73.8368,2.30895e-05
625,0.880556,42.9999947548,31510.9,73.8367,2.27819e-05
626,0.880556,42.9999947548,31510.6,73.8366,2.24784e-05
627,0.880556,42.9999947548,31510.4,73.8366,2.21789e-05
628,0.880556,42.9999947548,31510.2,73.8365,2.18834e-05
629,0.880556,42.9999947548,31510.0,74.3618,2.15919e-05
630,0.880556,42.9999947548,31509.8,73.8364,2.13042e-05
631,0.877778,44.0000081062,31509.6,74.3617,2.10204e-05
632,0.880556,42.9999947548,31509.4,73.8363,2.07404e-05
633,0.880556,42.9999947548,31509.2,73.8362,2.04641e-05
634,0.880556,42.9999947548,31508.9,73.8362,2.01914e-05
635,0.880556,42.9999947548,31508.8,73.8361,1.99224e-05
636,0.880556,42.9999947548,31508.6,73.8361,1.9657e-05
637,0.880556,42.9999947548,31508.4,74.3613,1.93951e-05
638,0.880556,42.9999947548,31508.2,73.836,1.91367e-05
639,0.880556,42.9999947548,31508.0,73.8359,1.88818e-05
640,0.880556,42.9999947548,31507.8,73.8358,1.86302e-05
641,0.880556,42.9999947548,31507.6,73.8358,1.8382e-05
642,0.880556,42.9999947548,31507.4,73.8357,1.81371e-05
643,0.880556,42.9999947548,31507.2,73.8357,1.78955e-05
644,0.880556,42.9999947548,31507.1,73.8356,1.76571e-05
645,0.880556,42.9999947548,31506.9,73.8356,1.74219e-05
646,0.880556,42.9999947548,31506.7,73.8355,1.71898e-05
647,0.880556,42.9999947548,31506.5,73.5186,1.69608e-05
648,0.880556,42.9999947548,31506.4,74.3607,1.67348e-05
649,0.880556,42.9999947548,31506.2,73.8354,1.65119e-05
650,0.880556,42.9999947548,31506.1,73.8354,1.62919e-05
651,0.880556,42.9999947548,31505.9,74.3606,1.60748e-05
652,0.880556,42.9999947548,31505.7,73.8353,1.58607e-05
653,0.880556,42.9999947548,31505.6,73.8352,1.56494e-05
654,0.880556,42.9999947548,31505.4,73.8352,1.54409e-05
655,0.880556,42.9999947548,31505.3,74.3604,1.52352e-05
656,0.880556,42.9999947548,31505.1,73.8351,1.50322e-05
657,0.880556,42.9999947548,31505.0,73.835,1.48319e-05
658,0.880556,42.9999947548,31504.8,73.835,1.46343e-05
659,0.880556,42.9999947548,31504.7,74.3603,1.44394e-05
660,0.880556,42.9999947548,31504.5,73.5181,1.4247e-05
661,0.880556,42.9999947548,31504.4,73.8349,1.40572e-05
662,0.880556,42.9999947548,31504.2,73.8348,1.38699e-05
663,0.880556,42.9999947548,31504.1,73.8348,1.36851e-05
664,0.880556,42.9999947548,31504.0,73.8348,1.35028e-05
665,0.880556,42.9999947548,31503.8,73.8347,1.33229e-05
666,0.880556,42.9999947548,31503.7,73.8347,1.31454e-05
667,0.880556,42.9999947548,31503.6,73.8347,1.29703e-05
668,0.880556,42.9999947548,31503.5,73.8346,1.27975e-05
669,0.880556,42.9999947548,31503.3,73.5768,1.2627e-05
670,0.880556,42.9999947548,31503.2,74.3598,1.24588e-05
671,0.880556,42.9999947548,31503.1,73.8345,1.22928e-05
672,0.880556,42.9999947548,31502.9,73.8345,1.2129e-05
673,0.880556,42.9999947548,31502.8,74.3597,1.19675e-05
674,0.880556,42.9999947548,31502.7,73.8344,1.1808e-05
675,0.880556,42.9999947548,31502.6,73.8344,1.16507e-05
676,0.880556,42.9999947548,31502.5,73.8343,1.14955e-05
677,0.880556,42.9999947548,31502.4,74.3596,1.13423e-05
678,0.880556,42.9999947548,31502.3,73.8343,1.11912e-05
679,0.880556,42.9999947548,31502.2,73.8343,1.10421e-05
680,0.880556,42.9999947548,31502.0,73.8342,1.0895e-05
681,0.880556,42.9999947548,31501.9,73.8342,1.07499e-05
682,0.880556,42.9999947548,31501.8,73.8342,1.06067e-05
683,0.880556,42.9999947548,31501.7,74.3594,1.04654e-05
684,0.880556,42.9999947548,31501.6,73.5173,1.03259e-05
685,0.880556,42.9999947548,31501.5,73.8341,1.01884e-05
686,0.880556,42.9999947548,31501.4,73.8341,1.00526e-05
687,0.880556,42.9999947548,31501.3,73.834,9.91871e-06
688,0.880556,42.9999947548,31501.2,73.834,9.78657e-06
689,0.880556,42.9999947548,31501.1,74.3592,9.65619e-06
690,0.880556,42.9999947548,31501.0,73.5171,9.52755e-06
691,0.880556,42.9999947548,31500.9,73.8339,9.40061e-06
692,0.880556,42.9999947548,31500.8,73.8339,9.27537e-06
693,0.880556,42.9999947548,31500.7,74.3591,9.1518e-06
694,0.880556,42.9999947548,31500.6,73.8338,9.02988e-06
695,0.880556,42.9999947548,31500.6,73.8338,8.90958e-06
696,0.880556,42.9999947548,31500.5,73.8338,8.79088e-06
697,0.880556,42.9999947548,31500.4,73.8338,8.67377e-06
698,0.880556,42.9999947548,31500.3,73.8337,8.55821e-06
699,0.880556,42.9999947548,31500.2,74.1451,8.44419e-06
700,0.880556,42.9999947548,31500.1,73.8337,8.3317e-06
701,0.880556,42.9999947548,31500.1,73.8337,8.2207e-06
702,0.880556,42.9999947548,31500.0,73.8337,8.11118e-06
703,0.880556,42.9999947548,31499.9,74.3589,8.00312e-06
704,0.880556,42.9999947548,31499.8,73.8336,7.8965e-06
705,0.880556,42.9999947548,31499.7,73.8336,7.7913e-06
706,0.880556,42.9999947548,31499.7,73.8336,7.68749e-06
707,0.880556,42.9999947548,31499.6,73.8335,7.58508e-06
708,0.880556,42.9999947548,31499.5,73.8335,7.48403e-06
709,0.880556,42.9999947548,31499.4,73.9161,7.38433e-06
710,0.880556,42.9999947548,31499.4,73.8335,7.28594e-06
711,0.880556,42.9999947548,31499.3,73.8335,7.18888e-06
712,0.880556,42.9999947548,31499.2,73.8334,7.09311e-06
713,0.880556,42.9999947548,31499.1,73.5166,6.99861e-06
714,0.880556,42.9999947548,31499.1,73.8334,6.90537e-06
715,0.880556,42.9999947548,31499.0,74.3586,6.81337e-06
716,0.880556,42.9999947548,31498.9,73.916,6.7226e-06
717,0.880556,42.9999947548,31498.9,76.1209,6.63304e-06
718,0.880556,42.9999947548,31498.8,73.8333,6.54467e-06
719,0.880556,42.9999947548,31498.7,73.8333,6.45748e-06
720,0.880556,42.9999947548,31498.7,73.8333,6.37145e-06
721,0.880556,42.9999947548,31498.6,73.8333,6.28657e-06
722,0.880556,42.9999947548,31498.6,73.8332,6.20282e-06
723,0.880556,42.9999947548,31498.5,73.8332,6.12018e-06
724,0.880556,42.9999947548,31498.4,73.8332,6.03865e-06
725,0.880556,42.9999947548,31498.4,73.8332,5.95819e-06
726,0.880556,42.9999947548,31498.3,73.8332,5.87882e-06
727,0.880556,42.9999947548,31498.3,74.3584,5.8005e-06
728,0.880556,42.9999947548,31498.2,73.5163,5.72322e-06
729,0.880556,42.9999947548,31498.1,73.5752,5.64697e-06
730,0.880556,42.9999947548,31498.1,74.3584,5.57174e-06
731,0.880556,42.9999947548,31498.0,73.8331,5.49751e-06
732,0.880556,42.9999947548,31498.0,73.5163,5.42427e-06
733,0.880556,42.9999947548,31497.9,73.8331,5.35201e-06
734,0.880556,42.9999947548,31497.9,73.5163,5.28071e-06
735,0.880556,42.9999947548,31497.8,73.833,5.21036e-06
736,0.880556,42.9999947548,31497.8,74.3583,5.14094e-06
737,0.880556,42.9999947548,31497.7,73.833,5.07245e-06
738,0.880556,42.9999947548,31497.7,73.5751,5.00487e-06
739,0.880556,42.9999947548,31497.6,73.833,4.9382e-06
740,0.880556,42.9999947548,31497.6,73.833,4.8724e-06
741,0.880556,42.9999947548,31497.5,73.833,4.80749e-06
742,0.880556,42.9999947548,31497.5,73.5751,4.74345e-06
743,0.880556,42.9999947548,31497.4,73.8329,4.68025e-06
744,0.880556,42.9999947548,31497.4,73.8329,4.6179e-06
745,0.880556,42.9999947548,31497.3,74.1442,4.55638e-06
746,0.880556,42.9999947548,31497.3,73.8329,4.49568e-06
747,0.880556,42.9999947548,31497.2,73.8329,4.43578e-06
748,0.880556,42.9999947548,31497.2,73.8329,4.37669e-06
749,0.880556,42.9999947548,31497.1,74.3581,4.31838e-06
750,0.880556,42.9999947548,31497.1,73.8328,4.26085e-06
751,0.880556,42.9999947548,31497.1,74.3581,4.20408e-06
752,0.880556,42.9999947548,31497.0,73.5749,4.14807e-06
753,0.880556,42.9999947548,31497.0,73.8328,4.09281e-06
754,0.880556,42.9999947548,31496.9,73.5749,4.03829e-06
755,0.880556,42.9999947548,31496.9,73.6562,3.98448e-06
756,0.880556,42.9999947548,31496.8,74.1441,3.9314e-06
757,0.880556,42.9999947548,31496.8,73.8327,3.87903e-06
758,0.880556,42.9999947548,31496.8,74.1441,3.82735e-06
759,0.880556,42.9999947548,31496.7,73.5159,3.77636e-06
760,0.880556,42.9999947548,31496.7,73.5748,3.72605e-06
761,0.880556,42.9999947548,31496.7,73.5748,3.67641e-06
762,0.880556,42.9999947548,31496.6,73.5748,3.62743e-06
763,0.880556,42.9999947548,31496.6,73.5748,3.5791e-06
764,0.880556,42.9999947548,31496.5,74.144,3.53142e-06
765,0.880556,42.9999947548,31496.5,73.5748,3.48437e-06
766,0.880556,42.9999947548,31496.5,76.1202,3.43795e-06
767,0.880556,42.9999947548,31496.4,74.144,3.39215e-06
768,0.880556,42.9999947548,31496.4,73.8326,3.34696e-06
769,0.880556,42.9999947548,31496.4,73.5747,3.30237e-06
770,0.880556,42.9999947548,31496.3,73.5747,3.25837e-06
771,0.880556,42.9999947548,31496.3,73.8326,3.21496e-06
772,0.880556,42.9999947548,31496.3,73.5747,3.17213e-06
773,0.880556,42.9999947548,31496.2,75.115,3.12987e-06
774,0.880556,42.9999947548,31496.2,75.396,3.08817e-06
775,0.880556,42.9999947548,31496.2,74.1439,3.04703e-06
776,0.880556,42.9999947548,31496.2,73.5747,3.00644e-06
777,0.880556,42.9999947548,31496.1,73.8326,2.96639e-06
778,0.880556,42.9999947548,31496.1,73.8326,2.92687e-06
779,0.880556,42.9999947548,31496.1,73.8326,2.88787e-06
780,0.880556,42.9999947548,31496.1,73.5746,2.8494e-06
781,0.880556,42.9999947548,31496.0,73.8325,2.81144e-06
782,0.880556,42.9999947548,31496.0,73.5746,2.77398e-06
783,0.880556,42.9999947548,31496.0,73.0829,2.73703e-06
784,0.880556,42.9999947548,31495.9,73.5157,2.70056e-06
785,0.880556,42.9999947548,31495.9,73.8325,2.66459e-06
786,0.880556,42.9999947548,31495.9,73.5157,2.62909e-06
787,0.880556,42.9999947548,31495.9,75.3959,2.59406e-06
788,0.880556,42.9999947548,31495.8,75.3959,2.5595e-06
789,0.880556,42.9999947548,31495.8,73.5746,2.5254e-06
790,0.880556,42.9999947548,31495.8,73.5746,2.49176e-06
791,0.880556,42.9999947548,31495.8,75.3959,2.45856e-06
792,0.880556,42.9999947548,31495.8,73.8325,2.42581e-06
793,0.880556,42.9999947548,31495.7,73.8325,2.39349e-06
794,0.880556,42.9999947548,31495.7,73.8325,2.3616e-06
795,0.880556,42.9999947548,31495.7,73.8325,2.33014e-06
796,0.880556,42.9999947548,31495.7,75.1148,2.2991e-06
797,0.880556,42.9999947548,31495.6,73.8324,2.26847e-06
798,0.880556,42.9999947548,31495.6,73.5745,2.23825e-06
799,0.880556,42.9999947548,31495.6,73.8324,2.20843e-06
800,0.880556,42.9999947548,31495.6,73.8324,2.17901e-06
801,0.880556,42.9999947548,31495.5,73.5745,2.14998e-06
802,0.880556,42.9999947548,31495.5,73.0828,2.12133e-06
803,0.880556,42.9999947548,31495.5,73.0828,2.09307e-06
804,0.880556,42.9999947548,31495.5,73.8324,2.06519e-06
805,0.880556,42.9999947548,31495.5,73.8324,2.03767e-06
806,0.880556,42.9999947548,31495.4,73.5744,2.01053e-06
807,0.880556,42.9999947548,31495.4,73.915,1.98374e-06
808,0.880556,42.9999947548,31495.4,73.7568,1.95731e-06
809,0.880556,42.9999947548,31495.4,73.7568,1.93124e-06
810,0.880556,42.9999947548,31495.4,73.9149,1.90551e-06
811,0.880556,42.9999947548,31495.3,73.9149,1.88012e-06
812,0.880556,42.9999947548,31495.3,73.5156,1.85507e-06
813,0.880556,42.9999947548,31495.3,73.5156,1.83036e-06
814,0.880556,42.9999947548,31495.3,73.8323,1.80598e-06
815,0.880556,42.9999947548,31495.2,74.3575,1.78192e-06
816,0.880556,42.9999947548,31495.2,74.3575,1.75818e-06
817,0.880556,42.9999947548,31495.2,73.8323,1.73475e-06
818,0.880556,42.9999947548,31495.2,73.8323,1.71164e-06
819,0.880556,42.9999947548,31495.2,73.8323,1.68884e-06
820,0.880556,42.9999947548,31495.2,73.5743,1.66634e-06
821,0.880556,42.9999947548,31495.1,74.3575,1.64414e-06
822,0.880556,42.9999947548,31495.1,74.4028,1.62224e-06
823,0.880556,42.9999947548,31495.1,74.4028,1.60062e-06
824,0.880556,42.9999947548,31495.1,74.4028,1.5793e-06
825,0.880556,42.9999947548,31495.1,74.2878,1.55826e-06
826,0.880556,42.9999947548,31495.1,74.2877,1.5375e-06
827,0.880556,42.9999947548,31495.0,74.3575,1.51702e-06
828,0.880556,42.9999947548,31495.0,74.4028,1.49681e-06
829,0.880556,42.9999947548,31495.0,74.4028,1.47687e-06
830,0.880556,42.9999947548,31495.0,74.4028,1.45719e-06
831,0.880556,42.9999947548,31495.0,74.4027,1.43778e-06
832,0.880556,42.9999947548,31494.9,75.6463,1.41862e-06
833,0.880556,42.9999947548,31494.9,73.7611,1.39972e-06
834,0.880556,42.9999947548,31494.9,73.7611,1.38107e-06
835,0.880556,42.9999947548,31494.9,73.7611,1.36267e-06
836,0.880556,42.9999947548,31494.9,73.761,1.34452e-06
837,0.880556,42.9999947548,31494.9,73.761,1.32661e-06
838,0.880556,42.9999947548,31494.8,73.761,1.30893e-06
839,0.880556,42.9999947548,31494.8,73.761,1.2915e-06
840,0.880556,42.9999947548,31494.8,74.0488,1.27429e-06
841,0.880556,42.9999947548,31494.8,75.6463,1.25731e-06
842,0.880556,42.9999947548,31494.8,74.0488,1.24056e-06
843,0.880556,42.9999947548,31494.8,74.0488,1.22404e-06
844,0.880556,42.9999947548,31494.8,73.761,1.20773e-06
845,0.880556,42.9999947548,31494.7,73.761,1.19164e-06
846,0.880556,42.9999947548,31494.7,75.3362,1.17576e-06
847,0.880556,42.9999947548,31494.7,76.1638,1.1601e-06
848,0.880556,42.9999947548,31494.7,76.0233,1.14464e-06
849,0.880556,42.9999947548,31494.7,74.4026,1.12939e-06
850,0.880556,42.9999947548,31494.7,74.2876,1.11435e-06
851,0.880556,42.9999947548,31494.7,74.2876,1.0995e-06
852,0.880556,42.9999947548,31494.7,74.4026,1.08485e-06
853,0.880556,42.9999947548,31494.7,76.1638,1.0704e-06
854,0.880556,42.9999947548,31494.6,74.4026,1.05614e-06
855,0.880556,42.9999947548,31494.6,74.2876,1.04207e-06
0.880556,31494.6,2.9884676933288574,0.625,2.59174715242,0.499690080337
