70,10,0.6,2,1000, .1 
0,0.538889,166.000006199,1.39077e+06,861.162,0.0998582
1,0.569444,155.000009537,1.19314e+06,772.868,0.099434
2,0.586111,148.999993801,1.02779e+06,710.248,0.0990116
3,0.597222,145.000004768,892125.0,652.044,0.0985911
4,0.625,135.0,776257.0,594.254,0.0981723
5,0.630556,132.999994755,679499.0,555.245,0.0977552
6,0.636111,130.99998951,596435.0,512.97,0.09734
7,0.644444,127.999992371,528112.0,474.205,0.0969265
8,0.652778,124.999995232,467961.0,445.237,0.0965148
9,0.658333,122.999989986,413899.0,423.028,0.0961048
10,0.669444,119.000000954,365790.0,391.079,0.0956966
11,0.683333,113.999998569,324811.0,370.134,0.0952901
12,0.694444,110.000009537,288549.0,346.162,0.0948853
13,0.705556,105.999999046,257365.0,321.613,0.0944822
14,0.713889,103.000001907,231363.0,302.221,0.0940809
15,0.727778,97.9999995232,208336.0,277.938,0.0936812
16,0.738889,94.0000104904,189279.0,260.192,0.0932833
17,0.75,90.0,172778.0,237.692,0.0928871
18,0.752778,89.0000081062,157987.0,230.58,0.0924925
19,0.772222,82.0000004768,145598.0,204.682,0.0920996
20,0.783333,77.9999899864,134933.0,194.911,0.0917084
21,0.788889,76.0000061989,125260.0,188.55,0.0913188
22,0.794444,74.0000009537,116105.0,186.911,0.0909309
23,0.808333,68.9999985695,108454.0,170.96,0.0905446
24,0.805556,69.9999904633,101050.0,170.369,0.09016
25,0.808333,68.9999985695,93731.5,171.272,0.089777
26,0.813889,66.9999933243,86752.8,165.736,0.0893957
27,0.827778,61.9999909401,80352.4,152.664,0.0890159
28,0.838889,58.0000019073,75092.7,143.085,0.0886378
29,0.844444,55.9999966621,70610.9,136.141,0.0882613
30,0.847222,55.0000047684,66283.5,134.56,0.0878864
31,0.847222,55.0000047684,62041.2,133.919,0.0875131
32,0.85,53.9999914169,57883.3,132.772,0.0871413
33,0.852778,52.9999995232,53848.9,126.197,0.0867712
34,0.85,53.9999914169,50277.7,125.633,0.0864026
35,0.855556,52.0000076294,46774.3,118.488,0.0860355
36,0.863889,49.0000104904,43530.8,118.639,0.0856701
37,0.872222,45.9999918938,40407.7,114.141,0.0853062
38,0.880556,42.9999947548,37794.4,106.227,0.0849438
39,0.880556,42.9999947548,35357.4,104.803,0.084583
40,0.883333,42.000002861,33054.1,98.5234,0.0842237
41,0.886111,40.9999895096,31002.1,93.0416,0.0838659
42,0.897222,37.0000004768,29331.4,84.4838,0.0835097
43,0.894444,37.9999923706,27867.9,85.3784,0.0831549
44,0.9,36.0000085831,26420.5,85.134,0.0828017
45,0.905556,34.0000033379,25025.5,79.985,0.08245
46,0.905556,34.0000033379,23723.9,82.4655,0.0820997
47,0.916667,29.9999928474,22440.3,76.9744,0.081751
48,0.922222,28.0000090599,21338.0,75.168,0.0814037
49,0.927778,26.0000038147,20353.1,63.6954,0.0810579
50,0.922222,28.0000090599,19575.6,64.5674,0.0807136
51,0.925,26.9999957085,18860.0,61.7846,0.0803708
52,0.925,26.9999957085,18134.1,61.8962,0.0800294
53,0.930556,24.9999904633,17508.6,54.0731,0.0796894
54,0.930556,24.9999904633,16908.8,54.2019,0.0793509
55,0.938889,21.9999933243,16373.3,48.7206,0.0790138
56,0.933333,23.9999985695,15908.8,51.6243,0.0786782
57,0.941667,21.0000014305,15425.4,41.3907,0.078344
58,0.938889,21.9999933243,15130.9,42.7921,0.0780112
59,0.944444,20.0000095367,14829.8,40.8662,0.0776798
60,0.944444,20.0000095367,14535.2,40.8591,0.0773498
61,0.944444,20.0000095367,14246.9,40.9361,0.0770213
62,0.947222,18.9999961853,13970.5,40.4364,0.0766941
63,0.944444,20.0000095367,13673.0,42.0653,0.0763683
64,0.947222,18.9999961853,13397.1,40.5441,0.0760439
65,0.947222,18.9999961853,13115.9,40.6122,0.0757209
66,0.941667,21.0000014305,12831.9,43.616,0.0753992
67,0.95,18.0000042915,12536.2,40.7077,0.075079
68,0.95,18.0000042915,12255.8,40.796,0.07476
69,0.952778,16.9999909401,11983.6,39.2293,0.0744425
70,0.95,18.0000042915,11698.2,40.4227,0.0741262
71,0.952778,16.9999909401,11433.1,39.4035,0.0738114
72,0.952778,16.9999909401,11199.9,38.5765,0.0734978
73,0.952778,16.9999909401,10951.2,38.8979,0.0731856
74,0.952778,16.9999909401,10724.2,40.2799,0.0728747
75,0.952778,16.9999909401,10520.6,37.3481,0.0725652
76,0.955556,15.9999990463,10325.8,36.7253,0.0722569
77,0.95,18.0000042915,10135.8,37.3413,0.07195
78,0.955556,15.9999990463,9950.41,36.8632,0.0716444
79,0.95,18.0000042915,9751.72,37.761,0.07134
80,0.952778,16.9999909401,9554.34,36.9705,0.071037
81,0.955556,15.9999990463,9371.54,37.0849,0.0707352
82,0.952778,16.9999909401,9173.88,37.7729,0.0704348
83,0.955556,15.9999990463,8972.22,37.2297,0.0701356
84,0.944444,20.0000095367,8779.6,41.0174,0.0698377
85,0.95,18.0000042915,8551.06,37.4531,0.069541
86,0.952778,16.9999909401,8355.92,37.496,0.0692456
87,0.95,18.0000042915,8155.45,38.3705,0.0689515
88,0.952778,16.9999909401,7953.66,37.7706,0.0686586
89,0.955556,15.9999990463,7759.72,37.7808,0.0683669
90,0.952778,16.9999909401,7556.34,38.4791,0.0680765
91,0.955556,15.9999990463,7347.29,37.9773,0.0677873
92,0.952778,16.9999909401,7148.84,38.2474,0.0674994
93,0.952778,16.9999909401,6930.74,38.7894,0.0672126
94,0.95,18.0000042915,6722.0,38.5146,0.0669271
95,0.952778,16.9999909401,6520.11,38.4442,0.0666428
96,0.95,18.0000042915,6311.03,39.3147,0.0663598
97,0.958333,15.0000071526,6109.12,38.9737,0.0660779
98,0.955556,15.9999990463,5921.9,38.7324,0.0657972
99,0.955556,15.9999990463,5734.76,39.5791,0.0655177
100,0.95,18.0000042915,5542.59,41.7934,0.0652394
101,0.955556,15.9999990463,5334.82,39.1166,0.0649623
102,0.947222,18.9999961853,5182.43,39.6474,0.0646863
103,0.955556,15.9999990463,5011.67,36.5844,0.0644115
104,0.955556,15.9999990463,4853.7,37.6798,0.0641379
105,0.958333,15.0000071526,4690.42,35.6875,0.0638655
106,0.955556,15.9999990463,4528.68,35.802,0.0635942
107,0.958333,15.0000071526,4352.88,34.8345,0.063324
108,0.966667,12.0000100136,4217.33,33.3163,0.0630551
109,0.958333,15.0000071526,4089.61,32.32,0.0627872
110,0.961111,13.9999938011,3966.23,32.4536,0.0625205
111,0.963889,13.0000019073,3839.76,32.8983,0.0622549
112,0.969444,10.9999966621,3741.91,30.9942,0.0619905
113,0.963889,13.0000019073,3644.93,27.784,0.0617271
114,0.972222,10.0000047684,3556.78,28.0918,0.0614649
115,0.963889,13.0000019073,3477.34,29.3213,0.0612038
116,0.972222,10.0000047684,3392.43,28.1163,0.0609439
117,0.969444,10.9999966621,3316.86,28.1956,0.060685
118,0.972222,10.0000047684,3238.5,29.9165,0.0604272
119,0.966667,12.0000100136,3154.96,28.0427,0.0601705
120,0.969444,10.9999966621,3078.86,27.8784,0.0599149
121,0.972222,10.0000047684,3002.82,31.8335,0.0596604
122,0.972222,10.0000047684,2915.28,28.0583,0.059407
123,0.966667,12.0000100136,2839.27,28.0266,0.0591546
124,0.966667,12.0000100136,2764.98,29.1333,0.0589034
125,0.972222,10.0000047684,2668.39,28.0718,0.0586531
126,0.966667,12.0000100136,2608.14,28.0286,0.058404
127,0.966667,12.0000100136,2550.38,29.1446,0.0581559
128,0.963889,13.0000019073,2483.64,29.3076,0.0579089
129,0.972222,10.0000047684,2420.27,26.1111,0.0576629
130,0.975,8.99999141693,2365.75,26.7852,0.0574179
131,0.975,8.99999141693,2302.65,25.2112,0.057174
132,0.975,8.99999141693,2251.14,26.7968,0.0569312
133,0.969444,10.9999966621,2187.78,27.0161,0.0566893
134,0.975,8.99999141693,2128.37,25.1824,0.0564485
135,0.980556,7.00000762939,2074.54,28.0759,0.0562087
136,0.980556,7.00000762939,2014.35,23.6812,0.05597
137,0.977778,7.99999952316,1972.39,23.5008,0.0557322
138,0.977778,7.99999952316,1933.81,25.3857,0.0554955
139,0.975,8.99999141693,1884.04,25.1582,0.0552598
140,0.977778,7.99999952316,1843.73,25.385,0.055025
141,0.980556,7.00000762939,1798.93,28.797,0.0547913
142,0.975,8.99999141693,1751.19,25.2223,0.0545585
143,0.980556,7.00000762939,1704.15,23.625,0.0543268
144,0.972222,10.0000047684,1662.7,25.0044,0.054096
145,0.980556,7.00000762939,1620.46,23.6221,0.0538662
146,0.972222,10.0000047684,1581.97,26.1618,0.0536374
147,0.977778,7.99999952316,1537.87,23.0403,0.0534096
148,0.977778,7.99999952316,1516.61,35.3647,0.0531827
149,0.975,8.99999141693,1446.92,22.9489,0.0529568
150,0.977778,7.99999952316,1416.02,25.282,0.0527318
151,0.975,8.99999141693,1374.71,25.2521,0.0525078
152,0.977778,7.99999952316,1329.34,23.0517,0.0522848
153,0.975,8.99999141693,1291.17,22.3939,0.0520627
154,0.980556,7.00000762939,1252.69,22.2397,0.0518415
155,0.980556,7.00000762939,1231.58,27.6197,0.0516213
156,0.986111,5.00000238419,1180.48,22.3248,0.051402
157,0.983333,5.99999427795,1146.11,23.803,0.0511837
158,0.975,8.99999141693,1112.81,24.6256,0.0509663
159,0.983333,5.99999427795,1079.4,19.8731,0.0507498
160,0.986111,5.00000238419,1044.57,16.6624,0.0505342
161,0.991667,2.99999713898,1017.02,18.46,0.0503195
162,0.980556,7.00000762939,1000.74,21.0967,0.0501058
163,0.977778,7.99999952316,984.215,22.3975,0.049893
164,0.983333,5.99999427795,957.002,18.2733,0.049681
165,0.983333,5.99999427795,933.321,18.257,0.04947
166,0.980556,7.00000762939,911.607,21.1275,0.0492598
167,0.980556,7.00000762939,895.769,22.7335,0.0490506
168,0.980556,7.00000762939,869.605,17.908,0.0488422
169,0.988889,4.00001049042,849.175,19.3374,0.0486348
170,0.977778,7.99999952316,840.211,21.1939,0.0484282
171,0.980556,7.00000762939,822.274,21.1579,0.0482225
172,0.991667,2.99999713898,807.826,18.3115,0.0480176
173,0.986111,5.00000238419,808.987,19.5265,0.0478136
174,0.986111,5.00000238419,809.68,19.8526,0.0476105
175,0.988889,4.00001049042,778.226,19.1316,0.0474083
176,0.991667,2.99999713898,767.453,18.3161,0.0472069
177,0.986111,5.00000238419,764.31,19.3472,0.0470064
178,0.991667,2.99999713898,755.165,18.3183,0.0468067
179,0.988889,4.00001049042,755.85,19.1358,0.0466079
180,0.991667,2.99999713898,747.474,18.3208,0.0464099
181,0.988889,4.00001049042,741.838,19.1388,0.0462128
182,0.991667,2.99999713898,733.587,18.3241,0.0460165
183,0.986111,5.00000238419,727.957,19.3374,0.045821
184,0.991667,2.99999713898,721.428,18.3264,0.0456263
185,0.988889,4.00001049042,711.135,19.1424,0.0454325
186,0.991667,2.99999713898,702.298,18.3294,0.0452395
187,0.988889,4.00001049042,697.264,19.1456,0.0450474
188,0.988889,4.00001049042,677.672,19.1476,0.044856
189,0.988889,4.00001049042,671.187,18.5167,0.0446655
190,0.988889,4.00001049042,665.579,19.1509,0.0444757
191,0.991667,2.99999713898,658.61,18.3322,0.0442868
192,0.988889,4.00001049042,655.737,19.1525,0.0440987
193,0.991667,2.99999713898,639.915,18.3353,0.0439114
194,0.986111,5.00000238419,634.321,19.3195,0.0437248
195,0.991667,2.99999713898,628.054,18.3378,0.0435391
196,0.988889,4.00001049042,625.774,19.1566,0.0433542
197,0.988889,4.00001049042,608.673,17.7026,0.04317
198,0.986111,5.00000238419,609.302,19.3171,0.0429866
199,0.991667,2.99999713898,592.014,18.3428,0.042804
200,0.988889,4.00001049042,588.408,19.1675,0.0426222
201,0.991667,2.99999713898,578.588,18.3465,0.0424411
202,0.986111,5.00000238419,579.09,19.311,0.0422609
203,0.991667,2.99999713898,572.662,18.3483,0.0420814
204,0.988889,4.00001049042,566.961,19.1729,0.0419026
205,0.991667,2.99999713898,548.959,18.3524,0.0417246
206,0.988889,4.00001049042,549.553,19.174,0.0415474
207,0.988889,4.00001049042,541.913,18.4896,0.0413709
208,0.988889,4.00001049042,537.93,19.1776,0.0411951
209,0.988889,4.00001049042,519.654,19.1798,0.0410201
210,0.991667,2.99999713898,512.953,18.3553,0.0408459
211,0.988889,4.00001049042,506.356,19.1836,0.0406724
212,0.988889,4.00001049042,500.276,18.48,0.0404996
213,0.986111,5.00000238419,494.858,19.8862,0.0403276
214,0.988889,4.00001049042,479.193,17.5008,0.0401563
215,0.986111,5.00000238419,477.27,19.297,0.0399857
216,0.991667,2.99999713898,471.393,18.3648,0.0398159
217,0.991667,2.99999713898,471.493,20.6512,0.0396467
218,0.991667,2.99999713898,454.954,18.3623,0.0394783
219,0.991667,2.99999713898,460.379,20.6519,0.0393106
220,0.994444,2.00000524521,457.276,17.6295,0.0391436
221,0.994444,2.00000524521,457.276,17.6295,0.0389774
0.994444,457.276,0.8991847038269043,354.188,0.341667715943,0.0920132633603
