16,10,0.3,2,1000, .1 
0,0.397222,217.000000477,1.20483e+06,821.172,0.0996661
1,0.397222,217.000000477,1.01526e+06,740.773,0.0986712
2,0.388889,219.999997616,862008.0,675.008,0.0976861
3,0.391667,218.999994993,735862.0,619.045,0.0967109
4,0.397222,217.000000477,630230.0,568.682,0.0957455
5,0.394444,218.000003099,541159.0,526.374,0.0947897
6,0.388889,219.999997616,465703.0,485.9,0.0938434
7,0.394444,218.000003099,401619.0,450.005,0.0929065
8,0.405556,214.000003338,347344.0,417.26,0.0919791
9,0.413889,210.99999547,301058.0,385.427,0.0910608
10,0.413889,210.99999547,261801.0,357.738,0.0901518
11,0.416667,210.000003576,228521.0,330.021,0.0892518
12,0.411111,211.999998093,200228.0,308.666,0.0883608
13,0.413889,210.99999547,175722.0,288.426,0.0874787
14,0.422222,207.999998331,154489.0,269.551,0.0866054
15,0.427778,206.000003815,136456.0,251.267,0.0857408
16,0.438889,202.000004053,120587.0,236.287,0.0848849
17,0.45,198.000004292,106724.0,221.868,0.0840375
18,0.461111,194.00000453,94804.0,207.414,0.0831985
19,0.458333,194.999996424,84341.4,195.213,0.082368
20,0.469444,190.999996662,75256.3,183.578,0.0815457
21,0.480556,186.999996901,67393.5,171.233,0.0807316
22,0.477778,187.999999523,60487.7,162.519,0.0799257
23,0.486111,185.000002384,54306.0,154.5,0.0791278
24,0.5,180.0,48828.8,145.192,0.0783379
25,0.505556,177.999994755,43987.0,138.384,0.0775558
26,0.516667,174.000005722,39679.4,130.772,0.0767816
27,0.516667,174.000005722,35834.6,125.057,0.0760151
28,0.519444,172.999992371,32387.9,118.981,0.0752562
29,0.544444,164.000000954,29364.0,109.869,0.074505
30,0.538889,166.000006199,26745.7,105.683,0.0737612
31,0.538889,166.000006199,24375.5,101.166,0.0730248
32,0.538889,166.000006199,22203.2,96.8087,0.0722958
33,0.547222,163.00000906,20242.9,92.2667,0.0715741
34,0.563889,156.999993324,18496.3,85.8696,0.0708596
35,0.566667,156.000001431,17011.0,81.5793,0.0701522
36,0.566667,156.000001431,15662.3,78.4333,0.0694519
37,0.569444,155.000009537,14402.9,76.1432,0.0687585
38,0.572222,153.999996185,13232.4,73.8765,0.0680721
39,0.575,153.000004292,12147.7,71.1405,0.0673926
40,0.594444,145.999996662,11178.3,67.0269,0.0667198
41,0.591667,147.000010014,10306.3,64.6295,0.0660537
42,0.6,143.999991417,9513.96,61.4778,0.0653943
43,0.611111,140.000002384,8790.27,57.9027,0.0647415
44,0.622222,135.999991894,8164.43,55.3792,0.0640952
45,0.633333,132.000002861,7584.12,52.9626,0.0634553
46,0.641667,129.000005722,7072.32,49.201,0.0628219
47,0.655556,124.000003338,6616.9,47.5362,0.0621947
48,0.655556,124.000003338,6191.42,46.7574,0.0615738
49,0.663889,121.000006199,5791.69,44.0408,0.0609591
50,0.677778,116.000003815,5443.5,41.6235,0.0603506
51,0.677778,116.000003815,5129.2,40.9091,0.0597481
52,0.691667,111.000001431,4839.11,38.0493,0.0591516
53,0.691667,111.000001431,4583.89,37.5569,0.0585611
54,0.694444,110.000009537,4339.7,36.6128,0.0579765
55,0.7,108.000004292,4110.15,35.8863,0.0573977
56,0.697222,108.999996185,3892.38,35.1427,0.0568247
57,0.702778,106.99999094,3683.56,34.5359,0.0562575
58,0.708333,105.000007153,3485.87,33.3558,0.0556959
59,0.716667,102.000010014,3303.36,31.9218,0.0551398
60,0.719444,100.999996662,3135.4,31.3856,0.0545894
61,0.722222,100.000004768,2971.24,31.11,0.0540444
62,0.727778,97.9999995232,2813.55,30.3461,0.0535049
63,0.727778,97.9999995232,2660.4,29.8787,0.0529708
64,0.738889,94.0000104904,2515.52,28.7492,0.052442
65,0.733333,95.999994278,2382.04,28.6281,0.0519184
66,0.741667,92.999997139,2254.64,27.4702,0.0514001
67,0.744444,92.0000052452,2133.7,27.2096,0.050887
68,0.744444,92.0000052452,2015.8,26.8121,0.050379
69,0.752778,89.0000081062,1911.21,25.5389,0.0498761
70,0.752778,89.0000081062,1811.53,24.8377,0.0493782
71,0.763889,84.9999976158,1720.21,23.7641,0.0488852
72,0.769444,82.9999923706,1634.85,23.0843,0.0483972
73,0.777778,79.9999952316,1556.03,21.7566,0.0479141
74,0.788889,76.0000061989,1489.21,19.8478,0.0474357
75,0.788889,76.0000061989,1432.24,19.8816,0.0469622
76,0.791667,74.9999928474,1376.69,19.4887,0.0464934
77,0.788889,76.0000061989,1322.8,19.4377,0.0460292
78,0.788889,76.0000061989,1269.69,19.4921,0.0455697
79,0.791667,74.9999928474,1218.2,18.5892,0.0451148
80,0.797222,73.0000090599,1168.48,18.2831,0.0446644
81,0.797222,73.0000090599,1119.37,18.3591,0.0442185
82,0.797222,73.0000090599,1070.21,18.4462,0.0437771
83,0.8,71.9999957085,1023.41,17.5504,0.0433401
84,0.808333,68.9999985695,981.186,16.7847,0.0429074
85,0.808333,68.9999985695,942.134,16.8479,0.0424791
86,0.813889,66.9999933243,903.795,16.4672,0.042055
87,0.816667,66.0000014305,868.393,16.0049,0.0416352
88,0.822222,63.9999961853,835.897,14.2868,0.0412195
89,0.825,63.0000042915,809.241,14.3059,0.0408081
90,0.827778,61.9999909401,782.707,13.524,0.0404007
91,0.833333,60.0000071526,760.126,13.092,0.0399973
92,0.830556,60.9999990463,738.43,13.2312,0.0395981
93,0.833333,60.0000071526,716.668,13.1609,0.0392027
94,0.833333,60.0000071526,695.078,13.3067,0.0388114
95,0.836111,58.9999938011,673.869,13.1051,0.0384239
96,0.841667,57.0000100136,653.198,12.664,0.0380404
97,0.847222,55.0000047684,634.029,12.346,0.0376606
98,0.85,53.9999914169,616.105,12.2647,0.0372846
99,0.858333,50.999994278,599.648,11.7126,0.0369124
100,0.861111,50.0000023842,586.136,10.7548,0.0365439
101,0.863889,49.0000104904,573.566,10.475,0.0361791
102,0.863889,49.0000104904,561.635,10.4906,0.0358179
103,0.863889,49.0000104904,549.769,10.507,0.0354604
104,0.863889,49.0000104904,537.968,10.5241,0.0351064
105,0.866667,47.999997139,526.346,10.444,0.0347559
106,0.869444,47.0000052452,514.927,10.2209,0.0344089
107,0.872222,45.9999918938,504.345,9.81413,0.0340654
108,0.872222,45.9999918938,494.576,9.82627,0.0337254
109,0.872222,45.9999918938,484.87,9.83893,0.0333887
110,0.869444,47.0000052452,475.251,9.78961,0.0330554
111,0.869444,47.0000052452,465.804,9.80431,0.0327254
112,0.872222,45.9999918938,456.811,9.20395,0.0323987
113,0.872222,45.9999918938,448.866,9.21449,0.0320753
114,0.872222,45.9999918938,440.974,9.2254,0.031755
115,0.875,45.0,433.399,8.72762,0.031438
116,0.875,45.0,426.595,8.73776,0.0311242
117,0.875,45.0,419.838,8.74821,0.0308135
118,0.875,45.0,413.128,8.75897,0.0305059
119,0.875,45.0,406.465,8.77002,0.0302013
120,0.875,45.0,399.847,8.78136,0.0298998
121,0.880556,42.9999947548,393.353,8.69962,0.0296013
122,0.883333,42.000002861,387.077,8.25216,0.0293058
123,0.883333,42.000002861,381.685,8.25689,0.0290133
124,0.883333,42.000002861,376.337,8.26187,0.0287236
125,0.886111,40.9999895096,371.197,7.84823,0.0284369
126,0.886111,40.9999895096,366.657,7.84981,0.028153
127,0.886111,40.9999895096,362.158,7.85161,0.027872
128,0.886111,40.9999895096,357.698,7.85362,0.0275937
129,0.886111,40.9999895096,353.279,7.85584,0.0273183
130,0.886111,40.9999895096,348.899,7.85825,0.0270455
131,0.888889,39.9999976158,344.799,7.10916,0.0267755
132,0.891667,39.000005722,341.665,6.81968,0.0265082
133,0.891667,39.000005722,338.599,6.82146,0.0262436
134,0.891667,39.000005722,335.561,6.82337,0.0259816
135,0.894444,37.9999923706,332.591,6.80274,0.0257223
136,0.894444,37.9999923706,329.655,6.80414,0.0254655
137,0.894444,37.9999923706,326.747,6.80567,0.0252112
138,0.894444,37.9999923706,323.865,6.8073,0.0249596
139,0.894444,37.9999923706,321.01,6.80904,0.0247104
140,0.894444,37.9999923706,318.181,6.81088,0.0244637
141,0.894444,37.9999923706,315.378,6.81283,0.0242195
142,0.894444,37.9999923706,312.6,6.81488,0.0239777
143,0.894444,37.9999923706,309.847,6.81702,0.0237383
144,0.897222,37.0000004768,307.12,6.81926,0.0235014
145,0.897222,37.0000004768,304.507,6.72207,0.0232668
146,0.897222,37.0000004768,301.92,6.72344,0.0230345
147,0.9,36.0000085831,299.463,6.58581,0.0228045
148,0.9,36.0000085831,297.111,6.58675,0.0225769
149,0.9,36.0000085831,294.781,6.58777,0.0223515
150,0.9,36.0000085831,292.473,6.58887,0.0221284
151,0.902778,34.9999952316,290.27,6.47054,0.0219074
152,0.902778,34.9999952316,288.105,6.47161,0.0216887
153,0.902778,34.9999952316,285.961,6.47274,0.0214722
154,0.902778,34.9999952316,283.837,6.47394,0.0212579
155,0.902778,34.9999952316,281.733,6.4752,0.0210457
156,0.905556,34.0000033379,279.771,6.14853,0.0208356
157,0.905556,34.0000033379,277.971,6.14738,0.0206276
158,0.905556,34.0000033379,276.189,6.14628,0.0204216
159,0.905556,34.0000033379,274.426,6.14525,0.0202178
160,0.905556,34.0000033379,272.68,6.14427,0.0200159
161,0.905556,34.0000033379,270.952,6.14335,0.0198161
162,0.908333,32.9999899864,269.25,6.05281,0.0196183
163,0.908333,32.9999899864,267.568,6.05203,0.0194224
164,0.908333,32.9999899864,265.904,6.0513,0.0192286
165,0.908333,32.9999899864,264.256,6.05062,0.0190366
166,0.908333,32.9999899864,262.625,6.04999,0.0188466
167,0.908333,32.9999899864,261.01,6.04941,0.0186584
168,0.905556,34.0000033379,259.452,5.99514,0.0184721
169,0.905556,34.0000033379,257.946,5.99431,0.0182877
170,0.905556,34.0000033379,256.456,5.99352,0.0181052
171,0.905556,34.0000033379,254.98,5.99279,0.0179244
172,0.905556,34.0000033379,253.52,5.99209,0.0177455
173,0.905556,34.0000033379,252.074,5.99144,0.0175683
174,0.905556,34.0000033379,250.643,5.99083,0.017393
175,0.905556,34.0000033379,249.227,5.99027,0.0172193
176,0.905556,34.0000033379,247.824,5.98974,0.0170474
177,0.905556,34.0000033379,246.436,5.98926,0.0168772
178,0.905556,34.0000033379,245.062,5.98881,0.0167088
179,0.905556,34.0000033379,243.702,5.9884,0.016542
180,0.905556,34.0000033379,242.355,5.98802,0.0163768
181,0.902778,34.9999952316,241.042,5.81555,0.0162133
182,0.905556,34.0000033379,239.832,5.40072,0.0160515
183,0.905556,34.0000033379,238.681,5.39892,0.0158912
184,0.905556,34.0000033379,237.543,5.39715,0.0157326
185,0.905556,34.0000033379,236.417,5.39542,0.0155755
186,0.905556,34.0000033379,235.303,5.39373,0.01542
187,0.905556,34.0000033379,234.201,5.39208,0.0152661
188,0.905556,34.0000033379,233.111,5.39046,0.0151137
189,0.905556,34.0000033379,232.032,5.38888,0.0149628
190,0.905556,34.0000033379,230.965,5.38733,0.0148135
191,0.905556,34.0000033379,229.909,5.38582,0.0146656
192,0.905556,34.0000033379,228.865,5.38434,0.0145192
193,0.905556,34.0000033379,227.832,5.38289,0.0143742
194,0.905556,34.0000033379,226.809,5.38147,0.0142307
195,0.905556,34.0000033379,225.798,5.38009,0.0140887
196,0.905556,34.0000033379,224.797,5.37874,0.013948
197,0.908333,32.9999899864,223.807,5.37741,0.0138088
198,0.908333,32.9999899864,222.832,5.34167,0.0136709
199,0.905556,34.0000033379,221.884,5.37237,0.0135344
200,0.905556,34.0000033379,220.951,5.37091,0.0133993
201,0.905556,34.0000033379,220.018,5.36953,0.0132656
202,0.905556,34.0000033379,219.095,5.36817,0.0131331
203,0.905556,34.0000033379,218.181,5.36685,0.013002
204,0.908333,32.9999899864,217.25,5.33429,0.0128722
205,0.905556,34.0000033379,216.35,5.36446,0.0127437
206,0.905556,34.0000033379,215.475,5.36316,0.0126165
207,0.905556,34.0000033379,214.599,5.36193,0.0124906
208,0.905556,34.0000033379,213.732,5.36073,0.0123659
209,0.905556,34.0000033379,212.874,5.35955,0.0122424
210,0.905556,34.0000033379,212.025,5.3584,0.0121202
211,0.905556,34.0000033379,211.185,5.35726,0.0119992
212,0.905556,34.0000033379,210.354,5.35615,0.0118794
213,0.908333,32.9999899864,209.504,5.32485,0.0117608
214,0.905556,34.0000033379,208.688,5.35416,0.0116434
215,0.908333,32.9999899864,207.897,4.78529,0.0115272
216,0.908333,32.9999899864,207.283,4.78461,0.0114121
217,0.908333,32.9999899864,206.675,4.78395,0.0112982
218,0.908333,32.9999899864,206.074,4.78331,0.0111854
219,0.908333,32.9999899864,205.479,4.78268,0.0110737
220,0.908333,32.9999899864,204.891,4.78207,0.0109632
221,0.911111,31.9999980927,204.285,4.74808,0.0108537
222,0.908333,32.9999899864,203.706,4.78116,0.0107454
223,0.908333,32.9999899864,203.144,4.78054,0.0106381
224,0.908333,32.9999899864,202.58,4.78,0.0105319
225,0.908333,32.9999899864,202.022,4.77947,0.0104268
226,0.908333,32.9999899864,201.469,4.77895,0.0103227
227,0.908333,32.9999899864,200.923,4.77846,0.0102196
228,0.908333,32.9999899864,200.382,4.77797,0.0101176
229,0.908333,32.9999899864,199.847,4.7775,0.0100166
230,0.911111,31.9999980927,199.294,4.74377,0.00991661
231,0.908333,32.9999899864,198.769,4.77684,0.00981762
232,0.908333,32.9999899864,198.251,4.77641,0.00971961
233,0.908333,32.9999899864,197.737,4.77599,0.00962258
234,0.908333,32.9999899864,197.23,4.77559,0.00952652
235,0.908333,32.9999899864,196.791,4.77538,0.00943141
236,0.908333,32.9999899864,196.294,4.775,0.00933726
237,0.908333,32.9999899864,195.801,4.77464,0.00924405
238,0.908333,32.9999899864,195.377,4.77446,0.00915176
239,0.908333,32.9999899864,194.895,4.77412,0.0090604
240,0.908333,32.9999899864,194.421,4.78373,0.00896995
241,0.905556,34.0000033379,193.953,4.78357,0.00888041
242,0.905556,34.0000033379,193.55,4.78366,0.00879175
243,0.905556,34.0000033379,193.092,4.78351,0.00870399
244,0.905556,34.0000033379,192.638,4.78338,0.00861709
245,0.905556,34.0000033379,192.189,4.78325,0.00853107
246,0.905556,34.0000033379,191.802,4.78336,0.0084459
247,0.905556,34.0000033379,191.363,4.78325,0.00836159
248,0.905556,34.0000033379,190.927,4.78315,0.00827812
249,0.905556,34.0000033379,190.552,4.78327,0.00819548
250,0.905556,34.0000033379,190.126,4.78318,0.00811366
251,0.905556,34.0000033379,189.704,4.7831,0.00803266
252,0.905556,34.0000033379,189.286,4.78303,0.00795247
253,0.905556,34.0000033379,188.926,4.78317,0.00787308
254,0.905556,34.0000033379,188.516,4.78311,0.00779449
255,0.908333,32.9999899864,188.129,3.96475,0.00771668
256,0.908333,32.9999899864,187.9,3.96436,0.00763964
257,0.911111,31.9999980927,187.673,4.14353,0.00756337
258,0.908333,32.9999899864,187.446,3.96369,0.00748787
259,0.908333,32.9999899864,187.224,3.96332,0.00741312
260,0.908333,32.9999899864,187.004,3.96296,0.00733911
261,0.911111,31.9999980927,186.791,4.14244,0.00726585
262,0.908333,32.9999899864,186.569,3.96235,0.00719331
263,0.908333,32.9999899864,186.355,3.962,0.0071215
264,0.911111,31.9999980927,186.145,4.14176,0.00705041
265,0.908333,32.9999899864,185.934,3.96142,0.00698003
266,0.908333,32.9999899864,185.727,3.9611,0.00691034
267,0.908333,32.9999899864,185.522,3.96078,0.00684136
268,0.911111,31.9999980927,185.324,4.14082,0.00677306
269,0.908333,32.9999899864,185.118,3.96025,0.00670545
270,0.908333,32.9999899864,184.919,3.95994,0.00663851
271,0.911111,31.9999980927,184.723,3.95965,0.00657224
272,0.908333,32.9999899864,184.527,3.95944,0.00650663
273,0.908333,32.9999899864,184.335,3.95916,0.00644167
274,0.908333,32.9999899864,184.144,3.95888,0.00637736
275,0.911111,31.9999980927,183.959,4.13944,0.0063137
276,0.908333,32.9999899864,183.768,3.95841,0.00625067
277,0.908333,32.9999899864,183.583,3.95815,0.00618827
278,0.911111,31.9999980927,183.401,3.95789,0.00612649
279,0.911111,31.9999980927,183.227,4.1387,0.00606533
280,0.908333,32.9999899864,183.04,3.95746,0.00600478
281,0.908333,32.9999899864,182.863,3.95722,0.00594484
282,0.911111,31.9999980927,182.689,4.13825,0.00588549
283,0.908333,32.9999899864,182.512,3.95682,0.00582673
284,0.908333,32.9999899864,182.341,3.95658,0.00576857
285,0.908333,32.9999899864,182.171,3.95635,0.00571098
286,0.911111,31.9999980927,182.007,4.13763,0.00565397
287,0.908333,32.9999899864,181.835,3.95598,0.00559752
288,0.908333,32.9999899864,181.67,3.95577,0.00554164
289,0.911111,31.9999980927,181.507,4.13725,0.00548632
290,0.908333,32.9999899864,181.344,3.95542,0.00543155
291,0.908333,32.9999899864,181.184,3.95522,0.00537733
292,0.908333,32.9999899864,181.026,3.95501,0.00532365
293,0.911111,31.9999980927,180.872,4.13671,0.0052705
294,0.908333,32.9999899864,180.713,3.95469,0.00521789
295,0.908333,32.9999899864,180.56,3.9545,0.0051658
296,0.911111,31.9999980927,180.408,3.95432,0.00511423
297,0.911111,31.9999980927,180.263,4.13622,0.00506317
298,0.908333,32.9999899864,180.108,3.95402,0.00501263
299,0.908333,32.9999899864,179.961,3.95385,0.00496259
300,0.911111,31.9999980927,179.816,4.13594,0.00491304
301,0.908333,32.9999899864,179.67,3.95357,0.004864
302,0.908333,32.9999899864,179.527,3.9534,0.00481544
303,0.908333,32.9999899864,179.386,3.95324,0.00476737
304,0.911111,31.9999980927,179.248,4.13552,0.00471978
305,0.908333,32.9999899864,179.106,3.95298,0.00467266
306,0.908333,32.9999899864,178.969,3.95283,0.00462601
307,0.911111,31.9999980927,178.834,3.95268,0.00457983
308,0.911111,31.9999980927,178.703,4.13515,0.00453411
309,0.908333,32.9999899864,178.565,3.95244,0.00448885
310,0.908333,32.9999899864,178.434,3.9523,0.00444404
311,0.911111,31.9999980927,178.303,3.95216,0.00439967
312,0.908333,32.9999899864,178.173,3.95208,0.00435575
313,0.908333,32.9999899864,178.046,3.95194,0.00431227
314,0.908333,32.9999899864,177.92,3.95181,0.00426922
315,0.911111,31.9999980927,177.796,4.13461,0.0042266
316,0.908333,32.9999899864,177.67,3.95161,0.0041844
317,0.908333,32.9999899864,177.547,3.95148,0.00414263
318,0.911111,31.9999980927,177.426,3.95135,0.00410128
319,0.911111,31.9999980927,177.309,4.13433,0.00406033
320,0.908333,32.9999899864,177.186,3.95117,0.0040198
321,0.908333,32.9999899864,177.069,3.95105,0.00397967
322,0.911111,31.9999980927,176.952,3.95093,0.00393994
323,0.911111,31.9999980927,176.861,4.13431,0.00390061
324,0.908333,32.9999899864,176.742,3.951,0.00386167
325,0.908333,32.9999899864,176.629,3.95089,0.00382312
326,0.911111,31.9999980927,176.517,3.95078,0.00378495
327,0.908333,32.9999899864,176.405,3.95073,0.00374717
328,0.908333,32.9999899864,176.296,3.95063,0.00370976
329,0.908333,32.9999899864,176.188,3.95052,0.00367273
330,0.911111,31.9999980927,176.081,4.13395,0.00363606
331,0.908333,32.9999899864,175.973,3.95038,0.00359976
332,0.908333,32.9999899864,175.868,3.95028,0.00356383
333,0.911111,31.9999980927,175.764,3.95019,0.00352825
334,0.911111,31.9999980927,175.663,4.13375,0.00349303
335,0.908333,32.9999899864,175.558,3.95005,0.00345815
336,0.908333,32.9999899864,175.457,3.94996,0.00342363
337,0.911111,31.9999980927,175.357,3.94987,0.00338945
338,0.911111,31.9999980927,175.261,4.13358,0.00335562
339,0.908333,32.9999899864,175.159,3.94975,0.00332212
340,0.908333,32.9999899864,175.062,3.94966,0.00328895
341,0.911111,31.9999980927,174.966,3.94958,0.00325612
342,0.911111,31.9999980927,174.875,4.13342,0.00322362
343,0.908333,32.9999899864,174.776,3.94947,0.00319143
344,0.908333,32.9999899864,174.683,3.94939,0.00315957
345,0.911111,31.9999980927,174.591,4.13334,0.00312803
346,0.908333,32.9999899864,174.499,3.94928,0.00309681
347,0.908333,32.9999899864,174.409,3.94921,0.00306589
348,0.908333,32.9999899864,174.319,3.94914,0.00303528
349,0.911111,31.9999980927,174.232,4.13321,0.00300498
350,0.908333,32.9999899864,174.143,3.94904,0.00297498
351,0.908333,32.9999899864,174.056,3.94897,0.00294528
352,0.911111,31.9999980927,173.97,3.94891,0.00291588
353,0.911111,31.9999980927,173.886,4.13309,0.00288677
354,0.908333,32.9999899864,173.8,3.94882,0.00285795
355,0.908333,32.9999899864,173.717,3.94875,0.00282942
356,0.911111,31.9999980927,173.634,3.94869,0.00280118
357,0.911111,31.9999980927,173.555,4.13298,0.00277321
358,0.908333,32.9999899864,173.471,3.94861,0.00274553
359,0.908333,32.9999899864,173.391,3.94855,0.00271812
360,0.911111,31.9999980927,173.312,3.94849,0.00269099
361,0.911111,31.9999980927,173.236,4.13289,0.00266412
362,0.908333,32.9999899864,173.155,3.94841,0.00263753
363,0.908333,32.9999899864,173.079,3.94836,0.0026112
364,0.911111,31.9999980927,173.003,3.94831,0.00258513
365,0.911111,31.9999980927,172.93,4.13281,0.00255932
366,0.908333,32.9999899864,172.852,3.94824,0.00253377
367,0.908333,32.9999899864,172.778,3.94819,0.00250848
368,0.911111,31.9999980927,172.706,3.94814,0.00248343
369,0.911111,31.9999980927,172.636,4.13273,0.00245864
370,0.908333,32.9999899864,172.561,3.94807,0.0024341
371,0.911111,31.9999980927,172.49,3.94802,0.0024098
372,0.911111,31.9999980927,172.42,4.13271,0.00238574
373,0.908333,32.9999899864,172.35,3.94796,0.00236193
374,0.908333,32.9999899864,172.281,3.94792,0.00233835
375,0.911111,31.9999980927,172.213,3.94787,0.002315
376,0.911111,31.9999980927,172.146,4.13265,0.00229189
377,0.908333,32.9999899864,172.079,3.94782,0.00226901
378,0.908333,32.9999899864,172.013,3.94778,0.00224636
379,0.911111,31.9999980927,171.947,3.94774,0.00222394
380,0.911111,31.9999980927,171.883,4.1326,0.00220173
381,0.908333,32.9999899864,171.818,3.94769,0.00217975
382,0.908333,32.9999899864,171.755,3.94765,0.00215799
383,0.911111,31.9999980927,171.692,3.94761,0.00213645
384,0.911111,31.9999980927,171.631,4.13256,0.00211512
385,0.908333,32.9999899864,171.568,3.94757,0.00209401
386,0.908333,32.9999899864,171.507,3.94753,0.0020731
387,0.911111,31.9999980927,171.447,3.94749,0.00205241
388,0.911111,31.9999980927,171.388,4.13252,0.00203192
389,0.908333,32.9999899864,171.327,3.94745,0.00201163
390,0.908333,32.9999899864,171.269,3.94742,0.00199155
391,0.911111,31.9999980927,171.211,3.94738,0.00197167
392,0.911111,31.9999980927,171.155,4.13249,0.00195199
393,0.908333,32.9999899864,171.096,3.94735,0.0019325
394,0.908333,32.9999899864,171.04,3.94731,0.00191321
395,0.911111,31.9999980927,170.985,3.94728,0.00189411
396,0.911111,31.9999980927,170.931,4.13246,0.0018752
397,0.908333,32.9999899864,170.875,3.94725,0.00185648
398,0.908333,32.9999899864,170.821,3.94722,0.00183795
399,0.911111,31.9999980927,170.768,3.94719,0.0018196
400,0.911111,31.9999980927,170.716,4.13244,0.00180143
401,0.908333,32.9999899864,170.662,3.94716,0.00178345
402,0.911111,31.9999980927,170.61,3.94713,0.00176565
403,0.911111,31.9999980927,170.559,3.9471,0.00174802
404,0.911111,31.9999980927,170.51,4.13242,0.00173057
405,0.908333,32.9999899864,170.457,3.94708,0.00171329
406,0.911111,31.9999980927,170.408,3.94705,0.00169619
407,0.911111,31.9999980927,170.358,3.94703,0.00167926
408,0.911111,31.9999980927,170.311,4.1324,0.00166249
409,0.908333,32.9999899864,170.261,3.947,0.0016459
410,0.911111,31.9999980927,170.213,3.94698,0.00162947
411,0.911111,31.9999980927,170.166,3.94695,0.0016132
412,0.911111,31.9999980927,170.121,4.13239,0.00159709
413,0.908333,32.9999899864,170.072,3.94693,0.00158115
414,0.911111,31.9999980927,170.026,3.94691,0.00156537
415,0.911111,31.9999980927,169.981,3.94688,0.00154974
416,0.908333,32.9999899864,169.935,3.94688,0.00153427
417,0.908333,32.9999899864,169.891,3.94686,0.00151895
418,0.911111,31.9999980927,169.847,3.94684,0.00150379
419,0.911111,31.9999980927,169.803,3.94682,0.00148878
420,0.908333,32.9999899864,169.76,3.94682,0.00147391
421,0.908333,32.9999899864,169.717,3.9468,0.0014592
422,0.911111,31.9999980927,169.674,3.94678,0.00144463
423,0.911111,31.9999980927,169.633,3.94676,0.00143021
424,0.908333,32.9999899864,169.591,3.94677,0.00141593
425,0.908333,32.9999899864,169.549,3.94675,0.0014018
426,0.911111,31.9999980927,169.509,3.94673,0.0013878
427,0.911111,31.9999980927,169.469,4.13239,0.00137395
428,0.908333,32.9999899864,169.428,3.94671,0.00136023
429,0.908333,32.9999899864,169.389,3.9467,0.00134665
430,0.911111,31.9999980927,169.35,3.94668,0.00133321
431,0.911111,31.9999980927,169.311,4.13239,0.0013199
432,0.908333,32.9999899864,169.273,3.89583,0.00130672
433,0.908333,32.9999899864,169.236,3.89583,0.00129368
434,0.911111,31.9999980927,169.199,3.89582,0.00128077
435,0.911111,31.9999980927,169.163,4.0839,0.00126798
436,0.905556,34.0000033379,169.126,3.89582,0.00125532
437,0.905556,34.0000033379,169.09,3.89582,0.00124279
438,0.908333,32.9999899864,169.055,3.89581,0.00123038
439,0.908333,32.9999899864,169.02,4.08394,0.0012181
440,0.905556,34.0000033379,168.985,3.89581,0.00120594
441,0.905556,34.0000033379,168.951,3.89581,0.0011939
442,0.908333,32.9999899864,168.917,3.8958,0.00118198
443,0.908333,32.9999899864,168.883,3.8958,0.00117018
444,0.905556,34.0000033379,168.849,3.89581,0.0011585
445,0.908333,32.9999899864,168.817,3.8958,0.00114694
446,0.908333,32.9999899864,168.784,3.8958,0.00113549
447,0.908333,32.9999899864,168.752,3.89579,0.00112415
448,0.905556,34.0000033379,168.719,3.8958,0.00111293
449,0.908333,32.9999899864,168.688,3.8958,0.00110182
450,0.908333,32.9999899864,168.656,3.89579,0.00109082
451,0.908333,32.9999899864,168.625,3.89579,0.00107993
452,0.905556,34.0000033379,168.594,3.8958,0.00106915
453,0.908333,32.9999899864,168.564,3.8958,0.00105847
454,0.908333,32.9999899864,168.534,3.89579,0.00104791
455,0.908333,32.9999899864,168.504,3.89579,0.00103745
456,0.908333,32.9999899864,168.475,4.08409,0.00102709
457,0.908333,32.9999899864,168.445,3.89579,0.00101684
458,0.908333,32.9999899864,168.416,3.89579,0.00100669
459,0.908333,32.9999899864,168.387,3.89579,0.000996636
460,0.908333,32.9999899864,168.36,4.08412,0.000986686
461,0.908333,32.9999899864,168.331,3.89579,0.000976836
462,0.908333,32.9999899864,168.303,3.89579,0.000967085
463,0.908333,32.9999899864,168.275,3.89579,0.00095743
464,0.908333,32.9999899864,168.249,4.08416,0.000947872
465,0.908333,32.9999899864,168.221,3.89579,0.00093841
466,0.908333,32.9999899864,168.194,3.89579,0.000929042
467,0.908333,32.9999899864,168.168,3.89579,0.000919767
468,0.908333,32.9999899864,168.143,4.08419,0.000910585
469,0.908333,32.9999899864,168.115,3.89579,0.000901495
470,0.908333,32.9999899864,168.09,3.89579,0.000892495
471,0.908333,32.9999899864,168.065,3.89579,0.000883585
472,0.908333,32.9999899864,168.04,4.08423,0.000874765
473,0.908333,32.9999899864,168.014,3.8958,0.000866032
474,0.908333,32.9999899864,167.99,3.89579,0.000857386
475,0.908333,32.9999899864,167.965,3.89579,0.000848827
476,0.905556,34.0000033379,167.941,3.8958,0.000840353
477,0.908333,32.9999899864,167.917,3.8958,0.000831964
478,0.908333,32.9999899864,167.893,3.8958,0.000823659
479,0.908333,32.9999899864,167.87,3.8958,0.000815436
480,0.908333,32.9999899864,167.848,4.0843,0.000807296
481,0.908333,32.9999899864,167.823,3.8958,0.000799236
482,0.908333,32.9999899864,167.801,3.8958,0.000791258
483,0.908333,32.9999899864,167.778,3.8958,0.000783359
484,0.908333,32.9999899864,167.757,4.08433,0.000775539
485,0.908333,32.9999899864,167.734,3.89581,0.000767796
486,0.908333,32.9999899864,167.712,3.89581,0.000760131
487,0.908333,32.9999899864,167.69,3.8958,0.000752543
488,0.908333,32.9999899864,167.67,4.08436,0.00074503
489,0.908333,32.9999899864,167.648,3.89581,0.000737593
490,0.908333,32.9999899864,167.627,3.89581,0.00073023
491,0.908333,32.9999899864,167.606,3.89581,0.00072294
492,0.908333,32.9999899864,167.586,4.08439,0.000715723
493,0.908333,32.9999899864,167.565,3.89582,0.000708578
494,0.908333,32.9999899864,167.545,3.89581,0.000701504
495,0.908333,32.9999899864,167.525,3.89581,0.000694501
496,0.908333,32.9999899864,167.506,4.08442,0.000687568
497,0.908333,32.9999899864,167.485,3.89582,0.000680704
498,0.908333,32.9999899864,167.466,3.89582,0.000673908
499,0.908333,32.9999899864,167.447,3.89582,0.000667181
500,0.908333,32.9999899864,167.428,4.08445,0.00066052
501,0.908333,32.9999899864,167.409,3.89583,0.000653926
502,0.908333,32.9999899864,167.39,3.89582,0.000647398
503,0.908333,32.9999899864,167.372,3.89582,0.000640935
504,0.908333,32.9999899864,167.354,4.08448,0.000634537
505,0.908333,32.9999899864,167.335,3.89583,0.000628202
506,0.908333,32.9999899864,167.317,3.89583,0.000621931
507,0.908333,32.9999899864,167.3,3.89583,0.000615722
508,0.908333,32.9999899864,167.283,4.08451,0.000609576
509,0.908333,32.9999899864,167.265,3.89584,0.00060349
510,0.908333,32.9999899864,167.247,3.89584,0.000597466
511,0.908333,32.9999899864,167.23,3.89584,0.000591501
512,0.908333,32.9999899864,167.214,4.08454,0.000585596
513,0.908333,32.9999899864,167.197,3.89584,0.00057975
514,0.908333,32.9999899864,167.18,3.89584,0.000573963
515,0.908333,32.9999899864,167.164,3.89584,0.000568233
516,0.908333,32.9999899864,167.148,4.08456,0.00056256
517,0.908333,32.9999899864,167.132,3.89585,0.000556944
518,0.908333,32.9999899864,167.116,3.89585,0.000551384
519,0.908333,32.9999899864,167.1,3.89585,0.00054588
520,0.908333,32.9999899864,167.085,4.08459,0.00054043
521,0.908333,32.9999899864,167.069,3.89585,0.000535035
522,0.908333,32.9999899864,167.054,3.89585,0.000529694
523,0.908333,32.9999899864,167.039,3.89585,0.000524406
524,0.908333,32.9999899864,167.024,4.08462,0.000519171
525,0.908333,32.9999899864,167.009,3.89586,0.000513988
526,0.908333,32.9999899864,166.995,3.89586,0.000508857
527,0.908333,32.9999899864,166.98,3.89586,0.000503777
528,0.908333,32.9999899864,166.966,4.08464,0.000498748
529,0.908333,32.9999899864,166.951,3.89587,0.000493769
530,0.908333,32.9999899864,166.937,3.89587,0.00048884
531,0.908333,32.9999899864,166.923,3.89587,0.00048396
532,0.908333,32.9999899864,166.91,4.08466,0.000479128
533,0.908333,32.9999899864,166.896,3.89587,0.000474345
534,0.908333,32.9999899864,166.883,3.89587,0.00046961
535,0.911111,31.9999980927,166.869,3.89587,0.000464922
536,0.911111,31.9999980927,166.856,4.08469,0.000460281
537,0.911111,31.9999980927,166.843,3.89588,0.000455685
538,0.911111,31.9999980927,166.83,3.89588,0.000451136
539,0.911111,31.9999980927,166.817,3.89588,0.000446633
540,0.911111,31.9999980927,166.805,4.08471,0.000442174
541,0.911111,31.9999980927,166.792,3.89588,0.00043776
542,0.911111,31.9999980927,166.779,3.89588,0.00043339
543,0.911111,31.9999980927,166.767,3.89589,0.000429063
544,0.911111,31.9999980927,166.755,4.08473,0.00042478
545,0.911111,31.9999980927,166.743,3.89589,0.000420539
546,0.911111,31.9999980927,166.731,3.89589,0.000416341
547,0.911111,31.9999980927,166.719,3.84728,0.000412185
548,0.911111,31.9999980927,166.708,3.84729,0.00040807
549,0.911111,31.9999980927,166.697,4.08476,0.000403996
550,0.911111,31.9999980927,166.685,3.84729,0.000399963
551,0.911111,31.9999980927,166.674,3.89591,0.00039597
552,0.911111,31.9999980927,166.663,3.8473,0.000392017
553,0.911111,31.9999980927,166.652,3.89592,0.000388104
554,0.911111,31.9999980927,166.641,3.84731,0.00038423
555,0.911111,31.9999980927,166.631,3.89593,0.000380394
556,0.911111,31.9999980927,166.62,3.84731,0.000376596
557,0.911111,31.9999980927,166.609,3.89593,0.000372837
558,0.911111,31.9999980927,166.599,4.05887,0.000369115
559,0.911111,31.9999980927,166.589,3.89594,0.00036543
560,0.911111,31.9999980927,166.578,3.84732,0.000361782
561,0.911111,31.9999980927,166.568,3.84732,0.00035817
562,0.911111,31.9999980927,166.559,3.89595,0.000354595
563,0.911111,31.9999980927,166.549,4.05889,0.000351055
564,0.911111,31.9999980927,166.539,3.89596,0.00034755
565,0.911111,31.9999980927,166.529,3.84734,0.000344081
566,0.911111,31.9999980927,166.52,3.89596,0.000340646
567,0.911111,31.9999980927,166.51,3.84734,0.000337245
568,0.911111,31.9999980927,166.501,4.0589,0.000333878
569,0.911111,31.9999980927,166.492,3.89598,0.000330545
570,0.911111,31.9999980927,166.482,3.84735,0.000327246
571,0.911111,31.9999980927,166.473,3.89598,0.000323979
572,0.911111,31.9999980927,166.464,3.84735,0.000320744
573,0.911111,31.9999980927,166.456,4.08486,0.000317542
574,0.911111,31.9999980927,166.446,3.84736,0.000314372
575,0.911111,31.9999980927,166.438,3.89599,0.000311234
576,0.911111,31.9999980927,166.429,3.84736,0.000308127
577,0.911111,31.9999980927,166.421,4.05893,0.000305051
578,0.911111,31.9999980927,166.413,4.08488,0.000302006
579,0.911111,31.9999980927,166.404,3.89601,0.000298991
580,0.911111,31.9999980927,166.395,3.84737,0.000296006
581,0.911111,31.9999980927,166.387,3.84738,0.000293051
582,0.911111,31.9999980927,166.379,4.0849,0.000290125
583,0.911111,31.9999980927,166.371,3.84738,0.000287229
584,0.911111,31.9999980927,166.363,3.89602,0.000284362
585,0.911111,31.9999980927,166.355,3.84739,0.000281523
586,0.911111,31.9999980927,166.347,3.89603,0.000278712
587,0.911111,31.9999980927,166.34,4.05895,0.00027593
588,0.911111,31.9999980927,166.332,3.89603,0.000273176
589,0.911111,31.9999980927,166.324,3.84739,0.000270449
590,0.911111,31.9999980927,166.317,3.8474,0.000267749
591,0.911111,31.9999980927,166.309,3.89604,0.000265076
592,0.911111,31.9999980927,166.302,4.05896,0.000262429
593,0.911111,31.9999980927,166.294,3.89605,0.00025981
594,0.911111,31.9999980927,166.287,3.84741,0.000257216
595,0.911111,31.9999980927,166.28,3.89605,0.000254648
596,0.911111,31.9999980927,166.273,4.05897,0.000252106
597,0.911111,31.9999980927,166.266,3.89606,0.000249589
598,0.911111,31.9999980927,166.259,3.84741,0.000247098
599,0.911111,31.9999980927,166.252,3.84742,0.000244631
600,0.911111,31.9999980927,166.246,3.89607,0.000242189
601,0.911111,31.9999980927,166.239,4.05898,0.000239771
602,0.911111,31.9999980927,166.232,3.89607,0.000237377
603,0.911111,31.9999980927,166.225,3.84742,0.000235008
604,0.911111,31.9999980927,166.219,3.89608,0.000232662
605,0.911111,31.9999980927,166.212,3.84743,0.000230339
606,0.911111,31.9999980927,166.206,4.05899,0.000228039
607,0.911111,31.9999980927,166.2,3.89609,0.000225763
608,0.911111,31.9999980927,166.193,3.89609,0.000223509
609,0.911111,31.9999980927,166.187,3.84744,0.000221278
610,0.911111,31.9999980927,166.181,3.84744,0.000219069
611,0.911111,31.9999980927,166.175,4.08499,0.000216882
612,0.911111,31.9999980927,166.169,3.84744,0.000214717
613,0.911111,31.9999980927,166.163,3.8961,0.000212573
614,0.911111,31.9999980927,166.157,3.84744,0.000210451
615,0.911111,31.9999980927,166.151,4.08501,0.00020835
616,0.911111,31.9999980927,166.145,3.84745,0.00020627
617,0.911111,31.9999980927,166.14,3.89611,0.000204211
618,0.911111,31.9999980927,166.134,3.84745,0.000202173
619,0.911111,31.9999980927,166.128,3.84745,0.000200154
620,0.911111,31.9999980927,166.123,4.08502,0.000198156
621,0.911111,31.9999980927,166.117,3.84746,0.000196178
622,0.911111,31.9999980927,166.112,3.89612,0.00019422
623,0.911111,31.9999980927,166.106,3.84746,0.000192281
624,0.911111,31.9999980927,166.101,3.89612,0.000190361
625,0.911111,31.9999980927,166.096,4.05903,0.000188461
626,0.911111,31.9999980927,166.09,3.89613,0.000186579
627,0.911111,31.9999980927,166.085,3.84747,0.000184717
628,0.911111,31.9999980927,166.08,3.84747,0.000182873
629,0.911111,31.9999980927,166.075,3.89613,0.000181047
630,0.911111,31.9999980927,166.07,4.05904,0.00017924
631,0.911111,31.9999980927,166.065,3.89614,0.00017745
632,0.911111,31.9999980927,166.06,3.84748,0.000175679
633,0.911111,31.9999980927,166.055,3.89614,0.000173925
634,0.911111,31.9999980927,166.051,4.05905,0.000172189
635,0.911111,31.9999980927,166.046,4.05905,0.00017047
636,0.911111,31.9999980927,166.041,3.89615,0.000168768
637,0.911111,31.9999980927,166.036,3.89615,0.000167083
638,0.911111,31.9999980927,166.032,3.84749,0.000165415
639,0.911111,31.9999980927,166.027,4.05906,0.000163764
640,0.911111,31.9999980927,166.023,4.08507,0.000162129
641,0.911111,31.9999980927,166.018,3.84749,0.000160511
642,0.911111,31.9999980927,166.014,3.89616,0.000158908
643,0.911111,31.9999980927,166.009,3.84749,0.000157322
644,0.911111,31.9999980927,166.005,4.08508,0.000155751
645,0.911111,31.9999980927,166.0,3.8475,0.000154197
646,0.911111,31.9999980927,165.996,3.89616,0.000152657
647,0.911111,31.9999980927,165.992,3.8475,0.000151133
648,0.911111,31.9999980927,165.988,3.8475,0.000149624
649,0.911111,31.9999980927,165.984,4.08509,0.000148131
650,0.911111,31.9999980927,165.979,3.8475,0.000146652
651,0.911111,31.9999980927,165.975,3.89617,0.000145188
652,0.911111,31.9999980927,165.971,3.8475,0.000143739
653,0.911111,31.9999980927,165.967,3.89617,0.000142304
654,0.911111,31.9999980927,165.963,4.05908,0.000140883
655,0.911111,31.9999980927,165.959,3.89618,0.000139477
656,0.911111,31.9999980927,165.955,3.84751,0.000138084
657,0.911111,31.9999980927,165.952,3.84751,0.000136706
658,0.911111,31.9999980927,165.948,3.89618,0.000135341
659,0.911111,31.9999980927,165.944,4.05908,0.00013399
660,0.911111,31.9999980927,165.94,3.89618,0.000132652
661,0.911111,31.9999980927,165.937,3.84752,0.000131328
662,0.911111,31.9999980927,165.933,3.89619,0.000130017
663,0.911111,31.9999980927,165.93,4.05909,0.000128719
664,0.911111,31.9999980927,165.926,4.08511,0.000127434
665,0.911111,31.9999980927,165.922,3.84752,0.000126162
666,0.911111,31.9999980927,165.919,3.89619,0.000124902
667,0.911111,31.9999980927,165.915,3.84752,0.000123655
668,0.911111,31.9999980927,165.912,4.0591,0.000122421
669,0.911111,31.9999980927,165.909,4.08512,0.000121199
670,0.911111,31.9999980927,165.905,3.84753,0.000119989
671,0.911111,31.9999980927,165.902,3.8962,0.000118791
672,0.911111,31.9999980927,165.899,3.84753,0.000117605
673,0.911111,31.9999980927,165.896,4.08513,0.000116431
674,0.911111,31.9999980927,165.892,3.84753,0.000115269
675,0.911111,31.9999980927,165.889,3.89621,0.000114118
676,0.911111,31.9999980927,165.886,3.84753,0.000112979
677,0.911111,31.9999980927,165.883,3.84754,0.000111851
678,0.911111,31.9999980927,165.88,4.08514,0.000110734
679,0.911111,31.9999980927,165.877,3.89621,0.000109629
680,0.911111,31.9999980927,165.874,3.84754,0.000108535
681,0.911111,31.9999980927,165.87,3.84754,0.000107451
682,0.911111,31.9999980927,165.868,4.08515,0.000106378
683,0.911111,31.9999980927,165.864,3.84754,0.000105316
684,0.911111,31.9999980927,165.862,3.89622,0.000104265
685,0.911111,31.9999980927,165.859,3.84754,0.000103224
686,0.911111,31.9999980927,165.856,3.89622,0.000102194
687,0.911111,31.9999980927,165.853,4.05912,0.000101173
688,0.911111,31.9999980927,165.85,3.89622,0.000100164
689,0.911111,31.9999980927,165.847,3.84755,9.91636e-05
690,0.911111,31.9999980927,165.844,3.84755,9.81737e-05
691,0.911111,31.9999980927,165.842,3.89623,9.71936e-05
692,0.911111,31.9999980927,165.839,4.05912,9.62233e-05
693,0.911111,31.9999980927,165.836,3.89623,9.52627e-05
694,0.911111,31.9999980927,165.834,3.84755,9.43117e-05
695,0.911111,31.9999980927,165.831,3.89623,9.33702e-05
696,0.911111,31.9999980927,165.828,3.84755,9.24381e-05
697,0.911111,31.9999980927,165.826,4.05913,9.15153e-05
698,0.911111,31.9999980927,165.823,3.89623,9.06017e-05
699,0.911111,31.9999980927,165.821,3.84755,8.96972e-05
700,0.911111,31.9999980927,165.818,3.89623,8.88018e-05
701,0.911111,31.9999980927,165.816,3.84756,8.79153e-05
702,0.911111,31.9999980927,165.813,4.08517,8.70376e-05
703,0.911111,31.9999980927,165.811,3.84756,8.61687e-05
704,0.911111,31.9999980927,165.808,3.89624,8.53085e-05
705,0.911111,31.9999980927,165.806,3.84756,8.44569e-05
706,0.911111,31.9999980927,165.804,3.89624,8.36137e-05
707,0.911111,31.9999980927,165.801,4.05913,8.2779e-05
708,0.911111,31.9999980927,165.799,3.89624,8.19527e-05
709,0.911111,31.9999980927,165.797,3.84756,8.11346e-05
710,0.911111,31.9999980927,165.795,3.84756,8.03246e-05
711,0.911111,31.9999980927,165.792,3.89625,7.95227e-05
712,0.911111,31.9999980927,165.79,4.05914,7.87288e-05
713,0.911111,31.9999980927,165.788,3.89625,7.79429e-05
714,0.911111,31.9999980927,165.786,3.84757,7.71648e-05
715,0.911111,31.9999980927,165.784,3.89625,7.63945e-05
716,0.911111,31.9999980927,165.782,4.05914,7.56318e-05
717,0.911111,31.9999980927,165.78,4.05915,7.48768e-05
718,0.911111,31.9999980927,165.778,3.89626,7.41293e-05
719,0.911111,31.9999980927,165.776,3.84757,7.33893e-05
720,0.911111,31.9999980927,165.774,3.89626,7.26566e-05
721,0.911111,31.9999980927,165.772,4.05915,7.19313e-05
722,0.911111,31.9999980927,165.77,3.89626,7.12132e-05
723,0.911111,31.9999980927,165.768,3.84758,7.05023e-05
724,0.911111,31.9999980927,165.766,3.89626,6.97985e-05
725,0.911111,31.9999980927,165.764,3.84758,6.91017e-05
726,0.911111,31.9999980927,165.762,4.0852,6.84118e-05
727,0.911111,31.9999980927,165.76,3.84758,6.77289e-05
728,0.911111,31.9999980927,165.758,3.89626,6.70527e-05
729,0.911111,31.9999980927,165.756,3.84758,6.63834e-05
730,0.911111,31.9999980927,165.754,3.84758,6.57207e-05
731,0.911111,31.9999980927,165.752,4.08521,6.50646e-05
732,0.911111,31.9999980927,165.751,3.84758,6.4415e-05
733,0.911111,31.9999980927,165.749,3.89627,6.3772e-05
734,0.911111,31.9999980927,165.747,3.84758,6.31354e-05
735,0.911111,31.9999980927,165.745,3.89627,6.25051e-05
736,0.911111,31.9999980927,165.743,3.84759,6.18811e-05
737,0.911111,31.9999980927,165.742,3.89627,6.12633e-05
738,0.911111,31.9999980927,165.74,3.84759,6.06518e-05
739,0.911111,31.9999980927,165.738,3.84759,6.00463e-05
740,0.911111,31.9999980927,165.737,4.08521,5.94468e-05
741,0.911111,31.9999980927,165.735,3.89627,5.88534e-05
742,0.911111,31.9999980927,165.734,3.84759,5.82659e-05
743,0.911111,31.9999980927,165.732,3.84759,5.76842e-05
744,0.911111,31.9999980927,165.73,3.89628,5.71083e-05
745,0.911111,31.9999980927,165.729,4.05916,5.65382e-05
746,0.911111,31.9999980927,165.727,3.89628,5.59738e-05
747,0.911111,31.9999980927,165.726,3.84759,5.5415e-05
748,0.911111,31.9999980927,165.724,3.89628,5.48618e-05
749,0.911111,31.9999980927,165.722,3.84759,5.43141e-05
750,0.911111,31.9999980927,165.721,4.05917,5.37719e-05
751,0.911111,31.9999980927,165.719,3.89628,5.32351e-05
752,0.911111,31.9999980927,165.718,3.84759,5.27037e-05
753,0.911111,31.9999980927,165.716,3.89628,5.21775e-05
754,0.911111,31.9999980927,165.715,3.84759,5.16567e-05
755,0.911111,31.9999980927,165.714,4.08523,5.1141e-05
756,0.911111,31.9999980927,165.712,3.8476,5.06304e-05
757,0.911111,31.9999980927,165.711,3.89628,5.0125e-05
758,0.911111,31.9999980927,165.709,3.8476,4.96246e-05
759,0.911111,31.9999980927,165.708,3.8476,4.91292e-05
760,0.911111,31.9999980927,165.707,4.08523,4.86387e-05
761,0.911111,31.9999980927,165.705,3.89629,4.81532e-05
762,0.911111,31.9999980927,165.704,3.8476,4.76725e-05
763,0.911111,31.9999980927,165.702,3.8476,4.71966e-05
764,0.911111,31.9999980927,165.701,4.08523,4.67254e-05
765,0.911111,31.9999980927,165.7,3.8476,4.62589e-05
766,0.911111,31.9999980927,165.699,3.89629,4.57971e-05
767,0.911111,31.9999980927,165.697,3.8476,4.53399e-05
768,0.911111,31.9999980927,165.696,3.89629,4.48873e-05
769,0.911111,31.9999980927,165.695,4.05918,4.44392e-05
770,0.911111,31.9999980927,165.694,3.89629,4.39956e-05
771,0.911111,31.9999980927,165.692,3.8476,4.35564e-05
772,0.911111,31.9999980927,165.691,3.8476,4.31216e-05
773,0.911111,31.9999980927,165.69,3.89629,4.26911e-05
774,0.911111,31.9999980927,165.689,4.05918,4.22649e-05
775,0.911111,31.9999980927,165.688,3.89629,4.1843e-05
776,0.911111,31.9999980927,165.686,3.8476,4.14253e-05
777,0.911111,31.9999980927,165.685,3.8476,4.10117e-05
778,0.911111,31.9999980927,165.684,3.89629,4.06023e-05
779,0.911111,31.9999980927,165.683,3.8476,4.0197e-05
780,0.911111,31.9999980927,165.682,3.89629,3.97957e-05
781,0.911111,31.9999980927,165.681,3.8476,3.93984e-05
782,0.911111,31.9999980927,165.68,3.89629,3.90051e-05
783,0.911111,31.9999980927,165.679,4.05918,3.86157e-05
784,0.911111,31.9999980927,165.677,3.89629,3.82302e-05
785,0.911111,31.9999980927,165.676,3.8476,3.78485e-05
786,0.911111,31.9999980927,165.675,3.8963,3.74707e-05
787,0.911111,31.9999980927,165.674,4.05918,3.70966e-05
788,0.911111,31.9999980927,165.673,3.8963,3.67263e-05
789,0.911111,31.9999980927,165.672,3.84761,3.63597e-05
790,0.911111,31.9999980927,165.671,3.8963,3.59967e-05
791,0.911111,31.9999980927,165.67,3.84761,3.56373e-05
792,0.911111,31.9999980927,165.669,4.05918,3.52816e-05
793,0.911111,31.9999980927,165.668,3.8963,3.49294e-05
794,0.911111,31.9999980927,165.667,3.84761,3.45807e-05
795,0.911111,31.9999980927,165.666,3.8963,3.42355e-05
796,0.911111,31.9999980927,165.665,3.84761,3.38937e-05
797,0.911111,31.9999980927,165.664,4.08525,3.35553e-05
798,0.911111,31.9999980927,165.663,4.05918,3.32203e-05
799,0.911111,31.9999980927,165.662,3.8963,3.28887e-05
800,0.911111,31.9999980927,165.662,3.84761,3.25604e-05
801,0.911111,31.9999980927,165.661,3.84761,3.22353e-05
802,0.911111,31.9999980927,165.66,3.8963,3.19135e-05
803,0.911111,31.9999980927,165.659,4.05919,3.15949e-05
804,0.911111,31.9999980927,165.658,3.8963,3.12795e-05
805,0.911111,31.9999980927,165.657,3.84761,3.09673e-05
806,0.911111,31.9999980927,165.656,3.8963,3.06581e-05
807,0.911111,31.9999980927,165.655,4.05919,3.0352e-05
808,0.911111,31.9999980927,165.654,3.8963,3.00491e-05
809,0.911111,31.9999980927,165.654,3.84761,2.97491e-05
810,0.911111,31.9999980927,165.653,3.8963,2.94521e-05
811,0.911111,31.9999980927,165.652,4.05919,2.91581e-05
812,0.911111,31.9999980927,165.651,3.8963,2.8867e-05
813,0.911111,31.9999980927,165.65,3.84761,2.85788e-05
814,0.911111,31.9999980927,165.649,3.84761,2.82935e-05
815,0.911111,31.9999980927,165.649,3.89631,2.80111e-05
816,0.911111,31.9999980927,165.648,4.05919,2.77314e-05
817,0.911111,31.9999980927,165.647,3.89631,2.74546e-05
818,0.911111,31.9999980927,165.646,3.84762,2.71805e-05
819,0.911111,31.9999980927,165.646,3.84762,2.69092e-05
820,0.911111,31.9999980927,165.645,3.89631,2.66405e-05
821,0.911111,31.9999980927,165.644,4.05919,2.63746e-05
822,0.911111,31.9999980927,165.644,4.08526,2.61113e-05
823,0.911111,31.9999980927,165.643,3.84762,2.58506e-05
824,0.911111,31.9999980927,165.642,3.89631,2.55926e-05
825,0.911111,31.9999980927,165.641,3.84762,2.53371e-05
826,0.911111,31.9999980927,165.641,4.0592,2.50841e-05
827,0.911111,31.9999980927,165.64,3.89631,2.48337e-05
828,0.911111,31.9999980927,165.639,3.84762,2.45858e-05
829,0.911111,31.9999980927,165.639,3.89631,2.43404e-05
830,0.911111,31.9999980927,165.638,3.84762,2.40974e-05
831,0.911111,31.9999980927,165.638,3.89632,2.38568e-05
832,0.911111,31.9999980927,165.637,3.84762,2.36187e-05
833,0.911111,31.9999980927,165.636,3.89632,2.33829e-05
834,0.911111,31.9999980927,165.636,4.0592,2.31494e-05
835,0.911111,31.9999980927,165.635,3.89632,2.29183e-05
836,0.911111,31.9999980927,165.635,3.84762,2.26895e-05
837,0.911111,31.9999980927,165.634,3.84762,2.2463e-05
838,0.911111,31.9999980927,165.633,3.89632,2.22388e-05
839,0.911111,31.9999980927,165.633,3.84763,2.20168e-05
840,0.911111,31.9999980927,165.632,4.08527,2.1797e-05
841,0.911111,31.9999980927,165.632,3.84763,2.15794e-05
842,0.911111,31.9999980927,165.631,3.89632,2.1364e-05
843,0.911111,31.9999980927,165.63,3.84763,2.11507e-05
844,0.911111,31.9999980927,165.63,3.84763,2.09395e-05
845,0.911111,31.9999980927,165.629,4.08527,2.07305e-05
846,0.911111,31.9999980927,165.629,3.89632,2.05236e-05
847,0.911111,31.9999980927,165.628,3.84763,2.03187e-05
848,0.911111,31.9999980927,165.627,3.84763,2.01158e-05
849,0.911111,31.9999980927,165.627,4.08527,1.9915e-05
850,0.911111,31.9999980927,165.626,3.84763,1.97162e-05
851,0.911111,31.9999980927,165.626,3.89632,1.95194e-05
852,0.911111,31.9999980927,165.625,3.84763,1.93245e-05
853,0.911111,31.9999980927,165.625,4.0592,1.91316e-05
854,0.911111,31.9999980927,165.624,3.89632,1.89406e-05
855,0.911111,31.9999980927,165.624,3.84763,1.87515e-05
856,0.911111,31.9999980927,165.623,3.89632,1.85643e-05
857,0.911111,31.9999980927,165.623,3.84763,1.8379e-05
858,0.911111,31.9999980927,165.622,3.89632,1.81955e-05
859,0.911111,31.9999980927,165.622,3.84763,1.80139e-05
860,0.911111,31.9999980927,165.621,3.84763,1.7834e-05
861,0.911111,31.9999980927,165.621,4.08528,1.7656e-05
862,0.911111,31.9999980927,165.62,4.05921,1.74798e-05
863,0.911111,31.9999980927,165.62,3.89632,1.73053e-05
864,0.911111,31.9999980927,165.619,3.84763,1.71325e-05
865,0.911111,31.9999980927,165.619,3.89632,1.69615e-05
866,0.911111,31.9999980927,165.618,3.84763,1.67921e-05
867,0.911111,31.9999980927,165.618,3.84763,1.66245e-05
868,0.911111,31.9999980927,165.618,4.08528,1.64585e-05
869,0.911111,31.9999980927,165.617,4.05921,1.62942e-05
870,0.911111,31.9999980927,165.617,3.89633,1.61316e-05
871,0.911111,31.9999980927,165.616,3.84763,1.59705e-05
872,0.911111,31.9999980927,165.616,3.89633,1.58111e-05
873,0.911111,31.9999980927,165.615,3.84763,1.56533e-05
874,0.911111,31.9999980927,165.615,3.84763,1.5497e-05
875,0.911111,31.9999980927,165.614,3.89633,1.53423e-05
876,0.911111,31.9999980927,165.614,3.89633,1.51891e-05
877,0.911111,31.9999980927,165.614,3.84763,1.50375e-05
878,0.911111,31.9999980927,165.613,3.84763,1.48874e-05
879,0.911111,31.9999980927,165.613,3.89633,1.47388e-05
880,0.911111,31.9999980927,165.612,4.05921,1.45916e-05
881,0.911111,31.9999980927,165.612,3.89633,1.4446e-05
882,0.911111,31.9999980927,165.611,3.89633,1.43017e-05
883,0.911111,31.9999980927,165.611,3.84763,1.4159e-05
884,0.911111,31.9999980927,165.611,3.89633,1.40176e-05
885,0.911111,31.9999980927,165.61,3.84763,1.38777e-05
886,0.911111,31.9999980927,165.61,4.08528,1.37391e-05
887,0.911111,31.9999980927,165.609,3.89633,1.3602e-05
888,0.911111,31.9999980927,165.609,3.84764,1.34662e-05
889,0.911111,31.9999980927,165.609,3.89633,1.33318e-05
890,0.911111,31.9999980927,165.608,3.84764,1.31987e-05
891,0.911111,31.9999980927,165.608,4.08528,1.30669e-05
892,0.911111,31.9999980927,165.607,4.05921,1.29365e-05
893,0.911111,31.9999980927,165.607,4.08528,1.28073e-05
894,0.911111,31.9999980927,165.607,4.05921,1.26795e-05
895,0.911111,31.9999980927,165.606,3.89633,1.25529e-05
896,0.911111,31.9999980927,165.606,3.89633,1.24276e-05
897,0.911111,31.9999980927,165.605,3.84763,1.23035e-05
898,0.911111,31.9999980927,165.605,3.89633,1.21807e-05
899,0.911111,31.9999980927,165.605,3.84763,1.20591e-05
900,0.911111,31.9999980927,165.604,3.89633,1.19387e-05
901,0.911111,31.9999980927,165.604,3.84763,1.18195e-05
902,0.911111,31.9999980927,165.604,3.89633,1.17015e-05
903,0.911111,31.9999980927,165.603,3.84763,1.15847e-05
904,0.911111,31.9999980927,165.603,3.89633,1.14691e-05
905,0.911111,31.9999980927,165.603,3.84763,1.13546e-05
906,0.911111,31.9999980927,165.602,3.84763,1.12412e-05
907,0.911111,31.9999980927,165.602,3.89633,1.1129e-05
908,0.911111,31.9999980927,165.602,3.84763,1.10179e-05
909,0.911111,31.9999980927,165.601,3.84763,1.09079e-05
910,0.911111,31.9999980927,165.601,3.89633,1.0799e-05
911,0.911111,31.9999980927,165.601,3.84763,1.06912e-05
912,0.911111,31.9999980927,165.6,3.84763,1.05845e-05
913,0.911111,31.9999980927,165.6,3.89633,1.04788e-05
914,0.911111,31.9999980927,165.6,3.84763,1.03742e-05
915,0.911111,31.9999980927,165.599,3.84763,1.02706e-05
916,0.911111,31.9999980927,165.599,4.08528,1.01681e-05
917,0.911111,31.9999980927,165.599,3.89633,1.00666e-05
918,0.911111,31.9999980927,165.599,3.84763,9.9661e-06
919,0.911111,31.9999980927,165.598,3.89633,9.86661e-06
920,0.911111,31.9999980927,165.598,3.84763,9.76811e-06
921,0.911111,31.9999980927,165.598,3.84763,9.6706e-06
922,0.911111,31.9999980927,165.597,3.89633,9.57406e-06
923,0.911111,31.9999980927,165.597,3.84764,9.47848e-06
924,0.911111,31.9999980927,165.597,4.08529,9.38386e-06
925,0.911111,31.9999980927,165.596,3.84764,9.29018e-06
926,0.911111,31.9999980927,165.596,3.89633,9.19744e-06
927,0.911111,31.9999980927,165.596,3.84764,9.10562e-06
928,0.911111,31.9999980927,165.596,3.84764,9.01472e-06
929,0.911111,31.9999980927,165.595,3.89633,8.92472e-06
930,0.911111,31.9999980927,165.595,3.84764,8.83563e-06
931,0.911111,31.9999980927,165.595,3.89633,8.74742e-06
932,0.911111,31.9999980927,165.595,3.84764,8.6601e-06
933,0.911111,31.9999980927,165.594,4.05921,8.57365e-06
934,0.911111,31.9999980927,165.594,3.89633,8.48806e-06
935,0.911111,31.9999980927,165.594,4.05922,8.40332e-06
936,0.911111,31.9999980927,165.594,3.84764,8.31943e-06
937,0.911111,31.9999980927,165.594,3.89633,8.23638e-06
938,0.911111,31.9999980927,165.593,3.84764,8.15415e-06
939,0.911111,31.9999980927,165.593,3.84764,8.07275e-06
940,0.911111,31.9999980927,165.593,3.84764,7.99216e-06
941,0.911111,31.9999980927,165.593,3.84764,7.91238e-06
942,0.911111,31.9999980927,165.592,3.84764,7.83338e-06
943,0.911111,31.9999980927,165.592,3.89634,7.75519e-06
944,0.911111,31.9999980927,165.592,3.84764,7.67777e-06
945,0.911111,31.9999980927,165.592,4.05922,7.60112e-06
946,0.911111,31.9999980927,165.592,4.05922,7.52524e-06
947,0.911111,31.9999980927,165.591,4.05922,7.45011e-06
948,0.911111,31.9999980927,165.591,3.84764,7.37574e-06
949,0.911111,31.9999980927,165.591,3.84764,7.30211e-06
950,0.911111,31.9999980927,165.591,3.89634,7.22921e-06
951,0.911111,31.9999980927,165.59,3.84764,7.15704e-06
952,0.911111,31.9999980927,165.59,3.84764,7.0856e-06
953,0.911111,31.9999980927,165.59,3.89634,7.01486e-06
954,0.911111,31.9999980927,165.59,3.84764,6.94483e-06
955,0.911111,31.9999980927,165.59,3.84764,6.8755e-06
956,0.911111,31.9999980927,165.59,3.84764,6.80686e-06
957,0.911111,31.9999980927,165.589,3.84764,6.73891e-06
958,0.911111,31.9999980927,165.589,3.89634,6.67164e-06
959,0.911111,31.9999980927,165.589,3.84764,6.60503e-06
960,0.911111,31.9999980927,165.589,3.84764,6.53909e-06
961,0.911111,31.9999980927,165.589,3.84765,6.47382e-06
962,0.911111,31.9999980927,165.589,3.84765,6.40919e-06
963,0.911111,31.9999980927,165.588,4.0853,6.34521e-06
964,0.911111,31.9999980927,165.588,4.05922,6.28186e-06
965,0.911111,31.9999980927,165.588,4.05922,6.21915e-06
966,0.911111,31.9999980927,165.588,3.89634,6.15706e-06
967,0.911111,31.9999980927,165.588,3.84765,6.0956e-06
968,0.911111,31.9999980927,165.588,3.89634,6.03475e-06
969,0.911111,31.9999980927,165.587,3.84765,5.9745e-06
970,0.911111,31.9999980927,165.587,3.84765,5.91486e-06
971,0.911111,31.9999980927,165.587,3.84765,5.85581e-06
972,0.911111,31.9999980927,165.587,3.89635,5.79736e-06
973,0.911111,31.9999980927,165.587,3.89635,5.73948e-06
974,0.911111,31.9999980927,165.587,3.84765,5.68218e-06
975,0.911111,31.9999980927,165.586,3.89635,5.62546e-06
976,0.911111,31.9999980927,165.586,3.84765,5.5693e-06
977,0.911111,31.9999980927,165.586,3.84765,5.5137e-06
978,0.911111,31.9999980927,165.586,3.89635,5.45866e-06
979,0.911111,31.9999980927,165.586,3.89635,5.40417e-06
980,0.911111,31.9999980927,165.586,3.84765,5.35022e-06
981,0.911111,31.9999980927,165.586,3.89635,5.2968e-06
982,0.911111,31.9999980927,165.585,3.84765,5.24392e-06
983,0.911111,31.9999980927,165.585,3.89635,5.19158e-06
984,0.911111,31.9999980927,165.585,3.84765,5.13975e-06
985,0.911111,31.9999980927,165.585,4.08531,5.08844e-06
986,0.911111,31.9999980927,165.585,3.84765,5.03764e-06
987,0.911111,31.9999980927,165.585,3.89635,4.98735e-06
988,0.911111,31.9999980927,165.585,3.84765,4.93757e-06
989,0.911111,31.9999980927,165.584,4.08531,4.88827e-06
990,0.911111,31.9999980927,165.584,4.05923,4.83947e-06
991,0.911111,31.9999980927,165.584,4.08531,4.79116e-06
992,0.911111,31.9999980927,165.584,3.84765,4.74333e-06
993,0.911111,31.9999980927,165.584,4.08531,4.69598e-06
994,0.911111,31.9999980927,165.584,3.84765,4.6491e-06
995,0.911111,31.9999980927,165.584,3.84765,4.60269e-06
996,0.911111,31.9999980927,165.583,3.89635,4.55674e-06
997,0.911111,31.9999980927,165.583,3.84765,4.51125e-06
998,0.911111,31.9999980927,165.583,4.05923,4.46621e-06
999,0.911111,31.9999980927,165.583,4.08531,4.42163e-06
1000,0.911111,31.9999980927,165.583,3.89635,4.37749e-06
1001,0.911111,31.9999980927,165.583,3.89635,4.33379e-06
1002,0.911111,31.9999980927,165.583,3.84765,4.29052e-06
1003,0.911111,31.9999980927,165.582,3.89635,4.24769e-06
1004,0.911111,31.9999980927,165.582,3.89635,4.20528e-06
1005,0.911111,31.9999980927,165.582,3.89635,4.1633e-06
1006,0.911111,31.9999980927,165.582,3.89635,4.12174e-06
1007,0.911111,31.9999980927,165.582,3.89635,4.0806e-06
1008,0.911111,31.9999980927,165.582,3.89635,4.03986e-06
1009,0.911111,31.9999980927,165.582,3.84765,3.99953e-06
1010,0.911111,31.9999980927,165.582,3.89635,3.9596e-06
1011,0.911111,31.9999980927,165.582,3.89635,3.92007e-06
1012,0.911111,31.9999980927,165.581,3.84765,3.88094e-06
1013,0.911111,31.9999980927,165.581,3.84765,3.8422e-06
1014,0.911111,31.9999980927,165.581,3.84765,3.80384e-06
1015,0.911111,31.9999980927,165.581,3.89635,3.76587e-06
1016,0.911111,31.9999980927,165.581,3.84765,3.72827e-06
1017,0.911111,31.9999980927,165.581,3.84765,3.69105e-06
1018,0.911111,31.9999980927,165.581,3.89635,3.65421e-06
1019,0.911111,31.9999980927,165.581,3.84765,3.61772e-06
1020,0.911111,31.9999980927,165.581,3.84765,3.58161e-06
1021,0.911111,31.9999980927,165.581,3.89635,3.54585e-06
1022,0.911111,31.9999980927,165.581,3.84765,3.51046e-06
1023,0.911111,31.9999980927,165.58,3.89635,3.47541e-06
1024,0.911111,31.9999980927,165.58,3.84765,3.44072e-06
1025,0.911111,31.9999980927,165.58,4.05923,3.40637e-06
0.911111,165.58,4.301406145095825,1.00171,1.79951276467,0.413567322819
