23,10,0.9,2,1000, .1 
0,0.486111,185.000002384,2.02386e+06,1076.63,0.0999707
1,0.486111,185.000002384,1.72016e+06,996.547,0.099883
2,0.497222,181.000002623,1.46217e+06,915.812,0.0997953
3,0.497222,181.000002623,1.24296e+06,845.898,0.0997078
4,0.516667,174.000005722,1.05738e+06,772.059,0.0996203
5,0.522222,172.000000477,900828.0,715.072,0.0995328
6,0.55,161.999995708,769695.0,651.729,0.0994455
7,0.566667,156.000001431,661561.0,600.571,0.0993582
8,0.580556,150.999999046,569218.0,538.005,0.099271
9,0.611111,140.000002384,493825.0,481.613,0.0991839
10,0.619444,137.000005245,432583.0,448.642,0.0990968
11,0.633333,132.000002861,379870.0,413.642,0.0990099
12,0.647222,127.000000477,335128.0,375.802,0.098923
13,0.658333,122.999989986,296721.0,354.259,0.0988362
14,0.658333,122.999989986,262412.0,339.224,0.0987494
15,0.669444,119.000000954,231136.0,319.93,0.0986627
16,0.677778,116.000003815,203157.0,308.753,0.0985762
17,0.697222,108.999996185,177567.0,285.289,0.0984896
18,0.702778,106.99999094,155833.0,268.515,0.0984032
19,0.713889,103.000001907,137315.0,250.659,0.0983168
20,0.727778,97.9999995232,120999.0,231.148,0.0982306
21,0.741667,92.999997139,107325.0,212.483,0.0981444
22,0.758333,87.000002861,96237.1,191.461,0.0980582
23,0.772222,82.0000004768,87065.8,178.538,0.0979722
24,0.780556,79.0000033379,79048.5,172.85,0.0978862
25,0.786111,76.9999980927,71218.9,166.933,0.0978003
26,0.794444,74.0000009537,63708.7,160.622,0.0977144
27,0.8,71.9999957085,57003.2,156.281,0.0976287
28,0.813889,66.9999933243,51082.1,135.815,0.097543
29,0.819444,65.0000095367,46286.5,132.138,0.0974574
30,0.825,63.0000042915,41797.3,124.667,0.0973719
31,0.833333,60.0000071526,37930.9,119.797,0.0972864
32,0.847222,55.0000047684,34391.6,103.987,0.097201
33,0.847222,55.0000047684,31922.9,100.669,0.0971157
34,0.852778,52.9999995232,29591.7,94.8387,0.0970305
35,0.858333,50.999994278,27334.8,86.8988,0.0969453
36,0.866667,47.999997139,25496.1,82.1187,0.0968603
37,0.875,45.0,23845.0,78.908,0.0967753
38,0.877778,44.0000081062,22251.2,77.9794,0.0966903
39,0.883333,42.000002861,20775.7,75.3476,0.0966055
40,0.888889,39.9999976158,19531.3,71.1143,0.0965207
41,0.883333,42.000002861,18309.7,69.765,0.096436
42,0.891667,39.000005722,17129.0,67.503,0.0963513
43,0.888889,39.9999976158,16094.1,68.3129,0.0962668
44,0.888889,39.9999976158,15107.7,66.5284,0.0961823
45,0.9,36.0000085831,14089.2,58.9782,0.0960979
46,0.9,36.0000085831,13331.0,56.6683,0.0960135
47,0.902778,34.9999952316,12698.9,54.7617,0.0959293
48,0.905556,34.0000033379,12136.9,49.6567,0.0958451
49,0.905556,34.0000033379,11595.3,50.0049,0.095761
50,0.908333,32.9999899864,11059.3,45.6643,0.0956769
51,0.911111,31.9999980927,10646.7,42.7438,0.095593
52,0.913889,31.0000061989,10316.8,40.7357,0.0955091
53,0.922222,28.0000090599,10038.9,39.2839,0.0954253
54,0.930556,24.9999904633,9772.38,38.897,0.0953415
55,0.925,26.9999957085,9515.35,38.8196,0.0952578
56,0.930556,24.9999904633,9261.94,38.2549,0.0951742
57,0.930556,24.9999904633,9026.85,33.5054,0.0950907
58,0.930556,24.9999904633,8808.59,33.5577,0.0950073
59,0.927778,26.0000038147,8597.06,33.3278,0.0949239
60,0.927778,26.0000038147,8382.72,33.3976,0.0948406
61,0.933333,23.9999985695,8176.22,34.5345,0.0947573
62,0.933333,23.9999985695,7959.95,33.4501,0.0946742
63,0.936111,23.0000066757,7761.38,33.5972,0.0945911
64,0.933333,23.9999985695,7557.34,33.188,0.0945081
65,0.933333,23.9999985695,7390.95,33.5753,0.0944251
66,0.938889,21.9999933243,7198.29,32.9193,0.0943423
67,0.933333,23.9999985695,7012.61,35.003,0.0942595
68,0.936111,23.0000066757,6829.29,33.242,0.0941767
69,0.936111,23.0000066757,6661.45,32.3097,0.0940941
70,0.936111,23.0000066757,6513.75,31.8959,0.0940115
71,0.941667,21.0000014305,6343.3,29.5166,0.093929
72,0.941667,21.0000014305,6206.56,32.6247,0.0938466
73,0.941667,21.0000014305,6095.53,34.6965,0.0937642
74,0.947222,18.9999961853,5908.1,30.4583,0.0936819
75,0.944444,20.0000095367,5788.02,32.6544,0.0935997
76,0.944444,20.0000095367,5642.18,32.7098,0.0935176
77,0.944444,20.0000095367,5540.07,34.7742,0.0934355
78,0.947222,18.9999961853,5348.24,30.7406,0.0933535
79,0.944444,20.0000095367,5235.31,32.9439,0.0932716
80,0.947222,18.9999961853,5087.68,33.7253,0.0931897
81,0.947222,18.9999961853,4954.44,31.4604,0.0931079
82,0.947222,18.9999961853,4836.49,31.5508,0.0930262
83,0.95,18.0000042915,4714.89,32.3625,0.0929446
84,0.95,18.0000042915,4579.75,29.182,0.092863
85,0.95,18.0000042915,4489.16,32.5391,0.0927815
86,0.95,18.0000042915,4350.2,29.3793,0.0927001
87,0.95,18.0000042915,4253.86,32.7015,0.0926187
88,0.95,18.0000042915,4125.94,29.5524,0.0925374
89,0.95,18.0000042915,3997.09,29.6504,0.0924562
90,0.95,18.0000042915,3926.61,32.9486,0.0923751
91,0.95,18.0000042915,3783.31,31.3868,0.092294
92,0.955556,15.9999990463,3690.08,30.5052,0.092213
93,0.95,18.0000042915,3594.54,28.5879,0.0921321
94,0.944444,20.0000095367,3562.16,33.0299,0.0920512
95,0.95,18.0000042915,3434.24,28.6825,0.0919704
96,0.952778,16.9999909401,3372.2,29.3897,0.0918897
97,0.955556,15.9999990463,3298.44,29.9874,0.0918091
98,0.952778,16.9999909401,3215.67,28.7058,0.0917285
99,0.952778,16.9999909401,3109.12,26.8532,0.091648
100,0.955556,15.9999990463,3108.79,29.4425,0.0915676
101,0.958333,15.0000071526,2983.28,23.7097,0.0914872
102,0.955556,15.9999990463,2949.88,29.3916,0.0914069
103,0.958333,15.0000071526,2882.44,28.2898,0.0913267
104,0.95,18.0000042915,2808.15,28.8257,0.0912465
105,0.958333,15.0000071526,2765.48,28.2695,0.0911665
106,0.958333,15.0000071526,2700.89,28.262,0.0910864
107,0.955556,15.9999990463,2645.3,26.3867,0.0910065
108,0.963889,13.0000019073,2574.64,23.7615,0.0909266
109,0.963889,13.0000019073,2523.06,24.0448,0.0908468
110,0.961111,13.9999938011,2460.03,27.6025,0.0907671
111,0.961111,13.9999938011,2398.2,27.5929,0.0906875
112,0.961111,13.9999938011,2392.86,27.5698,0.0906079
113,0.963889,13.0000019073,2307.58,25.2312,0.0905283
114,0.963889,13.0000019073,2246.87,25.2016,0.0904489
115,0.966667,12.0000100136,2193.17,22.3695,0.0903695
116,0.961111,13.9999938011,2137.9,23.568,0.0902902
117,0.963889,13.0000019073,2090.73,23.8812,0.090211
118,0.963889,13.0000019073,2038.12,21.8696,0.0901318
119,0.972222,10.0000047684,2006.83,20.3327,0.0900527
120,0.969444,10.9999966621,1968.98,22.1063,0.0899737
121,0.966667,12.0000100136,1935.67,20.5106,0.0898947
122,0.966667,12.0000100136,1931.73,26.6506,0.0898158
123,0.969444,10.9999966621,1865.92,21.5648,0.089737
124,0.966667,12.0000100136,1827.7,22.611,0.0896582
125,0.972222,10.0000047684,1787.39,20.1432,0.0895795
126,0.972222,10.0000047684,1749.18,20.113,0.0895009
127,0.969444,10.9999966621,1712.79,21.4315,0.0894224
128,0.969444,10.9999966621,1682.4,22.7545,0.0893439
129,0.975,8.99999141693,1639.93,19.0887,0.0892655
130,0.966667,12.0000100136,1607.7,22.592,0.0891871
131,0.975,8.99999141693,1581.41,19.0369,0.0891089
132,0.972222,10.0000047684,1552.6,20.9309,0.0890307
133,0.972222,10.0000047684,1548.27,18.9011,0.0889525
134,0.972222,10.0000047684,1520.57,20.0123,0.0888745
135,0.969444,10.9999966621,1519.93,25.6893,0.0887965
136,0.966667,12.0000100136,1488.38,25.0764,0.0887185
137,0.966667,12.0000100136,1491.9,25.0666,0.0886407
138,0.972222,10.0000047684,1444.12,18.3748,0.0885629
139,0.966667,12.0000100136,1444.51,25.0761,0.0884852
140,0.975,8.99999141693,1413.67,18.8979,0.0884075
141,0.969444,10.9999966621,1388.69,25.6686,0.0883299
142,0.966667,12.0000100136,1372.75,20.7741,0.0882524
143,0.975,8.99999141693,1347.87,16.8978,0.0881749
144,0.972222,10.0000047684,1318.3,17.8809,0.0880976
145,0.972222,10.0000047684,1292.11,17.8826,0.0880203
146,0.972222,10.0000047684,1295.84,19.1095,0.087943
147,0.972222,10.0000047684,1273.95,22.5322,0.0878658
148,0.972222,10.0000047684,1265.72,17.8695,0.0877887
149,0.975,8.99999141693,1260.91,16.8244,0.0877117
150,0.972222,10.0000047684,1233.23,20.0028,0.0876347
151,0.972222,10.0000047684,1211.1,16.7292,0.0875578
152,0.969444,10.9999966621,1216.86,22.033,0.0874809
153,0.977778,7.99999952316,1180.13,16.5739,0.0874042
154,0.969444,10.9999966621,1155.03,23.3511,0.0873274
155,0.975,8.99999141693,1156.05,16.7392,0.0872508
156,0.975,8.99999141693,1131.04,18.0204,0.0871742
157,0.972222,10.0000047684,1127.49,18.9818,0.0870977
158,0.972222,10.0000047684,1116.03,22.4398,0.0870213
159,0.977778,7.99999952316,1076.76,16.4781,0.0869449
160,0.977778,7.99999952316,1052.44,16.4647,0.0868686
161,0.972222,10.0000047684,1055.4,17.6971,0.0867924
162,0.972222,10.0000047684,1035.06,19.4308,0.0867162
163,0.972222,10.0000047684,1022.22,17.693,0.0866401
164,0.975,8.99999141693,1001.24,16.6246,0.0865641
165,0.966667,12.0000100136,978.524,23.0779,0.0864881
166,0.975,8.99999141693,951.868,16.5865,0.0864122
167,0.972222,10.0000047684,959.114,17.6362,0.0863364
168,0.977778,7.99999952316,925.09,16.361,0.0862606
169,0.972222,10.0000047684,929.795,17.6218,0.0861849
170,0.969444,10.9999966621,907.979,19.1185,0.0861092
171,0.975,8.99999141693,874.313,15.9533,0.0860337
172,0.969444,10.9999966621,880.444,19.048,0.0859582
173,0.975,8.99999141693,857.8,19.4496,0.0858827
174,0.975,8.99999141693,851.931,16.5158,0.0858074
175,0.977778,7.99999952316,827.133,16.2846,0.0857321
176,0.972222,10.0000047684,805.326,19.7374,0.0856568
177,0.972222,10.0000047684,810.652,19.3582,0.0855816
178,0.977778,7.99999952316,776.939,16.2574,0.0855065
179,0.969444,10.9999966621,785.449,18.9713,0.0854315
180,0.966667,12.0000100136,756.134,22.9277,0.0853565
181,0.977778,7.99999952316,731.44,16.2156,0.0852816
182,0.972222,10.0000047684,735.503,17.4912,0.0852068
183,0.975,8.99999141693,706.018,16.4193,0.085132
184,0.972222,10.0000047684,682.987,18.6988,0.0850573
185,0.966667,12.0000100136,669.538,21.3228,0.0849826
186,0.969444,10.9999966621,664.178,18.9016,0.084908
187,0.975,8.99999141693,635.476,16.3693,0.0848335
188,0.975,8.99999141693,614.38,18.7231,0.0847591
189,0.969444,10.9999966621,637.243,21.8268,0.0846847
190,0.975,8.99999141693,589.833,17.6391,0.0846104
191,0.975,8.99999141693,591.45,16.3605,0.0845361
192,0.972222,10.0000047684,578.381,22.2178,0.0844619
193,0.975,8.99999141693,544.009,17.604,0.0843878
194,0.975,8.99999141693,545.236,16.3235,0.0843137
195,0.972222,10.0000047684,530.361,22.1978,0.0842397
196,0.972222,10.0000047684,523.963,17.3909,0.0841658
197,0.977778,7.99999952316,495.658,16.0618,0.0840919
198,0.972222,10.0000047684,498.193,17.3825,0.0840181
199,0.975,8.99999141693,475.772,15.6474,0.0839444
200,0.977778,7.99999952316,456.188,16.0283,0.0838707
201,0.972222,10.0000047684,462.234,17.3386,0.0837971
202,0.977778,7.99999952316,433.411,16.0073,0.0837236
203,0.977778,7.99999952316,411.856,15.9986,0.0836501
204,0.977778,7.99999952316,406.06,15.7305,0.0835767
205,0.972222,10.0000047684,402.307,17.1607,0.0835033
206,0.975,8.99999141693,393.395,16.2136,0.0834301
207,0.975,8.99999141693,385.105,16.2094,0.0833568
208,0.975,8.99999141693,376.859,16.2054,0.0832837
209,0.980556,7.00000762939,368.756,13.2745,0.0832106
210,0.975,8.99999141693,384.102,16.2169,0.0831376
211,0.975,8.99999141693,374.469,17.4799,0.0830646
212,0.977778,7.99999952316,355.774,15.9485,0.0829917
213,0.977778,7.99999952316,348.247,15.9465,0.0829189
214,0.972222,10.0000047684,345.437,18.9284,0.0828461
215,0.975,8.99999141693,352.233,16.1835,0.0827734
216,0.975,8.99999141693,345.986,17.4504,0.0827007
217,0.977778,7.99999952316,324.118,15.9247,0.0826282
218,0.977778,7.99999952316,316.781,15.923,0.0825556
219,0.977778,7.99999952316,319.528,15.9256,0.0824832
220,0.977778,7.99999952316,312.237,15.924,0.0824108
221,0.977778,7.99999952316,304.984,15.9225,0.0823385
222,0.977778,7.99999952316,296.39,13.477,0.0822662
223,0.980556,7.00000762939,289.264,13.1999,0.082194
224,0.977778,7.99999952316,293.851,13.4758,0.0821219
225,0.977778,7.99999952316,286.346,13.4697,0.0820498
226,0.977778,7.99999952316,278.878,13.4636,0.0819778
227,0.969444,10.9999966621,291.054,18.3507,0.0819059
228,0.980556,7.00000762939,265.237,13.1713,0.081834
229,0.975,8.99999141693,267.669,17.0165,0.0817622
230,0.972222,10.0000047684,272.426,16.0276,0.0816904
231,0.977778,7.99999952316,262.558,15.9062,0.0816187
232,0.975,8.99999141693,256.254,20.7267,0.0815471
233,0.977778,7.99999952316,249.408,14.0345,0.0814755
234,0.980556,7.00000762939,237.521,13.1793,0.081404
235,0.977778,7.99999952316,242.097,13.4497,0.0813326
236,0.977778,7.99999952316,234.847,13.4444,0.0812612
237,0.977778,7.99999952316,227.633,13.4392,0.0811899
238,0.975,8.99999141693,234.029,15.377,0.0811186
239,0.983333,5.99999427795,216.753,12.1219,0.0810474
240,0.975,8.99999141693,222.047,16.5498,0.0809763
241,0.983333,5.99999427795,203.276,10.2113,0.0809052
242,0.977778,7.99999952316,204.387,13.4209,0.0808342
243,0.983333,5.99999427795,199.01,12.1071,0.0807633
244,0.980556,7.00000762939,198.835,13.1435,0.0806924
245,0.980556,7.00000762939,192.357,13.14,0.0806216
246,0.977778,7.99999952316,195.347,13.4121,0.0805508
247,0.977778,7.99999952316,188.341,13.4075,0.0804801
248,0.980556,7.00000762939,181.74,13.1366,0.0804095
249,0.975,8.99999141693,186.619,16.108,0.0803389
250,0.977778,7.99999952316,179.597,13.4048,0.0802684
251,0.977778,7.99999952316,172.677,13.4005,0.080198
252,0.972222,10.0000047684,179.771,17.1717,0.0801276
253,0.980556,7.00000762939,163.472,13.0119,0.0800573
254,0.975,8.99999141693,160.575,16.0847,0.079987
255,0.975,8.99999141693,153.552,16.0831,0.0799168
256,0.969444,10.9999966621,161.26,21.7106,0.0798467
257,0.977778,7.99999952316,152.122,14.3805,0.0797766
258,0.977778,7.99999952316,146.534,15.5672,0.0797066
259,0.983333,5.99999427795,130.056,10.1858,0.0796366
260,0.972222,10.0000047684,135.031,16.4677,0.0795668
261,0.986111,5.00000238419,119.711,9.71188,0.0794969
262,0.980556,7.00000762939,116.015,13.1032,0.0794272
263,0.980556,7.00000762939,120.942,14.2644,0.0793575
264,0.980556,7.00000762939,115.243,14.2614,0.0792878
265,0.980556,7.00000762939,109.564,14.2586,0.0792182
266,0.975,8.99999141693,116.369,20.6521,0.0791487
267,0.975,8.99999141693,115.172,16.5689,0.0790792
268,0.977778,7.99999952316,104.67,15.6056,0.0790098
269,0.986111,5.00000238419,100.71,10.9416,0.0789405
270,0.975,8.99999141693,100.441,16.4329,0.0788712
271,0.977778,7.99999952316,93.4682,16.041,0.078802
272,0.977778,7.99999952316,104.497,23.8676,0.0787328
273,0.980556,7.00000762939,79.4701,12.5447,0.0786637
274,0.980556,7.00000762939,97.2383,21.8872,0.0785947
275,0.980556,7.00000762939,89.198,21.8856,0.0785257
276,0.977778,7.99999952316,81.2483,16.8166,0.0784568
277,0.983333,5.99999427795,86.6556,19.7496,0.078388
278,0.986111,5.00000238419,74.2356,17.7439,0.0783192
279,0.986111,5.00000238419,78.7286,17.1787,0.0782504
280,0.986111,5.00000238419,83.7106,17.4512,0.0781818
281,0.986111,5.00000238419,70.1984,18.3989,0.0781131
282,0.983333,5.99999427795,84.8201,21.4342,0.0780446
283,0.988889,4.00001049042,63.5882,15.0407,0.0779761
284,0.986111,5.00000238419,76.0152,17.4547,0.0779077
285,0.986111,5.00000238419,68.5096,17.4505,0.0778393
286,0.988889,4.00001049042,61.3602,15.0439,0.077771
287,0.991667,2.99999713898,52.6164,11.3088,0.0777027
288,0.988889,4.00001049042,40.491,10.7417,0.0776345
289,0.991667,2.99999713898,48.4749,11.3116,0.0775664
290,0.991667,2.99999713898,40.1359,11.3003,0.0774983
291,0.991667,2.99999713898,51.958,11.31,0.0774303
292,0.991667,2.99999713898,43.6221,11.2987,0.0773624
293,0.986111,5.00000238419,42.2667,15.2535,0.0772945
294,0.988889,4.00001049042,49.4756,14.8417,0.0772266
295,0.991667,2.99999713898,40.0128,11.2961,0.0771588
296,0.986111,5.00000238419,42.0434,14.7839,0.0770911
297,0.988889,4.00001049042,29.0482,14.8281,0.0770235
298,0.986111,5.00000238419,38.5443,14.7841,0.0769559
299,0.991667,2.99999713898,30.9119,11.2901,0.0768883
300,0.988889,4.00001049042,37.9194,14.8293,0.0768209
301,0.991667,2.99999713898,27.8947,11.29,0.0767534
302,0.988889,4.00001049042,35.396,14.8297,0.0766861
303,0.988889,4.00001049042,25.1861,14.8243,0.0766188
304,0.991667,2.99999713898,16.7149,11.2789,0.0765515
305,0.991667,2.99999713898,28.4275,11.2886,0.0764843
306,0.991667,2.99999713898,20.2639,11.2776,0.0764172
307,0.991667,2.99999713898,25.4508,11.2886,0.0763502
308,0.991667,2.99999713898,17.3032,11.2776,0.0762832
309,0.986111,5.00000238419,22.7328,15.4222,0.0762162
310,0.991667,2.99999713898,11.2424,11.274,0.0761493
311,0.991667,2.99999713898,16.4273,11.2851,0.0760825
312,0.991667,2.99999713898,25.4109,11.2873,0.0760157
313,0.994444,2.00000524521,10.2807,9.44811,0.075949
314,0.991667,2.99999713898,13.0404,11.2831,0.0758824
315,0.997222,0.999991893768,9.50573,5.98339,0.0758158
316,0.997222,0.999991893768,9.50573,5.98339,0.0757492
0.997222,9.50573,1.1590042114257812,70.9375,0.644732598924,0.174783707804
