15,10,0.4,2,1000, .1 
0,0.552778,161.000003815,2.04052e+06,1070.88,0.0997458
1,0.563889,156.999993324,1.72235e+06,989.305,0.0989871
2,0.561111,158.000006676,1.45808e+06,901.688,0.0982341
3,0.577778,151.99999094,1.24014e+06,821.918,0.0974869
4,0.588889,148.000001907,1.05966e+06,757.761,0.0967453
5,0.611111,140.000002384,909053.0,676.061,0.0960094
6,0.616667,137.999997139,785112.0,638.564,0.0952791
7,0.625,135.0,676391.0,598.522,0.0945543
8,0.647222,127.000000477,582611.0,536.352,0.0938351
9,0.669444,119.000000954,509521.0,479.505,0.0931213
10,0.686111,113.000006676,450437.0,455.657,0.092413
11,0.686111,113.000006676,396127.0,432.728,0.09171
12,0.702778,106.99999094,349488.0,405.623,0.0910124
13,0.708333,105.000007153,307288.0,390.024,0.0903201
14,0.716667,102.000010014,268257.0,368.587,0.0896331
15,0.727778,97.9999995232,234318.0,345.591,0.0889513
16,0.738889,94.0000104904,204852.0,316.429,0.0882746
17,0.747222,90.9999918938,179066.0,304.947,0.0876032
18,0.752778,89.0000081062,155610.0,296.766,0.0869368
19,0.761111,85.9999895096,133358.0,286.583,0.0862755
20,0.786111,76.9999980927,114304.0,265.794,0.0856192
21,0.805556,69.9999904633,98988.5,234.272,0.0849679
22,0.813889,66.9999933243,86659.5,217.817,0.0843216
23,0.825,63.0000042915,75730.0,208.487,0.0836802
24,0.830556,60.9999990463,65940.5,193.427,0.0830437
25,0.836111,58.9999938011,57556.3,187.927,0.082412
26,0.841667,57.0000100136,49594.0,171.284,0.0817851
27,0.85,53.9999914169,42846.6,162.978,0.081163
28,0.858333,50.999994278,36627.2,153.853,0.0805456
29,0.863889,49.0000104904,31417.4,147.352,0.0799329
30,0.877778,44.0000081062,26557.2,134.966,0.0793249
31,0.894444,37.9999923706,22611.9,121.972,0.0787215
32,0.902778,34.9999952316,19626.8,104.587,0.0781227
33,0.911111,31.9999980927,17156.2,99.3347,0.0775285
34,0.911111,31.9999980927,14876.3,99.634,0.0769387
35,0.922222,28.0000090599,12625.6,96.5415,0.0763535
36,0.922222,28.0000090599,10630.6,87.672,0.0757727
37,0.930556,24.9999904633,9062.93,75.2029,0.0751963
38,0.938889,21.9999933243,7819.07,67.1153,0.0746243
39,0.936111,23.0000066757,6814.51,64.6124,0.0740567
40,0.944444,20.0000095367,5877.16,63.7138,0.0734933
41,0.941667,21.0000014305,4986.71,60.3345,0.0729343
42,0.961111,13.9999938011,4355.5,43.0141,0.0723795
43,0.958333,15.0000071526,3971.58,43.3662,0.0718289
44,0.958333,15.0000071526,3610.73,42.6252,0.0712826
45,0.963889,13.0000019073,3278.05,40.5871,0.0707403
46,0.966667,12.0000100136,2976.56,38.278,0.0702022
47,0.963889,13.0000019073,2712.35,38.527,0.0696682
48,0.963889,13.0000019073,2465.57,36.886,0.0691383
49,0.961111,13.9999938011,2231.29,39.0862,0.0686124
50,0.966667,12.0000100136,2043.41,35.0979,0.0680905
51,0.966667,12.0000100136,1898.39,34.803,0.0675725
52,0.972222,10.0000047684,1753.12,29.1406,0.0670585
53,0.972222,10.0000047684,1621.65,29.0978,0.0665484
54,0.972222,10.0000047684,1491.57,29.056,0.0660422
55,0.972222,10.0000047684,1373.05,29.0327,0.0655399
56,0.972222,10.0000047684,1245.53,28.993,0.0650413
57,0.975,8.99999141693,1126.96,29.1041,0.0645466
58,0.975,8.99999141693,1002.87,27.7853,0.0640556
59,0.975,8.99999141693,896.436,26.1384,0.0635683
60,0.977778,7.99999952316,780.804,26.5512,0.0630848
61,0.980556,7.00000762939,703.075,21.4201,0.0626049
62,0.988889,4.00001049042,670.939,16.3078,0.0621287
63,0.988889,4.00001049042,661.161,16.3079,0.0616561
64,0.986111,5.00000238419,656.711,20.1428,0.0611871
65,0.986111,5.00000238419,642.272,17.289,0.0607217
66,0.988889,4.00001049042,637.353,16.3124,0.0602598
67,0.986111,5.00000238419,629.012,20.1478,0.0598014
68,0.988889,4.00001049042,618.826,16.3006,0.0593465
69,0.988889,4.00001049042,609.525,16.3009,0.0588951
70,0.988889,4.00001049042,600.297,16.3012,0.0584471
71,0.988889,4.00001049042,591.138,16.3016,0.0580025
72,0.988889,4.00001049042,582.047,16.3021,0.0575613
73,0.986111,5.00000238419,578.015,20.1479,0.0571235
74,0.986111,5.00000238419,564.762,16.3171,0.0566889
75,0.986111,5.00000238419,561.823,16.3108,0.0562577
76,0.988889,4.00001049042,554.373,16.2881,0.0558298
77,0.986111,5.00000238419,549.977,16.306,0.0554051
78,0.983333,5.99999427795,543.359,20.3386,0.0549837
79,0.986111,5.00000238419,542.203,17.2876,0.0545654
80,0.986111,5.00000238419,534.584,16.3072,0.0541504
81,0.986111,5.00000238419,527.232,16.3059,0.0537384
82,0.986111,5.00000238419,520.601,20.1284,0.0533297
83,0.986111,5.00000238419,515.52,16.2955,0.052924
84,0.986111,5.00000238419,508.362,16.2943,0.0525214
85,0.988889,4.00001049042,502.302,16.266,0.0521219
86,0.986111,5.00000238419,497.461,16.2901,0.0517254
87,0.986111,5.00000238419,494.846,16.2846,0.051332
88,0.983333,5.99999427795,488.466,20.314,0.0509415
89,0.986111,5.00000238419,487.099,17.2739,0.050554
90,0.986111,5.00000238419,480.764,16.2861,0.0501695
91,0.986111,5.00000238419,474.0,16.285,0.0497879
92,0.988889,4.00001049042,467.354,16.261,0.0494091
93,0.983333,5.99999427795,468.31,20.3097,0.0490333
94,0.986111,5.00000238419,456.675,16.2747,0.0486603
95,0.988889,4.00001049042,450.769,16.2469,0.0482902
96,0.986111,5.00000238419,446.711,16.2712,0.0479228
97,0.986111,5.00000238419,444.334,16.2661,0.0475583
98,0.983333,5.99999427795,438.209,20.2922,0.0471966
99,0.983333,5.99999427795,436.839,17.2864,0.0468375
100,0.988889,4.00001049042,430.325,16.2445,0.0464813
101,0.986111,5.00000238419,425.171,16.2671,0.0461277
102,0.986111,5.00000238419,418.987,16.2663,0.0457768
103,0.986111,5.00000238419,418.045,20.0904,0.0454286
104,0.986111,5.00000238419,409.236,16.2578,0.045083
105,0.988889,4.00001049042,403.788,16.2305,0.0447401
106,0.986111,5.00000238419,400.117,16.2548,0.0443998
107,0.986111,5.00000238419,394.189,16.2541,0.0440621
108,0.986111,5.00000238419,392.039,16.2495,0.0437269
109,0.983333,5.99999427795,389.657,20.2712,0.0433943
110,0.986111,5.00000238419,386.613,17.251,0.0430642
111,0.986111,5.00000238419,380.291,16.2515,0.0427366
112,0.988889,4.00001049042,374.713,16.2279,0.0424115
113,0.986111,5.00000238419,376.133,21.6148,0.0420889
114,0.986111,5.00000238419,365.663,16.2432,0.0417688
115,0.991667,2.99999713898,363.294,14.8157,0.041451
116,0.991667,2.99999713898,363.294,14.8157,0.0411357
0.991667,363.294,0.48722124099731445,260.906,0.374069243724,0.0870241238249
