38,10,0.4,2,1000, .1 
0,0.444444,199.999998808,1.43382e+06,929.918,0.0997458
1,0.45,198.000004292,1.20552e+06,856.344,0.0989871
2,0.458333,194.999996424,1.01538e+06,782.763,0.0982341
3,0.477778,187.999999523,857776.0,717.569,0.0974869
4,0.491667,182.999997139,725500.0,664.175,0.0967453
5,0.511111,175.99998951,612233.0,606.164,0.0960094
6,0.536111,166.999998093,519407.0,552.973,0.0952791
7,0.55,161.999995708,441902.0,507.255,0.0945543
8,0.569444,155.000009537,380015.0,450.411,0.0938351
9,0.583333,150.000007153,328363.0,415.803,0.0931213
10,0.588889,148.000001907,284282.0,392.964,0.092413
11,0.594444,145.999996662,245383.0,367.413,0.09171
12,0.641667,129.000005722,213615.0,325.469,0.0910124
13,0.669444,119.000000954,188211.0,296.138,0.0903201
14,0.680556,114.999990463,167382.0,280.591,0.0896331
15,0.688889,111.999993324,148792.0,261.753,0.0889513
16,0.7,108.000004292,133034.0,243.895,0.0882746
17,0.716667,102.000010014,119301.0,227.899,0.0876032
18,0.722222,100.000004768,107365.0,221.138,0.0869368
19,0.733333,95.999994278,96622.7,208.777,0.0862755
20,0.741667,92.999997139,87504.6,189.522,0.0856192
21,0.752778,89.0000081062,79971.5,178.524,0.0849679
22,0.766667,84.000005722,73504.2,164.303,0.0843216
23,0.772222,82.0000004768,68043.4,159.502,0.0836802
24,0.777778,79.9999952316,62957.3,151.478,0.0830437
25,0.783333,77.9999899864,58266.6,142.335,0.082412
26,0.786111,76.9999980927,53984.2,138.316,0.0817851
27,0.794444,74.0000009537,50013.9,132.895,0.081163
28,0.797222,73.0000090599,46382.3,130.093,0.0805456
29,0.805556,69.9999904633,42919.8,126.553,0.0799329
30,0.813889,66.9999933243,39735.9,118.796,0.0793249
31,0.816667,66.0000014305,36819.0,117.221,0.0787215
32,0.822222,63.9999961853,34173.2,111.965,0.0781227
33,0.827778,61.9999909401,31653.4,108.678,0.0775285
34,0.844444,55.9999966621,29564.6,97.5778,0.0769387
35,0.847222,55.0000047684,27667.7,95.8608,0.0763535
36,0.85,53.9999914169,25835.1,95.7793,0.0757727
37,0.855556,52.0000076294,24112.4,88.8103,0.0751963
38,0.861111,50.0000023842,22531.2,86.7861,0.0746243
39,0.872222,45.9999918938,21094.8,79.8047,0.0740567
40,0.872222,45.9999918938,19848.5,79.7041,0.0734933
41,0.880556,42.9999947548,18682.0,74.4596,0.0729343
42,0.883333,42.000002861,17595.0,73.9442,0.0723795
43,0.888889,39.9999976158,16538.4,72.5454,0.0718289
44,0.894444,37.9999923706,15537.2,71.3211,0.0712826
45,0.891667,39.000005722,14561.0,70.571,0.0707403
46,0.897222,37.0000004768,13611.2,69.1185,0.0702022
47,0.897222,37.0000004768,12702.2,68.8302,0.0696682
48,0.897222,37.0000004768,11820.7,69.1939,0.0691383
49,0.9,36.0000085831,10938.0,68.3195,0.0686124
50,0.905556,34.0000033379,10138.4,64.1512,0.0680905
51,0.905556,34.0000033379,9388.47,64.5537,0.0675725
52,0.908333,32.9999899864,8633.0,65.4706,0.0670585
53,0.908333,32.9999899864,7891.29,63.7437,0.0665484
54,0.908333,32.9999899864,7247.96,61.1435,0.0660422
55,0.908333,32.9999899864,6607.92,61.4762,0.0655399
56,0.911111,31.9999980927,5966.58,60.7438,0.0650413
57,0.916667,29.9999928474,5370.15,58.7077,0.0645466
58,0.925,26.9999957085,4823.86,53.4203,0.0640556
59,0.927778,26.0000038147,4392.36,50.5965,0.0635683
60,0.925,26.9999957085,4014.26,51.2321,0.0630848
61,0.925,26.9999957085,3681.07,46.1114,0.0626049
62,0.936111,23.0000066757,3417.26,37.4622,0.0621287
63,0.933333,23.9999985695,3209.02,37.7375,0.0616561
64,0.938889,21.9999933243,3005.82,36.8503,0.0611871
65,0.936111,23.0000066757,2819.44,37.1163,0.0607217
66,0.941667,21.0000014305,2626.97,35.5304,0.0602598
67,0.936111,23.0000066757,2449.64,37.1795,0.0598014
68,0.947222,18.9999961853,2265.93,33.3823,0.0593465
69,0.952778,16.9999909401,2115.4,28.7949,0.0588951
70,0.955556,15.9999990463,2036.19,28.0233,0.0584471
71,0.955556,15.9999990463,1953.71,26.7035,0.0580025
72,0.952778,16.9999909401,1886.64,28.341,0.0575613
73,0.963889,13.0000019073,1804.37,24.7346,0.0571235
74,0.963889,13.0000019073,1741.91,23.9769,0.0566889
75,0.966667,12.0000100136,1688.19,25.4355,0.0562577
76,0.963889,13.0000019073,1631.99,23.9959,0.0558298
77,0.966667,12.0000100136,1577.4,23.4931,0.0554051
78,0.966667,12.0000100136,1527.02,25.4572,0.0549837
79,0.963889,13.0000019073,1477.38,24.0165,0.0545654
80,0.972222,10.0000047684,1440.4,20.9388,0.0541504
81,0.969444,10.9999966621,1411.88,22.7985,0.0537384
82,0.969444,10.9999966621,1378.7,20.7859,0.0533297
83,0.972222,10.0000047684,1345.03,20.9613,0.052924
84,0.966667,12.0000100136,1319.36,22.6489,0.0525214
85,0.972222,10.0000047684,1280.05,20.9752,0.0521219
86,0.966667,12.0000100136,1252.84,22.6502,0.0517254
87,0.972222,10.0000047684,1216.2,20.9892,0.051332
88,0.966667,12.0000100136,1188.1,21.8333,0.0509415
89,0.969444,10.9999966621,1163.99,22.8208,0.050554
90,0.977778,7.99999952316,1134.72,19.4694,0.0501695
91,0.972222,10.0000047684,1115.29,19.3307,0.0497879
92,0.972222,10.0000047684,1100.5,21.5861,0.0494091
93,0.975,8.99999141693,1095.23,19.8444,0.0490333
94,0.980556,7.00000762939,1078.6,17.7456,0.0486603
95,0.975,8.99999141693,1076.76,20.1873,0.0482902
96,0.980556,7.00000762939,1069.74,17.7531,0.0479228
97,0.977778,7.99999952316,1061.11,18.3043,0.0475583
98,0.977778,7.99999952316,1049.94,19.5002,0.0471966
99,0.977778,7.99999952316,1048.02,18.5219,0.0468375
100,0.977778,7.99999952316,1037.44,18.3095,0.0464813
101,0.986111,5.00000238419,1027.56,15.8509,0.0461277
102,0.980556,7.00000762939,1026.04,18.9052,0.0457768
103,0.986111,5.00000238419,1023.3,15.8543,0.0454286
104,0.986111,5.00000238419,1020.74,15.8535,0.045083
105,0.983333,5.99999427795,1019.85,16.5865,0.0447401
106,0.986111,5.00000238419,1016.25,15.8502,0.0443998
107,0.980556,7.00000762939,1015.25,18.9058,0.0440621
108,0.983333,5.99999427795,1013.61,17.5771,0.0437269
109,0.983333,5.99999427795,1011.97,16.9452,0.0433943
110,0.986111,5.00000238419,1006.43,15.8495,0.0430642
111,0.983333,5.99999427795,1005.64,16.5845,0.0427366
112,0.983333,5.99999427795,1002.87,18.2621,0.0424115
113,0.983333,5.99999427795,1002.23,16.5869,0.0420889
114,0.986111,5.00000238419,999.001,15.8498,0.0417688
115,0.986111,5.00000238419,996.992,15.848,0.041451
116,0.980556,7.00000762939,996.26,17.8176,0.0411357
117,0.986111,5.00000238419,991.111,15.845,0.0408228
118,0.983333,5.99999427795,990.91,18.2612,0.0405123
119,0.983333,5.99999427795,989.408,16.5883,0.0402041
120,0.986111,5.00000238419,986.122,15.8467,0.0398983
121,0.983333,5.99999427795,984.634,16.5869,0.0395948
122,0.986111,5.00000238419,982.025,15.8439,0.0392936
123,0.983333,5.99999427795,980.5,18.261,0.0389947
124,0.983333,5.99999427795,980.177,16.5894,0.0386981
125,0.986111,5.00000238419,977.156,15.8455,0.0384038
126,0.983333,5.99999427795,975.532,16.5881,0.0381116
127,0.986111,5.00000238419,972.84,15.8439,0.0378217
128,0.986111,5.00000238419,970.978,15.8423,0.037534
129,0.980556,7.00000762939,971.73,18.91,0.0372485
130,0.986111,5.00000238419,968.412,15.8444,0.0369652
131,0.986111,5.00000238419,966.258,15.8439,0.036684
132,0.983333,5.99999427795,965.509,16.5896,0.036405
133,0.986111,5.00000238419,962.415,15.8414,0.036128
134,0.980556,7.00000762939,961.671,18.9119,0.0358532
135,0.986111,5.00000238419,959.585,15.8445,0.0355805
136,0.986111,5.00000238419,957.81,15.843,0.0353099
137,0.980556,7.00000762939,957.578,16.4231,0.0350413
138,0.983333,5.99999427795,954.266,14.6397,0.0347747
139,0.983333,5.99999427795,958.113,16.9237,0.0345102
140,0.983333,5.99999427795,955.471,18.2555,0.0342477
141,0.986111,5.00000238419,953.65,15.8417,0.0339872
142,0.980556,7.00000762939,952.848,16.4301,0.0337286
143,0.986111,5.00000238419,949.735,15.8404,0.0334721
144,0.980556,7.00000762939,949.484,16.4321,0.0332175
145,0.980556,7.00000762939,947.015,17.3877,0.0329648
146,0.986111,5.00000238419,938.711,15.8422,0.0327141
147,0.980556,7.00000762939,937.954,15.3345,0.0324652
148,0.986111,5.00000238419,938.98,15.8396,0.0322182
149,0.986111,5.00000238419,937.063,15.8392,0.0319732
150,0.980556,7.00000762939,937.212,17.9678,0.03173
151,0.986111,5.00000238419,927.27,15.8408,0.0314886
152,0.983333,5.99999427795,926.184,14.6557,0.0312491
153,0.983333,5.99999427795,928.531,16.9204,0.0310114
154,0.983333,5.99999427795,926.706,18.2495,0.0307755
155,0.983333,5.99999427795,925.208,17.5406,0.0305414
156,0.980556,7.00000762939,924.102,15.339,0.0303091
157,0.986111,5.00000238419,924.601,15.8388,0.0300785
158,0.983333,5.99999427795,923.075,16.9149,0.0298497
159,0.980556,7.00000762939,921.971,17.3924,0.0296227
160,0.986111,5.00000238419,913.609,15.84,0.0293973
161,0.983333,5.99999427795,912.876,14.6642,0.0291737
162,0.983333,5.99999427795,914.854,16.9156,0.0289518
163,0.983333,5.99999427795,912.279,18.2462,0.0287316
164,0.980556,7.00000762939,911.7,16.4566,0.028513
165,0.986111,5.00000238419,909.63,15.84,0.0282961
166,0.983333,5.99999427795,908.911,14.6674,0.0280809
167,0.986111,5.00000238419,901.026,15.838,0.0278673
168,0.980556,7.00000762939,902.081,17.3964,0.0276553
169,0.983333,5.99999427795,903.507,16.9156,0.0274449
170,0.986111,5.00000238419,900.221,15.8398,0.0272362
171,0.980556,7.00000762939,899.042,16.4645,0.027029
172,0.986111,5.00000238419,897.191,15.8381,0.0268234
173,0.980556,7.00000762939,896.957,17.3974,0.0266194
174,0.986111,5.00000238419,889.709,15.8403,0.0264169
175,0.980556,7.00000762939,888.906,15.3531,0.0262159
176,0.986111,5.00000238419,889.585,15.8391,0.0260165
177,0.983333,5.99999427795,888.247,18.2424,0.0258186
178,0.980556,7.00000762939,887.861,17.8195,0.0256222
179,0.986111,5.00000238419,884.987,15.8404,0.0254273
180,0.983333,5.99999427795,884.616,14.681,0.0252339
181,0.986111,5.00000238419,886.037,15.8385,0.025042
182,0.986111,5.00000238419,884.501,15.8382,0.0248515
183,0.980556,7.00000762939,883.753,19.179,0.0246624
184,0.986111,5.00000238419,876.776,15.8396,0.0244748
185,0.983333,5.99999427795,875.526,14.6857,0.0242887
186,0.983333,5.99999427795,877.598,16.9115,0.0241039
187,0.980556,7.00000762939,875.813,19.2106,0.0239206
188,0.983333,5.99999427795,874.343,16.9108,0.0237386
189,0.986111,5.00000238419,875.62,15.8392,0.023558
190,0.986111,5.00000238419,874.354,15.8383,0.0233788
191,0.980556,7.00000762939,872.973,17.8175,0.023201
192,0.986111,5.00000238419,870.602,15.8375,0.0230245
193,0.983333,5.99999427795,870.704,18.2372,0.0228494
194,0.983333,5.99999427795,863.622,14.6938,0.0226756
195,0.986111,5.00000238419,862.865,15.8386,0.0225031
196,0.983333,5.99999427795,862.469,14.6933,0.0223319
197,0.980556,7.00000762939,864.704,19.1722,0.022162
198,0.986111,5.00000238419,862.248,15.8395,0.0219935
199,0.980556,7.00000762939,861.125,16.4933,0.0218262
200,0.986111,5.00000238419,859.544,15.8388,0.0216601
201,0.983333,5.99999427795,858.907,14.6966,0.0214954
202,0.983333,5.99999427795,854.782,18.2356,0.0213319
203,0.983333,5.99999427795,852.698,14.6999,0.0211696
204,0.983333,5.99999427795,854.765,16.9076,0.0210086
205,0.986111,5.00000238419,852.097,15.839,0.0208488
206,0.983333,5.99999427795,851.008,16.6071,0.0206902
207,0.983333,5.99999427795,850.773,18.2347,0.0205328
208,0.983333,5.99999427795,849.254,14.703,0.0203766
209,0.983333,5.99999427795,843.896,16.9076,0.0202216
210,0.986111,5.00000238419,844.794,15.8394,0.0200678
211,0.983333,5.99999427795,844.393,18.2338,0.0199151
212,0.983333,5.99999427795,843.302,16.9079,0.0197637
213,0.980556,7.00000762939,841.898,16.5088,0.0196133
214,0.983333,5.99999427795,843.34,16.9057,0.0194641
215,0.986111,5.00000238419,840.939,15.8386,0.0193161
216,0.983333,5.99999427795,840.203,18.2336,0.0191691
217,0.980556,7.00000762939,834.729,16.5098,0.0190233
218,0.986111,5.00000238419,834.235,15.8399,0.0188786
219,0.983333,5.99999427795,833.152,16.9057,0.018735
220,0.980556,7.00000762939,831.997,17.4134,0.0185925
221,0.986111,5.00000238419,833.461,15.8412,0.0184511
222,0.983333,5.99999427795,832.555,16.906,0.0183107
223,0.986111,5.00000238419,830.719,15.8399,0.0181714
224,0.983333,5.99999427795,830.022,14.7139,0.0180332
225,0.983333,5.99999427795,831.336,16.904,0.017896
226,0.983333,5.99999427795,829.839,18.232,0.0177599
227,0.983333,5.99999427795,824.322,14.7172,0.0176248
228,0.986111,5.00000238419,824.414,15.84,0.0174908
229,0.986111,5.00000238419,823.305,15.8399,0.0173577
230,0.977778,7.99999952316,823.572,18.964,0.0172257
231,0.983333,5.99999427795,821.799,14.7193,0.0170946
232,0.986111,5.00000238419,817.29,15.8411,0.0169646
233,0.980556,7.00000762939,816.596,15.3832,0.0168356
234,0.986111,5.00000238419,817.089,15.8403,0.0167075
235,0.983333,5.99999427795,817.192,18.2305,0.0165804
236,0.983333,5.99999427795,815.747,16.9049,0.0164543
237,0.983333,5.99999427795,816.535,17.5228,0.0163291
238,0.983333,5.99999427795,815.872,16.9027,0.0162049
239,0.986111,5.00000238419,813.672,15.8402,0.0160817
240,0.977778,7.99999952316,813.827,17.9805,0.0159593
241,0.986111,5.00000238419,808.575,15.8412,0.0158379
242,0.983333,5.99999427795,808.099,14.7263,0.0157175
243,0.988889,4.00001049042,809.469,16.7611,0.0155979
244,0.988889,4.00001049042,808.756,15.5557,0.0154793
245,0.988889,4.00001049042,808.756,15.5557,0.0153615
0.988889,808.756,0.9549400806427002,9.00391,0.374752019043,0.125635781497
