53,10,0.7,2,1000, .1 
0,0.55,161.999995708,1.62839e+06,863.106,0.099901
1,0.558333,158.999998569,1.40443e+06,791.999,0.0996045
2,0.572222,153.999996185,1.21883e+06,723.581,0.0993089
3,0.577778,151.99999094,1.06205e+06,668.074,0.0990141
4,0.577778,151.99999094,929618.0,625.454,0.0987203
5,0.561111,158.000006676,815868.0,582.016,0.0984273
6,0.572222,153.999996185,718428.0,538.359,0.0981352
7,0.575,153.000004292,635367.0,506.168,0.0978439
8,0.580556,150.999999046,561711.0,478.387,0.0975535
9,0.580556,150.999999046,497200.0,449.432,0.097264
10,0.583333,150.000007153,441523.0,415.695,0.0969753
11,0.591667,147.000010014,394643.0,379.127,0.0966875
12,0.597222,145.000004768,355216.0,353.405,0.0964006
13,0.594444,145.999996662,320212.0,336.474,0.0961144
14,0.591667,147.000010014,288938.0,320.383,0.0958292
15,0.597222,145.000004768,260916.0,303.976,0.0955448
16,0.6,143.999991417,235598.0,291.365,0.0952612
17,0.6,143.999991417,212627.0,275.013,0.0949785
18,0.597222,145.000004768,192028.0,265.093,0.0946966
19,0.6,143.999991417,173171.0,248.31,0.0944156
20,0.608333,140.999994278,156546.0,237.53,0.0941353
21,0.616667,137.999997139,141616.0,223.57,0.093856
22,0.616667,137.999997139,128120.0,218.127,0.0935774
23,0.625,135.0,115722.0,209.6,0.0932997
24,0.636111,130.99998951,104207.0,197.557,0.0930228
25,0.644444,127.999992371,94094.6,188.427,0.0927467
26,0.658333,122.999989986,85263.1,172.336,0.0924714
27,0.658333,122.999989986,77630.8,169.79,0.092197
28,0.675,116.999995708,70823.1,154.168,0.0919234
29,0.672222,118.00000906,64978.4,149.654,0.0916506
30,0.680556,114.999990463,59520.3,144.069,0.0913785
31,0.691667,111.000001431,54649.5,138.085,0.0911073
32,0.7,108.000004292,50034.0,133.64,0.0908369
33,0.711111,103.999993801,45725.6,129.358,0.0905674
34,0.722222,100.000004768,41672.4,123.761,0.0902986
35,0.738889,94.0000104904,37986.0,115.213,0.0900306
36,0.747222,90.9999918938,34875.5,112.009,0.0897634
37,0.752778,89.0000081062,31946.2,108.291,0.089497
38,0.772222,82.0000004768,29256.4,101.804,0.0892313
39,0.788889,76.0000061989,27058.4,92.6614,0.0889665
40,0.791667,74.9999928474,25100.4,90.8437,0.0887025
41,0.8,71.9999957085,23239.0,89.0551,0.0884392
42,0.8,71.9999957085,21473.8,87.6656,0.0881767
43,0.813889,66.9999933243,19855.8,83.3576,0.087915
44,0.819444,65.0000095367,18328.6,79.2911,0.0876541
45,0.822222,63.9999961853,16956.0,79.4531,0.087394
46,0.825,63.0000042915,15583.4,78.4711,0.0871346
47,0.833333,60.0000071526,14317.0,72.8802,0.086876
48,0.838889,58.0000019073,13167.2,73.8014,0.0866182
49,0.844444,55.9999966621,12003.8,69.0218,0.0863611
50,0.858333,50.999994278,11030.5,62.0913,0.0861048
51,0.861111,50.0000023842,10236.4,60.3103,0.0858492
52,0.863889,49.0000104904,9494.56,57.6834,0.0855944
53,0.877778,44.0000081062,8807.51,54.533,0.0853404
54,0.877778,44.0000081062,8189.43,53.771,0.0850871
55,0.877778,44.0000081062,7585.87,53.7521,0.0848346
56,0.880556,42.9999947548,6989.37,53.5195,0.0845828
57,0.888889,39.9999976158,6492.02,47.9807,0.0843318
58,0.894444,37.9999923706,6053.7,47.9783,0.0840815
59,0.891667,39.000005722,5620.26,47.4898,0.083832
60,0.897222,37.0000004768,5268.35,40.6911,0.0835832
61,0.902778,34.9999952316,4949.26,37.9187,0.0833351
62,0.902778,34.9999952316,4682.95,34.2589,0.0830878
63,0.911111,31.9999980927,4542.18,30.2717,0.0828412
64,0.913889,31.0000061989,4407.04,29.938,0.0825953
65,0.913889,31.0000061989,4272.33,29.96,0.0823502
66,0.913889,31.0000061989,4136.96,29.9874,0.0821058
67,0.916667,29.9999928474,4007.55,29.1344,0.0818621
68,0.911111,31.9999980927,3896.92,29.4757,0.0816191
69,0.919444,29.0000009537,3775.46,27.8699,0.0813769
70,0.916667,29.9999928474,3665.95,28.378,0.0811354
71,0.919444,29.0000009537,3554.27,27.7687,0.0808946
72,0.919444,29.0000009537,3454.24,28.1891,0.0806545
73,0.922222,28.0000090599,3343.51,27.6364,0.0804151
74,0.922222,28.0000090599,3237.96,27.0619,0.0801765
75,0.927778,26.0000038147,3136.47,25.1634,0.0799385
76,0.925,26.9999957085,3064.16,26.2764,0.0797013
77,0.933333,23.9999985695,2991.5,21.6772,0.0794647
78,0.933333,23.9999985695,2924.11,21.6842,0.0792289
79,0.933333,23.9999985695,2860.52,21.6519,0.0789937
80,0.936111,23.0000066757,2803.69,20.6138,0.0787593
81,0.936111,23.0000066757,2748.86,20.6017,0.0785255
82,0.936111,23.0000066757,2690.75,20.5933,0.0782925
83,0.930556,24.9999904633,2637.07,20.6011,0.0780601
84,0.936111,23.0000066757,2589.45,19.2229,0.0778284
85,0.936111,23.0000066757,2542.07,19.218,0.0775975
86,0.936111,23.0000066757,2497.48,19.2105,0.0773672
87,0.938889,21.9999933243,2450.83,19.0385,0.0771375
88,0.938889,21.9999933243,2407.2,19.0281,0.0769086
89,0.938889,21.9999933243,2361.46,19.0214,0.0766804
90,0.938889,21.9999933243,2318.62,19.0128,0.0764528
91,0.938889,21.9999933243,2277.59,18.9923,0.0762259
92,0.938889,21.9999933243,2232.0,18.9879,0.0759996
93,0.938889,21.9999933243,2189.36,18.9816,0.0757741
94,0.944444,20.0000095367,2150.48,18.131,0.0755492
95,0.944444,20.0000095367,2114.41,18.117,0.075325
96,0.944444,20.0000095367,2082.45,18.104,0.0751014
97,0.944444,20.0000095367,2050.56,18.0914,0.0748785
98,0.944444,20.0000095367,2018.75,18.0791,0.0746563
99,0.944444,20.0000095367,1987.02,18.0673,0.0744347
100,0.944444,20.0000095367,1955.52,18.0578,0.0742138
101,0.944444,20.0000095367,1924.07,18.0488,0.0739936
102,0.944444,20.0000095367,1893.73,18.0223,0.073774
103,0.944444,20.0000095367,1862.26,18.0121,0.073555
104,0.944444,20.0000095367,1830.86,18.0023,0.0733367
105,0.944444,20.0000095367,1799.9,17.9919,0.073119
106,0.944444,20.0000095367,1769.0,17.9819,0.072902
107,0.947222,18.9999961853,1746.9,13.8063,0.0726857
108,0.944444,20.0000095367,1737.53,13.7795,0.0724699
109,0.947222,18.9999961853,1725.25,13.5122,0.0722549
110,0.95,18.0000042915,1714.93,13.482,0.0720404
111,0.95,18.0000042915,1696.97,13.4653,0.0718266
112,0.95,18.0000042915,1689.02,13.4632,0.0716134
113,0.955556,15.9999990463,1681.53,14.0619,0.0714009
114,0.95,18.0000042915,1675.87,14.3885,0.071189
115,0.952778,16.9999909401,1666.01,13.2126,0.0709777
116,0.952778,16.9999909401,1657.47,13.2122,0.0707671
117,0.952778,16.9999909401,1648.98,13.2119,0.070557
118,0.952778,16.9999909401,1643.79,15.1351,0.0703476
119,0.952778,16.9999909401,1635.55,13.1909,0.0701388
120,0.952778,16.9999909401,1627.24,13.191,0.0699307
121,0.952778,16.9999909401,1618.96,13.1913,0.0697231
122,0.947222,18.9999961853,1611.7,19.1649,0.0695162
123,0.952778,16.9999909401,1603.17,13.1769,0.0693099
124,0.952778,16.9999909401,1585.24,13.1652,0.0691042
125,0.955556,15.9999990463,1580.31,14.0008,0.0688991
126,0.952778,16.9999909401,1571.95,13.1621,0.0686946
127,0.95,18.0000042915,1567.3,13.7023,0.0684907
128,0.95,18.0000042915,1560.42,13.6993,0.0682875
129,0.952778,16.9999909401,1555.18,14.2111,0.0680848
130,0.952778,16.9999909401,1547.86,14.2112,0.0678827
131,0.947222,18.9999961853,1541.38,14.7769,0.0676813
132,0.95,18.0000042915,1535.02,13.675,0.0674804
133,0.95,18.0000042915,1528.35,13.6727,0.0672801
134,0.95,18.0000042915,1521.7,13.6707,0.0670804
135,0.95,18.0000042915,1516.39,18.8225,0.0668814
136,0.95,18.0000042915,1502.59,13.6395,0.0666829
137,0.95,18.0000042915,1496.27,13.642,0.0664849
138,0.95,18.0000042915,1489.73,13.6405,0.0662876
139,0.95,18.0000042915,1483.94,13.6326,0.0660909
140,0.95,18.0000042915,1478.83,15.2021,0.0658947
141,0.95,18.0000042915,1472.03,13.6228,0.0656992
142,0.95,18.0000042915,1465.63,13.6218,0.0655042
143,0.95,18.0000042915,1459.26,13.621,0.0653098
144,0.947222,18.9999961853,1453.72,14.6764,0.065116
145,0.952778,16.9999909401,1448.35,14.1485,0.0649227
146,0.95,18.0000042915,1442.0,13.6053,0.06473
147,0.95,18.0000042915,1435.75,13.605,0.0645379
148,0.947222,18.9999961853,1430.17,14.6562,0.0643464
149,0.952778,16.9999909401,1425.11,14.1463,0.0641554
150,0.95,18.0000042915,1419.06,13.5906,0.063965
151,0.95,18.0000042915,1412.92,13.5908,0.0637751
152,0.947222,18.9999961853,1407.36,14.6356,0.0635859
153,0.95,18.0000042915,1401.47,13.5799,0.0633971
154,0.952778,16.9999909401,1396.42,14.1338,0.063209
155,0.95,18.0000042915,1390.24,13.5787,0.0630214
156,0.947222,18.9999961853,1384.77,14.6183,0.0628344
157,0.95,18.0000042915,1378.99,13.5688,0.0626479
158,0.952778,16.9999909401,1374.0,14.1358,0.0624619
159,0.947222,18.9999961853,1369.72,16.0387,0.0622766
160,0.952778,16.9999909401,1362.72,14.1283,0.0620917
161,0.95,18.0000042915,1356.57,13.5694,0.0619075
162,0.95,18.0000042915,1350.65,13.5708,0.0617237
163,0.947222,18.9999961853,1345.37,14.5914,0.0615405
164,0.952778,16.9999909401,1340.93,14.1254,0.0613579
165,0.95,18.0000042915,1334.64,13.5619,0.0611758
166,0.95,18.0000042915,1328.78,13.5637,0.0609942
167,0.947222,18.9999961853,1323.84,14.5776,0.0608132
168,0.95,18.0000042915,1317.94,13.5562,0.0606327
169,0.952778,16.9999909401,1312.98,14.1289,0.0604528
170,0.947222,18.9999961853,1307.3,17.8417,0.0602733
171,0.944444,20.0000095367,1302.89,19.1285,0.0600945
172,0.95,18.0000042915,1296.46,13.5517,0.0599161
173,0.947222,18.9999961853,1284.57,16.0075,0.0597383
174,0.952778,16.9999909401,1276.2,14.0942,0.059561
175,0.952778,16.9999909401,1270.75,14.1365,0.0593842
176,0.95,18.0000042915,1267.28,15.048,0.059208
177,0.952778,16.9999909401,1261.79,14.0814,0.0590323
178,0.952778,16.9999909401,1257.47,14.0795,0.058857
179,0.952778,16.9999909401,1255.82,15.6653,0.0586824
180,0.955556,15.9999990463,1248.33,14.741,0.0585082
181,0.955556,15.9999990463,1242.34,13.5281,0.0583346
182,0.958333,15.0000071526,1238.35,13.7796,0.0581614
183,0.952778,16.9999909401,1235.19,15.6499,0.0579888
184,0.955556,15.9999990463,1229.13,13.5289,0.0578167
185,0.958333,15.0000071526,1225.72,13.7742,0.0576451
186,0.961111,13.9999938011,1220.95,13.6501,0.057474
187,0.958333,15.0000071526,1217.25,14.9054,0.0573035
188,0.955556,15.9999990463,1213.06,14.7315,0.0571334
189,0.958333,15.0000071526,1208.01,13.4993,0.0569638
190,0.955556,15.9999990463,1207.16,14.7388,0.0567948
191,0.961111,13.9999938011,1200.74,13.6556,0.0566262
192,0.958333,15.0000071526,1197.02,14.9101,0.0564581
193,0.958333,15.0000071526,1192.21,13.7801,0.0562906
194,0.958333,15.0000071526,1187.69,13.5107,0.0561235
195,0.958333,15.0000071526,1186.47,14.6223,0.0559569
196,0.961111,13.9999938011,1180.6,13.6627,0.0557909
197,0.958333,15.0000071526,1178.18,14.6277,0.0556253
198,0.958333,15.0000071526,1172.78,14.927,0.0554602
199,0.958333,15.0000071526,1168.09,13.7839,0.0552956
200,0.961111,13.9999938011,1163.18,13.6704,0.0551315
201,0.958333,15.0000071526,1159.1,13.5318,0.0549679
202,0.955556,15.9999990463,1157.95,14.7453,0.0548047
203,0.958333,15.0000071526,1152.64,14.9339,0.0546421
204,0.955556,15.9999990463,1149.88,14.7398,0.0544799
205,0.961111,13.9999938011,1143.19,13.6791,0.0543182
206,0.958333,15.0000071526,1138.94,13.5456,0.054157
207,0.958333,15.0000071526,1137.42,14.6383,0.0539963
208,0.961111,13.9999938011,1131.82,13.6882,0.053836
209,0.955556,15.9999990463,1130.1,15.8258,0.0536762
210,0.958333,15.0000071526,1123.95,13.8052,0.0535169
211,0.958333,15.0000071526,1118.92,13.8043,0.0533581
212,0.961111,13.9999938011,1114.59,13.6975,0.0531997
213,0.958333,15.0000071526,1110.78,13.5704,0.0530419
214,0.958333,15.0000071526,1110.39,14.6406,0.0528844
215,0.961111,13.9999938011,1104.61,13.6968,0.0527275
216,0.958333,15.0000071526,1102.25,14.6473,0.052571
217,0.961111,13.9999938011,1095.99,13.7058,0.052415
218,0.961111,13.9999938011,1091.62,13.7063,0.0522594
219,0.955556,15.9999990463,1087.88,15.8335,0.0521043
220,0.955556,15.9999990463,1084.12,13.6086,0.0519497
221,0.955556,15.9999990463,1082.28,14.7613,0.0517955
222,0.961111,13.9999938011,1076.1,13.7178,0.0516418
223,0.961111,13.9999938011,1071.74,13.7185,0.0514885
224,0.958333,15.0000071526,1068.93,14.6536,0.0513357
225,0.958333,15.0000071526,1064.82,13.6024,0.0511833
226,0.958333,15.0000071526,1063.36,14.6639,0.0510314
227,0.961111,13.9999938011,1057.49,13.728,0.05088
228,0.961111,13.9999938011,1053.15,13.7289,0.050729
229,0.961111,13.9999938011,1048.91,13.7377,0.0505784
230,0.958333,15.0000071526,1046.24,15.8518,0.0504283
231,0.958333,15.0000071526,1041.32,14.6789,0.0502786
232,0.958333,15.0000071526,1036.37,13.6395,0.0501294
233,0.958333,15.0000071526,1033.49,13.8612,0.0499806
234,0.961111,13.9999938011,1030.79,15.8593,0.0498323
235,0.961111,13.9999938011,1023.82,13.7494,0.0496844
236,0.958333,15.0000071526,1019.62,14.688,0.0495369
237,0.958333,15.0000071526,1015.29,13.6561,0.0493899
238,0.958333,15.0000071526,1013.92,14.699,0.0492433
239,0.961111,13.9999938011,1009.47,13.7605,0.0490972
240,0.961111,13.9999938011,1005.13,13.7618,0.0489515
241,0.961111,13.9999938011,1000.9,13.7708,0.0488062
242,0.961111,13.9999938011,996.568,13.7722,0.0486613
243,0.958333,15.0000071526,992.786,14.7071,0.0485169
244,0.958333,15.0000071526,988.214,15.0176,0.0483729
245,0.961111,13.9999938011,985.602,16.2406,0.0482294
246,0.955556,15.9999990463,978.2,13.7106,0.0480862
247,0.958333,15.0000071526,976.194,14.7186,0.0479435
248,0.963889,13.0000019073,971.609,13.7941,0.0478012
249,0.963889,13.0000019073,967.355,13.7952,0.0476593
250,0.963889,13.0000019073,964.807,14.1978,0.0475179
251,0.963889,13.0000019073,960.902,13.3443,0.0473769
252,0.963889,13.0000019073,959.128,14.2068,0.0472363
253,0.966667,12.0000100136,953.4,12.748,0.0470961
254,0.966667,12.0000100136,951.053,12.7414,0.0469563
255,0.961111,13.9999938011,948.423,14.048,0.0468169
256,0.966667,12.0000100136,944.366,12.7513,0.046678
257,0.966667,12.0000100136,942.246,13.9231,0.0465395
258,0.963889,13.0000019073,939.389,13.366,0.0464013
259,0.966667,12.0000100136,934.524,12.7619,0.0462636
260,0.963889,13.0000019073,933.658,15.2629,0.0461263
261,0.966667,12.0000100136,927.402,12.7618,0.0459894
262,0.966667,12.0000100136,924.737,13.9316,0.0458529
263,0.963889,13.0000019073,922.116,13.3788,0.0457168
264,0.966667,12.0000100136,922.156,15.4136,0.0455812
265,0.963889,13.0000019073,914.138,12.5952,0.0454459
266,0.963889,13.0000019073,913.045,14.2361,0.045311
267,0.969444,10.9999966621,907.651,12.4454,0.0451765
268,0.966667,12.0000100136,905.043,12.7803,0.0450425
269,0.963889,13.0000019073,903.728,14.2378,0.0449088
270,0.963889,13.0000019073,899.549,13.3939,0.0447755
271,0.963889,13.0000019073,897.817,14.0884,0.0446426
272,0.969444,10.9999966621,892.787,12.4547,0.0445101
273,0.966667,12.0000100136,890.096,12.7929,0.044378
274,0.963889,13.0000019073,888.811,14.2502,0.0442463
275,0.966667,12.0000100136,884.383,12.7948,0.044115
276,0.969444,10.9999966621,882.559,13.687,0.043984
277,0.966667,12.0000100136,881.5,12.8008,0.0438535
278,0.966667,12.0000100136,879.066,13.9566,0.0437234
279,0.966667,12.0000100136,877.17,12.6301,0.0435936
280,0.972222,10.0000047684,875.474,11.6752,0.0434642
281,0.966667,12.0000100136,874.371,12.8156,0.0433352
282,0.972222,10.0000047684,872.046,12.9937,0.0432066
283,0.969444,10.9999966621,870.131,14.8979,0.0430784
284,0.966667,12.0000100136,867.57,12.825,0.0429505
285,0.969444,10.9999966621,866.254,13.8511,0.042823
286,0.969444,10.9999966621,862.931,15.0865,0.042696
287,0.969444,10.9999966621,857.525,11.9927,0.0425692
288,0.969444,10.9999966621,856.589,11.7737,0.0424429
289,0.972222,10.0000047684,854.377,11.6851,0.0423169
290,0.966667,12.0000100136,854.364,12.8421,0.0421913
291,0.972222,10.0000047684,853.341,14.8392,0.0420661
292,0.969444,10.9999966621,849.685,12.0039,0.0419413
293,0.966667,12.0000100136,848.844,12.8528,0.0418168
294,0.969444,10.9999966621,848.126,14.9191,0.0416927
295,0.972222,10.0000047684,843.441,11.6986,0.0415689
296,0.969444,10.9999966621,843.932,13.8827,0.0414456
297,0.969444,10.9999966621,841.37,15.1052,0.0413226
298,0.963889,13.0000019073,836.91,12.7102,0.0411999
299,0.972222,10.0000047684,834.991,13.0158,0.0410777
300,0.972222,10.0000047684,832.687,14.852,0.0409557
301,0.966667,12.0000100136,830.058,12.8723,0.0408342
302,0.969444,10.9999966621,827.633,12.0242,0.040713
303,0.969444,10.9999966621,827.6,14.9368,0.0405922
304,0.969444,10.9999966621,823.855,12.5324,0.0404717
305,0.969444,10.9999966621,822.636,12.0317,0.0403516
306,0.969444,10.9999966621,822.236,15.1261,0.0402318
307,0.966667,12.0000100136,818.564,12.7211,0.0401124
308,0.966667,12.0000100136,817.643,14.1378,0.0399934
309,0.972222,10.0000047684,813.199,11.7144,0.0398747
310,0.969444,10.9999966621,813.792,13.9152,0.0397563
311,0.972222,10.0000047684,810.607,14.869,0.0396383
312,0.969444,10.9999966621,806.973,12.041,0.0395207
313,0.969444,10.9999966621,806.104,13.9233,0.0394034
314,0.966667,12.0000100136,802.99,13.8504,0.0392865
315,0.972222,10.0000047684,800.593,11.7278,0.0391699
316,0.969444,10.9999966621,801.013,13.9323,0.0390536
317,0.966667,12.0000100136,797.949,14.0441,0.0389377
318,0.972222,10.0000047684,795.035,11.734,0.0388221
319,0.969444,10.9999966621,795.402,13.9414,0.0387069
320,0.969444,10.9999966621,792.423,14.052,0.038592
321,0.969444,10.9999966621,789.624,11.8532,0.0384775
322,0.969444,10.9999966621,790.258,13.9505,0.0383633
323,0.969444,10.9999966621,788.307,15.1562,0.0382495
324,0.966667,12.0000100136,783.266,12.9457,0.0381359
325,0.972222,10.0000047684,780.948,13.0591,0.0380228
326,0.969444,10.9999966621,779.574,14.986,0.0379099
327,0.966667,12.0000100136,775.439,12.7848,0.0377974
328,0.969444,10.9999966621,774.761,12.0793,0.0376852
329,0.966667,12.0000100136,771.886,12.9654,0.0375734
330,0.972222,10.0000047684,770.447,11.7568,0.0374619
331,0.969444,10.9999966621,770.982,15.176,0.0373507
332,0.966667,12.0000100136,766.176,12.9767,0.0372398
333,0.972222,10.0000047684,764.992,13.0718,0.0371293
334,0.972222,10.0000047684,762.531,13.629,0.0370191
335,0.969444,10.9999966621,761.784,15.1816,0.0369092
336,0.969444,10.9999966621,755.946,12.0932,0.0367997
337,0.975,8.99999141693,756.186,12.2963,0.0366905
338,0.977778,7.99999952316,755.606,12.0812,0.0365816
339,0.975,8.99999141693,755.674,12.4172,0.036473
340,0.975,8.99999141693,754.592,12.4196,0.0363648
341,0.977778,7.99999952316,754.041,12.0839,0.0362568
342,0.972222,10.0000047684,754.017,13.0883,0.0361492
343,0.975,8.99999141693,752.362,12.4245,0.0360419
344,0.977778,7.99999952316,751.904,12.087,0.035935
345,0.975,8.99999141693,751.768,12.427,0.0358283
346,0.975,8.99999141693,750.695,11.3808,0.035722
347,0.977778,7.99999952316,752.072,12.0909,0.035616
348,0.975,8.99999141693,751.844,12.4331,0.0355103
349,0.977778,7.99999952316,750.849,12.0931,0.0354049
350,0.972222,10.0000047684,751.359,13.1022,0.0352998
351,0.972222,10.0000047684,749.68,14.9705,0.035195
352,0.975,8.99999141693,746.1,11.0256,0.0350906
353,0.969444,10.9999966621,748.033,13.8082,0.0349864
354,0.975,8.99999141693,747.219,12.4411,0.0348826
355,0.977778,7.99999952316,746.41,12.0984,0.0347791
356,0.975,8.99999141693,746.586,12.4437,0.0346759
357,0.972222,10.0000047684,745.523,12.7039,0.0345729
358,0.977778,7.99999952316,745.193,12.1023,0.0344703
359,0.975,8.99999141693,745.254,12.4491,0.034368
360,0.975,8.99999141693,744.171,12.4516,0.034266
361,0.975,8.99999141693,743.608,12.3698,0.0341643
362,0.975,8.99999141693,743.907,12.4546,0.0340629
363,0.975,8.99999141693,742.824,12.457,0.0339618
364,0.977778,7.99999952316,742.33,12.1092,0.0338611
365,0.972222,10.0000047684,742.214,12.7172,0.0337606
366,0.977778,7.99999952316,741.47,12.1125,0.0336604
367,0.975,8.99999141693,741.873,12.4627,0.0335605
368,0.975,8.99999141693,740.792,12.4651,0.0334609
369,0.975,8.99999141693,739.896,12.38,0.0333615
370,0.975,8.99999141693,740.491,12.4681,0.0332625
371,0.975,8.99999141693,739.41,12.4705,0.0331638
372,0.977778,7.99999952316,738.551,12.1195,0.0330654
373,0.972222,10.0000047684,738.805,12.7307,0.0329673
374,0.975,8.99999141693,738.013,12.476,0.0328694
375,0.975,8.99999141693,737.606,12.4741,0.0327719
376,0.975,8.99999141693,736.523,12.4765,0.0326746
377,0.975,8.99999141693,736.112,12.385,0.0325776
378,0.975,8.99999141693,736.186,12.4796,0.0324809
379,0.977778,7.99999952316,735.126,12.1242,0.0323845
380,0.975,8.99999141693,735.475,12.4823,0.0322884
381,0.972222,10.0000047684,734.509,12.7417,0.0321926
382,0.977778,7.99999952316,733.815,12.1282,0.032097
383,0.975,8.99999141693,734.038,12.4878,0.0320018
384,0.975,8.99999141693,732.957,12.4902,0.0319068
385,0.975,8.99999141693,732.262,12.3954,0.0318121
386,0.975,8.99999141693,732.586,12.4933,0.0317177
387,0.975,8.99999141693,731.506,12.4957,0.0316236
388,0.977778,7.99999952316,730.804,12.1353,0.0315297
389,0.972222,10.0000047684,730.91,12.7554,0.0314361
390,0.975,8.99999141693,727.535,12.4983,0.0313428
391,0.977778,7.99999952316,726.953,12.1369,0.0312498
392,0.972222,10.0000047684,727.139,12.7587,0.0311571
393,0.975,8.99999141693,726.059,12.5038,0.0310646
394,0.977778,7.99999952316,725.6,12.1409,0.0309724
395,0.972222,10.0000047684,725.309,12.7643,0.0308805
396,0.977778,7.99999952316,724.674,12.1443,0.0307888
397,0.975,8.99999141693,724.889,12.5098,0.0306975
398,0.975,8.99999141693,723.814,12.5122,0.0306063
399,0.975,8.99999141693,722.979,12.4123,0.0305155
400,0.975,8.99999141693,723.385,12.5154,0.0304249
401,0.975,8.99999141693,722.31,12.5178,0.0303346
402,0.977778,7.99999952316,721.58,12.1514,0.0302446
403,0.972222,10.0000047684,721.564,12.7782,0.0301549
404,0.975,8.99999141693,720.795,12.5234,0.0300654
405,0.977778,7.99999952316,720.189,12.1555,0.0299761
406,0.975,8.99999141693,720.01,12.5262,0.0298872
407,0.972222,10.0000047684,718.979,12.7859,0.0297985
408,0.977778,7.99999952316,718.786,12.1596,0.02971
409,0.975,8.99999141693,718.474,12.5318,0.0296219
410,0.977778,7.99999952316,717.504,12.162,0.0295339
411,0.972222,10.0000047684,717.731,12.7923,0.0294463
412,0.975,8.99999141693,716.932,12.5374,0.0293589
413,0.977778,7.99999952316,716.087,12.1661,0.0292718
414,0.975,8.99999141693,716.127,12.5403,0.0291849
415,0.972222,10.0000047684,715.12,12.8,0.0290983
416,0.977778,7.99999952316,714.659,12.1702,0.0290119
417,0.975,8.99999141693,714.566,12.5459,0.0289258
418,0.975,8.99999141693,713.496,12.5483,0.02884
419,0.972222,10.0000047684,713.115,12.8041,0.0287544
420,0.977778,7.99999952316,712.38,12.1716,0.028669
421,0.975,8.99999141693,712.536,12.5501,0.0285839
422,0.975,8.99999141693,711.467,12.5525,0.0284991
423,0.975,8.99999141693,710.706,12.4397,0.0284145
424,0.975,8.99999141693,710.952,12.5557,0.0283302
425,0.975,8.99999141693,709.883,12.5581,0.0282461
426,0.977778,7.99999952316,709.173,12.179,0.0281623
427,0.972222,10.0000047684,709.14,12.8183,0.0280787
428,0.975,8.99999141693,708.289,12.5637,0.0279954
429,0.977778,7.99999952316,707.714,12.1831,0.0279123
430,0.975,8.99999141693,707.446,12.5667,0.0278294
431,0.975,8.99999141693,706.522,12.4504,0.0277468
432,0.975,8.99999141693,706.904,12.5699,0.0276645
433,0.975,8.99999141693,705.84,12.5723,0.0275824
434,0.977778,7.99999952316,704.948,12.1896,0.0275005
435,0.972222,10.0000047684,705.096,12.8326,0.0274189
436,0.975,8.99999141693,704.223,12.5779,0.0273375
437,0.977778,7.99999952316,703.468,12.1937,0.0272564
438,0.975,8.99999141693,703.364,12.5809,0.0271755
439,0.972222,10.0000047684,702.418,12.8404,0.0270948
440,0.977778,7.99999952316,701.979,12.1979,0.0270144
441,0.975,8.99999141693,701.73,12.5866,0.0269343
442,0.977778,7.99999952316,700.68,12.2003,0.0268543
443,0.972222,10.0000047684,700.985,12.8469,0.0267746
444,0.975,8.99999141693,697.954,12.5897,0.0266952
445,0.977778,7.99999952316,697.041,12.2023,0.0266159
446,0.975,8.99999141693,697.575,13.2018,0.0265369
447,0.977778,7.99999952316,696.36,12.9531,0.0264582
448,0.977778,7.99999952316,695.534,12.2065,0.0263797
449,0.975,8.99999141693,695.785,13.2063,0.0263014
450,0.977778,7.99999952316,694.864,12.9576,0.0262233
451,0.980556,7.00000762939,694.082,12.0681,0.0261455
452,0.980556,7.00000762939,693.738,12.0689,0.0260679
453,0.975,8.99999141693,693.753,13.2122,0.0259905
454,0.980556,7.00000762939,693.034,12.0712,0.0259134
455,0.977778,7.99999952316,692.865,12.9642,0.0258365
456,0.980556,7.00000762939,692.049,12.0728,0.0257598
457,0.977778,7.99999952316,691.72,13.218,0.0256833
458,0.980556,7.00000762939,691.34,12.0751,0.0256071
459,0.980556,7.00000762939,690.995,12.0759,0.0255311
460,0.977778,7.99999952316,690.852,12.9708,0.0254553
461,0.977778,7.99999952316,690.047,12.3464,0.0253798
462,0.980556,7.00000762939,689.952,12.0789,0.0253045
463,0.980556,7.00000762939,689.607,12.0797,0.0252294
464,0.977778,7.99999952316,689.456,12.976,0.0251545
465,0.977778,7.99999952316,688.664,12.3503,0.0250798
466,0.980556,7.00000762939,688.56,12.0827,0.0250054
467,0.980556,7.00000762939,688.215,12.0835,0.0249312
468,0.977778,7.99999952316,688.057,12.9811,0.0248572
469,0.977778,7.99999952316,687.278,12.3541,0.0247834
470,0.980556,7.00000762939,685.261,12.0841,0.0247099
471,0.980556,7.00000762939,684.915,12.0849,0.0246365
472,0.975,8.99999141693,684.94,13.2356,0.0245634
473,0.980556,7.00000762939,684.21,12.0871,0.0244905
474,0.980556,7.00000762939,683.863,12.0879,0.0244178
475,0.980556,7.00000762939,683.516,12.0887,0.0243454
476,0.975,8.99999141693,683.536,13.2407,0.0242731
477,0.980556,7.00000762939,682.77,12.0877,0.0242011
478,0.977778,7.99999952316,682.735,12.9894,0.0241292
479,0.980556,7.00000762939,681.806,12.0894,0.0240576
480,0.977778,7.99999952316,681.659,12.3601,0.0239862
481,0.980556,7.00000762939,681.367,12.0915,0.023915
482,0.977778,7.99999952316,681.321,12.9945,0.0238441
483,0.980556,7.00000762939,680.403,12.0931,0.0237733
484,0.977778,7.99999952316,680.259,12.3639,0.0237027
485,0.980556,7.00000762939,679.96,12.0952,0.0236324
486,0.977778,7.99999952316,679.902,12.9996,0.0235623
487,0.980556,7.00000762939,678.998,12.0968,0.0234923
488,0.977778,7.99999952316,678.857,12.3677,0.0234226
489,0.980556,7.00000762939,678.551,12.099,0.0233531
490,0.977778,7.99999952316,678.48,13.0046,0.0232838
491,0.980556,7.00000762939,677.59,12.1006,0.0232147
492,0.977778,7.99999952316,677.452,12.3716,0.0231458
493,0.980556,7.00000762939,675.365,12.1005,0.0230771
494,0.975,8.99999141693,675.377,13.26,0.0230086
495,0.980556,7.00000762939,674.649,12.1026,0.0229403
496,0.980556,7.00000762939,674.301,12.1034,0.0228722
497,0.980556,7.00000762939,673.954,12.1042,0.0228043
498,0.975,8.99999141693,673.955,13.2651,0.0227367
499,0.980556,7.00000762939,673.236,12.1063,0.0226692
500,0.980556,7.00000762939,672.889,12.1071,0.0226019
501,0.980556,7.00000762939,672.542,12.1079,0.0225348
502,0.972222,10.0000047684,672.773,15.4548,0.0224679
503,0.980556,7.00000762939,672.492,12.1108,0.0224013
504,0.980556,7.00000762939,672.145,12.1116,0.0223348
505,0.977778,7.99999952316,672.1,13.0207,0.0222685
506,0.977778,7.99999952316,671.298,12.3846,0.0222024
507,0.980556,7.00000762939,669.38,12.1124,0.0221365
508,0.980556,7.00000762939,669.034,12.1132,0.0220708
509,0.975,8.99999141693,669.219,13.2771,0.0220053
510,0.980556,7.00000762939,668.314,12.1153,0.02194
511,0.980556,7.00000762939,667.967,12.116,0.0218749
512,0.980556,7.00000762939,667.622,12.3892,0.0218099
513,0.977778,7.99999952316,667.773,13.0284,0.0217452
514,0.980556,7.00000762939,666.902,12.1189,0.0216807
515,0.980556,7.00000762939,666.557,12.1197,0.0216163
516,0.977778,7.99999952316,666.475,13.915,0.0215522
517,0.980556,7.00000762939,666.483,12.1226,0.0214882
518,0.980556,7.00000762939,666.138,12.1233,0.0214244
519,0.980556,7.00000762939,665.794,13.0358,0.0213609
520,0.977778,7.99999952316,665.201,12.3974,0.0212975
521,0.980556,7.00000762939,665.072,12.1261,0.0212343
522,0.980556,7.00000762939,664.728,12.1269,0.0211712
523,0.980556,7.00000762939,664.383,12.1277,0.0211084
524,0.975,8.99999141693,664.333,13.2957,0.0210458
525,0.980556,7.00000762939,662.054,12.1277,0.0209833
526,0.980556,7.00000762939,661.71,12.1285,0.020921
527,0.977778,7.99999952316,661.502,12.4028,0.0208589
528,0.975,8.99999141693,661.801,15.2588,0.020797
529,0.980556,7.00000762939,661.276,12.1321,0.0207353
530,0.977778,7.99999952316,660.965,13.0466,0.0206738
531,0.977778,7.99999952316,660.481,12.4073,0.0206124
532,0.980556,7.00000762939,660.213,12.1349,0.0205512
533,0.980556,7.00000762939,659.871,12.1356,0.0204902
534,0.977778,7.99999952316,659.541,13.0514,0.0204294
535,0.977778,7.99999952316,659.078,12.4109,0.0203688
536,0.980556,7.00000762939,658.808,12.1384,0.0203083
537,0.980556,7.00000762939,658.466,12.1391,0.0202481
538,0.980556,7.00000762939,658.124,12.1399,0.020188
539,0.975,8.99999141693,658.203,13.3123,0.0201281
540,0.980556,7.00000762939,657.405,12.1419,0.0200683
541,0.980556,7.00000762939,657.063,12.1426,0.0200088
542,0.977778,7.99999952316,657.023,13.6904,0.0199494
543,0.975,8.99999141693,657.024,13.3155,0.0198902
544,0.980556,7.00000762939,654.826,12.1417,0.0198311
545,0.977778,7.99999952316,654.523,12.4174,0.0197723
546,0.983333,5.99999427795,654.375,11.9206,0.0197136
547,0.980556,7.00000762939,654.349,12.996,0.0196551
548,0.980556,7.00000762939,653.929,12.1447,0.0195967
549,0.983333,5.99999427795,653.743,11.9216,0.0195386
550,0.980556,7.00000762939,653.758,12.2765,0.0194806
551,0.983333,5.99999427795,653.786,11.9226,0.0194228
552,0.983333,5.99999427795,653.74,11.9228,0.0193651
553,0.983333,5.99999427795,653.695,11.9231,0.0193077
554,0.980556,7.00000762939,653.73,12.9992,0.0192504
555,0.983333,5.99999427795,653.245,11.9237,0.0191932
556,0.980556,7.00000762939,653.306,12.2791,0.0191363
557,0.983333,5.99999427795,653.284,11.9247,0.0190795
558,0.983333,5.99999427795,653.239,11.925,0.0190229
559,0.983333,5.99999427795,653.194,11.9253,0.0189664
560,0.983333,5.99999427795,653.148,11.9256,0.0189101
561,0.980556,7.00000762939,653.119,13.3292,0.018854
562,0.983333,5.99999427795,652.833,11.9265,0.018798
563,0.983333,5.99999427795,652.787,11.9268,0.0187422
564,0.983333,5.99999427795,652.742,11.9271,0.0186866
565,0.983333,5.99999427795,652.697,11.9274,0.0186311
566,0.983333,5.99999427795,652.651,11.9277,0.0185759
567,0.980556,7.00000762939,652.649,12.2841,0.0185207
568,0.983333,5.99999427795,651.271,11.927,0.0184658
569,0.980556,7.00000762939,651.321,13.0038,0.018411
570,0.983333,5.99999427795,650.835,11.9276,0.0183563
571,0.980556,7.00000762939,650.908,12.2847,0.0183018
572,0.983333,5.99999427795,650.868,11.9285,0.0182475
573,0.983333,5.99999427795,650.823,11.9288,0.0181934
574,0.983333,5.99999427795,650.777,11.929,0.0181394
575,0.980556,7.00000762939,650.758,13.8019,0.0180855
576,0.980556,7.00000762939,650.874,12.2859,0.0180319
577,0.980556,7.00000762939,651.02,13.006,0.0179783
578,0.983333,5.99999427795,650.553,11.9293,0.017925
579,0.983333,5.99999427795,650.507,11.9295,0.0178718
580,0.983333,5.99999427795,650.462,11.9298,0.0178187
581,0.983333,5.99999427795,650.416,11.9301,0.0177659
582,0.980556,7.00000762939,650.421,12.2883,0.0177131
583,0.983333,5.99999427795,650.445,11.931,0.0176606
584,0.980556,7.00000762939,650.417,13.0088,0.0176081
585,0.983333,5.99999427795,650.024,11.9315,0.0175559
586,0.983333,5.99999427795,649.978,11.9318,0.0175038
587,0.983333,5.99999427795,649.933,11.9321,0.0174518
588,0.980556,7.00000762939,649.971,12.2907,0.0174
589,0.983333,5.99999427795,649.958,11.9329,0.0173484
590,0.983333,5.99999427795,649.912,11.9332,0.0172969
591,0.983333,5.99999427795,649.867,11.9335,0.0172456
592,0.980556,7.00000762939,649.908,13.0119,0.0171944
593,0.983333,5.99999427795,649.453,11.934,0.0171434
594,0.980556,7.00000762939,649.522,12.293,0.0170925
595,0.983333,5.99999427795,648.171,11.9334,0.0170417
596,0.983333,5.99999427795,648.125,11.9337,0.0169912
597,0.980556,7.00000762939,648.127,12.2935,0.0169407
598,0.983333,5.99999427795,648.148,11.9345,0.0168905
599,0.980556,7.00000762939,648.12,13.0131,0.0168403
600,0.983333,5.99999427795,647.841,11.9328,0.0167904
601,0.983333,5.99999427795,647.795,11.9331,0.0167405
602,0.980556,7.00000762939,647.781,13.0129,0.0166908
603,0.980556,7.00000762939,647.466,12.2934,0.0166413
604,0.983333,5.99999427795,647.456,11.9342,0.0165919
605,0.983333,5.99999427795,647.41,11.9345,0.0165427
606,0.983333,5.99999427795,647.365,11.9347,0.0164936
607,0.983333,5.99999427795,647.32,11.935,0.0164446
608,0.983333,5.99999427795,647.275,11.9352,0.0163958
609,0.980556,7.00000762939,647.332,12.2959,0.0163472
610,0.980556,7.00000762939,647.385,13.0159,0.0162986
611,0.983333,5.99999427795,646.939,11.9364,0.0162503
612,0.983333,5.99999427795,646.894,11.9366,0.016202
613,0.983333,5.99999427795,646.849,11.9368,0.016154
614,0.980556,7.00000762939,646.807,12.2978,0.016106
615,0.983333,5.99999427795,646.866,11.9377,0.0160582
616,0.983333,5.99999427795,646.822,11.9379,0.0160106
617,0.980556,7.00000762939,646.8,13.0186,0.015963
618,0.983333,5.99999427795,646.429,11.9384,0.0159157
619,0.983333,5.99999427795,646.385,11.9387,0.0158684
620,0.980556,7.00000762939,646.367,12.3,0.0158213
621,0.983333,5.99999427795,645.19,11.9381,0.0157744
622,0.983333,5.99999427795,645.146,11.9383,0.0157276
623,0.983333,5.99999427795,645.1,11.9386,0.0156809
624,0.980556,7.00000762939,645.139,12.3007,0.0156343
625,0.977778,7.99999952316,645.304,15.5043,0.0155879
626,0.980556,7.00000762939,645.349,13.0193,0.0155417
627,0.983333,5.99999427795,644.88,11.9388,0.0154955
628,0.983333,5.99999427795,644.835,11.939,0.0154496
629,0.983333,5.99999427795,644.79,11.9393,0.0154037
630,0.980556,7.00000762939,644.85,12.3019,0.015358
631,0.983333,5.99999427795,644.802,11.9401,0.0153124
632,0.983333,5.99999427795,644.757,11.9403,0.015267
633,0.980556,7.00000762939,644.776,13.0218,0.0152217
634,0.983333,5.99999427795,644.38,11.9408,0.0151765
635,0.980556,7.00000762939,644.343,12.3037,0.0151314
636,0.983333,5.99999427795,644.39,11.9416,0.0150865
637,0.983333,5.99999427795,644.346,11.9418,0.0150418
638,0.983333,5.99999427795,644.302,11.942,0.0149971
639,0.983333,5.99999427795,644.258,11.9423,0.0149526
640,0.983333,5.99999427795,644.214,11.9425,0.0149082
641,0.977778,7.99999952316,644.306,13.3583,0.014864
642,0.983333,5.99999427795,643.939,11.9433,0.0148199
643,0.983333,5.99999427795,643.895,11.9435,0.0147759
644,0.983333,5.99999427795,643.851,11.9437,0.014732
645,0.986111,5.00000238419,643.81,11.4056,0.0146883
646,0.986111,5.00000238419,643.811,11.4059,0.0146447
647,0.983333,5.99999427795,643.854,12.0018,0.0146012
648,0.983333,5.99999427795,642.811,12.5339,0.0145579
649,0.986111,5.00000238419,642.49,11.4056,0.0145147
650,0.986111,5.00000238419,642.49,11.4059,0.0144716
651,0.983333,5.99999427795,642.581,12.0025,0.0144287
652,0.986111,5.00000238419,642.451,11.4064,0.0143859
653,0.986111,5.00000238419,642.451,11.4067,0.0143432
654,0.986111,5.00000238419,642.451,11.407,0.0143006
655,0.986111,5.00000238419,642.451,11.4073,0.0142581
656,0.983333,5.99999427795,642.539,12.5366,0.0142158
657,0.983333,5.99999427795,642.37,12.0028,0.0141736
658,0.986111,5.00000238419,642.225,11.4063,0.0141316
659,0.983333,5.99999427795,642.324,12.5365,0.0140896
660,0.986111,5.00000238419,641.955,11.4068,0.0140478
661,0.986111,5.00000238419,641.955,11.4071,0.0140061
662,0.983333,5.99999427795,641.967,12.0045,0.0139646
663,0.986111,5.00000238419,641.914,11.4076,0.0139231
664,0.986111,5.00000238419,641.913,11.4079,0.0138818
665,0.986111,5.00000238419,641.912,11.4082,0.0138406
666,0.983333,5.99999427795,641.944,12.5389,0.0137995
667,0.986111,5.00000238419,641.646,11.4087,0.0137586
668,0.983333,5.99999427795,641.671,12.0065,0.0137177
669,0.986111,5.00000238419,641.606,11.4093,0.013677
670,0.986111,5.00000238419,641.604,11.4095,0.0136364
671,0.986111,5.00000238419,641.603,11.4098,0.013596
672,0.986111,5.00000238419,641.601,11.4101,0.0135556
673,0.983333,5.99999427795,641.624,13.6945,0.0135154
674,0.983333,5.99999427795,641.458,12.0089,0.0134753
675,0.986111,5.00000238419,640.454,11.41,0.0134353
676,0.986111,5.00000238419,640.452,11.4102,0.0133954
677,0.986111,5.00000238419,640.45,11.4105,0.0133556
678,0.983333,5.99999427795,640.527,12.0097,0.013316
679,0.983333,5.99999427795,640.45,12.5413,0.0132765
680,0.986111,5.00000238419,640.231,11.4096,0.0132371
681,0.986111,5.00000238419,640.23,11.4098,0.0131978
682,0.983333,5.99999427795,640.279,12.5413,0.0131586
683,0.986111,5.00000238419,639.973,11.4103,0.0131196
684,0.983333,5.99999427795,640.059,12.0098,0.0130806
685,0.986111,5.00000238419,639.93,11.4108,0.0130418
686,0.986111,5.00000238419,639.928,11.4111,0.0130031
687,0.986111,5.00000238419,639.925,11.4113,0.0129645
688,0.986111,5.00000238419,639.922,11.4116,0.012926
689,0.986111,5.00000238419,639.92,11.4119,0.0128877
690,0.980556,7.00000762939,640.102,13.0919,0.0128494
691,0.986111,5.00000238419,639.629,11.4124,0.0128113
692,0.986111,5.00000238419,639.627,11.4126,0.0127733
693,0.986111,5.00000238419,639.624,11.4129,0.0127354
694,0.986111,5.00000238419,639.621,11.4131,0.0126976
695,0.983333,5.99999427795,639.627,12.0134,0.0126599
696,0.986111,5.00000238419,639.578,11.4136,0.0126223
697,0.983333,5.99999427795,639.597,12.5459,0.0125848
698,0.986111,5.00000238419,639.33,11.4141,0.0125475
699,0.986111,5.00000238419,639.327,11.4143,0.0125102
700,0.986111,5.00000238419,639.323,11.4146,0.0124731
701,0.983333,5.99999427795,639.337,12.0152,0.0124361
702,0.986111,5.00000238419,639.28,11.4151,0.0123992
703,0.986111,5.00000238419,639.276,11.4153,0.0123624
704,0.986111,5.00000238419,639.273,11.4156,0.0123257
705,0.983333,5.99999427795,639.322,12.5483,0.0122891
706,0.986111,5.00000238419,639.028,11.416,0.0122526
707,0.983333,5.99999427795,639.048,12.017,0.0122163
708,0.986111,5.00000238419,638.142,11.4156,0.01218
709,0.986111,5.00000238419,638.138,11.4158,0.0121439
710,0.986111,5.00000238419,638.134,11.4161,0.0121078
711,0.983333,5.99999427795,638.188,12.0178,0.0120719
712,0.986111,5.00000238419,638.09,11.4166,0.0120361
713,0.983333,5.99999427795,638.169,12.5495,0.0120003
714,0.986111,5.00000238419,637.924,11.4155,0.0119647
715,0.983333,5.99999427795,637.97,13.6985,0.0119292
716,0.986111,5.00000238419,637.759,11.4161,0.0118938
717,0.983333,5.99999427795,637.818,12.0182,0.0118585
718,0.986111,5.00000238419,637.715,11.4166,0.0118233
719,0.986111,5.00000238419,637.71,11.4168,0.0117882
720,0.986111,5.00000238419,637.705,11.417,0.0117532
721,0.983333,5.99999427795,637.763,12.5506,0.0117184
722,0.986111,5.00000238419,637.47,11.4175,0.0116836
723,0.983333,5.99999427795,637.533,12.02,0.0116489
724,0.986111,5.00000238419,637.425,11.4179,0.0116143
725,0.986111,5.00000238419,637.421,11.4182,0.0115799
726,0.986111,5.00000238419,637.416,11.4184,0.0115455
727,0.986111,5.00000238419,637.411,11.4186,0.0115112
728,0.986111,5.00000238419,637.406,11.4188,0.0114771
729,0.980556,7.00000762939,637.561,13.1035,0.011443
730,0.986111,5.00000238419,637.141,11.4193,0.011409
731,0.986111,5.00000238419,637.136,11.4195,0.0113752
732,0.986111,5.00000238419,637.131,11.4197,0.0113414
733,0.986111,5.00000238419,637.126,11.42,0.0113078
734,0.986111,5.00000238419,637.121,11.4202,0.0112742
735,0.983333,5.99999427795,637.19,12.0235,0.0112407
736,0.980556,7.00000762939,636.504,11.9586,0.0112074
737,0.986111,5.00000238419,636.744,11.4191,0.0111741
738,0.986111,5.00000238419,636.739,11.4193,0.011141
739,0.986111,5.00000238419,636.733,11.4195,0.0111079
740,0.980556,7.00000762939,636.843,13.1059,0.0110749
741,0.986111,5.00000238419,636.475,11.42,0.0110421
742,0.986111,5.00000238419,636.47,11.4202,0.0110093
743,0.986111,5.00000238419,636.464,11.4204,0.0109766
744,0.986111,5.00000238419,636.458,11.4206,0.010944
745,0.986111,5.00000238419,636.453,11.4208,0.0109116
746,0.983333,5.99999427795,636.515,12.0248,0.0108792
747,0.983333,5.99999427795,636.074,10.5988,0.0108469
748,0.980556,7.00000762939,636.241,11.9602,0.0108147
749,0.983333,5.99999427795,636.881,13.9069,0.0107826
750,0.980556,7.00000762939,636.014,11.5156,0.0107506
751,0.983333,5.99999427795,636.454,13.9073,0.0107187
752,0.983333,5.99999427795,635.825,10.6002,0.0106869
753,0.986111,5.00000238419,636.195,11.4221,0.0106552
754,0.986111,5.00000238419,636.189,11.4224,0.0106235
755,0.986111,5.00000238419,636.183,11.4226,0.010592
756,0.986111,5.00000238419,636.178,11.4228,0.0105606
757,0.983333,5.99999427795,636.251,12.0277,0.0105292
758,0.986111,5.00000238419,636.133,11.4232,0.010498
759,0.983333,5.99999427795,636.194,12.5585,0.0104668
760,0.986111,5.00000238419,635.918,11.4236,0.0104358
761,0.986111,5.00000238419,635.912,11.4238,0.0104048
762,0.986111,5.00000238419,635.907,12.0289,0.0103739
763,0.983333,5.99999427795,635.578,10.601,0.0103431
764,0.983333,5.99999427795,635.734,10.6021,0.0103124
765,0.983333,5.99999427795,636.434,13.9101,0.0102818
766,0.983333,5.99999427795,635.741,10.6021,0.0102513
767,0.986111,5.00000238419,636.065,11.425,0.0102209
768,0.983333,5.99999427795,636.082,12.0306,0.0101905
769,0.983333,5.99999427795,636.072,12.5605,0.0101603
770,0.986111,5.00000238419,635.878,11.4243,0.0101301
771,0.986111,5.00000238419,635.872,11.4245,0.0101001
772,0.983333,5.99999427795,635.922,12.5606,0.0100701
773,0.986111,5.00000238419,635.664,11.4248,0.0100402
774,0.983333,5.99999427795,635.68,12.0306,0.0100104
775,0.983333,5.99999427795,635.295,10.6015,0.0099807
776,0.986111,5.00000238419,635.455,11.4252,0.00995108
777,0.983333,5.99999427795,635.477,10.6026,0.00992155
778,0.983333,5.99999427795,636.276,13.9114,0.0098921
779,0.980556,7.00000762939,635.559,11.5196,0.00986275
780,0.983333,5.99999427795,635.881,13.9117,0.00983347
781,0.983333,5.99999427795,635.35,10.6026,0.00980429
782,0.986111,5.00000238419,635.601,11.4263,0.00977519
783,0.983333,5.99999427795,635.648,12.5624,0.00974618
784,0.986111,5.00000238419,635.398,11.4266,0.00971725
785,0.983333,5.99999427795,635.423,12.0333,0.00968841
786,0.986111,5.00000238419,635.355,11.427,0.00965966
787,0.986111,5.00000238419,635.349,11.4272,0.00963099
788,0.986111,5.00000238419,635.342,11.4274,0.00960241
789,0.986111,5.00000238419,635.336,11.4276,0.00957391
790,0.983333,5.99999427795,635.351,10.6042,0.00954549
791,0.980556,7.00000762939,636.247,14.8612,0.00951717
792,0.980556,7.00000762939,635.389,11.5207,0.00948892
793,0.983333,5.99999427795,635.728,13.9129,0.00946076
794,0.983333,5.99999427795,635.098,10.6031,0.00943268
795,0.986111,5.00000238419,635.345,11.4274,0.00940468
796,0.983333,5.99999427795,635.379,12.5643,0.00937677
797,0.983333,5.99999427795,635.197,12.0349,0.00934894
798,0.983333,5.99999427795,634.789,10.6035,0.0093212
799,0.986111,5.00000238419,634.957,11.4279,0.00929353
800,0.983333,5.99999427795,634.957,10.6045,0.00926595
801,0.983333,5.99999427795,635.6,13.9143,0.00923845
802,0.980556,7.00000762939,635.057,11.5227,0.00921103
803,0.986111,5.00000238419,635.248,11.4288,0.00918369
804,0.986111,5.00000238419,635.241,11.429,0.00915644
805,0.986111,5.00000238419,635.235,11.4292,0.00912926
806,0.983333,5.99999427795,635.25,12.5662,0.00910217
807,0.986111,5.00000238419,635.044,11.4295,0.00907515
808,0.986111,5.00000238419,635.037,11.4297,0.00904822
809,0.983333,5.99999427795,635.091,12.0377,0.00902137
810,0.983333,5.99999427795,634.643,10.605,0.00899459
811,0.986111,5.00000238419,634.844,11.43,0.0089679
812,0.986111,5.00000238419,634.837,11.4302,0.00894128
813,0.986111,5.00000238419,634.832,10.606,0.00891475
814,0.983333,5.99999427795,635.558,13.9166,0.00888829
815,0.980556,7.00000762939,635.008,11.5249,0.00886191
816,0.980556,7.00000762939,635.203,14.8649,0.00883561
817,0.983333,5.99999427795,634.486,10.6063,0.00880938
818,0.986111,5.00000238419,634.841,11.43,0.00878324
819,0.986111,5.00000238419,634.834,12.0387,0.00875717
820,0.983333,5.99999427795,634.817,12.5677,0.00873118
821,0.986111,5.00000238419,634.621,11.4306,0.00870527
822,0.986111,5.00000238419,634.615,11.4307,0.00867943
823,0.986111,5.00000238419,634.607,11.4309,0.00865367
824,0.986111,5.00000238419,634.601,11.4311,0.00862799
825,0.986111,5.00000238419,634.594,11.4312,0.00860238
826,0.983333,5.99999427795,634.648,11.5255,0.00857685
827,0.983333,5.99999427795,634.339,10.6056,0.0085514
828,0.983333,5.99999427795,634.468,10.6064,0.00852602
829,0.983333,5.99999427795,635.034,13.918,0.00850071
830,0.977778,7.99999952316,634.565,12.7919,0.00847548
831,0.983333,5.99999427795,634.522,13.9181,0.00845033
832,0.983333,5.99999427795,634.133,10.6067,0.00842525
833,0.986111,5.00000238419,634.363,11.4323,0.00840024
834,0.986111,5.00000238419,634.357,11.4324,0.00837531
835,0.986111,5.00000238419,634.35,11.4326,0.00835046
836,0.986111,5.00000238419,634.343,12.0422,0.00832567
837,0.986111,5.00000238419,634.309,11.433,0.00830096
838,0.986111,5.00000238419,634.302,11.4331,0.00827633
839,0.983333,5.99999427795,634.316,12.571,0.00825176
840,0.986111,5.00000238419,634.126,11.4334,0.00822727
841,0.983333,5.99999427795,634.128,10.6081,0.00820286
842,0.983333,5.99999427795,634.812,13.9199,0.00817851
843,0.980556,7.00000762939,634.238,11.5281,0.00815424
844,0.983333,5.99999427795,634.479,13.9202,0.00813004
845,0.983333,5.99999427795,634.014,10.6081,0.00810591
846,0.986111,5.00000238419,634.234,11.4343,0.00808185
847,0.986111,5.00000238419,634.227,11.4345,0.00805787
848,0.983333,5.99999427795,634.229,12.0448,0.00803395
849,0.986111,5.00000238419,634.188,12.5726,0.00801011
850,0.986111,5.00000238419,634.07,11.434,0.00798633
851,0.986111,5.00000238419,634.063,11.4341,0.00796263
852,0.983333,5.99999427795,634.062,11.9726,0.007939
853,0.983333,5.99999427795,634.664,13.9206,0.00791544
854,0.980556,7.00000762939,633.907,11.5287,0.00789195
855,0.983333,5.99999427795,634.339,13.9209,0.00786852
856,0.983333,5.99999427795,633.741,10.6084,0.00784517
857,0.986111,5.00000238419,634.01,11.435,0.00782189
858,0.986111,5.00000238419,634.003,11.4351,0.00779867
859,0.986111,5.00000238419,633.996,11.4353,0.00777553
860,0.983333,5.99999427795,634.005,12.0461,0.00775245
861,0.983333,5.99999427795,633.701,10.6086,0.00772944
862,0.986111,5.00000238419,633.825,11.4355,0.0077065
863,0.983333,5.99999427795,633.84,10.6094,0.00768363
864,0.980556,7.00000762939,634.362,14.8716,0.00766082
865,0.980556,7.00000762939,633.696,11.5305,0.00763809
866,0.986111,5.00000238419,633.908,11.4363,0.00761542
867,0.986111,5.00000238419,633.901,11.4365,0.00759282
868,0.986111,5.00000238419,633.894,11.4366,0.00757028
869,0.986111,5.00000238419,633.886,11.4368,0.00754782
870,0.986111,5.00000238419,633.88,11.4369,0.00752542
871,0.986111,5.00000238419,633.873,11.4371,0.00750308
872,0.983333,5.99999427795,633.886,12.0484,0.00748081
873,0.980556,7.00000762939,633.582,11.9745,0.00745861
874,0.986111,5.00000238419,633.605,11.4363,0.00743647
875,0.986111,5.00000238419,633.599,11.4365,0.0074144
876,0.983333,5.99999427795,633.616,10.6098,0.0073924
877,0.983333,5.99999427795,634.195,13.9233,0.00737046
878,0.977778,7.99999952316,633.771,12.7985,0.00734858
879,0.983333,5.99999427795,633.747,13.9234,0.00732677
880,0.983333,5.99999427795,633.319,10.61,0.00730503
881,0.986111,5.00000238419,633.545,11.4373,0.00728335
882,0.986111,5.00000238419,633.538,11.4374,0.00726173
883,0.983333,5.99999427795,633.552,12.0493,0.00724018
884,0.986111,5.00000238419,633.499,11.4377,0.00721869
885,0.986111,5.00000238419,633.493,11.4379,0.00719727
886,0.986111,5.00000238419,633.485,11.438,0.00717591
887,0.983333,5.99999427795,633.491,12.5773,0.00715461
888,0.986111,5.00000238419,633.33,11.4383,0.00713338
889,0.983333,5.99999427795,633.338,12.0504,0.00711221
890,0.983333,5.99999427795,633.098,10.6105,0.0070911
891,0.983333,5.99999427795,633.205,10.6112,0.00707005
892,0.983333,5.99999427795,633.686,13.9252,0.00704907
893,0.983333,5.99999427795,633.204,10.6112,0.00702815
894,0.986111,5.00000238419,633.413,11.4391,0.00700729
895,0.983333,5.99999427795,633.431,12.0515,0.00698649
896,0.983333,5.99999427795,633.124,10.6112,0.00696576
897,0.986111,5.00000238419,633.256,11.4393,0.00694508
898,0.986111,5.00000238419,633.251,12.5786,0.00692447
899,0.986111,5.00000238419,633.106,11.4396,0.00690392
900,0.980556,7.00000762939,633.121,11.5343,0.00688343
901,0.986111,5.00000238419,633.069,11.4398,0.006863
902,0.986111,5.00000238419,633.062,11.44,0.00684263
903,0.983333,5.99999427795,633.069,10.6123,0.00682233
904,0.983333,5.99999427795,633.625,13.9268,0.00680208
905,0.983333,5.99999427795,633.069,11.5347,0.00678189
906,0.983333,5.99999427795,633.343,13.927,0.00676176
907,0.983333,5.99999427795,632.97,10.6123,0.00674169
908,0.986111,5.00000238419,633.142,11.4407,0.00672168
909,0.983333,5.99999427795,633.168,12.5801,0.00670174
910,0.986111,5.00000238419,633.037,11.4401,0.00668185
911,0.983333,5.99999427795,633.037,10.6123,0.00666202
912,0.983333,5.99999427795,633.546,13.9271,0.00664224
913,0.977778,7.99999952316,633.187,12.803,0.00662253
914,0.983333,5.99999427795,633.141,13.9272,0.00660288
915,0.983333,5.99999427795,632.768,10.6125,0.00658328
916,0.986111,5.00000238419,632.984,11.4409,0.00656374
917,0.986111,5.00000238419,632.977,11.441,0.00654426
918,0.983333,5.99999427795,632.993,12.0545,0.00652484
919,0.986111,5.00000238419,632.941,11.4413,0.00650547
920,0.986111,5.00000238419,632.934,11.4414,0.00648616
921,0.986111,5.00000238419,632.926,11.4415,0.00646691
922,0.983333,5.99999427795,632.935,12.5815,0.00644772
923,0.986111,5.00000238419,632.786,11.4418,0.00642859
924,0.983333,5.99999427795,632.794,12.0554,0.00640951
925,0.983333,5.99999427795,632.562,10.613,0.00639048
926,0.983333,5.99999427795,632.658,10.6136,0.00637152
927,0.983333,5.99999427795,633.075,13.9289,0.00635261
928,0.983333,5.99999427795,632.657,10.6136,0.00633375
929,0.986111,5.00000238419,632.857,11.4425,0.00631496
930,0.983333,5.99999427795,632.874,12.0565,0.00629621
931,0.986111,5.00000238419,632.821,11.4428,0.00627753
932,0.986111,5.00000238419,632.814,11.4429,0.0062589
933,0.983333,5.99999427795,632.85,12.5829,0.00624032
934,0.986111,5.00000238419,632.715,11.4423,0.0062218
935,0.986111,5.00000238419,632.708,11.4424,0.00620333
936,0.980556,7.00000762939,632.762,13.1438,0.00618492
937,0.983333,5.99999427795,632.354,10.6133,0.00616657
938,0.983333,5.99999427795,632.448,10.6139,0.00614827
939,0.983333,5.99999427795,632.932,13.9295,0.00613002
940,0.983333,5.99999427795,632.446,11.5374,0.00611183
941,0.983333,5.99999427795,632.676,13.9297,0.00609369
942,0.983333,5.99999427795,632.356,10.6139,0.0060756
943,0.986111,5.00000238419,632.52,11.4432,0.00605757
944,0.986111,5.00000238419,632.514,11.4433,0.00603959
945,0.986111,5.00000238419,632.507,11.4434,0.00602167
946,0.986111,5.00000238419,632.5,11.4436,0.0060038
947,0.977778,7.99999952316,632.558,12.8069,0.00598598
948,0.986111,5.00000238419,632.346,11.4438,0.00596821
949,0.986111,5.00000238419,632.339,11.4439,0.0059505
950,0.986111,5.00000238419,632.332,11.444,0.00593284
951,0.983333,5.99999427795,632.339,10.6149,0.00591523
952,0.983333,5.99999427795,632.859,13.931,0.00589767
953,0.980556,7.00000762939,632.38,11.5388,0.00588017
954,0.983333,5.99999427795,632.612,13.9312,0.00586272
955,0.983333,5.99999427795,632.25,10.6149,0.00584532
956,0.986111,5.00000238419,632.398,11.4447,0.00582797
957,0.983333,5.99999427795,632.404,12.5853,0.00581067
958,0.986111,5.00000238419,632.27,11.4449,0.00579343
959,0.983333,5.99999427795,632.274,12.06,0.00577623
960,0.986111,5.00000238419,632.236,11.4451,0.00575909
961,0.986111,5.00000238419,632.229,11.4453,0.005742
962,0.986111,5.00000238419,632.222,11.4454,0.00572496
963,0.986111,5.00000238419,632.216,11.4455,0.00570797
964,0.983333,5.99999427795,632.231,10.6159,0.00569103
965,0.983333,5.99999427795,632.785,13.9325,0.00567414
966,0.977778,7.99999952316,632.334,12.8091,0.00565729
967,0.983333,5.99999427795,632.469,13.9319,0.0056405
968,0.983333,5.99999427795,632.066,10.6152,0.00562376
969,0.986111,5.00000238419,632.199,11.4454,0.00560707
970,0.986111,5.00000238419,632.192,11.4455,0.00559043
971,0.980556,7.00000762939,632.235,13.1487,0.00557384
972,0.983333,5.99999427795,631.87,10.6154,0.0055573
973,0.986111,5.00000238419,631.953,10.616,0.00554081
974,0.983333,5.99999427795,632.369,13.9327,0.00552436
975,0.983333,5.99999427795,631.951,10.616,0.00550797
976,0.986111,5.00000238419,632.139,11.4461,0.00549162
977,0.983333,5.99999427795,632.149,12.0618,0.00547532
978,0.983333,5.99999427795,631.884,10.616,0.00545907
979,0.986111,5.00000238419,632.011,11.4463,0.00544287
980,0.986111,5.00000238419,632.005,11.4464,0.00542672
981,0.986111,5.00000238419,631.999,11.4465,0.00541061
982,0.977778,7.99999952316,632.042,12.8106,0.00539455
983,0.986111,5.00000238419,631.859,11.4467,0.00537854
984,0.986111,5.00000238419,631.852,11.4468,0.00536258
985,0.986111,5.00000238419,631.847,11.4469,0.00534666
986,0.983333,5.99999427795,631.851,10.6169,0.00533079
987,0.983333,5.99999427795,632.297,13.9341,0.00531497
988,0.980556,7.00000762939,631.882,11.5419,0.0052992
989,0.983333,5.99999427795,632.073,13.9342,0.00528347
990,0.983333,5.99999427795,631.769,10.6169,0.00526779
991,0.986111,5.00000238419,631.901,11.4475,0.00525216
992,0.983333,5.99999427795,631.902,12.5887,0.00523657
993,0.986111,5.00000238419,631.816,11.4471,0.00522103
994,0.980556,7.00000762939,631.822,11.5419,0.00520553
995,0.983333,5.99999427795,631.793,12.5887,0.00519008
996,0.986111,5.00000238419,631.675,11.4474,0.00517468
997,0.986111,5.00000238419,631.669,11.4475,0.00515932
998,0.988889,4.00001049042,631.682,10.7762,0.00514401
999,0.986111,5.00000238419,632.193,13.9782,0.00512874
1000,0.986111,5.00000238419,631.681,10.7762,0.00511352
1001,0.986111,5.00000238419,631.899,13.9781,0.00509834
1002,0.983333,5.99999427795,631.656,11.8616,0.00508321
1003,0.986111,5.00000238419,631.741,11.4477,0.00506813
1004,0.988889,4.00001049042,631.76,11.5008,0.00505308
1005,0.988889,4.00001049042,631.76,11.5008,0.00503809
0.988889,631.76,3.56227445602417,10.3418,0.749439741298,0.161811647855
