91,10,0.2,2,1000, .1 
0,0.441667,201.000001431,2.248e+06,1130.02,0.0995539
1,0.438889,202.000004053,1.88428e+06,1018.36,0.0982276
2,0.441667,201.000001431,1.58825e+06,931.953,0.096919
3,0.447222,198.999996185,1.34518e+06,847.843,0.0956278
4,0.461111,194.00000453,1.15026e+06,766.823,0.0943538
5,0.469444,190.999996662,992756.0,699.88,0.0930968
6,0.477778,187.999999523,859973.0,652.732,0.0918565
7,0.477778,187.999999523,746853.0,611.422,0.0906328
8,0.491667,182.999997139,649189.0,567.027,0.0894253
9,0.505556,177.999994755,567418.0,518.941,0.0882339
10,0.522222,172.000000477,499042.0,475.01,0.0870584
11,0.527778,169.999995232,442048.0,445.931,0.0858986
12,0.525,171.000008583,392360.0,423.404,0.0847542
13,0.536111,166.999998093,348380.0,395.525,0.0836251
14,0.544444,164.000000954,311312.0,369.219,0.082511
15,0.552778,161.000003815,278454.0,352.221,0.0814118
16,0.555556,159.999990463,249310.0,333.975,0.0803272
17,0.563889,156.999993324,223118.0,316.006,0.079257
18,0.569444,155.000009537,200482.0,292.276,0.0782011
19,0.572222,153.999996185,181557.0,273.639,0.0771593
20,0.580556,150.999999046,164869.0,260.456,0.0761313
21,0.622222,135.999991894,150325.0,244.386,0.0751171
22,0.627778,134.000008106,137179.0,235.668,0.0741163
23,0.641667,129.000005722,125424.0,220.805,0.0731289
24,0.65,126.000008583,115091.0,212.352,0.0721547
25,0.647222,127.000000477,105851.0,205.622,0.0711934
26,0.655556,124.000003338,97229.3,199.529,0.0702449
27,0.666667,119.999992847,89592.3,188.645,0.0693091
28,0.680556,114.999990463,82617.5,175.834,0.0683857
29,0.691667,111.000001431,76701.7,169.546,0.0674747
30,0.697222,108.999996185,71296.9,165.237,0.0665757
31,0.702778,106.99999094,66208.2,160.604,0.0656888
32,0.713889,103.000001907,61734.8,152.584,0.0648136
33,0.713889,103.000001907,57597.4,148.281,0.0639502
34,0.725,98.9999914169,53776.7,143.396,0.0630982
35,0.725,98.9999914169,50233.3,136.844,0.0622576
36,0.736111,95.0000023842,47100.6,131.735,0.0614281
37,0.738889,94.0000104904,44098.0,129.955,0.0606098
38,0.741667,92.999997139,41188.4,128.15,0.0598023
39,0.758333,87.000002861,38463.0,120.667,0.0590056
40,0.761111,85.9999895096,36034.7,119.749,0.0582195
41,0.766667,84.000005722,33745.7,115.362,0.0574439
42,0.775,81.0000085831,31716.9,109.265,0.0566786
43,0.786111,76.9999980927,29880.6,106.109,0.0559235
44,0.794444,74.0000009537,28179.9,103.873,0.0551784
45,0.797222,73.0000090599,26534.4,103.473,0.0544433
46,0.794444,74.0000009537,24990.0,101.343,0.053718
47,0.808333,68.9999985695,23527.0,97.4678,0.0530024
48,0.819444,65.0000095367,22193.2,91.7863,0.0522962
49,0.822222,63.9999961853,21005.5,89.1305,0.0515995
50,0.827778,61.9999909401,19896.9,84.3947,0.0509121
51,0.838889,58.0000019073,18930.6,78.7585,0.0502338
52,0.847222,55.0000047684,18117.7,74.9291,0.0495646
53,0.844444,55.9999966621,17382.5,70.7662,0.0489043
54,0.841667,57.0000100136,16692.3,70.9458,0.0482527
55,0.847222,55.0000047684,16013.3,70.2274,0.0476099
56,0.844444,55.9999966621,15368.3,68.1427,0.0469756
57,0.852778,52.9999995232,14747.5,65.5057,0.0463498
58,0.85,53.9999914169,14186.7,65.513,0.0457323
59,0.855556,52.0000076294,13646.2,64.2765,0.045123
60,0.858333,50.999994278,13127.5,64.3296,0.0445219
61,0.855556,52.0000076294,12611.3,64.534,0.0439287
62,0.861111,50.0000023842,12126.6,58.7716,0.0433435
63,0.869444,47.0000052452,11673.4,56.0653,0.0427661
64,0.869444,47.0000052452,11275.2,53.2136,0.0421963
65,0.877778,44.0000081062,10916.3,51.7031,0.0416341
66,0.875,45.0,10589.4,50.9293,0.0410795
67,0.883333,42.000002861,10282.7,48.8833,0.0405322
68,0.883333,42.000002861,9997.46,47.4414,0.0399922
69,0.886111,40.9999895096,9723.02,47.4776,0.0394594
70,0.877778,44.0000081062,9455.02,46.8453,0.0389337
71,0.883333,42.000002861,9199.95,46.9523,0.038415
72,0.880556,42.9999947548,8940.94,46.8479,0.0379032
73,0.883333,42.000002861,8687.72,46.9508,0.0373983
74,0.877778,44.0000081062,8444.76,46.7139,0.0369001
75,0.886111,40.9999895096,8213.12,45.9878,0.0364085
76,0.883333,42.000002861,7980.19,45.7524,0.0359234
77,0.880556,42.9999947548,7756.84,43.7147,0.0354448
78,0.886111,40.9999895096,7551.15,43.9441,0.0349726
79,0.883333,42.000002861,7344.9,42.3729,0.0345067
80,0.888889,39.9999976158,7161.46,42.6611,0.034047
81,0.888889,39.9999976158,6970.29,42.7113,0.0335934
82,0.883333,42.000002861,6787.11,42.4587,0.0331458
83,0.9,36.0000085831,6609.94,32.9995,0.0327042
84,0.905556,34.0000033379,6513.46,29.7943,0.0322686
85,0.902778,34.9999952316,6433.15,29.7295,0.0318387
86,0.902778,34.9999952316,6354.11,29.7201,0.0314145
87,0.902778,34.9999952316,6276.15,29.712,0.030996
88,0.902778,34.9999952316,6199.23,29.7052,0.030583
89,0.902778,34.9999952316,6123.34,29.6996,0.0301756
90,0.908333,32.9999899864,6050.11,28.5436,0.0297736
91,0.908333,32.9999899864,5980.74,28.5339,0.0293769
92,0.908333,32.9999899864,5912.31,28.5254,0.0289855
93,0.908333,32.9999899864,5844.29,28.5159,0.0285994
94,0.908333,32.9999899864,5777.18,28.5076,0.0282184
95,0.908333,32.9999899864,5710.98,28.5003,0.0278424
96,0.908333,32.9999899864,5645.66,28.494,0.0274715
97,0.908333,32.9999899864,5581.17,28.489,0.0271055
98,0.908333,32.9999899864,5517.55,28.485,0.0267444
99,0.911111,31.9999980927,5454.78,28.4904,0.0263881
100,0.911111,31.9999980927,5394.61,28.4841,0.0260365
101,0.911111,31.9999980927,5335.27,28.4787,0.0256897
102,0.911111,31.9999980927,5276.73,28.4741,0.0253474
103,0.913889,31.0000061989,5219.91,28.2934,0.0250097
104,0.913889,31.0000061989,5163.65,28.2793,0.0246766
105,0.913889,31.0000061989,5109.43,28.2658,0.0243478
106,0.913889,31.0000061989,5054.71,28.2534,0.0240234
107,0.913889,31.0000061989,5004.59,28.2375,0.0237034
108,0.913889,31.0000061989,4953.96,28.2227,0.0233876
109,0.913889,31.0000061989,4904.03,28.2087,0.023076
110,0.913889,31.0000061989,4856.04,28.1951,0.0227686
111,0.913889,31.0000061989,4807.5,28.1825,0.0224652
112,0.913889,31.0000061989,4760.88,28.1704,0.022166
113,0.913889,31.0000061989,4713.69,28.1592,0.0218707
114,0.911111,31.9999980927,4667.49,27.4704,0.0215793
115,0.911111,31.9999980927,4622.98,27.4589,0.0212918
116,0.911111,31.9999980927,4578.11,27.4487,0.0210081
117,0.913889,31.0000061989,4534.85,27.4235,0.0207283
118,0.913889,31.0000061989,4491.33,27.4113,0.0204521
119,0.913889,31.0000061989,4448.4,27.3996,0.0201796
120,0.913889,31.0000061989,4407.53,27.39,0.0199108
121,0.913889,31.0000061989,4365.78,27.3795,0.0196455
122,0.916667,29.9999928474,4325.98,27.4233,0.0193838
123,0.922222,28.0000090599,4286.97,26.2542,0.0191256
124,0.922222,28.0000090599,4250.67,26.2372,0.0188708
125,0.922222,28.0000090599,4214.89,26.2207,0.0186194
126,0.922222,28.0000090599,4179.62,26.2048,0.0183713
127,0.922222,28.0000090599,4144.86,26.1893,0.0181266
128,0.925,26.9999957085,4110.7,26.1737,0.0178851
129,0.925,26.9999957085,4077.22,26.0944,0.0176468
130,0.925,26.9999957085,4044.23,26.0772,0.0174117
131,0.925,26.9999957085,4011.71,26.0606,0.0171797
132,0.925,26.9999957085,3979.67,26.0443,0.0169508
133,0.925,26.9999957085,3948.08,26.0285,0.016725
134,0.925,26.9999957085,3916.95,26.0131,0.0165022
135,0.925,26.9999957085,3886.27,25.9981,0.0162824
136,0.925,26.9999957085,3856.03,25.9835,0.0160654
137,0.925,26.9999957085,3826.22,25.9692,0.0158514
138,0.925,26.9999957085,3796.84,25.9554,0.0156402
139,0.925,26.9999957085,3767.87,25.9419,0.0154319
140,0.925,26.9999957085,3739.32,25.9287,0.0152263
141,0.925,26.9999957085,3711.17,25.916,0.0150234
142,0.927778,26.0000038147,3683.62,26.3552,0.0148233
143,0.927778,26.0000038147,3656.25,25.8219,0.0146258
144,0.930556,24.9999904633,3629.45,26.2573,0.0144309
145,0.927778,26.0000038147,3603.0,25.7969,0.0142387
146,0.927778,26.0000038147,3576.88,25.7846,0.014049
147,0.930556,24.9999904633,3551.33,26.2147,0.0138618
148,0.927778,26.0000038147,3525.6,25.7603,0.0136771
149,0.927778,26.0000038147,3500.57,25.7489,0.0134949
150,0.930556,24.9999904633,3475.91,26.1735,0.0133151
151,0.927778,26.0000038147,3451.66,25.7274,0.0131378
152,0.927778,26.0000038147,3427.66,25.7168,0.0129627
153,0.930556,24.9999904633,3404.18,26.1365,0.01279
154,0.927778,26.0000038147,3380.78,25.6968,0.0126196
155,0.933333,23.9999985695,3358.12,25.9365,0.0124515
156,0.930556,24.9999904633,3335.82,25.5165,0.0122856
157,0.938889,21.9999933243,3314.07,26.3035,0.012122
158,0.933333,23.9999985695,3292.68,25.9194,0.0119605
159,0.933333,23.9999985695,3271.42,25.9086,0.0118011
160,0.936111,23.0000066757,3250.53,26.2911,0.0116439
161,0.933333,23.9999985695,3230.04,25.8877,0.0114888
162,0.936111,23.0000066757,3209.73,26.2671,0.0113357
163,0.936111,23.0000066757,3189.82,25.8491,0.0111847
164,0.936111,23.0000066757,3169.55,26.243,0.0110357
165,0.936111,23.0000066757,3150.22,25.7461,0.0108887
166,0.938889,21.9999933243,3131.26,26.099,0.0107436
167,0.936111,23.0000066757,3112.62,25.7261,0.0106005
168,0.941667,21.0000014305,3093.56,26.1072,0.0104592
169,0.936111,23.0000066757,3075.53,25.7063,0.0103199
170,0.938889,21.9999933243,3057.74,26.0533,0.0101824
171,0.938889,21.9999933243,3040.04,26.0422,0.0100468
172,0.936111,23.0000066757,3021.67,25.6789,0.00991292
173,0.941667,21.0000014305,3005.46,24.032,0.00978085
174,0.944444,20.0000095367,2990.89,24.069,0.00965055
175,0.941667,21.0000014305,2976.75,24.0148,0.00952198
176,0.941667,21.0000014305,2962.57,24.0498,0.00939512
177,0.941667,21.0000014305,2948.09,24.0018,0.00926996
178,0.941667,21.0000014305,2934.29,23.9943,0.00914646
179,0.941667,21.0000014305,2920.68,23.9869,0.0090246
180,0.941667,21.0000014305,2907.26,23.9798,0.00890437
181,0.941667,21.0000014305,2894.02,23.9727,0.00878575
182,0.941667,21.0000014305,2880.96,23.9658,0.0086687
183,0.941667,21.0000014305,2868.09,23.959,0.00855321
184,0.944444,20.0000095367,2854.84,24.018,0.00843926
185,0.941667,21.0000014305,2842.41,23.9454,0.00832683
186,0.941667,21.0000014305,2830.06,23.939,0.0082159
187,0.941667,21.0000014305,2817.88,23.9327,0.00810644
188,0.941667,21.0000014305,2805.86,23.9265,0.00799844
189,0.941667,21.0000014305,2793.38,23.921,0.00789189
190,0.941667,21.0000014305,2781.69,23.9151,0.00778674
191,0.941667,21.0000014305,2770.16,23.9092,0.00768301
192,0.941667,21.0000014305,2758.78,23.9035,0.00758065
193,0.941667,21.0000014305,2747.57,23.8979,0.00747966
194,0.941667,21.0000014305,2736.5,23.8924,0.00738001
195,0.941667,21.0000014305,2725.59,23.887,0.00728169
196,0.944444,20.0000095367,2714.37,23.9686,0.00718468
197,0.944444,20.0000095367,2706.34,19.2454,0.00708896
198,0.944444,20.0000095367,2700.21,19.2447,0.00699452
199,0.947222,18.9999961853,2694.22,18.9899,0.00690134
200,0.944444,20.0000095367,2688.54,19.2422,0.00680939
201,0.944444,20.0000095367,2682.64,19.2415,0.00671868
202,0.947222,18.9999961853,2676.99,18.9879,0.00662917
203,0.944444,20.0000095367,2671.43,19.2392,0.00654085
204,0.947222,18.9999961853,2665.85,18.9864,0.00645371
205,0.944444,20.0000095367,2660.5,19.237,0.00636773
206,0.947222,18.9999961853,2655.0,18.985,0.0062829
207,0.944444,20.0000095367,2649.86,19.2349,0.00619919
208,0.944444,20.0000095367,2644.5,19.2343,0.0061166
209,0.947222,18.9999961853,2639.31,18.9834,0.00603512
210,0.944444,20.0000095367,2634.28,19.2324,0.00595471
211,0.947222,18.9999961853,2629.16,18.9822,0.00587538
212,0.944444,20.0000095367,2624.33,19.2305,0.00579711
213,0.944444,20.0000095367,2619.31,19.23,0.00571988
214,0.947222,18.9999961853,2614.48,18.9808,0.00564367
215,0.944444,20.0000095367,2609.75,19.2283,0.00556849
216,0.947222,18.9999961853,2604.99,18.9798,0.0054943
217,0.944444,20.0000095367,2600.44,19.2266,0.0054211
218,0.944444,20.0000095367,2595.75,19.2262,0.00534888
219,0.947222,18.9999961853,2591.25,18.9786,0.00527762
220,0.944444,20.0000095367,2586.8,19.2246,0.00520731
221,0.947222,18.9999961853,2582.37,18.9778,0.00513794
222,0.944444,20.0000095367,2578.09,19.2231,0.00506949
223,0.947222,18.9999961853,2573.73,18.9769,0.00500195
224,0.944444,20.0000095367,2569.62,19.2217,0.00493531
225,0.944444,20.0000095367,2565.34,19.2214,0.00486956
226,0.944444,20.0000095367,2561.26,18.3946,0.00480469
227,0.941667,21.0000014305,2557.2,18.3427,0.00474067
228,0.944444,20.0000095367,2553.18,18.3934,0.00467752
229,0.941667,21.0000014305,2549.27,18.3411,0.0046152
230,0.941667,21.0000014305,2545.33,18.3406,0.00455372
231,0.944444,20.0000095367,2541.54,18.3919,0.00449305
232,0.941667,21.0000014305,2537.72,18.3391,0.00443319
233,0.944444,20.0000095367,2533.98,18.3909,0.00437413
234,0.941667,21.0000014305,2530.3,18.3376,0.00431586
235,0.944444,20.0000095367,2526.62,18.39,0.00425836
236,0.941667,21.0000014305,2523.09,18.3362,0.00420163
237,0.941667,21.0000014305,2519.49,18.3358,0.00414565
238,0.944444,20.0000095367,2516.02,18.3887,0.00409042
239,0.941667,21.0000014305,2512.56,18.3344,0.00403593
240,0.944444,20.0000095367,2509.13,18.3879,0.00398216
241,0.941667,21.0000014305,2505.81,18.3331,0.00392911
242,0.941667,21.0000014305,2502.45,18.3328,0.00387676
243,0.944444,20.0000095367,2499.21,18.3868,0.00382511
244,0.941667,21.0000014305,2495.96,18.3316,0.00377415
245,0.944444,20.0000095367,2492.77,18.3861,0.00372387
246,0.941667,21.0000014305,2489.65,18.3304,0.00367426
247,0.941667,21.0000014305,2486.51,18.3301,0.00362531
248,0.944444,20.0000095367,2483.49,18.3851,0.00357701
249,0.941667,21.0000014305,2480.44,18.3291,0.00352936
250,0.944444,20.0000095367,2477.47,18.3845,0.00348234
251,0.941667,21.0000014305,2474.53,18.328,0.00343594
252,0.944444,20.0000095367,2471.6,18.3839,0.00339017
253,0.941667,21.0000014305,2468.78,18.327,0.003345
254,0.941667,21.0000014305,2465.92,18.3268,0.00330044
255,0.944444,20.0000095367,2463.15,18.3831,0.00325647
256,0.941667,21.0000014305,2460.39,18.3258,0.00321309
257,0.944444,20.0000095367,2457.66,18.3826,0.00317028
258,0.941667,21.0000014305,2455.01,18.3249,0.00312805
259,0.941667,21.0000014305,2452.33,18.3247,0.00308637
260,0.944444,20.0000095367,2449.75,18.3819,0.00304525
261,0.941667,21.0000014305,2447.16,18.3239,0.00300468
262,0.944444,20.0000095367,2444.62,18.3814,0.00296465
263,0.941667,21.0000014305,2442.13,18.3231,0.00292516
264,0.941667,21.0000014305,2439.63,18.3229,0.00288619
265,0.944444,20.0000095367,2437.23,18.3809,0.00284774
266,0.941667,21.0000014305,2434.79,18.3221,0.0028098
267,0.944444,20.0000095367,2432.43,18.3804,0.00277236
268,0.941667,21.0000014305,2430.09,18.3214,0.00273543
269,0.944444,20.0000095367,2427.75,18.3801,0.00269899
270,0.941667,21.0000014305,2425.5,18.3207,0.00266303
271,0.941667,21.0000014305,2423.22,18.3205,0.00262755
272,0.944444,20.0000095367,2421.02,18.3796,0.00259255
273,0.941667,21.0000014305,2418.82,18.3198,0.00255801
274,0.944444,20.0000095367,2416.64,18.3792,0.00252393
275,0.941667,21.0000014305,2414.53,18.3192,0.0024903
276,0.941667,21.0000014305,2412.4,18.3191,0.00245713
277,0.944444,20.0000095367,2410.34,18.3788,0.00242439
278,0.941667,21.0000014305,2408.28,18.3185,0.00239209
279,0.944444,20.0000095367,2406.25,18.3785,0.00236022
280,0.941667,21.0000014305,2404.27,18.3179,0.00232878
281,0.941667,21.0000014305,2402.27,18.3178,0.00229775
282,0.944444,20.0000095367,2400.36,18.3782,0.00226714
283,0.941667,21.0000014305,2398.42,18.3172,0.00223694
284,0.944444,20.0000095367,2396.53,18.3779,0.00220714
285,0.941667,21.0000014305,2394.67,18.3167,0.00217773
286,0.944444,20.0000095367,2392.81,18.3776,0.00214872
287,0.941667,21.0000014305,2391.02,18.3162,0.00212009
288,0.941667,21.0000014305,2389.2,18.3161,0.00209185
289,0.944444,20.0000095367,2387.44,18.3773,0.00206398
290,0.941667,21.0000014305,2385.69,18.3156,0.00203648
291,0.944444,20.0000095367,2383.96,18.3771,0.00200935
292,0.941667,21.0000014305,2382.28,18.3152,0.00198258
293,0.941667,21.0000014305,2380.58,18.3151,0.00195617
294,0.944444,20.0000095367,2378.94,18.3769,0.00193011
295,0.941667,21.0000014305,2377.29,18.3146,0.0019044
296,0.944444,20.0000095367,2375.68,18.3767,0.00187902
297,0.941667,21.0000014305,2374.1,18.3142,0.00185399
298,0.941667,21.0000014305,2372.51,18.3142,0.00182929
299,0.944444,20.0000095367,2370.98,18.3765,0.00180492
300,0.941667,21.0000014305,2369.44,18.3138,0.00178087
301,0.944444,20.0000095367,2367.93,18.3763,0.00175715
302,0.941667,21.0000014305,2366.45,18.3134,0.00173374
303,0.944444,20.0000095367,2364.97,18.3761,0.00171064
304,0.941667,21.0000014305,2363.54,18.313,0.00168785
305,0.941667,21.0000014305,2362.09,18.313,0.00166537
306,0.944444,20.0000095367,2360.69,18.3759,0.00164318
307,0.941667,21.0000014305,2359.3,18.3126,0.00162129
308,0.944444,20.0000095367,2357.91,18.3758,0.00159969
309,0.941667,21.0000014305,2356.58,18.3123,0.00157838
310,0.941667,21.0000014305,2355.22,18.3122,0.00155735
311,0.944444,20.0000095367,2353.92,18.3757,0.0015366
312,0.941667,21.0000014305,2352.61,18.3119,0.00151613
313,0.944444,20.0000095367,2351.32,18.3755,0.00149593
314,0.941667,21.0000014305,2350.06,18.3116,0.001476
315,0.941667,21.0000014305,2348.8,18.3116,0.00145634
316,0.944444,20.0000095367,2347.58,18.3754,0.00143694
317,0.941667,21.0000014305,2346.35,18.3113,0.00141779
318,0.944444,20.0000095367,2345.15,18.3753,0.0013989
319,0.941667,21.0000014305,2343.97,18.311,0.00138027
320,0.944444,20.0000095367,2342.79,18.3109,0.00136188
321,0.944444,20.0000095367,2341.65,18.3752,0.00134374
322,0.941667,21.0000014305,2340.5,18.3107,0.00132583
323,0.944444,20.0000095367,2339.38,18.3751,0.00130817
324,0.941667,21.0000014305,2338.27,18.3104,0.00129074
325,0.944444,20.0000095367,2337.17,18.375,0.00127355
326,0.941667,21.0000014305,2336.11,18.3102,0.00125658
327,0.941667,21.0000014305,2335.03,18.3101,0.00123984
328,0.944444,20.0000095367,2333.98,18.3749,0.00122332
329,0.941667,21.0000014305,2332.95,18.3099,0.00120702
330,0.944444,20.0000095367,2331.91,18.3748,0.00119094
331,0.941667,21.0000014305,2330.92,18.3097,0.00117508
332,0.941667,21.0000014305,2329.91,18.3097,0.00115942
333,0.944444,20.0000095367,2328.93,18.3747,0.00114398
334,0.941667,21.0000014305,2327.96,18.3094,0.00112873
335,0.944444,20.0000095367,2327.0,18.3747,0.0011137
336,0.941667,21.0000014305,2326.07,18.3092,0.00109886
337,0.941667,21.0000014305,2325.12,18.3092,0.00108422
338,0.944444,20.0000095367,2324.21,18.3746,0.00106978
339,0.941667,21.0000014305,2323.3,18.309,0.00105552
340,0.944444,20.0000095367,2322.4,18.3745,0.00104146
341,0.941667,21.0000014305,2321.53,18.3088,0.00102759
342,0.944444,20.0000095367,2320.64,18.3088,0.0010139
343,0.944444,20.0000095367,2319.8,18.3745,0.00100039
344,0.941667,21.0000014305,2318.94,18.3086,0.000987062
345,0.944444,20.0000095367,2318.11,18.3744,0.000973912
346,0.941667,21.0000014305,2317.28,18.3085,0.000960937
347,0.944444,20.0000095367,2316.46,18.3744,0.000948135
348,0.941667,21.0000014305,2315.67,18.3083,0.000935504
349,0.941667,21.0000014305,2314.86,18.3083,0.00092304
350,0.944444,20.0000095367,2314.08,18.3743,0.000910743
351,0.941667,21.0000014305,2313.31,18.3081,0.00089861
352,0.944444,20.0000095367,2312.54,18.3743,0.000886638
353,0.941667,21.0000014305,2311.8,18.308,0.000874826
354,0.941667,21.0000014305,2311.05,18.3079,0.000863171
355,0.944444,20.0000095367,2310.33,18.3742,0.000851672
356,0.941667,21.0000014305,2309.6,18.3078,0.000840325
357,0.944444,20.0000095367,2308.89,18.3742,0.00082913
358,0.941667,21.0000014305,2308.19,18.3076,0.000818084
359,0.941667,21.0000014305,2307.49,18.3076,0.000807185
360,0.944444,20.0000095367,2306.81,18.3742,0.000796431
361,0.941667,21.0000014305,2306.13,18.3075,0.000785821
362,0.944444,20.0000095367,2305.46,18.3741,0.000775352
363,0.941667,21.0000014305,2304.81,18.3074,0.000765023
364,0.944444,20.0000095367,2304.15,18.3074,0.00075483
365,0.944444,20.0000095367,2303.52,18.3741,0.000744774
366,0.941667,21.0000014305,2302.88,18.3072,0.000734852
367,0.944444,20.0000095367,2302.26,18.3741,0.000725062
368,0.941667,21.0000014305,2301.65,18.3071,0.000715402
369,0.944444,20.0000095367,2301.03,18.374,0.000705871
370,0.941667,21.0000014305,2300.44,18.307,0.000696468
371,0.941667,21.0000014305,2299.84,18.307,0.000687189
372,0.944444,20.0000095367,2299.26,18.374,0.000678034
373,0.941667,21.0000014305,2298.69,18.3069,0.000669001
374,0.944444,20.0000095367,2298.12,18.374,0.000660088
375,0.941667,21.0000014305,2297.56,18.3068,0.000651294
376,0.941667,21.0000014305,2297.0,18.3068,0.000642617
377,0.944444,20.0000095367,2296.46,18.374,0.000634056
378,0.941667,21.0000014305,2295.92,18.3067,0.000625609
379,0.944444,20.0000095367,2295.39,18.374,0.000617274
380,0.941667,21.0000014305,2294.87,18.3066,0.000609051
381,0.941667,21.0000014305,2294.35,18.3066,0.000600937
382,0.944444,20.0000095367,2293.84,18.3739,0.000592931
383,0.941667,21.0000014305,2293.34,18.3065,0.000585031
384,0.944444,20.0000095367,2292.84,18.3739,0.000577237
385,0.941667,21.0000014305,2292.35,18.3064,0.000569547
386,0.944444,20.0000095367,2291.86,18.3064,0.000561959
387,0.944444,20.0000095367,2291.39,18.3739,0.000554473
388,0.941667,21.0000014305,2290.92,18.3063,0.000547086
389,0.944444,20.0000095367,2290.45,18.3739,0.000539797
390,0.941667,21.0000014305,2290.0,18.3062,0.000532606
391,0.944444,20.0000095367,2289.54,18.3739,0.00052551
392,0.941667,21.0000014305,2289.1,18.3061,0.000518509
393,0.941667,21.0000014305,2288.66,18.3061,0.000511601
394,0.944444,20.0000095367,2288.22,18.3739,0.000504786
395,0.941667,21.0000014305,2287.8,18.306,0.000498061
396,0.944444,20.0000095367,2287.37,18.3738,0.000491425
397,0.941667,21.0000014305,2286.96,18.3059,0.000484878
398,0.941667,21.0000014305,2286.54,18.3059,0.000478418
399,0.944444,20.0000095367,2286.14,18.3738,0.000472045
400,0.941667,21.0000014305,2285.74,18.3059,0.000465756
401,0.944444,20.0000095367,2285.34,18.3738,0.000459551
402,0.941667,21.0000014305,2284.95,18.3058,0.000453429
403,0.944444,20.0000095367,2284.56,18.3058,0.000447388
404,0.944444,20.0000095367,2284.19,18.3738,0.000441428
405,0.941667,21.0000014305,2283.81,18.3057,0.000435547
406,0.944444,20.0000095367,2283.44,18.3738,0.000429744
407,0.941667,21.0000014305,2283.08,18.3057,0.000424019
408,0.944444,20.0000095367,2282.71,18.3057,0.00041837
409,0.944444,20.0000095367,2282.36,18.3738,0.000412796
410,0.941667,21.0000014305,2282.01,18.3056,0.000407297
411,0.944444,20.0000095367,2281.66,18.3738,0.000401871
412,0.941667,21.0000014305,2281.33,18.3055,0.000396517
413,0.944444,20.0000095367,2280.98,18.3738,0.000391234
414,0.941667,21.0000014305,2280.66,18.3055,0.000386022
415,0.941667,21.0000014305,2280.32,18.3055,0.000380879
416,0.944444,20.0000095367,2280.0,18.3738,0.000375805
417,0.941667,21.0000014305,2279.68,18.3054,0.000370798
418,0.944444,20.0000095367,2279.37,18.3738,0.000365858
419,0.941667,21.0000014305,2279.06,18.3054,0.000360984
420,0.941667,21.0000014305,2278.75,18.3054,0.000356175
421,0.944444,20.0000095367,2278.45,18.3738,0.00035143
422,0.941667,21.0000014305,2278.15,18.3053,0.000346748
423,0.944444,20.0000095367,2277.85,18.3738,0.000342129
424,0.941667,21.0000014305,2277.57,18.3053,0.00033757
425,0.944444,20.0000095367,2277.28,18.3053,0.000333073
426,0.944444,20.0000095367,2277.0,18.3738,0.000328636
427,0.941667,21.0000014305,2276.72,18.3052,0.000324258
428,0.944444,20.0000095367,2276.44,18.3738,0.000319938
429,0.941667,21.0000014305,2276.17,18.3052,0.000315675
430,0.944444,20.0000095367,2275.9,18.3052,0.00031147
431,0.944444,20.0000095367,2275.64,18.3738,0.00030732
432,0.941667,21.0000014305,2275.37,18.3051,0.000303226
433,0.944444,20.0000095367,2275.12,18.3737,0.000299186
434,0.941667,21.0000014305,2274.86,18.3051,0.0002952
435,0.944444,20.0000095367,2274.61,18.3051,0.000291268
436,0.944444,20.0000095367,2274.37,18.3737,0.000287387
437,0.941667,21.0000014305,2274.12,18.305,0.000283558
438,0.944444,20.0000095367,2273.88,18.3737,0.000279781
439,0.941667,21.0000014305,2273.64,18.305,0.000276053
440,0.944444,20.0000095367,2273.41,18.3737,0.000272376
441,0.941667,21.0000014305,2273.18,18.3049,0.000268747
442,0.944444,20.0000095367,2272.95,18.3049,0.000265167
443,0.944444,20.0000095367,2272.73,18.3737,0.000261634
444,0.941667,21.0000014305,2272.5,18.3049,0.000258148
445,0.944444,20.0000095367,2272.28,18.3737,0.000254709
446,0.941667,21.0000014305,2272.07,18.3049,0.000251316
447,0.944444,20.0000095367,2271.85,18.3049,0.000247968
448,0.944444,20.0000095367,2271.64,18.3737,0.000244664
449,0.941667,21.0000014305,2271.44,18.3048,0.000241405
450,0.944444,20.0000095367,2271.23,18.3737,0.000238189
451,0.941667,21.0000014305,2271.03,18.3048,0.000235015
452,0.944444,20.0000095367,2270.83,18.3048,0.000231884
453,0.944444,20.0000095367,2270.63,18.3737,0.000228795
454,0.941667,21.0000014305,2270.44,18.3048,0.000225747
455,0.944444,20.0000095367,2270.24,18.3737,0.000222739
456,0.941667,21.0000014305,2270.06,18.3047,0.000219772
457,0.944444,20.0000095367,2269.87,18.3047,0.000216844
458,0.944444,20.0000095367,2269.69,18.3737,0.000213955
459,0.941667,21.0000014305,2269.5,18.3047,0.000211105
460,0.944444,20.0000095367,2269.32,18.3737,0.000208292
461,0.941667,21.0000014305,2269.15,18.3047,0.000205517
462,0.944444,20.0000095367,2268.97,18.3737,0.000202779
463,0.941667,21.0000014305,2268.8,18.3046,0.000200078
464,0.944444,20.0000095367,2268.63,18.3046,0.000197412
465,0.944444,20.0000095367,2268.46,18.3737,0.000194782
466,0.941667,21.0000014305,2268.3,18.3046,0.000192187
467,0.944444,20.0000095367,2268.13,18.3737,0.000189627
468,0.941667,21.0000014305,2267.97,18.3046,0.000187101
469,0.944444,20.0000095367,2267.81,18.3046,0.000184608
470,0.944444,20.0000095367,2267.66,18.3737,0.000182149
471,0.941667,21.0000014305,2267.5,18.3046,0.000179722
472,0.944444,20.0000095367,2267.35,18.3737,0.000177328
473,0.941667,21.0000014305,2267.2,18.3045,0.000174965
474,0.944444,20.0000095367,2267.05,18.3045,0.000172634
475,0.944444,20.0000095367,2266.9,18.3737,0.000170334
476,0.941667,21.0000014305,2266.76,18.3045,0.000168065
477,0.944444,20.0000095367,2266.62,18.3737,0.000165826
478,0.941667,21.0000014305,2266.48,18.3045,0.000163617
479,0.944444,20.0000095367,2266.33,18.3045,0.000161437
480,0.944444,20.0000095367,2266.2,18.3737,0.000159286
481,0.944444,20.0000095367,2266.06,18.3045,0.000157164
482,0.944444,20.0000095367,2265.93,18.3737,0.00015507
483,0.941667,21.0000014305,2265.8,18.3045,0.000153005
484,0.944444,20.0000095367,2265.67,18.3737,0.000150966
485,0.941667,21.0000014305,2265.54,18.3044,0.000148955
486,0.944444,20.0000095367,2265.41,18.3044,0.00014697
487,0.944444,20.0000095367,2265.29,18.3737,0.000145012
488,0.941667,21.0000014305,2265.17,18.3044,0.00014308
489,0.944444,20.0000095367,2265.04,18.3737,0.000141174
490,0.941667,21.0000014305,2264.92,18.3044,0.000139294
491,0.944444,20.0000095367,2264.8,18.3044,0.000137438
492,0.944444,20.0000095367,2264.69,18.3737,0.000135607
493,0.941667,21.0000014305,2264.57,18.3044,0.0001338
494,0.944444,20.0000095367,2264.46,18.3737,0.000132018
495,0.941667,21.0000014305,2264.35,18.3044,0.000130259
496,0.944444,20.0000095367,2264.24,18.3044,0.000128523
497,0.944444,20.0000095367,2264.13,18.3737,0.000126811
498,0.944444,20.0000095367,2264.02,18.3043,0.000125122
499,0.944444,20.0000095367,2263.91,18.3737,0.000123455
500,0.941667,21.0000014305,2263.81,18.3043,0.00012181
501,0.944444,20.0000095367,2263.71,18.3043,0.000120187
502,0.944444,20.0000095367,2263.61,18.3737,0.000118586
503,0.944444,20.0000095367,2263.5,18.3043,0.000117006
504,0.944444,20.0000095367,2263.4,18.3737,0.000115447
505,0.941667,21.0000014305,2263.31,18.3043,0.000113909
506,0.944444,20.0000095367,2263.21,18.3043,0.000112392
507,0.944444,20.0000095367,2263.11,18.3737,0.000110895
508,0.944444,20.0000095367,2263.02,18.3043,0.000109417
509,0.944444,20.0000095367,2262.93,18.3737,0.000107959
510,0.941667,21.0000014305,2262.84,18.3043,0.000106521
511,0.944444,20.0000095367,2262.74,18.3737,0.000105102
512,0.941667,21.0000014305,2262.66,18.3042,0.000103702
513,0.944444,20.0000095367,2262.57,18.3042,0.00010232
514,0.944444,20.0000095367,2262.48,18.3737,0.000100957
515,0.944444,20.0000095367,2262.39,18.3042,9.96121e-05
516,0.944444,20.0000095367,2262.31,18.3737,9.8285e-05
517,0.941667,21.0000014305,2262.23,18.3042,9.69757e-05
518,0.944444,20.0000095367,2262.14,18.3042,9.56837e-05
519,0.944444,20.0000095367,2262.06,18.3737,9.44089e-05
520,0.944444,20.0000095367,2261.98,18.3042,9.31512e-05
521,0.944444,20.0000095367,2261.9,18.3737,9.19102e-05
522,0.941667,21.0000014305,2261.83,18.3042,9.06857e-05
523,0.944444,20.0000095367,2261.75,18.3042,8.94776e-05
524,0.944444,20.0000095367,2261.67,18.3737,8.82855e-05
525,0.944444,20.0000095367,2261.6,18.3042,8.71094e-05
526,0.944444,20.0000095367,2261.52,18.3737,8.59488e-05
527,0.941667,21.0000014305,2261.45,18.3042,8.48038e-05
528,0.944444,20.0000095367,2261.38,18.3042,8.3674e-05
529,0.944444,20.0000095367,2261.31,18.3737,8.25593e-05
530,0.944444,20.0000095367,2261.24,18.3042,8.14593e-05
531,0.944444,20.0000095367,2261.17,18.3737,8.03741e-05
532,0.944444,20.0000095367,2261.1,18.3042,7.93034e-05
533,0.944444,20.0000095367,2261.03,18.3042,7.82468e-05
534,0.944444,20.0000095367,2260.96,18.3737,7.72044e-05
535,0.944444,20.0000095367,2260.9,18.3041,7.61758e-05
536,0.944444,20.0000095367,2260.84,18.3737,7.5161e-05
537,0.944444,20.0000095367,2260.77,18.3041,7.41596e-05
538,0.944444,20.0000095367,2260.71,18.3041,7.31717e-05
539,0.944444,20.0000095367,2260.65,18.3737,7.21968e-05
540,0.944444,20.0000095367,2260.58,18.3041,7.1235e-05
541,0.944444,20.0000095367,2260.52,18.3737,7.0286e-05
542,0.944444,20.0000095367,2260.47,18.3041,6.93496e-05
543,0.944444,20.0000095367,2260.41,18.3737,6.84257e-05
544,0.944444,20.0000095367,2260.35,18.3041,6.75141e-05
545,0.944444,20.0000095367,2260.29,18.3041,6.66146e-05
546,0.944444,20.0000095367,2260.23,18.3737,6.57272e-05
547,0.944444,20.0000095367,2260.18,18.3041,6.48515e-05
548,0.944444,20.0000095367,2260.12,18.3737,6.39875e-05
549,0.944444,20.0000095367,2260.07,18.3041,6.31351e-05
550,0.944444,20.0000095367,2260.01,18.3041,6.2294e-05
551,0.944444,20.0000095367,2259.96,18.3737,6.14641e-05
552,0.944444,20.0000095367,2259.91,18.3041,6.06452e-05
553,0.944444,20.0000095367,2259.86,18.3737,5.98373e-05
554,0.944444,20.0000095367,2259.81,18.3041,5.90401e-05
555,0.944444,20.0000095367,2259.76,18.3737,5.82535e-05
556,0.944444,20.0000095367,2259.71,18.3041,5.74774e-05
557,0.944444,20.0000095367,2259.66,18.3041,5.67117e-05
558,0.944444,20.0000095367,2259.61,18.3737,5.59562e-05
559,0.944444,20.0000095367,2259.56,18.3041,5.52107e-05
560,0.944444,20.0000095367,2259.52,18.3737,5.44751e-05
561,0.944444,20.0000095367,2259.47,18.3041,5.37494e-05
562,0.944444,20.0000095367,2259.43,18.3041,5.30333e-05
563,0.944444,20.0000095367,2259.38,18.3737,5.23268e-05
564,0.944444,20.0000095367,2259.34,18.304,5.16297e-05
565,0.944444,20.0000095367,2259.29,18.3737,5.09418e-05
566,0.944444,20.0000095367,2259.25,18.304,5.02632e-05
567,0.944444,20.0000095367,2259.2,18.304,4.95935e-05
568,0.944444,20.0000095367,2259.17,18.3737,4.89328e-05
569,0.944444,20.0000095367,2259.12,18.304,4.82809e-05
570,0.944444,20.0000095367,2259.08,18.3737,4.76377e-05
571,0.944444,20.0000095367,2259.04,18.304,4.70031e-05
572,0.944444,20.0000095367,2259.0,18.304,4.63769e-05
573,0.944444,20.0000095367,2258.96,18.3737,4.5759e-05
574,0.944444,20.0000095367,2258.92,18.304,4.51494e-05
575,0.944444,20.0000095367,2258.88,18.3737,4.45479e-05
576,0.944444,20.0000095367,2258.85,18.304,4.39544e-05
577,0.944444,20.0000095367,2258.81,18.3737,4.33688e-05
578,0.944444,20.0000095367,2258.77,18.304,4.2791e-05
579,0.944444,20.0000095367,2258.73,18.304,4.2221e-05
580,0.944444,20.0000095367,2258.7,18.3737,4.16585e-05
581,0.944444,20.0000095367,2258.66,18.304,4.11035e-05
582,0.944444,20.0000095367,2258.63,18.3737,4.05559e-05
583,0.944444,20.0000095367,2258.59,18.304,4.00156e-05
584,0.944444,20.0000095367,2258.56,18.304,3.94825e-05
585,0.944444,20.0000095367,2258.53,18.3737,3.89565e-05
586,0.944444,20.0000095367,2258.49,18.304,3.84375e-05
587,0.944444,20.0000095367,2258.46,18.3737,3.79254e-05
588,0.944444,20.0000095367,2258.43,18.304,3.74201e-05
589,0.944444,20.0000095367,2258.4,18.304,3.69216e-05
590,0.944444,20.0000095367,2258.37,18.3737,3.64297e-05
591,0.944444,20.0000095367,2258.34,18.304,3.59444e-05
592,0.944444,20.0000095367,2258.31,18.3737,3.54655e-05
593,0.944444,20.0000095367,2258.27,18.304,3.4993e-05
594,0.944444,20.0000095367,2258.25,18.304,3.45268e-05
595,0.944444,20.0000095367,2258.22,18.3737,3.40669e-05
596,0.944444,20.0000095367,2258.19,18.304,3.3613e-05
597,0.944444,20.0000095367,2258.16,18.304,3.31652e-05
598,0.944444,20.0000095367,2258.13,18.3737,3.27234e-05
599,0.944444,20.0000095367,2258.1,18.304,3.22874e-05
600,0.944444,20.0000095367,2258.08,18.3737,3.18573e-05
601,0.944444,20.0000095367,2258.05,18.304,3.14328e-05
602,0.944444,20.0000095367,2258.02,18.3737,3.10141e-05
603,0.944444,20.0000095367,2257.99,18.304,3.06009e-05
604,0.944444,20.0000095367,2257.97,18.304,3.01932e-05
605,0.944444,20.0000095367,2257.94,18.3737,2.9791e-05
606,0.944444,20.0000095367,2257.92,18.304,2.93941e-05
607,0.944444,20.0000095367,2257.89,18.3737,2.90025e-05
608,0.944444,20.0000095367,2257.87,18.3039,2.86161e-05
609,0.944444,20.0000095367,2257.84,18.3039,2.82349e-05
610,0.944444,20.0000095367,2257.82,18.3737,2.78587e-05
611,0.944444,20.0000095367,2257.79,18.3039,2.74876e-05
612,0.944444,20.0000095367,2257.77,18.3737,2.71214e-05
613,0.944444,20.0000095367,2257.75,18.3039,2.676e-05
614,0.944444,20.0000095367,2257.72,18.3737,2.64035e-05
615,0.944444,20.0000095367,2257.7,18.3039,2.60518e-05
616,0.944444,20.0000095367,2257.68,18.3039,2.57047e-05
617,0.944444,20.0000095367,2257.66,18.3737,2.53622e-05
618,0.944444,20.0000095367,2257.64,18.3039,2.50244e-05
619,0.944444,20.0000095367,2257.62,18.3737,2.4691e-05
620,0.944444,20.0000095367,2257.6,18.3039,2.4362e-05
621,0.944444,20.0000095367,2257.57,18.3039,2.40375e-05
622,0.944444,20.0000095367,2257.56,18.3737,2.37172e-05
623,0.944444,20.0000095367,2257.54,18.3039,2.34012e-05
624,0.944444,20.0000095367,2257.52,18.3737,2.30895e-05
625,0.944444,20.0000095367,2257.5,18.3039,2.27819e-05
626,0.944444,20.0000095367,2257.48,18.3039,2.24784e-05
627,0.944444,20.0000095367,2257.46,18.3737,2.21789e-05
628,0.944444,20.0000095367,2257.44,18.3039,2.18834e-05
629,0.944444,20.0000095367,2257.42,18.3737,2.15919e-05
630,0.944444,20.0000095367,2257.4,18.3039,2.13042e-05
631,0.944444,20.0000095367,2257.38,18.3737,2.10204e-05
632,0.944444,20.0000095367,2257.37,18.3039,2.07404e-05
633,0.944444,20.0000095367,2257.35,18.3737,2.04641e-05
634,0.944444,20.0000095367,2257.33,18.3039,2.01914e-05
635,0.944444,20.0000095367,2257.32,18.3039,1.99224e-05
636,0.944444,20.0000095367,2257.3,18.3737,1.9657e-05
637,0.944444,20.0000095367,2257.28,18.3039,1.93951e-05
638,0.944444,20.0000095367,2257.27,18.3039,1.91367e-05
639,0.944444,20.0000095367,2257.25,18.3737,1.88818e-05
640,0.944444,20.0000095367,2257.23,18.3039,1.86302e-05
641,0.944444,20.0000095367,2257.22,18.3737,1.8382e-05
642,0.944444,20.0000095367,2257.2,18.3039,1.81371e-05
643,0.944444,20.0000095367,2257.19,18.3039,1.78955e-05
644,0.944444,20.0000095367,2257.17,18.3737,1.76571e-05
645,0.944444,20.0000095367,2257.16,18.3039,1.74219e-05
646,0.944444,20.0000095367,2257.14,18.3737,1.71898e-05
647,0.944444,20.0000095367,2257.13,18.3039,1.69608e-05
648,0.944444,20.0000095367,2257.11,18.3737,1.67348e-05
649,0.944444,20.0000095367,2257.1,18.3039,1.65119e-05
650,0.944444,20.0000095367,2257.08,18.3737,1.62919e-05
651,0.944444,20.0000095367,2257.07,18.3039,1.60748e-05
652,0.944444,20.0000095367,2257.06,18.3039,1.58607e-05
653,0.944444,20.0000095367,2257.04,18.3039,1.56494e-05
654,0.944444,20.0000095367,2257.03,18.3737,1.54409e-05
655,0.944444,20.0000095367,2257.02,18.3039,1.52352e-05
656,0.944444,20.0000095367,2257.01,18.3737,1.50322e-05
657,0.944444,20.0000095367,2256.99,18.3039,1.48319e-05
658,0.944444,20.0000095367,2256.98,18.3039,1.46343e-05
659,0.944444,20.0000095367,2256.97,18.3737,1.44394e-05
660,0.944444,20.0000095367,2256.95,18.3039,1.4247e-05
661,0.944444,20.0000095367,2256.94,18.3737,1.40572e-05
662,0.944444,20.0000095367,2256.93,18.3039,1.38699e-05
663,0.944444,20.0000095367,2256.92,18.3737,1.36851e-05
664,0.944444,20.0000095367,2256.91,18.3039,1.35028e-05
665,0.944444,20.0000095367,2256.89,18.3039,1.33229e-05
666,0.944444,20.0000095367,2256.88,18.3737,1.31454e-05
667,0.944444,20.0000095367,2256.87,18.3039,1.29703e-05
668,0.944444,20.0000095367,2256.86,18.3737,1.27975e-05
669,0.944444,20.0000095367,2256.85,18.3039,1.2627e-05
670,0.944444,20.0000095367,2256.84,18.3039,1.24588e-05
671,0.944444,20.0000095367,2256.83,18.3737,1.22928e-05
672,0.944444,20.0000095367,2256.82,18.3039,1.2129e-05
673,0.944444,20.0000095367,2256.81,18.3737,1.19675e-05
674,0.944444,20.0000095367,2256.8,18.3039,1.1808e-05
675,0.944444,20.0000095367,2256.79,18.3737,1.16507e-05
676,0.944444,20.0000095367,2256.78,18.3039,1.14955e-05
677,0.944444,20.0000095367,2256.77,18.3039,1.13423e-05
678,0.944444,20.0000095367,2256.76,18.3737,1.11912e-05
679,0.944444,20.0000095367,2256.75,18.3039,1.10421e-05
680,0.944444,20.0000095367,2256.74,18.3737,1.0895e-05
681,0.944444,20.0000095367,2256.73,18.3039,1.07499e-05
682,0.944444,20.0000095367,2256.72,18.3039,1.06067e-05
683,0.944444,20.0000095367,2256.71,18.3737,1.04654e-05
684,0.944444,20.0000095367,2256.7,18.3039,1.03259e-05
685,0.944444,20.0000095367,2256.69,18.3039,1.01884e-05
686,0.944444,20.0000095367,2256.68,18.3039,1.00526e-05
687,0.944444,20.0000095367,2256.67,18.3737,9.91871e-06
688,0.944444,20.0000095367,2256.66,18.3039,9.78657e-06
689,0.944444,20.0000095367,2256.66,18.3737,9.65619e-06
690,0.944444,20.0000095367,2256.65,18.3737,9.52755e-06
691,0.944444,20.0000095367,2256.64,18.3039,9.40061e-06
692,0.944444,20.0000095367,2256.63,18.3039,9.27537e-06
693,0.944444,20.0000095367,2256.62,18.3737,9.1518e-06
694,0.944444,20.0000095367,2256.61,18.3039,9.02988e-06
695,0.944444,20.0000095367,2256.61,18.3737,8.90958e-06
696,0.944444,20.0000095367,2256.6,18.3039,8.79088e-06
697,0.944444,20.0000095367,2256.59,18.3737,8.67377e-06
698,0.944444,20.0000095367,2256.58,18.3039,8.55821e-06
699,0.944444,20.0000095367,2256.58,18.3039,8.44419e-06
700,0.944444,20.0000095367,2256.57,18.3737,8.3317e-06
701,0.944444,20.0000095367,2256.56,18.3039,8.2207e-06
702,0.944444,20.0000095367,2256.56,18.3039,8.11118e-06
703,0.944444,20.0000095367,2256.55,18.3039,8.00312e-06
704,0.944444,20.0000095367,2256.54,18.3737,7.8965e-06
705,0.944444,20.0000095367,2256.54,18.3737,7.7913e-06
706,0.944444,20.0000095367,2256.53,18.3039,7.68749e-06
707,0.944444,20.0000095367,2256.52,18.3737,7.58508e-06
708,0.944444,20.0000095367,2256.52,18.3039,7.48403e-06
709,0.944444,20.0000095367,2256.51,18.3737,7.38433e-06
710,0.944444,20.0000095367,2256.5,18.3039,7.28594e-06
711,0.944444,20.0000095367,2256.5,18.3737,7.18888e-06
712,0.944444,20.0000095367,2256.49,18.3039,7.09311e-06
713,0.944444,20.0000095367,2256.49,18.3737,6.99861e-06
714,0.944444,20.0000095367,2256.48,18.3039,6.90537e-06
715,0.944444,20.0000095367,2256.47,18.3039,6.81337e-06
716,0.944444,20.0000095367,2256.47,18.3737,6.7226e-06
717,0.944444,20.0000095367,2256.47,18.3039,6.63304e-06
718,0.944444,20.0000095367,2256.46,18.3737,6.54467e-06
719,0.944444,20.0000095367,2256.45,18.3039,6.45748e-06
720,0.944444,20.0000095367,2256.45,18.3737,6.37145e-06
721,0.944444,20.0000095367,2256.44,18.3039,6.28657e-06
722,0.944444,20.0000095367,2256.44,18.3039,6.20282e-06
723,0.944444,20.0000095367,2256.43,18.3039,6.12018e-06
724,0.944444,20.0000095367,2256.43,18.3737,6.03865e-06
725,0.944444,20.0000095367,2256.42,18.3737,5.95819e-06
726,0.944444,20.0000095367,2256.42,18.3039,5.87882e-06
727,0.944444,20.0000095367,2256.41,18.3039,5.8005e-06
728,0.944444,20.0000095367,2256.41,18.3737,5.72322e-06
729,0.944444,20.0000095367,2256.4,18.3039,5.64697e-06
730,0.944444,20.0000095367,2256.4,18.3039,5.57174e-06
731,0.944444,20.0000095367,2256.39,18.3039,5.49751e-06
732,0.944444,20.0000095367,2256.39,18.3039,5.42427e-06
733,0.944444,20.0000095367,2256.38,18.3737,5.35201e-06
734,0.944444,20.0000095367,2256.38,18.3737,5.28071e-06
735,0.944444,20.0000095367,2256.38,18.3039,5.21036e-06
736,0.944444,20.0000095367,2256.37,18.3039,5.14094e-06
737,0.944444,20.0000095367,2256.37,18.3039,5.07245e-06
738,0.944444,20.0000095367,2256.36,18.3737,5.00487e-06
739,0.944444,20.0000095367,2256.36,18.3039,4.9382e-06
740,0.944444,20.0000095367,2256.36,18.3737,4.8724e-06
741,0.944444,20.0000095367,2256.35,18.3039,4.80749e-06
742,0.944444,20.0000095367,2256.35,18.3737,4.74345e-06
743,0.944444,20.0000095367,2256.35,18.3737,4.68025e-06
744,0.944444,20.0000095367,2256.34,18.3039,4.6179e-06
745,0.944444,20.0000095367,2256.34,18.3039,4.55638e-06
746,0.944444,20.0000095367,2256.33,18.3039,4.49568e-06
747,0.944444,20.0000095367,2256.33,18.3039,4.43578e-06
748,0.944444,20.0000095367,2256.33,18.3039,4.37669e-06
749,0.944444,20.0000095367,2256.32,18.3737,4.31838e-06
750,0.944444,20.0000095367,2256.32,18.3737,4.26085e-06
751,0.944444,20.0000095367,2256.32,18.3039,4.20408e-06
752,0.944444,20.0000095367,2256.31,18.3737,4.14807e-06
753,0.944444,20.0000095367,2256.31,18.3039,4.09281e-06
754,0.944444,20.0000095367,2256.31,18.3039,4.03829e-06
755,0.944444,20.0000095367,2256.3,18.3737,3.98448e-06
756,0.944444,20.0000095367,2256.3,18.3039,3.9314e-06
757,0.944444,20.0000095367,2256.3,18.3737,3.87903e-06
758,0.944444,20.0000095367,2256.29,18.3038,3.82735e-06
759,0.944444,20.0000095367,2256.29,18.3737,3.77636e-06
760,0.944444,20.0000095367,2256.29,18.3038,3.72605e-06
761,0.944444,20.0000095367,2256.28,18.3038,3.67641e-06
762,0.944444,20.0000095367,2256.28,18.3039,3.62743e-06
763,0.944444,20.0000095367,2256.28,18.3038,3.5791e-06
764,0.944444,20.0000095367,2256.28,18.3737,3.53142e-06
765,0.944444,20.0000095367,2256.27,18.3038,3.48437e-06
766,0.944444,20.0000095367,2256.27,18.3038,3.43795e-06
767,0.944444,20.0000095367,2256.27,18.3737,3.39215e-06
768,0.944444,20.0000095367,2256.26,18.3038,3.34696e-06
769,0.944444,20.0000095367,2256.26,18.3737,3.30237e-06
770,0.944444,20.0000095367,2256.26,18.3038,3.25837e-06
771,0.944444,20.0000095367,2256.25,18.3737,3.21496e-06
772,0.944444,20.0000095367,2256.25,18.3737,3.17213e-06
773,0.944444,20.0000095367,2256.25,18.3737,3.12987e-06
774,0.944444,20.0000095367,2256.25,18.3038,3.08817e-06
775,0.944444,20.0000095367,2256.24,18.3038,3.04703e-06
776,0.944444,20.0000095367,2256.24,18.3737,3.00644e-06
777,0.944444,20.0000095367,2256.24,18.3737,2.96639e-06
778,0.944444,20.0000095367,2256.24,18.3737,2.92687e-06
779,0.944444,20.0000095367,2256.23,18.3038,2.88787e-06
780,0.944444,20.0000095367,2256.23,18.3737,2.8494e-06
781,0.944444,20.0000095367,2256.23,18.3038,2.81144e-06
782,0.944444,20.0000095367,2256.23,18.3737,2.77398e-06
783,0.944444,20.0000095367,2256.22,18.3038,2.73703e-06
784,0.944444,20.0000095367,2256.22,18.3038,2.70056e-06
785,0.944444,20.0000095367,2256.22,18.3737,2.66459e-06
786,0.944444,20.0000095367,2256.22,18.3737,2.62909e-06
787,0.944444,20.0000095367,2256.21,18.3737,2.59406e-06
788,0.944444,20.0000095367,2256.21,18.3038,2.5595e-06
789,0.944444,20.0000095367,2256.21,18.3038,2.5254e-06
790,0.944444,20.0000095367,2256.21,18.3038,2.49176e-06
791,0.944444,20.0000095367,2256.21,18.3038,2.45856e-06
792,0.944444,20.0000095367,2256.2,18.3038,2.42581e-06
793,0.944444,20.0000095367,2256.2,18.3737,2.39349e-06
794,0.944444,20.0000095367,2256.2,18.3038,2.3616e-06
795,0.944444,20.0000095367,2256.2,18.3737,2.33014e-06
796,0.944444,20.0000095367,2256.19,18.3038,2.2991e-06
797,0.944444,20.0000095367,2256.19,18.3737,2.26847e-06
798,0.944444,20.0000095367,2256.19,18.3737,2.23825e-06
799,0.944444,20.0000095367,2256.19,18.3737,2.20843e-06
800,0.944444,20.0000095367,2256.19,18.3038,2.17901e-06
801,0.944444,20.0000095367,2256.19,18.3038,2.14998e-06
802,0.944444,20.0000095367,2256.18,18.3038,2.12133e-06
803,0.944444,20.0000095367,2256.18,18.3737,2.09307e-06
804,0.944444,20.0000095367,2256.18,18.3038,2.06519e-06
805,0.944444,20.0000095367,2256.18,18.3038,2.03767e-06
806,0.944444,20.0000095367,2256.18,18.3038,2.01053e-06
807,0.944444,20.0000095367,2256.17,18.3038,1.98374e-06
808,0.944444,20.0000095367,2256.17,18.3737,1.95731e-06
809,0.944444,20.0000095367,2256.17,18.3737,1.93124e-06
810,0.944444,20.0000095367,2256.17,18.3038,1.90551e-06
811,0.944444,20.0000095367,2256.17,18.3038,1.88012e-06
812,0.944444,20.0000095367,2256.16,18.3038,1.85507e-06
813,0.944444,20.0000095367,2256.16,18.3038,1.83036e-06
814,0.944444,20.0000095367,2256.16,18.3038,1.80598e-06
815,0.944444,20.0000095367,2256.16,18.3038,1.78192e-06
816,0.944444,20.0000095367,2256.16,18.3038,1.75818e-06
817,0.944444,20.0000095367,2256.16,18.3038,1.73475e-06
818,0.944444,20.0000095367,2256.16,18.3038,1.71164e-06
819,0.944444,20.0000095367,2256.16,18.3737,1.68884e-06
820,0.944444,20.0000095367,2256.15,18.3038,1.66634e-06
821,0.944444,20.0000095367,2256.15,18.3038,1.64414e-06
822,0.944444,20.0000095367,2256.15,18.3038,1.62224e-06
823,0.944444,20.0000095367,2256.15,18.3038,1.60062e-06
824,0.944444,20.0000095367,2256.15,18.3038,1.5793e-06
825,0.944444,20.0000095367,2256.15,18.3737,1.55826e-06
826,0.944444,20.0000095367,2256.15,18.3038,1.5375e-06
827,0.944444,20.0000095367,2256.15,18.3038,1.51702e-06
828,0.944444,20.0000095367,2256.15,18.3038,1.49681e-06
829,0.944444,20.0000095367,2256.15,18.3038,1.47687e-06
830,0.944444,20.0000095367,2256.14,18.3038,1.45719e-06
831,0.944444,20.0000095367,2256.14,18.3038,1.43778e-06
832,0.944444,20.0000095367,2256.14,18.3038,1.41862e-06
833,0.944444,20.0000095367,2256.14,18.3038,1.39972e-06
834,0.944444,20.0000095367,2256.14,18.3038,1.38107e-06
835,0.944444,20.0000095367,2256.14,18.3038,1.36267e-06
836,0.944444,20.0000095367,2256.14,18.3038,1.34452e-06
837,0.944444,20.0000095367,2256.14,18.3038,1.32661e-06
0.944444,2256.14,3.0455570220947266,0.8125,1.29615366223,0.220164186643
