72,10,0.6,2,1000, .1 
0,0.413889,210.99999547,1.17501e+06,885.066,0.0998582
1,0.411111,211.999998093,968093.0,798.936,0.099434
2,0.416667,210.000003576,800503.0,720.347,0.0990116
3,0.430556,205.000001192,667112.0,647.514,0.0985911
4,0.441667,201.000001431,557304.0,590.344,0.0981723
5,0.45,198.000004292,466485.0,534.417,0.0977552
6,0.452778,197.000001669,393451.0,479.114,0.09734
7,0.458333,194.999996424,334306.0,438.773,0.0969265
8,0.463889,193.000001907,285097.0,399.11,0.0965148
9,0.480556,186.999996901,244277.0,366.152,0.0961048
10,0.516667,174.000005722,210870.0,331.503,0.0956966
11,0.519444,172.999992371,182608.0,307.508,0.0952901
12,0.527778,169.999995232,158575.0,285.064,0.0948853
13,0.533333,167.999989986,137652.0,266.778,0.0944822
14,0.544444,164.000000954,119242.0,249.635,0.0940809
15,0.569444,155.000009537,103379.0,228.321,0.0936812
16,0.594444,145.999996662,90531.2,203.774,0.0932833
17,0.602778,142.999999523,80048.6,186.684,0.0928871
18,0.616667,137.999997139,71128.6,173.717,0.0924925
19,0.622222,135.999991894,63266.6,165.347,0.0920996
20,0.638889,129.999997616,56305.3,154.661,0.0917084
21,0.633333,132.000002861,50186.3,148.159,0.0913188
22,0.638889,129.999997616,44479.5,142.934,0.0909309
23,0.647222,127.000000477,39222.3,136.293,0.0905446
24,0.669444,119.000000954,34626.4,123.097,0.09016
25,0.683333,113.999998569,30936.9,110.828,0.089777
26,0.680556,114.999990463,27856.8,106.384,0.0893957
27,0.691667,111.000001431,25013.1,100.18,0.0890159
28,0.716667,102.000010014,22561.1,91.1185,0.0886378
29,0.719444,100.999996662,20478.8,89.3881,0.0882613
30,0.736111,95.0000023842,18641.3,80.9937,0.0878864
31,0.744444,92.0000052452,17039.6,77.7283,0.0875131
32,0.752778,89.0000081062,15557.5,74.6,0.0871413
33,0.755556,87.9999947548,14140.4,73.4044,0.0867712
34,0.772222,82.0000004768,12905.2,66.748,0.0864026
35,0.777778,79.9999952316,11796.0,64.6412,0.0860355
36,0.786111,76.9999980927,10782.1,60.4643,0.0856701
37,0.794444,74.0000009537,9876.7,58.7815,0.0853062
38,0.8,71.9999957085,9012.57,56.8096,0.0849438
39,0.816667,66.0000014305,8302.29,50.9299,0.084583
40,0.830556,60.9999990463,7703.92,45.8485,0.0842237
41,0.833333,60.0000071526,7195.45,44.1242,0.0838659
42,0.841667,57.0000100136,6716.73,41.804,0.0835097
43,0.855556,52.0000076294,6314.45,38.7242,0.0831549
44,0.869444,47.0000052452,5980.59,33.3026,0.0828017
45,0.875,45.0,5730.17,32.6094,0.08245
46,0.877778,44.0000081062,5493.9,32.0181,0.0820997
47,0.872222,45.9999918938,5264.64,32.0394,0.081751
48,0.875,45.0,5037.1,31.7323,0.0814037
49,0.877778,44.0000081062,4814.65,31.4038,0.0810579
50,0.877778,44.0000081062,4595.83,31.2378,0.0807136
51,0.872222,45.9999918938,4381.16,31.349,0.0803708
52,0.883333,42.000002861,4167.78,29.7632,0.0800294
53,0.883333,42.000002861,3980.74,28.0128,0.0796894
54,0.886111,40.9999895096,3818.08,27.8085,0.0793509
55,0.891667,39.000005722,3663.2,26.0698,0.0790138
56,0.891667,39.000005722,3530.0,25.4056,0.0786782
57,0.891667,39.000005722,3399.1,25.2147,0.078344
58,0.888889,39.9999976158,3271.15,25.1147,0.0780112
59,0.888889,39.9999976158,3144.75,25.0419,0.0776798
60,0.894444,37.9999923706,3021.39,23.038,0.0773498
61,0.894444,37.9999923706,2920.39,23.0244,0.0770213
62,0.894444,37.9999923706,2820.04,23.0196,0.0766941
63,0.897222,37.0000004768,2722.09,22.2343,0.0763683
64,0.897222,37.0000004768,2631.5,22.2326,0.0760439
65,0.897222,37.0000004768,2541.38,22.2391,0.0757209
66,0.902778,34.9999952316,2451.86,22.1689,0.0753992
67,0.902778,34.9999952316,2370.55,21.1472,0.075079
68,0.9,36.0000085831,2296.18,21.2642,0.07476
69,0.908333,32.9999899864,2223.65,20.2605,0.0744425
70,0.908333,32.9999899864,2156.39,20.344,0.0741262
71,0.908333,32.9999899864,2088.86,20.4344,0.0738114
72,0.908333,32.9999899864,2021.02,20.5316,0.0734978
73,0.913889,31.0000061989,1959.55,20.0688,0.0731856
74,0.913889,31.0000061989,1901.21,19.3281,0.0728747
75,0.911111,31.9999980927,1843.84,19.4305,0.0725652
76,0.916667,29.9999928474,1795.57,18.5813,0.0722569
77,0.922222,28.0000090599,1749.55,18.4438,0.07195
78,0.922222,28.0000090599,1705.14,16.9801,0.0716444
79,0.922222,28.0000090599,1665.41,17.0419,0.07134
80,0.925,26.9999957085,1626.58,16.7886,0.071037
81,0.933333,23.9999985695,1590.36,16.2862,0.0707352
82,0.936111,23.0000066757,1557.63,15.8126,0.0704348
83,0.933333,23.9999985695,1526.24,17.1487,0.0701356
84,0.933333,23.9999985695,1493.49,15.7984,0.0698377
85,0.936111,23.0000066757,1463.73,16.8589,0.069541
86,0.933333,23.9999985695,1429.84,15.9173,0.0692456
87,0.936111,23.0000066757,1398.88,15.7738,0.0689515
88,0.941667,21.0000014305,1369.43,16.5234,0.0686586
89,0.938889,21.9999933243,1337.91,16.0205,0.0683669
90,0.936111,23.0000066757,1307.34,15.9863,0.0680765
91,0.944444,20.0000095367,1279.75,15.5677,0.0677873
92,0.941667,21.0000014305,1250.08,15.0913,0.0674994
93,0.938889,21.9999933243,1222.2,15.2801,0.0672126
94,0.944444,20.0000095367,1195.59,14.7719,0.0669271
95,0.941667,21.0000014305,1170.81,15.8483,0.0666428
96,0.941667,21.0000014305,1145.0,14.8687,0.0663598
97,0.944444,20.0000095367,1120.58,14.1829,0.0660779
98,0.947222,18.9999961853,1099.56,14.2663,0.0657972
99,0.952778,16.9999909401,1079.24,14.9422,0.0655177
100,0.944444,20.0000095367,1057.19,14.3819,0.0652394
101,0.95,18.0000042915,1036.81,15.0126,0.0649623
102,0.947222,18.9999961853,1015.08,14.5686,0.0646863
103,0.955556,15.9999990463,994.192,14.5917,0.0644115
104,0.947222,18.9999961853,973.107,14.1253,0.0641379
105,0.95,18.0000042915,951.812,14.1967,0.0638655
106,0.955556,15.9999990463,931.255,14.9674,0.0635942
107,0.952778,16.9999909401,911.535,13.7769,0.063324
108,0.947222,18.9999961853,893.253,14.2316,0.0630551
109,0.95,18.0000042915,873.882,13.9154,0.0627872
110,0.952778,16.9999909401,855.72,14.9528,0.0625205
111,0.95,18.0000042915,836.193,14.0393,0.0622549
112,0.952778,16.9999909401,816.548,14.0836,0.0619905
113,0.95,18.0000042915,797.637,14.165,0.0617271
114,0.952778,16.9999909401,778.216,14.211,0.0614649
115,0.955556,15.9999990463,759.321,15.3957,0.0612038
116,0.947222,18.9999961853,740.089,13.7214,0.0609439
117,0.944444,20.0000095367,724.467,14.1959,0.060685
118,0.95,18.0000042915,707.378,13.7016,0.0604272
119,0.955556,15.9999990463,692.343,14.2254,0.0601705
120,0.95,18.0000042915,675.186,13.7948,0.0599149
121,0.955556,15.9999990463,659.972,14.3055,0.0596604
122,0.952778,16.9999909401,643.601,12.3567,0.059407
123,0.958333,15.0000071526,629.961,12.8665,0.0591546
124,0.952778,16.9999909401,614.722,12.4487,0.0589034
125,0.958333,15.0000071526,600.926,12.9433,0.0586531
126,0.95,18.0000042915,585.988,12.3515,0.058404
127,0.958333,15.0000071526,572.033,11.1318,0.0581559
128,0.958333,15.0000071526,562.474,9.70774,0.0579089
129,0.958333,15.0000071526,553.475,9.72866,0.0576629
130,0.955556,15.9999990463,544.586,10.195,0.0574179
131,0.958333,15.0000071526,534.989,9.77165,0.057174
132,0.958333,15.0000071526,526.02,9.7934,0.0569312
133,0.955556,15.9999990463,517.12,10.2625,0.0566893
134,0.961111,13.9999938011,507.597,9.94697,0.0564485
135,0.958333,15.0000071526,498.691,10.0805,0.0562087
136,0.966667,12.0000100136,490.022,9.86377,0.05597
137,0.961111,13.9999938011,482.292,9.22773,0.0557322
138,0.952778,16.9999909401,475.414,10.5752,0.0554955
139,0.961111,13.9999938011,466.527,9.26156,0.0552598
140,0.963889,13.0000019073,459.484,9.54338,0.055025
141,0.958333,15.0000071526,451.93,9.40532,0.0547913
142,0.961111,13.9999938011,444.683,9.29975,0.0545585
143,0.963889,13.0000019073,438.119,9.61007,0.0543268
144,0.955556,15.9999990463,432.687,9.95505,0.054096
145,0.963889,13.0000019073,426.588,8.57301,0.0538662
146,0.958333,15.0000071526,421.558,9.73118,0.0536374
147,0.966667,12.0000100136,415.16,7.37873,0.0534096
148,0.966667,12.0000100136,410.601,7.3769,0.0531827
149,0.966667,12.0000100136,406.034,8.41115,0.0529568
150,0.958333,15.0000071526,401.686,9.3279,0.0527318
151,0.969444,10.9999966621,395.663,7.53184,0.0525078
152,0.963889,13.0000019073,391.097,8.01544,0.0522848
153,0.966667,12.0000100136,386.027,7.37992,0.0520627
154,0.961111,13.9999938011,381.87,8.82883,0.0518415
155,0.966667,12.0000100136,376.009,7.38606,0.0516213
156,0.963889,13.0000019073,371.704,8.01778,0.051402
157,0.966667,12.0000100136,366.782,7.3859,0.0511837
158,0.963889,13.0000019073,362.6,8.01618,0.0509663
159,0.963889,13.0000019073,357.687,8.16853,0.0507498
160,0.969444,10.9999966621,353.252,7.52299,0.0505342
161,0.969444,10.9999966621,348.696,7.52183,0.0503195
162,0.961111,13.9999938011,344.838,8.84822,0.0501058
163,0.969444,10.9999966621,339.036,7.5262,0.049893
164,0.961111,13.9999938011,335.512,8.85136,0.049681
165,0.969444,10.9999966621,330.016,7.52339,0.04947
166,0.963889,13.0000019073,325.926,8.02314,0.0492598
167,0.966667,12.0000100136,321.287,7.39727,0.0490506
168,0.963889,13.0000019073,317.341,8.02453,0.0488422
169,0.966667,12.0000100136,312.675,7.40024,0.0486348
170,0.966667,12.0000100136,308.737,8.38219,0.0484282
171,0.961111,13.9999938011,304.703,9.48791,0.0482225
172,0.969444,10.9999966621,299.96,7.52363,0.0480176
173,0.966667,12.0000100136,295.738,8.37934,0.0478136
174,0.958333,15.0000071526,292.325,9.37578,0.0476105
175,0.969444,10.9999966621,287.175,7.52362,0.0474083
176,0.963889,13.0000019073,283.482,8.03546,0.0472069
177,0.963889,13.0000019073,278.912,8.23598,0.0470064
178,0.963889,13.0000019073,274.503,8.04653,0.0468067
179,0.969444,10.9999966621,270.027,7.50008,0.0466079
180,0.963889,13.0000019073,266.617,8.05092,0.0464099
181,0.969444,10.9999966621,262.273,7.51004,0.0462128
182,0.969444,10.9999966621,258.722,8.45754,0.0460165
183,0.963889,13.0000019073,255.148,8.81094,0.045821
184,0.966667,12.0000100136,250.818,8.88147,0.0456263
185,0.969444,10.9999966621,246.539,8.46652,0.0454325
186,0.961111,13.9999938011,242.879,8.59499,0.0452395
187,0.972222,10.0000047684,238.778,7.64097,0.0450474
188,0.963889,13.0000019073,235.199,8.67901,0.044856
189,0.966667,12.0000100136,231.01,7.46255,0.0446655
190,0.966667,12.0000100136,227.814,8.16889,0.0444757
191,0.963889,13.0000019073,223.464,8.0854,0.0442868
192,0.969444,10.9999966621,219.646,7.5729,0.0440987
193,0.966667,12.0000100136,216.521,8.17843,0.0439114
194,0.969444,10.9999966621,212.66,7.40723,0.0437248
195,0.966667,12.0000100136,209.303,8.18944,0.0435391
196,0.969444,10.9999966621,205.279,7.41541,0.0433542
197,0.972222,10.0000047684,202.077,8.42117,0.04317
198,0.966667,12.0000100136,198.605,8.3961,0.0429866
199,0.972222,10.0000047684,195.167,7.68087,0.042804
200,0.972222,10.0000047684,193.311,6.97527,0.0426222
201,0.977778,7.99999952316,190.891,6.41207,0.0424411
202,0.975,8.99999141693,189.154,7.10003,0.0422609
203,0.980556,7.00000762939,187.018,5.27476,0.0420814
204,0.977778,7.99999952316,185.249,6.40625,0.0419026
205,0.977778,7.99999952316,183.761,6.40191,0.0417246
206,0.972222,10.0000047684,182.24,7.44978,0.0415474
207,0.980556,7.00000762939,179.866,5.26566,0.0413709
208,0.980556,7.00000762939,178.119,5.26412,0.0411951
209,0.975,8.99999141693,176.521,6.31287,0.0410201
210,0.980556,7.00000762939,174.626,5.25788,0.0408459
211,0.980556,7.00000762939,174.018,6.97206,0.0406724
212,0.980556,7.00000762939,173.412,6.9813,0.0404996
213,0.980556,7.00000762939,170.211,5.25401,0.0403276
214,0.983333,5.99999427795,169.763,6.48391,0.0401563
215,0.977778,7.99999952316,169.66,7.34667,0.0399857
216,0.983333,5.99999427795,166.028,6.48,0.0398159
217,0.983333,5.99999427795,165.716,6.48034,0.0396467
218,0.977778,7.99999952316,165.467,7.34456,0.0394783
219,0.983333,5.99999427795,162.038,6.47663,0.0393106
220,0.983333,5.99999427795,161.733,6.47704,0.0391436
221,0.980556,7.00000762939,159.035,5.24436,0.0389774
222,0.983333,5.99999427795,158.385,6.47385,0.0388118
223,0.983333,5.99999427795,158.089,6.47433,0.0386469
224,0.983333,5.99999427795,155.083,6.4708,0.0384828
225,0.983333,5.99999427795,154.791,6.47132,0.0383193
226,0.980556,7.00000762939,154.618,6.95527,0.0381565
227,0.983333,5.99999427795,151.257,6.46813,0.0379944
228,0.983333,5.99999427795,150.972,6.46872,0.037833
229,0.980556,7.00000762939,148.351,5.23588,0.0376723
230,0.983333,5.99999427795,147.756,6.46602,0.0375123
231,0.980556,7.00000762939,147.503,6.94915,0.037353
232,0.980556,7.00000762939,144.348,5.23381,0.0371943
233,0.983333,5.99999427795,144.035,6.46382,0.0370363
234,0.980556,7.00000762939,143.824,6.06051,0.036879
235,0.983333,5.99999427795,141.484,6.46261,0.0367223
236,0.983333,5.99999427795,141.215,6.46334,0.0365663
237,0.977778,7.99999952316,138.726,4.9608,0.036411
238,0.983333,5.99999427795,138.689,6.46225,0.0362563
239,0.983333,5.99999427795,138.424,6.46303,0.0361023
240,0.980556,7.00000762939,135.851,6.0558,0.035949
241,0.983333,5.99999427795,135.933,6.46206,0.0357963
242,0.977778,7.99999952316,133.332,4.96205,0.0356442
243,0.983333,5.99999427795,133.464,6.46118,0.0354928
244,0.983333,5.99999427795,133.207,6.46204,0.035342
245,0.980556,7.00000762939,130.592,6.05433,0.0351919
246,0.983333,5.99999427795,130.772,6.46127,0.0350424
247,0.980556,7.00000762939,128.079,6.053,0.0348935
248,0.983333,5.99999427795,128.359,6.46059,0.0347453
249,0.983333,5.99999427795,128.109,6.46152,0.0345977
250,0.980556,7.00000762939,125.452,6.05333,0.0344508
251,0.983333,5.99999427795,125.729,6.46095,0.0343044
252,0.983333,5.99999427795,123.083,6.45841,0.0341587
253,0.980556,7.00000762939,122.85,6.0538,0.0340136
254,0.980556,7.00000762939,121.187,5.23661,0.0338691
255,0.983333,5.99999427795,120.503,6.45898,0.0337253
256,0.983333,5.99999427795,120.448,5.92475,0.033582
257,0.980556,7.00000762939,118.199,5.23474,0.0334393
258,0.983333,5.99999427795,118.014,5.92659,0.0332973
259,0.986111,5.00000238419,118.307,6.153,0.0331559
260,0.986111,5.00000238419,115.733,6.1538,0.033015
261,0.983333,5.99999427795,115.759,5.92785,0.0328748
262,0.983333,5.99999427795,113.605,4.44592,0.0327351
263,0.986111,5.00000238419,113.497,6.15526,0.0325961
264,0.983333,5.99999427795,113.521,5.92923,0.0324576
265,0.986111,5.00000238419,111.316,6.15659,0.0323197
266,0.986111,5.00000238419,111.288,6.15682,0.0321824
267,0.983333,5.99999427795,109.467,5.2491,0.0320457
268,0.988889,4.00001049042,109.185,5.76951,0.0319096
269,0.988889,4.00001049042,109.129,5.76997,0.0317741
270,0.983333,5.99999427795,107.283,6.20781,0.0316391
271,0.983333,5.99999427795,107.599,6.79313,0.0315047
272,0.988889,4.00001049042,105.231,5.77434,0.0313709
273,0.986111,5.00000238419,105.316,6.16281,0.0312376
274,0.986111,5.00000238419,103.246,4.83469,0.0311049
275,0.983333,5.99999427795,103.449,6.79897,0.0309728
276,0.983333,5.99999427795,101.969,5.26462,0.0308412
277,0.986111,5.00000238419,101.586,6.16727,0.0307102
278,0.986111,5.00000238419,101.341,6.16872,0.0305798
279,0.986111,5.00000238419,99.3865,5.94957,0.0304499
280,0.986111,5.00000238419,99.7795,6.17058,0.0303205
281,0.986111,5.00000238419,97.737,4.84843,0.0301917
282,0.986111,5.00000238419,97.6788,6.17331,0.0300635
283,0.986111,5.00000238419,95.9002,4.8532,0.0299358
284,0.986111,5.00000238419,95.8006,6.17498,0.0298086
285,0.986111,5.00000238419,95.7621,6.17539,0.029682
286,0.986111,5.00000238419,93.7034,5.95871,0.0295559
287,0.986111,5.00000238419,94.0312,6.17841,0.0294304
288,0.986111,5.00000238419,91.737,6.17947,0.0293053
289,0.986111,5.00000238419,91.6971,6.17991,0.0291809
290,0.983333,5.99999427795,90.2302,5.29179,0.0290569
291,0.983333,5.99999427795,90.2317,6.82066,0.0289335
292,0.986111,5.00000238419,89.9498,6.18343,0.0288106
293,0.988889,4.00001049042,87.9592,5.80112,0.0286882
294,0.986111,5.00000238419,88.1387,6.18523,0.0285663
295,0.988889,4.00001049042,86.0383,5.80359,0.028445
296,0.983333,5.99999427795,86.4208,6.82682,0.0283241
297,0.986111,5.00000238419,84.9999,5.59459,0.0282038
298,0.986111,5.00000238419,85.1824,6.18941,0.028084
299,0.988889,4.00001049042,83.8436,5.048,0.0279647
300,0.986111,5.00000238419,84.3823,6.19075,0.0278459
301,0.988889,4.00001049042,83.0504,4.97603,0.0277277
302,0.988889,4.00001049042,83.4541,4.80644,0.0276099
303,0.991667,2.99999713898,82.6787,4.61645,0.0274926
304,0.991667,2.99999713898,81.9975,4.61673,0.0273758
305,0.991667,2.99999713898,81.1748,4.61766,0.0272595
306,0.988889,4.00001049042,81.5215,4.80879,0.0271437
307,0.991667,2.99999713898,80.8279,4.61837,0.0270284
308,0.988889,4.00001049042,80.1786,4.97772,0.0269136
309,0.991667,2.99999713898,80.4789,4.61925,0.0267993
310,0.991667,2.99999713898,79.8143,4.61954,0.0266855
311,0.991667,2.99999713898,79.0122,4.62046,0.0265721
312,0.988889,4.00001049042,78.5063,5.06005,0.0264592
313,0.988889,4.00001049042,78.8625,4.81296,0.0263468
314,0.988889,4.00001049042,77.9852,4.81362,0.0262349
315,0.991667,2.99999713898,77.2224,4.62239,0.0261235
316,0.988889,4.00001049042,77.5775,4.81438,0.0260125
317,0.991667,2.99999713898,76.8854,4.62312,0.025902
318,0.988889,4.00001049042,76.2589,4.98089,0.025792
319,0.988889,4.00001049042,75.8984,5.06547,0.0256824
320,0.988889,4.00001049042,75.9676,4.81684,0.0255733
321,0.991667,2.99999713898,75.1346,4.62522,0.0254647
322,0.991667,2.99999713898,74.502,4.62553,0.0253565
323,0.988889,4.00001049042,75.0142,4.81857,0.0252488
324,0.991667,2.99999713898,74.173,4.62715,0.0251416
325,0.994444,2.00000524521,73.891,3.50952,0.0250348
326,0.991667,2.99999713898,73.9878,3.99524,0.0249284
327,0.994444,2.00000524521,73.8838,3.51001,0.0248225
328,0.994444,2.00000524521,73.7564,2.9112,0.0247171
329,0.997222,0.999991893768,73.742,2.24617,0.0246121
330,0.997222,0.999991893768,73.742,2.24617,0.0245075
0.997222,73.742,1.201476812362671,58.2578,0.628126104876,0.159520183353
