17,10,0.5,2,1000, .1 
0,0.602778,142.999999523,991369.0,660.599,0.0998076
1,0.6,143.999991417,869138.0,618.734,0.0992328
2,0.611111,140.000002384,763163.0,589.07,0.0986613
3,0.625,135.0,672657.0,552.719,0.098093
4,0.630556,132.999994755,590523.0,522.133,0.097528
5,0.644444,127.999992371,517860.0,486.536,0.0969663
6,0.663889,121.000006199,455533.0,461.572,0.0964078
7,0.680556,114.999990463,400513.0,441.803,0.0958526
8,0.705556,105.999999046,351206.0,389.493,0.0953005
9,0.730556,97.0000076294,314453.0,345.804,0.0947516
10,0.747222,90.9999918938,284799.0,315.304,0.0942059
11,0.752778,89.0000081062,258993.0,311.119,0.0936633
12,0.769444,82.9999923706,234629.0,295.78,0.0931238
13,0.786111,76.9999980927,212637.0,280.037,0.0925875
14,0.783333,77.9999899864,191801.0,280.075,0.0920542
15,0.794444,74.0000009537,172263.0,264.503,0.091524
16,0.802778,71.0000038147,154111.0,259.321,0.0909969
17,0.813889,66.9999933243,137430.0,237.71,0.0904728
18,0.825,63.0000042915,122620.0,226.852,0.0899517
19,0.836111,58.9999938011,110755.0,203.549,0.0894336
20,0.841667,57.0000100136,100396.0,198.21,0.0889185
21,0.852778,52.9999995232,91107.2,186.853,0.0884064
22,0.866667,47.999997139,82790.3,170.441,0.0878972
23,0.875,45.0,76197.9,160.574,0.0873909
24,0.883333,42.000002861,70378.6,150.926,0.0868876
25,0.886111,40.9999895096,64937.2,144.571,0.0863872
26,0.888889,39.9999976158,60028.6,142.845,0.0858896
27,0.891667,39.000005722,55289.3,140.66,0.0853949
28,0.897222,37.0000004768,50985.3,127.885,0.0849031
29,0.902778,34.9999952316,47516.6,119.548,0.0844141
30,0.902778,34.9999952316,44584.1,119.541,0.0839279
31,0.897222,37.0000004768,41680.7,118.829,0.0834445
32,0.897222,37.0000004768,38855.8,118.915,0.0829639
33,0.902778,34.9999952316,36077.6,119.573,0.0824861
34,0.911111,31.9999980927,33534.7,115.79,0.082011
35,0.911111,31.9999980927,31216.8,107.63,0.0815386
36,0.916667,29.9999928474,29038.5,101.665,0.081069
37,0.916667,29.9999928474,27000.9,101.623,0.0806021
38,0.916667,29.9999928474,25069.0,98.7869,0.0801378
39,0.922222,28.0000090599,23279.9,92.0436,0.0796763
40,0.927778,26.0000038147,21833.9,86.277,0.0792174
41,0.927778,26.0000038147,20582.8,85.808,0.0787611
42,0.938889,21.9999933243,19445.0,80.8424,0.0783075
43,0.938889,21.9999933243,18447.9,73.5342,0.0778565
44,0.944444,20.0000095367,17629.6,61.4033,0.0774081
45,0.944444,20.0000095367,17079.4,62.665,0.0769622
46,0.95,18.0000042915,16517.7,59.6359,0.0765189
47,0.95,18.0000042915,15993.2,59.4493,0.0760782
48,0.944444,20.0000095367,15505.3,62.3941,0.07564
49,0.955556,15.9999990463,14942.2,55.8818,0.0752044
50,0.958333,15.0000071526,14465.8,54.9471,0.0747712
51,0.958333,15.0000071526,14012.9,54.7974,0.0743406
52,0.958333,15.0000071526,13560.3,54.6699,0.0739124
53,0.958333,15.0000071526,13112.5,54.5459,0.0734867
54,0.955556,15.9999990463,12670.2,55.2026,0.0730635
55,0.958333,15.0000071526,12223.4,54.3043,0.0726427
56,0.958333,15.0000071526,11789.8,54.1906,0.0722243
57,0.958333,15.0000071526,11360.6,54.0802,0.0718083
58,0.958333,15.0000071526,10935.8,53.973,0.0713947
59,0.958333,15.0000071526,10520.6,53.851,0.0709835
60,0.958333,15.0000071526,10144.0,49.4198,0.0705747
61,0.963889,13.0000019073,9878.1,49.6096,0.0701682
62,0.963889,13.0000019073,9597.47,49.4653,0.069764
63,0.961111,13.9999938011,9322.78,48.1984,0.0693622
64,0.963889,13.0000019073,9081.68,49.2152,0.0689627
65,0.963889,13.0000019073,8811.37,49.0797,0.0685655
66,0.961111,13.9999938011,8581.16,53.4501,0.0681706
67,0.963889,13.0000019073,8330.8,56.3311,0.067778
68,0.966667,12.0000100136,8063.47,50.9584,0.0673876
69,0.966667,12.0000100136,7816.42,50.8521,0.0669995
70,0.963889,13.0000019073,7578.59,48.4606,0.0666136
71,0.963889,13.0000019073,7331.36,49.7341,0.0662299
72,0.963889,13.0000019073,7106.46,48.2455,0.0658485
73,0.963889,13.0000019073,6892.2,48.1197,0.0654692
74,0.966667,12.0000100136,6655.32,50.3866,0.0650922
75,0.966667,12.0000100136,6423.72,50.2951,0.0647173
76,0.966667,12.0000100136,6220.87,45.3456,0.0643445
77,0.969444,10.9999966621,6043.88,46.8428,0.0639739
78,0.969444,10.9999966621,5872.48,46.8247,0.0636055
79,0.969444,10.9999966621,5699.11,44.0371,0.0632391
80,0.972222,10.0000047684,5541.56,44.0406,0.0628749
81,0.969444,10.9999966621,5423.8,43.4246,0.0625127
82,0.975,8.99999141693,5333.61,39.4008,0.0621527
83,0.975,8.99999141693,5211.55,39.4165,0.0617947
84,0.972222,10.0000047684,5115.75,44.1107,0.0614388
85,0.972222,10.0000047684,4970.32,36.1284,0.061085
86,0.975,8.99999141693,4932.15,39.5109,0.0607331
87,0.975,8.99999141693,4780.47,39.5394,0.0603833
88,0.969444,10.9999966621,4683.45,37.7672,0.0600356
89,0.972222,10.0000047684,4579.56,40.829,0.0596898
90,0.975,8.99999141693,4547.8,39.6195,0.059346
91,0.975,8.99999141693,4398.52,39.6505,0.0590042
92,0.972222,10.0000047684,4254.3,36.247,0.0586643
93,0.966667,12.0000100136,4173.17,41.5289,0.0583265
94,0.975,8.99999141693,4126.34,39.7585,0.0579905
95,0.975,8.99999141693,3979.14,39.7921,0.0576565
96,0.972222,10.0000047684,3932.51,46.0321,0.0573244
97,0.972222,10.0000047684,3787.84,36.356,0.0569943
98,0.975,8.99999141693,3751.58,39.8882,0.056666
99,0.975,8.99999141693,3606.55,39.9239,0.0563396
100,0.975,8.99999141693,3510.6,39.9351,0.0560151
101,0.972222,10.0000047684,3394.32,36.4346,0.0556925
102,0.972222,10.0000047684,3362.01,38.353,0.0553718
103,0.972222,10.0000047684,3261.29,38.3759,0.0550528
104,0.969444,10.9999966621,3152.19,34.6522,0.0547358
105,0.972222,10.0000047684,3119.2,38.3998,0.0544205
106,0.966667,12.0000100136,3029.84,37.5547,0.0541071
107,0.972222,10.0000047684,2986.22,38.4515,0.0537954
108,0.972222,10.0000047684,2866.11,38.4757,0.0534856
109,0.972222,10.0000047684,2799.33,38.5159,0.0531775
110,0.972222,10.0000047684,2787.18,38.5448,0.0528713
111,0.972222,10.0000047684,2668.47,38.5696,0.0525667
112,0.969444,10.9999966621,2611.19,31.7235,0.052264
113,0.975,8.99999141693,2583.84,33.5648,0.051963
114,0.972222,10.0000047684,2500.59,40.7497,0.0516637
115,0.969444,10.9999966621,2441.83,30.3858,0.0513661
116,0.975,8.99999141693,2378.45,33.6215,0.0510703
117,0.969444,10.9999966621,2335.95,35.3068,0.0507761
118,0.975,8.99999141693,2262.04,33.6577,0.0504837
119,0.975,8.99999141693,2254.68,33.6887,0.0501929
120,0.975,8.99999141693,2157.6,33.7075,0.0499038
121,0.969444,10.9999966621,2101.31,30.4769,0.0496164
122,0.975,8.99999141693,2039.33,33.7551,0.0493306
123,0.975,8.99999141693,1980.82,33.7644,0.0490465
124,0.972222,10.0000047684,1936.4,33.9616,0.048764
125,0.972222,10.0000047684,1866.05,30.5555,0.0484832
126,0.975,8.99999141693,1822.88,33.8457,0.0482039
127,0.972222,10.0000047684,1765.54,34.0102,0.0479263
128,0.972222,10.0000047684,1709.79,41.0192,0.0476502
129,0.975,8.99999141693,1687.44,29.9949,0.0473758
130,0.977778,7.99999952316,1629.67,29.8451,0.0471029
131,0.972222,10.0000047684,1618.3,31.2498,0.0468316
132,0.977778,7.99999952316,1574.23,26.6081,0.0465619
133,0.980556,7.00000762939,1546.44,29.0664,0.0462937
134,0.980556,7.00000762939,1527.75,29.0732,0.0460271
135,0.980556,7.00000762939,1536.45,29.1086,0.045762
136,0.980556,7.00000762939,1489.07,29.1091,0.0454984
137,0.983333,5.99999427795,1468.53,24.7185,0.0452364
138,0.975,8.99999141693,1481.6,31.2228,0.0449758
139,0.983333,5.99999427795,1456.72,24.7257,0.0447168
140,0.983333,5.99999427795,1438.98,24.7298,0.0444592
141,0.980556,7.00000762939,1460.37,29.1704,0.0442032
142,0.983333,5.99999427795,1420.93,24.752,0.0439486
143,0.983333,5.99999427795,1403.39,24.7561,0.0436955
144,0.977778,7.99999952316,1394.2,27.2023,0.0434438
145,0.983333,5.99999427795,1391.69,24.7632,0.0431936
146,0.983333,5.99999427795,1374.42,24.7673,0.0429448
147,0.983333,5.99999427795,1357.22,24.7714,0.0426975
148,0.983333,5.99999427795,1371.4,24.7933,0.0424515
149,0.983333,5.99999427795,1354.32,24.7973,0.042207
150,0.977778,7.99999952316,1345.8,33.7601,0.0419639
151,0.983333,5.99999427795,1327.07,24.8019,0.0417222
152,0.983333,5.99999427795,1324.78,24.8095,0.0414819
153,0.983333,5.99999427795,1308.02,24.8134,0.041243
154,0.980556,7.00000762939,1297.3,25.1457,0.0410055
155,0.983333,5.99999427795,1294.11,24.8252,0.0407693
156,0.983333,5.99999427795,1280.13,24.8244,0.0405345
157,0.983333,5.99999427795,1279.29,24.8418,0.040301
158,0.983333,5.99999427795,1262.88,24.8457,0.0400689
159,0.983333,5.99999427795,1251.0,24.85,0.0398381
160,0.980556,7.00000762939,1249.8,25.1825,0.0396087
161,0.983333,5.99999427795,1233.06,24.8612,0.0393806
162,0.983333,5.99999427795,1216.95,24.8651,0.0391538
163,0.983333,5.99999427795,1232.16,24.8806,0.0389282
164,0.983333,5.99999427795,1216.18,24.8845,0.038704
165,0.983333,5.99999427795,1204.61,24.8887,0.0384811
166,0.983333,5.99999427795,1188.78,24.8925,0.0382595
167,0.980556,7.00000762939,1173.49,25.2193,0.0380391
168,0.983333,5.99999427795,1171.26,24.9034,0.03782
169,0.983333,5.99999427795,1155.65,24.9072,0.0376022
170,0.980556,7.00000762939,1157.76,27.5635,0.0373856
171,0.983333,5.99999427795,1145.57,24.9231,0.0371703
172,0.983333,5.99999427795,1130.15,24.9269,0.0369562
173,0.983333,5.99999427795,1128.39,27.1276,0.0367434
174,0.986111,5.00000238419,1118.71,26.6984,0.0365317
175,0.986111,5.00000238419,1112.01,26.696,0.0363213
176,0.986111,5.00000238419,1092.47,26.6878,0.0361121
177,0.986111,5.00000238419,1083.11,26.6889,0.0359041
178,0.983333,5.99999427795,1077.07,35.2865,0.0356973
179,0.983333,5.99999427795,1057.51,27.1092,0.0354917
180,0.986111,5.00000238419,1047.16,26.6804,0.0352873
181,0.983333,5.99999427795,1051.19,24.9395,0.0350841
182,0.983333,5.99999427795,1041.13,28.9408,0.034882
183,0.986111,5.00000238419,1031.98,26.6956,0.0346811
184,0.986111,5.00000238419,1013.29,26.6879,0.0344814
185,0.983333,5.99999427795,1016.57,27.1224,0.0342828
186,0.986111,5.00000238419,998.071,26.6869,0.0340853
187,0.986111,5.00000238419,979.71,26.6793,0.033889
188,0.986111,5.00000238419,982.919,26.6859,0.0336938
189,0.986111,5.00000238419,964.765,26.6784,0.0334998
190,0.986111,5.00000238419,946.721,26.6711,0.0333068
191,0.986111,5.00000238419,949.871,26.6775,0.033115
192,0.986111,5.00000238419,932.036,26.6703,0.0329242
193,0.986111,5.00000238419,914.311,26.6631,0.0327346
194,0.986111,5.00000238419,926.141,26.6836,0.0325461
195,0.986111,5.00000238419,908.582,26.6765,0.0323586
196,0.986111,5.00000238419,900.107,26.6777,0.0321723
197,0.986111,5.00000238419,882.749,26.6708,0.031987
198,0.986111,5.00000238419,865.504,26.6639,0.0318027
199,0.983333,5.99999427795,870.367,27.0969,0.0316196
200,0.986111,5.00000238419,851.45,26.6633,0.0314374
201,0.986111,5.00000238419,843.192,26.6646,0.0312564
202,0.983333,5.99999427795,837.764,27.0895,0.0310763
203,0.986111,5.00000238419,820.722,26.6561,0.0308974
204,0.983333,5.99999427795,832.158,24.9471,0.0307194
205,0.986111,5.00000238419,823.724,26.6768,0.0305425
206,0.986111,5.00000238419,807.221,26.6702,0.0303666
207,0.986111,5.00000238419,790.819,26.6638,0.0301917
208,0.986111,5.00000238419,782.861,26.6651,0.0300178
209,0.986111,5.00000238419,777.363,26.6634,0.0298449
210,0.986111,5.00000238419,761.251,26.6571,0.029673
211,0.986111,5.00000238419,753.428,26.6584,0.0295021
212,0.986111,5.00000238419,748.025,26.6568,0.0293322
213,0.986111,5.00000238419,732.19,26.6507,0.0291632
214,0.986111,5.00000238419,724.495,26.652,0.0289953
215,0.986111,5.00000238419,719.19,26.6504,0.0288283
216,0.986111,5.00000238419,703.635,26.6444,0.0286622
217,0.983333,5.99999427795,696.302,27.0714,0.0284971
218,0.986111,5.00000238419,698.373,26.6565,0.028333
219,0.986111,5.00000238419,690.87,26.6578,0.0281698
220,0.986111,5.00000238419,675.636,26.6519,0.0280076
221,0.986111,5.00000238419,660.504,26.6462,0.0278463
222,0.983333,5.99999427795,671.347,35.2542,0.0276859
223,0.983333,5.99999427795,656.402,27.078,0.0275264
224,0.986111,5.00000238419,640.08,26.648,0.0273679
225,0.986111,5.00000238419,635.075,26.6466,0.0272103
226,0.983333,5.99999427795,627.932,27.0722,0.0270535
227,0.986111,5.00000238419,622.884,26.6465,0.0268977
228,0.988889,4.00001049042,609.066,23.8098,0.0267428
229,0.986111,5.00000238419,610.779,26.6509,0.0265888
230,0.988889,4.00001049042,598.288,23.8166,0.0264356
231,0.986111,5.00000238419,600.988,26.6526,0.0262834
232,0.986111,5.00000238419,593.967,26.6539,0.026132
233,0.986111,5.00000238419,596.3,26.6635,0.0259815
234,0.988889,4.00001049042,582.538,23.8321,0.0258318
235,0.986111,5.00000238419,586.683,26.6652,0.0256831
236,0.986111,5.00000238419,579.8,26.6665,0.0255351
237,0.988889,4.00001049042,566.279,23.8363,0.0253881
238,0.986111,5.00000238419,561.233,26.6643,0.0252418
239,0.983333,5.99999427795,586.232,27.117,0.0250965
240,0.986111,5.00000238419,572.376,26.6895,0.0249519
241,0.986111,5.00000238419,558.795,26.6845,0.0248082
242,0.986111,5.00000238419,545.29,26.6795,0.0246653
243,0.986111,5.00000238419,554.183,26.6949,0.0245233
244,0.986111,5.00000238419,549.641,26.6936,0.024382
245,0.986111,5.00000238419,536.349,26.6888,0.0242416
246,0.986111,5.00000238419,523.141,26.684,0.024102
247,0.986111,5.00000238419,525.189,26.6929,0.0239631
248,0.983333,5.99999427795,520.852,27.1141,0.0238251
249,0.988889,4.00001049042,507.801,23.8638,0.0236879
250,0.986111,5.00000238419,509.787,26.6958,0.0235515
251,0.986111,5.00000238419,505.424,26.6947,0.0234158
252,0.988889,4.00001049042,492.712,23.8679,0.023281
253,0.986111,5.00000238419,494.611,26.6987,0.0231469
254,0.986111,5.00000238419,490.317,26.6976,0.0230136
255,0.988889,4.00001049042,477.848,23.8719,0.022881
256,0.983333,5.99999427795,479.707,27.1237,0.0227492
257,0.988889,4.00001049042,468.335,23.8781,0.0226182
258,0.986111,5.00000238419,477.287,26.7089,0.0224879
259,0.986111,5.00000238419,464.979,26.7045,0.0223584
260,0.988889,4.00001049042,453.864,23.8821,0.0222296
261,0.986111,5.00000238419,468.568,26.721,0.0221016
262,0.986111,5.00000238419,464.448,26.72,0.0219743
263,0.986111,5.00000238419,452.401,26.7157,0.0218477
264,0.986111,5.00000238419,440.43,26.7114,0.0217219
265,0.986111,5.00000238419,455.73,26.732,0.0215968
266,0.986111,5.00000238419,443.867,26.7277,0.0214724
267,0.986111,5.00000238419,437.942,26.729,0.0213487
268,0.986111,5.00000238419,426.219,26.7248,0.0212258
269,0.986111,5.00000238419,427.913,26.7327,0.0211035
270,0.983333,5.99999427795,424.098,27.1524,0.020982
271,0.986111,5.00000238419,411.859,26.7281,0.0208611
272,0.983333,5.99999427795,419.278,27.1618,0.020741
273,0.986111,5.00000238419,415.322,26.7402,0.0206215
274,0.986111,5.00000238419,403.975,26.7362,0.0205027
275,0.988889,4.00001049042,394.321,23.9189,0.0203847
276,0.986111,5.00000238419,396.149,26.7378,0.0202673
277,0.986111,5.00000238419,390.515,26.739,0.0201505
278,0.988889,4.00001049042,381.059,23.9227,0.0200345
279,0.986111,5.00000238419,375.534,26.7376,0.0199191
280,0.983333,5.99999427795,390.196,27.1732,0.0198043
281,0.986111,5.00000238419,378.824,26.7492,0.0196903
282,0.991667,2.99999713898,369.378,23.4923,0.0195769
283,0.988889,4.00001049042,365.985,26.7914,0.0194641
284,0.986111,5.00000238419,362.633,26.7466,0.019352
285,0.991667,2.99999713898,354.51,23.4925,0.0192406
286,0.994444,2.00000524521,351.213,9.87558,0.0191297
287,0.988889,4.00001049042,358.873,13.4674,0.0190196
288,0.991667,2.99999713898,353.251,12.8588,0.01891
289,0.994444,2.00000524521,349.04,9.87916,0.0188011
290,0.994444,2.00000524521,346.126,9.88086,0.0186928
291,0.988889,4.00001049042,351.603,13.7123,0.0185852
292,0.986111,5.00000238419,346.375,12.8577,0.0184781
293,0.988889,4.00001049042,348.255,13.4782,0.0183717
294,0.994444,2.00000524521,343.321,9.8891,0.0182659
295,0.991667,2.99999713898,347.888,12.867,0.0181607
296,0.991667,2.99999713898,342.79,11.7101,0.0180561
297,0.991667,2.99999713898,340.879,12.8668,0.0179521
298,0.994444,2.00000524521,336.062,9.89201,0.0178487
299,0.991667,2.99999713898,340.838,12.8668,0.0177459
300,0.988889,4.00001049042,338.896,12.6464,0.0176437
301,0.991667,2.99999713898,335.524,12.8699,0.017542
302,0.988889,4.00001049042,337.369,13.4838,0.017441
303,0.991667,2.99999713898,337.551,12.873,0.0173406
304,0.994444,2.00000524521,333.318,9.42942,0.0172407
305,0.994444,2.00000524521,333.368,12.1037,0.0171414
306,0.994444,2.00000524521,331.778,9.89953,0.0170427
307,0.997222,0.999991893768,331.125,6.82789,0.0169445
308,0.997222,0.999991893768,331.125,6.82789,0.0168469
0.997222,331.125,1.1347672939300537,24.4375,0.58434700014,0.132844572637
