78,10,0.7,2,1000, .1 
0,0.416667,210.000003576,2.22272e+06,1056.43,0.099901
1,0.425,206.999995708,1.91764e+06,975.756,0.0996045
2,0.425,206.999995708,1.66023e+06,904.559,0.0993089
3,0.419444,209.000000954,1.44018e+06,840.681,0.0990141
4,0.422222,207.999998331,1.25003e+06,786.471,0.0987203
5,0.441667,201.000001431,1.08601e+06,724.397,0.0984273
6,0.472222,190.000004768,950278.0,650.824,0.0981352
7,0.497222,181.000002623,840509.0,603.762,0.0978439
8,0.502778,179.000008106,746437.0,570.81,0.0975535
9,0.511111,175.99998951,662343.0,539.107,0.097264
10,0.519444,172.999992371,587590.0,503.543,0.0969753
11,0.530556,169.000003338,525561.0,463.066,0.0966875
12,0.530556,169.000003338,471399.0,438.074,0.0964006
13,0.533333,167.999989986,423179.0,411.181,0.0961144
14,0.544444,164.000000954,381706.0,385.79,0.0958292
15,0.547222,163.00000906,345008.0,361.717,0.0955448
16,0.547222,163.00000906,312463.0,346.153,0.0952612
17,0.552778,161.000003815,282923.0,328.473,0.0949785
18,0.555556,159.999990463,256554.0,309.563,0.0946966
19,0.558333,158.999998569,233309.0,292.853,0.0944156
20,0.558333,158.999998569,212272.0,278.294,0.0941353
21,0.563889,156.999993324,193330.0,265.991,0.093856
22,0.569444,155.000009537,176138.0,255.036,0.0935774
23,0.566667,156.000001431,160381.0,243.374,0.0932997
24,0.575,153.000004292,146362.0,230.019,0.0930228
25,0.586111,148.999993801,133562.0,216.314,0.0927467
26,0.597222,145.000004768,122329.0,204.596,0.0924714
27,0.602778,142.999999523,112387.0,195.8,0.092197
28,0.611111,140.000002384,103312.0,184.372,0.0919234
29,0.619444,137.000005245,95163.0,174.049,0.0916506
30,0.616667,137.999997139,87868.1,166.569,0.0913785
31,0.616667,137.999997139,81144.0,160.714,0.0911073
32,0.622222,135.999991894,74973.9,154.186,0.0908369
33,0.630556,132.999994755,69343.5,148.596,0.0905674
34,0.641667,129.000005722,64124.3,142.987,0.0902986
35,0.644444,127.999992371,59346.8,134.335,0.0900306
36,0.65,126.000008583,55037.9,130.472,0.0897634
37,0.65,126.000008583,51064.4,125.909,0.089497
38,0.661111,121.999998093,47403.8,121.114,0.0892313
39,0.661111,121.999998093,44029.6,117.104,0.0889665
40,0.663889,121.000006199,40825.3,115.805,0.0887025
41,0.672222,118.00000906,37789.2,111.701,0.0884392
42,0.675,116.999995708,34890.5,110.298,0.0881767
43,0.697222,108.999996185,32092.6,106.395,0.087915
44,0.705556,105.999999046,29476.5,102.52,0.0876541
45,0.713889,103.000001907,27049.1,97.215,0.087394
46,0.736111,95.0000023842,24924.8,92.8941,0.0871346
47,0.75,90.0,23061.4,89.1727,0.086876
48,0.761111,85.9999895096,21301.9,86.6598,0.0866182
49,0.777778,79.9999952316,19654.2,81.063,0.0863611
50,0.791667,74.9999928474,18128.1,76.3521,0.0861048
51,0.794444,74.0000009537,16721.8,76.3892,0.0858492
52,0.8,71.9999957085,15317.8,75.9469,0.0855944
53,0.811111,68.0000066757,13960.3,70.3453,0.0853404
54,0.822222,63.9999961853,12806.0,69.1482,0.0850871
55,0.830556,60.9999990463,11670.3,67.4046,0.0848346
56,0.836111,58.9999938011,10584.5,66.4284,0.0845828
57,0.858333,50.999994278,9627.57,57.6758,0.0843318
58,0.869444,47.0000052452,8877.72,52.9935,0.0840815
59,0.872222,45.9999918938,8216.12,52.8981,0.083832
60,0.886111,40.9999895096,7609.12,46.48,0.0835832
61,0.894444,37.9999923706,7134.77,44.5481,0.0833351
62,0.891667,39.000005722,6691.08,44.601,0.0830878
63,0.9,36.0000085831,6258.08,43.6961,0.0828412
64,0.9,36.0000085831,5836.16,43.439,0.0825953
65,0.911111,31.9999980927,5441.12,39.8583,0.0823502
66,0.916667,29.9999928474,5083.13,37.614,0.0821058
67,0.922222,28.0000090599,4782.27,37.151,0.0818621
68,0.927778,26.0000038147,4498.56,35.6501,0.0816191
69,0.936111,23.0000066757,4235.77,34.4342,0.0813769
70,0.938889,21.9999933243,3982.71,33.6577,0.0811354
71,0.933333,23.9999985695,3741.19,34.736,0.0808946
72,0.941667,21.0000014305,3493.53,33.3799,0.0806545
73,0.941667,21.0000014305,3271.44,31.9117,0.0804151
74,0.938889,21.9999933243,3061.74,32.2467,0.0801765
75,0.941667,21.0000014305,2849.97,32.1395,0.0799385
76,0.941667,21.0000014305,2636.84,32.275,0.0797013
77,0.941667,21.0000014305,2459.6,30.4829,0.0794647
78,0.938889,21.9999933243,2281.41,30.6439,0.0792289
79,0.938889,21.9999933243,2110.9,29.935,0.0789937
80,0.941667,21.0000014305,1946.46,26.1932,0.0787593
81,0.95,18.0000042915,1838.41,22.4674,0.0785255
82,0.95,18.0000042915,1749.04,20.186,0.0782925
83,0.955556,15.9999990463,1674.34,18.0672,0.0780601
84,0.955556,15.9999990463,1622.84,18.8121,0.0778284
85,0.955556,15.9999990463,1570.37,18.8252,0.0775975
86,0.955556,15.9999990463,1515.93,18.0867,0.0773672
87,0.955556,15.9999990463,1465.82,18.8401,0.0771375
88,0.95,18.0000042915,1408.99,17.7896,0.0769086
89,0.955556,15.9999990463,1356.93,17.6119,0.0766804
90,0.955556,15.9999990463,1303.27,17.6224,0.0764528
91,0.952778,16.9999909401,1251.58,17.8913,0.0762259
92,0.955556,15.9999990463,1199.8,15.7901,0.0759996
93,0.958333,15.0000071526,1161.1,15.9296,0.0757741
94,0.958333,15.0000071526,1121.64,15.9541,0.0755492
95,0.961111,13.9999938011,1082.36,17.141,0.075325
96,0.958333,15.0000071526,1043.26,16.8594,0.0751014
97,0.955556,15.9999990463,1004.45,17.4792,0.0748785
98,0.955556,15.9999990463,965.484,17.5235,0.0746563
99,0.952778,16.9999909401,926.626,17.1364,0.0744347
100,0.958333,15.0000071526,890.171,17.0456,0.0742138
101,0.958333,15.0000071526,844.785,16.1029,0.0739936
102,0.963889,13.0000019073,808.594,14.2823,0.073774
103,0.961111,13.9999938011,792.391,14.2479,0.073555
104,0.963889,13.0000019073,767.155,14.3153,0.0733367
105,0.963889,13.0000019073,747.596,14.4046,0.073119
106,0.966667,12.0000100136,728.142,14.2357,0.072902
107,0.961111,13.9999938011,703.287,13.1769,0.0726857
108,0.969444,10.9999966621,684.573,11.5052,0.0724699
109,0.969444,10.9999966621,669.091,11.5188,0.0722549
110,0.969444,10.9999966621,653.592,11.5325,0.0720404
111,0.963889,13.0000019073,638.467,11.3019,0.0718266
112,0.969444,10.9999966621,626.655,11.5618,0.0716134
113,0.969444,10.9999966621,606.138,11.5761,0.0714009
114,0.972222,10.0000047684,591.911,10.8788,0.071189
115,0.969444,10.9999966621,578.103,11.6054,0.0709777
116,0.972222,10.0000047684,564.577,10.919,0.0707671
117,0.969444,10.9999966621,547.206,10.4521,0.070557
118,0.969444,10.9999966621,536.99,11.655,0.0703476
119,0.972222,10.0000047684,523.746,10.9819,0.0701388
120,0.966667,12.0000100136,507.608,10.804,0.0699307
121,0.969444,10.9999966621,494.086,10.953,0.0697231
122,0.966667,12.0000100136,484.607,12.6433,0.0695162
123,0.969444,10.9999966621,470.704,11.7343,0.0693099
124,0.966667,12.0000100136,455.055,11.1537,0.0691042
125,0.966667,12.0000100136,447.38,11.9467,0.0688991
126,0.972222,10.0000047684,438.708,9.77552,0.0686946
127,0.975,8.99999141693,429.845,9.09944,0.0684907
128,0.972222,10.0000047684,425.675,10.741,0.0682875
129,0.969444,10.9999966621,416.211,9.72171,0.0680848
130,0.975,8.99999141693,409.502,8.91152,0.0678827
131,0.972222,10.0000047684,404.29,8.89886,0.0676813
132,0.975,8.99999141693,397.142,9.46211,0.0674804
133,0.969444,10.9999966621,392.409,10.6532,0.0672801
134,0.977778,7.99999952316,383.68,9.19439,0.0670804
135,0.972222,10.0000047684,377.23,8.90845,0.0668814
136,0.972222,10.0000047684,371.966,10.7592,0.0666829
137,0.969444,10.9999966621,366.171,10.6643,0.0664849
138,0.972222,10.0000047684,357.884,9.85752,0.0662876
139,0.972222,10.0000047684,352.363,9.47606,0.0660909
140,0.969444,10.9999966621,345.173,10.0101,0.0658947
141,0.972222,10.0000047684,336.724,8.91663,0.0656992
142,0.977778,7.99999952316,330.61,9.24759,0.0655042
143,0.972222,10.0000047684,325.459,10.7821,0.0653098
144,0.975,8.99999141693,320.18,10.7447,0.065116
145,0.972222,10.0000047684,315.194,10.5653,0.0649227
146,0.975,8.99999141693,308.725,9.40018,0.06473
147,0.977778,7.99999952316,303.534,9.35814,0.0645379
148,0.977778,7.99999952316,298.759,8.67015,0.0643464
149,0.977778,7.99999952316,294.306,9.36119,0.0641554
150,0.975,8.99999141693,289.629,10.5029,0.063965
151,0.975,8.99999141693,284.198,9.40396,0.0637751
152,0.977778,7.99999952316,277.71,8.6828,0.0635859
153,0.977778,7.99999952316,275.024,9.36162,0.0633971
154,0.975,8.99999141693,268.019,9.86279,0.063209
155,0.975,8.99999141693,264.266,9.41542,0.0630214
156,0.975,8.99999141693,257.544,10.5218,0.0628344
157,0.975,8.99999141693,254.792,9.41954,0.0626479
158,0.977778,7.99999952316,249.763,9.36987,0.0624619
159,0.977778,7.99999952316,242.069,8.71424,0.0622766
160,0.977778,7.99999952316,240.668,9.37348,0.0620917
161,0.977778,7.99999952316,232.22,8.72397,0.0619075
162,0.977778,7.99999952316,231.088,9.24815,0.0617237
163,0.980556,7.00000762939,225.633,7.99182,0.0615405
164,0.977778,7.99999952316,223.33,10.6194,0.0613579
165,0.980556,7.00000762939,219.067,8.80122,0.0611758
166,0.983333,5.99999427795,214.543,6.92936,0.0609942
167,0.986111,5.00000238419,213.087,6.24806,0.0608132
168,0.986111,5.00000238419,211.477,6.1044,0.0606327
169,0.986111,5.00000238419,208.261,6.67936,0.0604528
170,0.983333,5.99999427795,207.098,6.93126,0.0602733
171,0.988889,4.00001049042,205.602,5.65966,0.0600945
172,0.986111,5.00000238419,202.724,5.79999,0.0599161
173,0.986111,5.00000238419,200.355,6.48329,0.0597383
174,0.988889,4.00001049042,199.04,5.6574,0.059561
175,0.988889,4.00001049042,196.819,5.77456,0.0593842
176,0.988889,4.00001049042,196.055,5.01586,0.059208
177,0.988889,4.00001049042,194.72,6.15023,0.0590323
178,0.988889,4.00001049042,193.358,5.99804,0.058857
179,0.986111,5.00000238419,192.203,6.45032,0.0586824
180,0.986111,5.00000238419,191.249,6.87819,0.0585082
181,0.988889,4.00001049042,191.455,5.0248,0.0583346
182,0.994444,2.00000524521,190.687,4.55087,0.0581614
183,0.994444,2.00000524521,189.748,4.54927,0.0579888
184,0.991667,2.99999713898,188.957,4.74439,0.0578167
185,0.994444,2.00000524521,188.25,4.54744,0.0576451
186,0.991667,2.99999713898,187.538,5.75809,0.057474
187,0.991667,2.99999713898,187.131,4.74666,0.0573035
188,0.994444,2.00000524521,186.206,4.5438,0.0571334
189,0.994444,2.00000524521,185.283,4.54226,0.0569638
190,0.991667,2.99999713898,184.688,4.74922,0.0567948
191,0.994444,2.00000524521,183.8,4.54054,0.0566262
192,0.994444,2.00000524521,182.884,4.53904,0.0564581
193,0.988889,4.00001049042,182.593,6.1126,0.0562906
194,0.991667,2.99999713898,184.192,6.36086,0.0561235
195,0.988889,4.00001049042,181.668,5.89942,0.0559569
196,0.994444,2.00000524521,181.395,4.54271,0.0557909
197,0.991667,2.99999713898,180.784,5.79608,0.0556253
198,0.994444,2.00000524521,180.333,4.54371,0.0554602
199,0.991667,2.99999713898,179.509,4.75994,0.0552956
200,0.994444,2.00000524521,178.866,4.54212,0.0551315
201,0.988889,4.00001049042,178.372,5.99666,0.0549679
202,0.994444,2.00000524521,178.077,4.54215,0.0548047
203,0.991667,2.99999713898,177.408,5.7991,0.0546421
204,0.991667,2.99999713898,177.629,4.76445,0.0544799
205,0.991667,2.99999713898,176.547,5.94401,0.0543182
206,0.988889,4.00001049042,176.9,5.90521,0.054157
207,0.994444,2.00000524521,176.3,4.54689,0.0539963
208,0.994444,2.00000524521,175.415,4.54552,0.053836
209,0.991667,2.99999713898,174.812,5.80266,0.0536762
210,0.988889,4.00001049042,174.605,5.71562,0.0535169
211,0.994444,2.00000524521,174.152,4.54617,0.0533581
212,0.991667,2.99999713898,173.812,4.90326,0.0531997
213,0.994444,2.00000524521,173.023,4.54657,0.0530419
214,0.991667,2.99999713898,172.212,4.90323,0.0528844
215,0.994444,2.00000524521,171.894,4.54697,0.0527275
216,0.991667,2.99999713898,171.219,5.80709,0.052571
217,0.991667,2.99999713898,171.252,4.77887,0.052415
218,0.991667,2.99999713898,170.609,5.75057,0.0522594
219,0.988889,4.00001049042,170.233,5.91191,0.0521043
220,0.994444,2.00000524521,169.805,4.54935,0.0519497
221,0.991667,2.99999713898,168.958,5.81088,0.0517955
222,0.994444,2.00000524521,168.778,4.55045,0.0516418
223,0.988889,4.00001049042,168.314,6.12262,0.0514885
224,0.991667,2.99999713898,168.051,6.3867,0.0513357
225,0.991667,2.99999713898,167.119,4.91366,0.0511833
226,0.991667,2.99999713898,166.888,5.75048,0.0510314
227,0.994444,2.00000524521,166.094,4.55179,0.05088
228,0.988889,4.00001049042,165.751,5.92121,0.050729
229,0.991667,2.99999713898,165.452,5.81742,0.0505784
230,0.994444,2.00000524521,165.092,4.55581,0.0504283
231,0.994444,2.00000524521,164.247,4.55461,0.0502786
232,0.991667,2.99999713898,163.443,5.93635,0.0501294
233,0.988889,4.00001049042,163.918,5.92477,0.0499806
234,0.994444,2.00000524521,163.189,4.55712,0.0498323
235,0.991667,2.99999713898,162.636,5.75135,0.0496844
236,0.988889,4.00001049042,162.162,6.65349,0.0495369
237,0.994444,2.00000524521,162.227,4.55963,0.0493899
238,0.994444,2.00000524521,161.395,4.55848,0.0492433
239,0.991667,2.99999713898,160.638,4.80573,0.0490972
240,0.994444,2.00000524521,160.0,4.55737,0.0489515
241,0.991667,2.99999713898,159.281,4.9227,0.0488062
242,0.994444,2.00000524521,158.905,4.55793,0.0486613
243,0.988889,4.00001049042,158.552,6.79979,0.0485169
244,0.991667,2.99999713898,158.652,4.8109,0.0483729
245,0.994444,2.00000524521,157.65,4.55884,0.0482294
246,0.988889,4.00001049042,157.087,5.93279,0.0480862
247,0.994444,2.00000524521,156.812,4.56055,0.0479435
248,0.988889,4.00001049042,156.091,7.25181,0.0478012
249,0.991667,2.99999713898,155.889,5.93568,0.0476593
250,0.994444,2.00000524521,155.599,4.56258,0.0475179
251,0.988889,4.00001049042,155.181,5.9366,0.0473769
252,0.994444,2.00000524521,155.061,4.56398,0.0472363
253,0.994444,2.00000524521,154.254,4.56294,0.0470961
254,0.994444,2.00000524521,153.451,4.56191,0.0469563
255,0.988889,4.00001049042,153.129,6.66773,0.0468169
256,0.994444,2.00000524521,152.997,4.56578,0.046678
257,0.994444,2.00000524521,152.198,4.56477,0.0465395
258,0.991667,2.99999713898,151.595,4.82757,0.0464013
259,0.991667,2.99999713898,151.019,5.75233,0.0462636
260,0.988889,4.00001049042,150.808,5.94326,0.0461263
261,0.994444,2.00000524521,150.288,4.56527,0.0459894
262,0.991667,2.99999713898,149.986,5.83853,0.0458529
263,0.994444,2.00000524521,149.316,4.5665,0.0457168
264,0.994444,2.00000524521,148.529,4.56554,0.0455812
265,0.986111,5.00000238419,148.558,7.07584,0.0454459
266,0.994444,2.00000524521,148.256,4.56906,0.045311
267,0.994444,2.00000524521,147.473,4.56811,0.0451765
268,0.988889,4.00001049042,146.941,6.81102,0.0450425
269,0.991667,2.99999713898,146.912,4.84067,0.0449088
270,0.994444,2.00000524521,146.231,4.56917,0.0447755
271,0.991667,2.99999713898,145.895,4.9442,0.0446426
272,0.994444,2.00000524521,145.178,4.56985,0.0445101
273,0.991667,2.99999713898,144.416,4.94459,0.044378
274,0.991667,2.99999713898,144.219,6.66281,0.0442463
275,0.988889,4.00001049042,144.422,6.68378,0.044115
276,0.991667,2.99999713898,143.66,5.7555,0.043984
277,0.994444,2.00000524521,143.064,4.57379,0.0438535
278,0.994444,2.00000524521,142.298,4.57291,0.0437234
279,0.991667,2.99999713898,141.807,4.95106,0.0435936
280,0.994444,2.00000524521,141.252,4.57362,0.0434642
281,0.991667,2.99999713898,140.517,5.92717,0.0433352
282,0.988889,4.00001049042,140.803,6.69109,0.0432066
283,0.994444,2.00000524521,140.564,4.57817,0.0430784
284,0.994444,2.00000524521,139.808,4.57732,0.0429505
285,0.991667,2.99999713898,139.143,4.86242,0.042823
286,0.991667,2.99999713898,138.659,5.75646,0.042696
287,0.991667,2.99999713898,138.429,4.95704,0.0425692
288,0.994444,2.00000524521,137.725,4.57708,0.0424429
289,0.991667,2.99999713898,137.003,6.6972,0.0423169
290,0.994444,2.00000524521,137.25,4.58075,0.0421913
291,0.994444,2.00000524521,136.505,4.57994,0.0420661
292,0.991667,2.99999713898,135.81,4.87091,0.0419413
293,0.994444,2.00000524521,135.207,4.57934,0.0418168
294,0.988889,4.00001049042,134.634,6.0315,0.0416927
295,0.994444,2.00000524521,134.436,4.57979,0.0415689
296,0.991667,2.99999713898,133.705,5.9262,0.0414456
297,0.988889,4.00001049042,133.713,6.7033,0.0413226
298,0.991667,2.99999713898,134.011,6.68207,0.0411999
299,0.994444,2.00000524521,132.913,4.58415,0.0410777
300,0.991667,2.99999713898,132.373,4.96842,0.0409557
301,0.994444,2.00000524521,131.894,4.58493,0.0408342
302,0.994444,2.00000524521,131.165,4.58418,0.040713
303,0.988889,4.00001049042,130.824,6.71055,0.0405922
304,0.994444,2.00000524521,130.684,4.58777,0.0404717
305,0.991667,2.99999713898,130.116,5.75998,0.0403516
306,0.991667,2.99999713898,129.827,4.88989,0.0402318
307,0.994444,2.00000524521,128.933,4.58623,0.0401124
308,0.991667,2.99999713898,128.528,4.97362,0.0399934
309,0.994444,2.00000524521,127.923,4.58704,0.0398747
310,0.994444,2.00000524521,127.206,4.58633,0.0397563
311,0.986111,5.00000238419,127.42,7.95943,0.0396383
312,0.991667,2.99999713898,126.818,5.93001,0.0395207
313,0.994444,2.00000524521,126.51,4.59072,0.0394034
314,0.991667,2.99999713898,125.961,4.90031,0.0392865
315,0.994444,2.00000524521,125.491,4.58998,0.0391699
316,0.991667,2.99999713898,125.172,4.97974,0.0390536
317,0.994444,2.00000524521,124.493,4.5908,0.0389377
318,0.991667,2.99999713898,123.813,5.88294,0.0388221
319,0.991667,2.99999713898,123.886,4.90618,0.0387069
320,0.994444,2.00000524521,123.05,4.59241,0.038592
321,0.991667,2.99999713898,122.72,4.9834,0.0384775
322,0.991667,2.99999713898,122.27,5.76161,0.0383633
323,0.991667,2.99999713898,121.599,4.98461,0.0382495
324,0.994444,2.00000524521,121.302,4.59378,0.0381359
325,0.994444,2.00000524521,120.607,4.59315,0.0380228
326,0.986111,5.00000238419,120.534,7.96014,0.0379099
327,0.988889,4.00001049042,120.494,8.0174,0.0377974
328,0.991667,2.99999713898,119.484,5.9279,0.0376852
329,0.991667,2.99999713898,119.207,4.99118,0.0375734
330,0.994444,2.00000524521,118.827,4.59891,0.0374619
331,0.994444,2.00000524521,118.14,4.59831,0.0373507
332,0.988889,4.00001049042,117.68,6.7368,0.0372398
333,0.991667,2.99999713898,117.857,5.76581,0.0371293
334,0.994444,2.00000524521,117.191,4.60082,0.0370191
335,0.991667,2.99999713898,116.641,4.92814,0.0369092
336,0.994444,2.00000524521,115.971,4.60053,0.0367997
337,0.994444,2.00000524521,115.967,5.11528,0.0366905
338,0.997222,0.999991893768,115.758,3.95293,0.0365816
339,0.997222,0.999991893768,115.758,3.95293,0.036473
0.997222,115.758,1.2586438655853271,30.2188,0.370215809668,0.0930697552981
