79,10,0.9,2,1000, .1 
0,0.522222,172.000000477,2.30428e+06,1070.3,0.0999707
1,0.538889,166.000006199,1.99546e+06,993.472,0.099883
2,0.569444,155.000009537,1.73985e+06,897.24,0.0997953
3,0.586111,148.999993801,1.52321e+06,831.342,0.0997078
4,0.602778,142.999999523,1.33741e+06,763.704,0.0996203
5,0.622222,135.999991894,1.17854e+06,712.01,0.0995328
6,0.644444,127.999992371,1.04096e+06,658.805,0.0994455
7,0.655556,124.000003338,923151.0,619.759,0.0993582
8,0.669444,119.000000954,821677.0,576.91,0.099271
9,0.677778,116.000003815,731416.0,552.282,0.0991839
10,0.680556,114.999990463,647444.0,533.457,0.0990968
11,0.688889,111.999993324,570154.0,506.557,0.0990099
12,0.702778,106.99999094,501419.0,478.275,0.098923
13,0.713889,103.000001907,439831.0,446.269,0.0988362
14,0.727778,97.9999995232,386063.0,428.392,0.0987494
15,0.741667,92.999997139,337899.0,405.835,0.0986627
16,0.741667,92.999997139,293448.0,391.286,0.0985762
17,0.758333,87.000002861,254091.0,354.8,0.0984896
18,0.777778,79.9999952316,221351.0,328.597,0.0984032
19,0.786111,76.9999980927,193732.0,316.572,0.0983168
20,0.8,71.9999957085,169172.0,297.923,0.0982306
21,0.811111,68.0000066757,147206.0,283.482,0.0981444
22,0.825,63.0000042915,128027.0,266.706,0.0980582
23,0.833333,60.0000071526,111005.0,253.073,0.0979722
24,0.85,53.9999914169,97114.2,220.631,0.0978862
25,0.863889,49.0000104904,87155.2,192.537,0.0978003
26,0.869444,47.0000052452,79781.5,181.225,0.0977144
27,0.875,45.0,72707.0,173.379,0.0976287
28,0.883333,42.000002861,65884.0,161.297,0.097543
29,0.888889,39.9999976158,60205.8,156.51,0.0974574
30,0.891667,39.000005722,54793.4,155.507,0.0973719
31,0.897222,37.0000004768,49553.1,148.267,0.0972864
32,0.897222,37.0000004768,45203.8,144.814,0.097201
33,0.9,36.0000085831,41163.8,141.63,0.0971157
34,0.9,36.0000085831,37150.4,141.489,0.0970305
35,0.905556,34.0000033379,33223.3,134.31,0.0969453
36,0.922222,28.0000090599,29935.7,114.569,0.0968603
37,0.916667,29.9999928474,27230.3,110.44,0.0967753
38,0.919444,29.0000009537,24616.2,108.35,0.0966903
39,0.916667,29.9999928474,22055.3,108.272,0.0966055
40,0.925,26.9999957085,19739.5,102.078,0.0965207
41,0.930556,24.9999904633,17789.9,97.9984,0.096436
42,0.936111,23.0000066757,15908.4,99.0671,0.0963513
43,0.927778,26.0000038147,14060.2,101.204,0.0962668
44,0.936111,23.0000066757,12170.0,98.9507,0.0961823
45,0.944444,20.0000095367,10724.4,79.7023,0.0960979
46,0.952778,16.9999909401,9719.89,77.3527,0.0960135
47,0.947222,18.9999961853,8770.44,79.6337,0.0959293
48,0.95,18.0000042915,7708.69,75.7077,0.0958451
49,0.958333,15.0000071526,6824.13,70.5812,0.095761
50,0.963889,13.0000019073,6108.77,60.4147,0.0956769
51,0.963889,13.0000019073,5726.35,64.4096,0.095593
52,0.972222,10.0000047684,5325.25,53.6899,0.0955091
53,0.972222,10.0000047684,5053.7,56.7365,0.0954253
54,0.975,8.99999141693,4697.04,51.831,0.0953415
55,0.975,8.99999141693,4390.9,51.1877,0.0952578
56,0.972222,10.0000047684,4093.53,51.1139,0.0951742
57,0.977778,7.99999952316,3832.11,45.8656,0.0950907
58,0.980556,7.00000762939,3578.43,44.8448,0.0950073
59,0.975,8.99999141693,3293.87,42.0262,0.0949239
60,0.980556,7.00000762939,3110.12,44.8087,0.0948406
61,0.980556,7.00000762939,2866.0,44.7896,0.0947573
62,0.977778,7.99999952316,2623.2,47.0784,0.0946742
63,0.975,8.99999141693,2342.03,42.1296,0.0945911
64,0.980556,7.00000762939,2194.9,30.9128,0.0945081
65,0.980556,7.00000762939,2045.79,30.9001,0.0944251
66,0.980556,7.00000762939,1894.08,26.5989,0.0943423
67,0.980556,7.00000762939,1801.46,30.8859,0.0942595
68,0.977778,7.99999952316,1752.78,31.0636,0.0941767
69,0.986111,5.00000238419,1697.75,20.4665,0.0940941
70,0.983333,5.99999427795,1666.61,27.0673,0.0940115
71,0.986111,5.00000238419,1632.58,20.4597,0.093929
72,0.988889,4.00001049042,1596.32,18.8254,0.0938466
73,0.986111,5.00000238419,1584.39,23.7733,0.0937642
74,0.988889,4.00001049042,1548.08,18.845,0.0936819
75,0.988889,4.00001049042,1521.07,18.8558,0.0935997
76,0.988889,4.00001049042,1494.03,18.8668,0.0935176
77,0.983333,5.99999427795,1484.12,26.6276,0.0934355
78,0.988889,4.00001049042,1452.41,18.8846,0.0933535
79,0.986111,5.00000238419,1430.88,25.9735,0.0932716
80,0.986111,5.00000238419,1384.66,20.5374,0.0931897
81,0.988889,4.00001049042,1352.91,18.9068,0.0931079
82,0.991667,2.99999713898,1326.87,18.7529,0.0930262
83,0.988889,4.00001049042,1303.15,18.9259,0.0929446
84,0.983333,5.99999427795,1298.52,26.6291,0.092863
85,0.988889,4.00001049042,1261.27,18.9443,0.0927815
86,0.988889,4.00001049042,1233.93,18.9557,0.0927001
87,0.991667,2.99999713898,1207.69,18.7912,0.0926187
88,0.988889,4.00001049042,1183.99,18.9753,0.0925374
89,0.983333,5.99999427795,1190.9,32.4808,0.0924562
90,0.991667,2.99999713898,1140.64,16.8775,0.0923751
91,0.991667,2.99999713898,1131.38,16.8808,0.092294
92,0.991667,2.99999713898,1122.12,16.8841,0.092213
93,0.991667,2.99999713898,1119.36,18.8081,0.0921321
94,0.991667,2.99999713898,1110.37,16.8915,0.0920512
95,0.994444,2.00000524521,1106.7,15.8699,0.0919704
96,0.994444,2.00000524521,1106.7,15.8699,0.0918897
0.994444,1106.7,0.36701464653015137,1561.75,0.78400467269,0.163570204318
