61,20,0.5,2,1000, .1 
0,0.492398,1735.99998236,2.27728e+06,697.784,0.0999797
1,0.532456,1598.9999342,1.17614e+06,469.355,0.0993133
2,0.565205,1486.99999452,660835.0,332.803,0.0986513
3,0.590936,1399.00008559,390263.0,247.825,0.0979937
4,0.613158,1323.00009012,237371.0,188.48,0.0973404
5,0.643567,1218.99995685,149215.0,143.571,0.0966916
6,0.66345,1150.99997163,97499.5,111.439,0.096047
7,0.692982,1050.00007153,65827.2,88.3273,0.0954068
8,0.70848,997.000029087,45575.2,72.3903,0.0947708
9,0.728363,929.000043869,32033.2,59.504,0.0941391
10,0.74269,879.999904633,22910.3,49.3665,0.0935115
11,0.75731,830.000095367,16501.4,41.4181,0.0928882
12,0.766959,796.999976635,12060.2,35.0111,0.092269
13,0.780117,751.999944448,8850.23,29.7788,0.091654
14,0.796784,694.999998808,6564.19,25.6588,0.091043
15,0.811696,643.99990797,4854.12,22.0048,0.0904361
16,0.828655,586.000088453,3670.77,18.153,0.0898333
17,0.836842,557.999950647,2832.99,15.3421,0.0892344
18,0.847076,523.000084162,2264.62,12.1945,0.0886396
19,0.851462,507.999937534,1877.45,10.5777,0.0880487
20,0.853801,499.999927282,1597.26,9.1334,0.0874618
21,0.856433,491.000043154,1380.6,8.26359,0.0868788
22,0.857895,486.000062227,1214.5,7.26193,0.0862997
23,0.864912,462.000031471,1081.87,6.33148,0.0857244
24,0.867251,454.000021219,982.646,5.68158,0.085153
25,0.869006,447.999962568,899.548,5.26463,0.0845853
26,0.87076,441.999903917,829.389,4.87123,0.0840215
27,0.87076,441.999903917,769.078,4.61971,0.0834614
28,0.871637,439.00007844,714.355,4.39805,0.0829051
29,0.873392,433.000019789,664.951,4.16631,0.0823524
30,0.873684,431.999942064,620.49,4.00906,0.0818035
31,0.872515,436.000049114,580.388,3.775,0.0812582
32,0.873099,434.000097513,544.355,3.64767,0.0807165
33,0.873099,434.000097513,512.088,3.41167,0.0801785
34,0.874561,428.999912739,482.799,3.29153,0.079644
35,0.874854,428.000038862,455.877,3.17047,0.0791131
36,0.876023,423.999931812,431.387,3.04763,0.0785857
37,0.875439,426.000087261,408.811,2.9512,0.0780619
38,0.874854,428.000038862,387.844,2.84851,0.0775415
39,0.873977,431.000068188,368.408,2.76889,0.0770246
40,0.875731,425.000009537,350.295,2.68482,0.0765112
41,0.876608,421.999980211,333.394,2.62716,0.0760012
42,0.876901,420.999902487,317.524,2.56171,0.0754946
43,0.876023,423.999931812,302.692,2.48981,0.0749913
44,0.876316,423.000057936,288.736,2.41857,0.0744914
45,0.877778,418.000077009,275.478,2.345,0.0739949
46,0.877193,420.00002861,263.073,2.29401,0.0735016
47,0.877778,418.000077009,251.386,2.25249,0.0730117
48,0.87807,416.999999285,240.285,2.18553,0.072525
49,0.877485,418.999950886,229.836,2.14172,0.0720415
50,0.878363,415.99992156,219.913,2.09383,0.0715613
51,0.877778,418.000077009,210.584,2.04656,0.0710843
52,0.877485,418.999950886,201.657,1.98502,0.0706104
53,0.87924,413.000096083,193.284,1.95519,0.0701397
54,0.878363,415.99992156,185.239,1.91843,0.0696722
55,0.880117,410.000066757,177.685,1.87342,0.0692078
56,0.880409,408.999989033,170.511,1.82693,0.0687464
57,0.880702,407.999911308,163.709,1.79563,0.0682882
58,0.880702,407.999911308,157.239,1.7545,0.067833
59,0.880994,407.000037432,151.05,1.71943,0.0673808
60,0.881287,405.999959707,145.173,1.68844,0.0669316
61,0.882164,402.999930382,139.563,1.63252,0.0664855
62,0.881871,404.000008106,134.209,1.61646,0.0660423
63,0.881871,404.000008106,129.103,1.55924,0.0656021
64,0.880702,407.999911308,124.255,1.55345,0.0651648
65,0.880702,407.999911308,119.608,1.51034,0.0647304
66,0.880409,408.999989033,115.176,1.47707,0.0642989
67,0.880994,407.000037432,110.938,1.46855,0.0638703
68,0.880409,408.999989033,106.881,1.43252,0.0634445
69,0.881287,405.999959707,103.023,1.41438,0.0630216
70,0.881287,405.999959707,99.3204,1.36389,0.0626015
71,0.881579,405.000085831,95.777,1.34811,0.0621842
72,0.880994,407.000037432,92.3925,1.32941,0.0617697
73,0.881287,405.999959707,89.1529,1.29318,0.0613579
74,0.87924,413.000096083,86.0364,1.27328,0.0609489
75,0.881287,405.999959707,83.0809,1.27234,0.0605426
76,0.881871,404.000008106,80.2322,1.23161,0.0601391
77,0.880702,407.999911308,77.5244,1.21898,0.0597382
78,0.881579,405.000085831,74.9073,1.18548,0.05934
79,0.880409,408.999989033,72.4311,1.1647,0.0589444
80,0.880409,408.999989033,70.0554,1.14087,0.0585515
81,0.880994,407.000037432,67.774,1.12912,0.0581612
82,0.881287,405.999959707,65.5759,1.10382,0.0577735
83,0.881579,405.000085831,63.4688,1.0716,0.0573884
84,0.882164,402.999930382,61.4537,1.0636,0.0570058
85,0.883041,399.999901056,59.5158,1.06058,0.0566258
86,0.883626,397.999949455,57.6435,1.03594,0.0562484
87,0.882749,400.999978781,55.8524,1.02627,0.0558734
88,0.883333,399.00002718,54.1176,0.997145,0.055501
89,0.882749,400.999978781,52.4761,1.01228,0.055131
90,0.882749,400.999978781,50.8752,0.97614,0.0547635
91,0.884211,395.999997854,49.345,0.958865,0.0543984
92,0.883918,397.000075579,47.8742,0.938738,0.0540358
93,0.884211,395.999997854,46.4658,0.954943,0.0536756
94,0.883918,397.000075579,45.0949,0.931855,0.0533178
95,0.883333,399.00002718,43.7809,0.894265,0.0529624
96,0.883041,399.999901056,42.5143,0.890613,0.0526094
97,0.884503,394.99992013,41.2907,0.862993,0.0522587
98,0.883041,399.999901056,40.1194,0.865935,0.0519103
99,0.883041,399.999901056,38.9791,0.855999,0.0515643
100,0.883626,397.999949455,37.8865,0.840017,0.0512206
101,0.883333,399.00002718,36.8329,0.837624,0.0508791
102,0.883041,399.999901056,35.8081,0.818638,0.05054
103,0.883918,397.000075579,34.8208,0.804272,0.0502031
104,0.883918,397.000075579,33.8695,0.786455,0.0498684
105,0.884503,394.99992013,32.9491,0.782649,0.049536
106,0.884211,395.999997854,32.0632,0.76951,0.0492058
107,0.884211,395.999997854,31.208,0.769624,0.0488778
108,0.88538,392.000094652,30.3722,0.754402,0.048552
109,0.884211,395.999997854,29.5722,0.739652,0.0482283
110,0.885088,392.999968529,28.7934,0.7253,0.0479069
111,0.884795,394.000046253,28.0434,0.710074,0.0475875
112,0.884795,394.000046253,27.319,0.70413,0.0472703
113,0.884503,394.99992013,26.6206,0.704068,0.0469552
114,0.88538,392.000094652,25.9382,0.689905,0.0466422
115,0.884795,394.000046253,25.2854,0.689942,0.0463313
116,0.885088,392.999968529,24.6495,0.679256,0.0460224
117,0.88538,392.000094652,24.0314,0.662407,0.0457157
118,0.88538,392.000094652,23.435,0.65741,0.0454109
119,0.885965,389.999939203,22.8591,0.647947,0.0451082
120,0.885965,389.999939203,22.298,0.634593,0.0448075
121,0.885673,391.000016928,21.7566,0.624844,0.0445088
122,0.887134,386.000036001,21.2314,0.626425,0.0442121
123,0.885673,391.000016928,20.7238,0.615537,0.0439174
124,0.886257,389.000065327,20.2313,0.605999,0.0436247
125,0.886257,389.000065327,19.7527,0.593833,0.0433339
126,0.885673,391.000016928,19.2905,0.591619,0.043045
127,0.885673,391.000016928,18.8412,0.588247,0.0427581
128,0.886842,386.999909878,18.4047,0.577092,0.0424731
129,0.887427,384.999958277,17.981,0.574698,0.0421899
130,0.886842,386.999909878,17.5722,0.563727,0.0419087
131,0.887427,384.999958277,17.1718,0.555847,0.0416293
132,0.886257,389.000065327,16.7876,0.550317,0.0413518
133,0.88655,387.999987602,16.4104,0.540618,0.0410762
134,0.886842,386.999909878,16.0472,0.536661,0.0408024
135,0.886842,386.999909878,15.6932,0.530124,0.0405304
136,0.886257,389.000065327,15.3502,0.525146,0.0402602
137,0.885965,389.999939203,15.016,0.516941,0.0399918
138,0.885965,389.999939203,14.6908,0.509665,0.0397253
139,0.886257,389.000065327,14.3763,0.507015,0.0394605
140,0.885088,392.999968529,14.0706,0.500069,0.0391974
141,0.88538,392.000094652,13.7731,0.496415,0.0389361
142,0.885673,391.000016928,13.4837,0.491634,0.0386766
143,0.886842,386.999909878,13.2004,0.487422,0.0384188
144,0.886842,386.999909878,12.927,0.478154,0.0381627
145,0.88538,392.000094652,12.6611,0.474115,0.0379083
146,0.886257,389.000065327,12.4016,0.469533,0.0376556
147,0.885673,391.000016928,12.1502,0.464954,0.0374046
148,0.887427,384.999958277,11.9047,0.459247,0.0371552
149,0.885965,389.999939203,11.6657,0.453909,0.0369076
150,0.88655,387.999987602,11.4341,0.450106,0.0366615
151,0.887134,386.000036001,11.2076,0.44566,0.0364172
152,0.885088,392.999968529,10.9883,0.441938,0.0361744
153,0.88655,387.999987602,10.7737,0.438374,0.0359333
154,0.88655,387.999987602,10.565,0.434149,0.0356937
155,0.887427,384.999958277,10.3608,0.427146,0.0354558
156,0.887134,386.000036001,10.1633,0.426749,0.0352195
157,0.886842,386.999909878,9.97075,0.422004,0.0349847
158,0.886257,389.000065327,9.78277,0.417655,0.0347515
159,0.886257,389.000065327,9.60021,0.413217,0.0345198
160,0.886842,386.999909878,9.42095,0.40896,0.0342897
161,0.888012,383.000006676,9.24737,0.40651,0.0340611
162,0.887427,384.999958277,9.07671,0.400205,0.0338341
163,0.886842,386.999909878,8.91226,0.396985,0.0336086
164,0.886842,386.999909878,8.7513,0.394769,0.0333845
165,0.887427,384.999958277,8.59352,0.390345,0.033162
166,0.887427,384.999958277,8.44032,0.383453,0.0329409
167,0.886842,386.999909878,8.29139,0.382605,0.0327214
168,0.887134,386.000036001,8.14531,0.377829,0.0325032
169,0.886842,386.999909878,8.00329,0.374749,0.0322866
170,0.888304,381.999928951,7.86437,0.371951,0.0320713
171,0.887719,384.0000844,7.72876,0.367247,0.0318576
172,0.888012,383.000006676,7.59701,0.364386,0.0316452
173,0.888012,383.000006676,7.46804,0.361032,0.0314343
174,0.888012,383.000006676,7.34229,0.359373,0.0312247
175,0.889181,378.999899626,7.21925,0.356301,0.0310166
176,0.888889,379.99997735,7.09907,0.354165,0.0308098
177,0.888889,379.99997735,6.98153,0.349376,0.0306044
178,0.888012,383.000006676,6.86754,0.347518,0.0304004
179,0.888889,379.99997735,6.75493,0.341442,0.0301978
180,0.889474,378.000025749,6.6455,0.338904,0.0299965
181,0.889474,378.000025749,6.53895,0.33929,0.0297965
182,0.888889,379.99997735,6.43485,0.336249,0.0295979
183,0.889474,378.000025749,6.33256,0.33142,0.0294006
184,0.889181,378.999899626,6.23272,0.329181,0.0292046
185,0.889474,378.000025749,6.13531,0.324722,0.02901
186,0.889474,378.000025749,6.03978,0.322936,0.0288166
187,0.889474,378.000025749,5.94712,0.322348,0.0286245
188,0.888889,379.99997735,5.856,0.318409,0.0284337
189,0.889181,378.999899626,5.76683,0.317858,0.0282441
190,0.889766,376.999948025,5.67961,0.313871,0.0280559
191,0.889474,378.000025749,5.59444,0.3121,0.0278688
192,0.889474,378.000025749,5.51073,0.308769,0.0276831
193,0.889474,378.000025749,5.42928,0.305438,0.0274985
194,0.889181,378.999899626,5.34945,0.302622,0.0273152
195,0.888889,379.99997735,5.27175,0.302394,0.0271332
196,0.889766,376.999948025,5.19506,0.298553,0.0269523
197,0.889766,376.999948025,5.12044,0.29723,0.0267726
198,0.890058,376.000074148,5.04699,0.296042,0.0265942
199,0.889766,376.999948025,4.97544,0.294303,0.0264169
200,0.890058,376.000074148,4.9051,0.289875,0.0262408
201,0.890058,376.000074148,4.83628,0.287719,0.0260659
202,0.889766,376.999948025,4.76912,0.28638,0.0258921
203,0.890351,374.999996424,4.70319,0.285369,0.0257195
204,0.890351,374.999996424,4.63865,0.282144,0.0255481
205,0.890643,373.999918699,4.57546,0.28095,0.0253778
206,0.890643,373.999918699,4.51337,0.278212,0.0252086
207,0.890936,373.000044823,4.45286,0.27677,0.0250406
208,0.890351,374.999996424,4.39317,0.273776,0.0248736
209,0.890643,373.999918699,4.3352,0.272463,0.0247078
210,0.890351,374.999996424,4.27816,0.270636,0.0245431
211,0.890351,374.999996424,4.2222,0.269596,0.0243795
212,0.890351,374.999996424,4.16738,0.267707,0.024217
213,0.890643,373.999918699,4.11362,0.264071,0.0240556
214,0.890058,376.000074148,4.06125,0.263615,0.0238952
215,0.890936,373.000044823,4.00981,0.261414,0.023736
216,0.890643,373.999918699,3.9592,0.259191,0.0235777
217,0.890643,373.999918699,3.90959,0.257669,0.0234206
218,0.890643,373.999918699,3.8609,0.254855,0.0232644
219,0.890643,373.999918699,3.81342,0.25404,0.0231094
220,0.890643,373.999918699,3.7667,0.251781,0.0229553
221,0.890643,373.999918699,3.72072,0.249789,0.0228023
222,0.890058,376.000074148,3.67595,0.249393,0.0226503
223,0.890058,376.000074148,3.6316,0.246786,0.0224993
224,0.889766,376.999948025,3.5885,0.246734,0.0223493
225,0.889474,378.000025749,3.54589,0.243863,0.0222004
226,0.889766,376.999948025,3.50426,0.243021,0.0220524
227,0.889766,376.999948025,3.46322,0.241089,0.0219054
228,0.890351,374.999996424,3.42308,0.240014,0.0217594
229,0.890058,376.000074148,3.38367,0.238516,0.0216143
230,0.890351,374.999996424,3.34511,0.238342,0.0214702
231,0.890058,376.000074148,3.30728,0.236833,0.0213271
232,0.890058,376.000074148,3.2701,0.235724,0.0211849
233,0.890058,376.000074148,3.23363,0.233749,0.0210437
234,0.890351,374.999996424,3.19772,0.232726,0.0209035
235,0.890058,376.000074148,3.16259,0.231217,0.0207641
236,0.890351,374.999996424,3.12818,0.229723,0.0206257
237,0.890351,374.999996424,3.09413,0.228257,0.0204882
238,0.890643,373.999918699,3.06091,0.227482,0.0203516
239,0.890643,373.999918699,3.02811,0.22571,0.020216
240,0.890643,373.999918699,2.99592,0.225127,0.0200812
241,0.890643,373.999918699,2.9642,0.223379,0.0199474
242,0.890936,373.000044823,2.93306,0.222702,0.0198144
243,0.890936,373.000044823,2.90261,0.220598,0.0196823
244,0.891228,371.999967098,2.87254,0.218559,0.0195511
245,0.891228,371.999967098,2.84326,0.218476,0.0194208
246,0.890936,373.000044823,2.81444,0.21685,0.0192913
247,0.891228,371.999967098,2.78598,0.2152,0.0191627
248,0.890643,373.999918699,2.7582,0.214939,0.019035
249,0.890351,374.999996424,2.73083,0.214363,0.0189081
250,0.890643,373.999918699,2.70381,0.212717,0.0187821
251,0.890351,374.999996424,2.67742,0.212318,0.0186569
252,0.890058,376.000074148,2.6512,0.210574,0.0185325
253,0.890058,376.000074148,2.62556,0.2104,0.018409
254,0.890058,376.000074148,2.6003,0.209377,0.0182862
255,0.889766,376.999948025,2.57561,0.208636,0.0181643
256,0.890058,376.000074148,2.55106,0.207154,0.0180433
257,0.889766,376.999948025,2.52704,0.205792,0.017923
258,0.889766,376.999948025,2.50336,0.204553,0.0178035
259,0.889766,376.999948025,2.48014,0.202877,0.0176848
260,0.889181,378.999899626,2.45751,0.203264,0.0175669
261,0.889181,378.999899626,2.43499,0.202233,0.0174499
262,0.889181,378.999899626,2.41284,0.201934,0.0173335
263,0.889474,378.000025749,2.39105,0.201144,0.017218
264,0.889474,378.000025749,2.36952,0.199411,0.0171032
265,0.889474,378.000025749,2.34845,0.197456,0.0169892
266,0.889766,376.999948025,2.32774,0.197361,0.016876
267,0.889474,378.000025749,2.30736,0.195634,0.0167635
268,0.889766,376.999948025,2.2873,0.195094,0.0166517
269,0.889474,378.000025749,2.2676,0.194344,0.0165407
270,0.889766,376.999948025,2.24807,0.193097,0.0164305
271,0.889766,376.999948025,2.229,0.19274,0.0163209
272,0.889766,376.999948025,2.2102,0.19228,0.0162121
273,0.889766,376.999948025,2.19156,0.19114,0.0161041
274,0.890058,376.000074148,2.17318,0.189716,0.0159967
275,0.889181,378.999899626,2.15518,0.18922,0.0158901
276,0.890351,374.999996424,2.1374,0.188102,0.0157842
277,0.889766,376.999948025,2.11994,0.188435,0.0156789
278,0.890351,374.999996424,2.10263,0.186153,0.0155744
279,0.890643,373.999918699,2.08571,0.184975,0.0154706
280,0.890643,373.999918699,2.06908,0.184292,0.0153675
281,0.890058,376.000074148,2.05266,0.183275,0.015265
282,0.889766,376.999948025,2.03657,0.184953,0.0151633
283,0.890058,376.000074148,2.02068,0.182638,0.0150622
284,0.890058,376.000074148,2.00501,0.181,0.0149618
285,0.890351,374.999996424,1.98958,0.180534,0.0148621
286,0.889766,376.999948025,1.97436,0.182088,0.014763
287,0.890351,374.999996424,1.9593,0.179003,0.0146646
288,0.890351,374.999996424,1.94453,0.179456,0.0145668
289,0.890351,374.999996424,1.92992,0.178095,0.0144697
290,0.890643,373.999918699,1.91554,0.17728,0.0143733
291,0.890351,374.999996424,1.90139,0.177237,0.0142775
292,0.890058,376.000074148,1.88746,0.176262,0.0141823
293,0.890058,376.000074148,1.87369,0.175551,0.0140878
294,0.889766,376.999948025,1.8601,0.175957,0.0139939
295,0.889766,376.999948025,1.84672,0.174572,0.0139006
296,0.889766,376.999948025,1.83349,0.173643,0.0138079
297,0.889766,376.999948025,1.82047,0.172958,0.0137159
298,0.890058,376.000074148,1.80769,0.172337,0.0136244
299,0.890351,374.999996424,1.79504,0.172353,0.0135336
300,0.890351,374.999996424,1.78256,0.170242,0.0134434
301,0.890351,374.999996424,1.77027,0.168875,0.0133538
302,0.890351,374.999996424,1.75815,0.168755,0.0132648
303,0.890058,376.000074148,1.74624,0.168073,0.0131764
304,0.890058,376.000074148,1.73441,0.167002,0.0130885
305,0.890351,374.999996424,1.72278,0.166713,0.0130013
306,0.890643,373.999918699,1.7113,0.166527,0.0129146
307,0.890936,373.000044823,1.69999,0.165424,0.0128285
308,0.890936,373.000044823,1.68882,0.164894,0.012743
309,0.891228,371.999967098,1.67779,0.164031,0.0126581
310,0.891228,371.999967098,1.6669,0.163557,0.0125737
311,0.890936,373.000044823,1.65619,0.164245,0.0124899
312,0.891228,371.999967098,1.64561,0.163829,0.0124066
313,0.891228,371.999967098,1.63506,0.162435,0.0123239
314,0.891228,371.999967098,1.62476,0.162013,0.0122418
315,0.891228,371.999967098,1.61452,0.161827,0.0121602
316,0.891228,371.999967098,1.60442,0.161308,0.0120791
317,0.890643,373.999918699,1.59443,0.160891,0.0119986
318,0.890936,373.000044823,1.58461,0.160519,0.0119186
319,0.890936,373.000044823,1.57486,0.160185,0.0118392
320,0.890936,373.000044823,1.56527,0.159504,0.0117602
321,0.891228,371.999967098,1.55577,0.159069,0.0116818
322,0.890936,373.000044823,1.54639,0.158969,0.011604
323,0.890643,373.999918699,1.53714,0.15903,0.0115266
324,0.890643,373.999918699,1.52796,0.157945,0.0114498
325,0.890643,373.999918699,1.51885,0.157586,0.0113735
326,0.890936,373.000044823,1.50991,0.157237,0.0112976
327,0.891228,371.999967098,1.50104,0.156786,0.0112223
328,0.89152,371.000093222,1.49228,0.156456,0.0111475
329,0.892105,368.999937773,1.48365,0.156021,0.0110732
330,0.892105,368.999937773,1.47504,0.156297,0.0109994
331,0.891813,370.000015497,1.46657,0.155412,0.0109261
332,0.892105,368.999937773,1.45818,0.155197,0.0108532
333,0.892105,368.999937773,1.44992,0.154438,0.0107809
334,0.89269,366.999986172,1.44174,0.15396,0.010709
335,0.892982,365.999908447,1.43366,0.154171,0.0106377
336,0.892982,365.999908447,1.42572,0.1542,0.0105667
337,0.892982,365.999908447,1.41779,0.153283,0.0104963
338,0.892982,365.999908447,1.40994,0.152788,0.0104263
339,0.892982,365.999908447,1.40223,0.152864,0.0103568
340,0.893275,365.000034571,1.39456,0.152515,0.0102878
341,0.892982,365.999908447,1.38699,0.152259,0.0102192
342,0.89269,366.999986172,1.37947,0.151678,0.0101511
343,0.893275,365.000034571,1.37206,0.151646,0.0100834
344,0.89269,366.999986172,1.36471,0.151582,0.0100162
345,0.892982,365.999908447,1.35742,0.150845,0.00994945
346,0.89269,366.999986172,1.35027,0.150825,0.00988313
347,0.892982,365.999908447,1.34319,0.149486,0.00981725
348,0.893275,365.000034571,1.3362,0.149145,0.0097518
349,0.893275,365.000034571,1.32931,0.148542,0.0096868
350,0.893567,363.999956846,1.3225,0.148699,0.00962223
351,0.893275,365.000034571,1.31573,0.148052,0.00955809
352,0.893275,365.000034571,1.30908,0.148128,0.00949437
353,0.893275,365.000034571,1.30246,0.14733,0.00943108
354,0.893275,365.000034571,1.29592,0.147356,0.00936822
355,0.893275,365.000034571,1.28946,0.146721,0.00930577
356,0.893567,363.999956846,1.28309,0.146794,0.00924374
357,0.89386,363.00008297,1.27677,0.146323,0.00918212
358,0.894444,360.999927521,1.27051,0.145598,0.00912091
359,0.89386,363.00008297,1.26436,0.145581,0.00906011
360,0.89386,363.00008297,1.25824,0.145266,0.00899972
361,0.894152,362.000005245,1.25215,0.14511,0.00893973
362,0.894444,360.999927521,1.24613,0.145119,0.00888013
363,0.894737,360.000053644,1.24022,0.144915,0.00882094
364,0.895029,358.99997592,1.23437,0.143521,0.00876214
365,0.895322,357.999898195,1.22858,0.143388,0.00870373
366,0.895029,358.99997592,1.22287,0.143582,0.00864571
367,0.895029,358.99997592,1.21719,0.14315,0.00858808
368,0.895029,358.99997592,1.21156,0.143182,0.00853083
369,0.895322,357.999898195,1.20599,0.143403,0.00847397
370,0.895322,357.999898195,1.20043,0.142621,0.00841748
371,0.895322,357.999898195,1.19497,0.142677,0.00836137
372,0.895322,357.999898195,1.18955,0.142114,0.00830563
373,0.895614,357.000024319,1.18419,0.14175,0.00825027
374,0.895614,357.000024319,1.17891,0.14206,0.00819527
375,0.895906,355.999946594,1.17366,0.141477,0.00814064
376,0.895906,355.999946594,1.16846,0.141794,0.00808638
377,0.895906,355.999946594,1.1633,0.140972,0.00803247
378,0.896491,353.999994993,1.1582,0.140966,0.00797893
379,0.896491,353.999994993,1.15314,0.140998,0.00792574
380,0.896784,352.999917269,1.14811,0.140922,0.00787291
381,0.896784,352.999917269,1.14311,0.140889,0.00782043
382,0.897368,350.999965668,1.13815,0.140941,0.0077683
383,0.897368,350.999965668,1.13325,0.140845,0.00771652
384,0.897661,350.000091791,1.12837,0.140685,0.00766508
385,0.897661,350.000091791,1.12353,0.14037,0.00761398
386,0.897368,350.999965668,1.11874,0.139017,0.00756323
387,0.897661,350.000091791,1.11408,0.139,0.00751281
388,0.897368,350.999965668,1.10944,0.138994,0.00746273
389,0.897368,350.999965668,1.10483,0.138929,0.00741299
390,0.897661,350.000091791,1.10026,0.138953,0.00736357
391,0.897661,350.000091791,1.09573,0.138969,0.00731449
392,0.897953,349.000014067,1.09122,0.138987,0.00726573
393,0.898246,347.999936342,1.08677,0.138201,0.0072173
394,0.89883,345.999984741,1.08237,0.138042,0.00716919
395,0.898538,347.000062466,1.07803,0.137418,0.0071214
396,0.899123,344.999907017,1.07376,0.137227,0.00707393
397,0.899708,342.999955416,1.06952,0.137257,0.00702677
398,0.9,342.000081539,1.0653,0.137326,0.00697993
399,0.9,342.000081539,1.06111,0.137244,0.0069334
400,0.899708,342.999955416,1.05696,0.137028,0.00688719
401,0.9,342.000081539,1.05282,0.136915,0.00684128
402,0.899415,344.00003314,1.04872,0.136965,0.00679567
403,0.899123,344.999907017,1.04464,0.137023,0.00675037
404,0.899123,344.999907017,1.04058,0.136194,0.00670537
405,0.89883,345.999984741,1.03661,0.136369,0.00666068
406,0.89883,345.999984741,1.03267,0.136536,0.00661628
407,0.89883,345.999984741,1.02874,0.136219,0.00657217
408,0.899123,344.999907017,1.02487,0.136196,0.00652836
409,0.899415,344.00003314,1.02101,0.135539,0.00648485
410,0.899708,342.999955416,1.01721,0.135366,0.00644162
411,0.900292,341.000003815,1.01345,0.135284,0.00639868
412,0.900292,341.000003815,1.00973,0.13486,0.00635603
413,0.900292,341.000003815,1.00604,0.134565,0.00631366
414,0.900292,341.000003815,1.00239,0.134408,0.00627157
415,0.900292,341.000003815,0.998767,0.134739,0.00622977
416,0.900585,339.99992609,0.995157,0.134822,0.00618824
417,0.901462,337.000100613,0.991575,0.134799,0.00614699
418,0.901462,337.000100613,0.988011,0.134808,0.00610601
419,0.902047,334.999945164,0.984488,0.134134,0.00606531
420,0.901754,336.000022888,0.980995,0.134071,0.00602488
421,0.902047,334.999945164,0.977554,0.133842,0.00598472
422,0.902047,334.999945164,0.974183,0.13308,0.00594482
423,0.902339,334.000071287,0.970821,0.13317,0.0059052
424,0.902339,334.000071287,0.967498,0.132916,0.00586583
425,0.902339,334.000071287,0.964217,0.13175,0.00582673
426,0.903216,331.000041962,0.961004,0.131686,0.00578789
427,0.903509,329.999964237,0.957822,0.131773,0.00574931
428,0.903509,329.999964237,0.954655,0.132078,0.00571098
429,0.903509,329.999964237,0.951517,0.131295,0.00567291
430,0.903801,329.000090361,0.948414,0.131252,0.0056351
431,0.903801,329.000090361,0.945336,0.130965,0.00559754
432,0.904094,328.000012636,0.942309,0.130735,0.00556022
433,0.904386,326.999934912,0.939303,0.130263,0.00552316
434,0.904678,326.000061035,0.936326,0.13033,0.00548634
435,0.904678,326.000061035,0.933372,0.13019,0.00544977
436,0.904678,326.000061035,0.930435,0.1303,0.00541344
437,0.904971,324.999983311,0.927529,0.130284,0.00537736
438,0.904678,326.000061035,0.924666,0.12911,0.00534151
439,0.905556,323.00003171,0.921862,0.129731,0.00530591
440,0.905848,321.999953985,0.919066,0.129214,0.00527054
441,0.905848,321.999953985,0.916297,0.129453,0.0052354
442,0.90614,321.000080109,0.913574,0.128774,0.0052005
443,0.906725,318.99992466,0.910876,0.128658,0.00516584
444,0.906725,318.99992466,0.908171,0.128337,0.0051314
445,0.907018,318.000050783,0.905508,0.128385,0.0050972
446,0.907018,318.000050783,0.902856,0.128483,0.00506322
447,0.906725,318.99992466,0.900223,0.128678,0.00502947
448,0.90731,316.999973059,0.897661,0.127664,0.00499594
449,0.907018,318.000050783,0.895108,0.127311,0.00496264
450,0.90731,316.999973059,0.89259,0.127482,0.00492956
451,0.907602,316.000099182,0.890084,0.12762,0.0048967
452,0.907602,316.000099182,0.887572,0.127593,0.00486406
453,0.907602,316.000099182,0.885089,0.127646,0.00483163
454,0.907602,316.000099182,0.882625,0.127763,0.00479943
455,0.907602,316.000099182,0.880162,0.127878,0.00476743
456,0.907895,315.000021458,0.877723,0.128045,0.00473565
457,0.907602,316.000099182,0.875296,0.12834,0.00470409
458,0.907895,315.000021458,0.872866,0.128263,0.00467273
459,0.908187,313.999943733,0.870463,0.128394,0.00464158
460,0.908187,313.999943733,0.868069,0.12853,0.00461064
461,0.908187,313.999943733,0.865686,0.12848,0.00457991
462,0.90848,313.000069857,0.863317,0.128628,0.00454938
463,0.90848,313.000069857,0.860967,0.128639,0.00451905
464,0.90848,313.000069857,0.85862,0.128657,0.00448893
465,0.908187,313.999943733,0.856273,0.128554,0.004459
466,0.907895,315.000021458,0.85396,0.128118,0.00442928
467,0.907895,315.000021458,0.851656,0.128704,0.00439976
468,0.907895,315.000021458,0.849362,0.128935,0.00437043
469,0.907895,315.000021458,0.847089,0.128758,0.00434129
470,0.907895,315.000021458,0.84483,0.128803,0.00431236
471,0.907895,315.000021458,0.84258,0.128963,0.00428361
472,0.907602,316.000099182,0.840338,0.129128,0.00425505
473,0.907602,316.000099182,0.838124,0.128723,0.00422669
474,0.907602,316.000099182,0.835914,0.128086,0.00419852
475,0.907602,316.000099182,0.833749,0.128237,0.00417053
476,0.907602,316.000099182,0.831595,0.128479,0.00414273
477,0.907602,316.000099182,0.829452,0.128576,0.00411511
478,0.908187,313.999943733,0.827317,0.128567,0.00408768
479,0.90848,313.000069857,0.825196,0.128364,0.00406043
480,0.90848,313.000069857,0.82309,0.128265,0.00403337
481,0.909064,310.999914408,0.821,0.128359,0.00400648
482,0.909064,310.999914408,0.818934,0.128042,0.00397977
483,0.909064,310.999914408,0.816873,0.127729,0.00395325
484,0.909064,310.999914408,0.814828,0.127911,0.00392689
485,0.908772,311.999992132,0.812801,0.128051,0.00390072
486,0.909064,310.999914408,0.81078,0.127766,0.00387472
487,0.909357,310.000040531,0.808782,0.127937,0.00384889
488,0.909649,308.999962807,0.806792,0.12785,0.00382323
489,0.909649,308.999962807,0.80481,0.128086,0.00379774
490,0.909649,308.999962807,0.80284,0.127797,0.00377243
491,0.909649,308.999962807,0.800883,0.127899,0.00374728
492,0.909649,308.999962807,0.798929,0.128088,0.0037223
493,0.909649,308.999962807,0.796992,0.128111,0.00369749
494,0.910234,307.000011206,0.795088,0.127334,0.00367284
495,0.910234,307.000011206,0.793211,0.127174,0.00364836
496,0.910234,307.000011206,0.791342,0.127305,0.00362404
497,0.910234,307.000011206,0.789489,0.127326,0.00359988
498,0.909941,308.00008893,0.787645,0.127549,0.00357589
499,0.910234,307.000011206,0.785807,0.127688,0.00355205
500,0.910234,307.000011206,0.783991,0.127513,0.00352837
501,0.910234,307.000011206,0.782182,0.127436,0.00350485
502,0.910234,307.000011206,0.780391,0.127335,0.00348149
503,0.910526,305.999933481,0.77861,0.127516,0.00345828
504,0.910526,305.999933481,0.776849,0.12688,0.00343523
505,0.910526,305.999933481,0.77511,0.126724,0.00341233
506,0.910526,305.999933481,0.773385,0.126593,0.00338958
507,0.910526,305.999933481,0.771681,0.1261,0.00336699
508,0.910526,305.999933481,0.76999,0.126059,0.00334454
509,0.910526,305.999933481,0.768315,0.126488,0.00332225
510,0.910526,305.999933481,0.766654,0.126414,0.0033001
511,0.910526,305.999933481,0.765,0.126595,0.00327811
512,0.910819,305.000059605,0.763354,0.126874,0.00325625
513,0.910819,305.000059605,0.761713,0.126811,0.00323455
514,0.911111,303.99998188,0.760072,0.126999,0.00321299
515,0.911404,302.999904156,0.758439,0.12743,0.00319157
516,0.911404,302.999904156,0.756813,0.127621,0.00317029
517,0.911404,302.999904156,0.755193,0.127261,0.00314916
518,0.911696,302.000030279,0.75359,0.127072,0.00312817
519,0.911988,300.999952555,0.752,0.127483,0.00310732
520,0.911988,300.999952555,0.750412,0.127546,0.0030866
521,0.912281,300.000078678,0.748838,0.127121,0.00306603
522,0.912281,300.000078678,0.747284,0.127305,0.00304559
523,0.912573,299.000000954,0.745737,0.127171,0.00302529
524,0.912573,299.000000954,0.744195,0.127496,0.00300512
525,0.912866,297.999923229,0.742671,0.1271,0.00298509
526,0.912866,297.999923229,0.741159,0.127122,0.00296519
527,0.912866,297.999923229,0.739651,0.127498,0.00294543
528,0.912866,297.999923229,0.738154,0.127529,0.00292579
529,0.912866,297.999923229,0.73666,0.127963,0.00290629
530,0.912573,299.000000954,0.735182,0.127127,0.00288692
531,0.912866,297.999923229,0.733743,0.12585,0.00286767
532,0.913158,297.000049353,0.732307,0.125777,0.00284856
533,0.913158,297.000049353,0.730885,0.125821,0.00282957
534,0.913158,297.000049353,0.729468,0.126368,0.00281071
535,0.913158,297.000049353,0.728057,0.126258,0.00279197
536,0.913158,297.000049353,0.726662,0.126142,0.00277336
537,0.913158,297.000049353,0.725264,0.126341,0.00275487
538,0.91345,295.999971628,0.723877,0.126574,0.00273651
539,0.913743,295.000097752,0.722495,0.126678,0.00271827
540,0.913743,295.000097752,0.72111,0.12661,0.00270015
541,0.913743,295.000097752,0.719737,0.126675,0.00268215
542,0.914035,294.000020027,0.718368,0.126862,0.00266427
543,0.914035,294.000020027,0.71701,0.126443,0.00264651
544,0.914328,292.999942303,0.715661,0.126436,0.00262887
545,0.914328,292.999942303,0.714339,0.126539,0.00261134
546,0.914328,292.999942303,0.713011,0.126723,0.00259394
547,0.914328,292.999942303,0.711696,0.126648,0.00257664
548,0.914328,292.999942303,0.710381,0.126599,0.00255947
549,0.914328,292.999942303,0.709072,0.126586,0.00254241
550,0.91462,292.000068426,0.707777,0.126693,0.00252546
551,0.91462,292.000068426,0.706488,0.126718,0.00250863
552,0.91462,292.000068426,0.705209,0.127009,0.0024919
553,0.914912,290.999990702,0.703937,0.12679,0.00247529
554,0.914912,290.999990702,0.702674,0.127135,0.00245879
555,0.914912,290.999990702,0.701411,0.127328,0.0024424
556,0.914328,292.999942303,0.70015,0.127513,0.00242612
557,0.914035,294.000020027,0.698903,0.127434,0.00240995
558,0.914035,294.000020027,0.697655,0.12753,0.00239388
559,0.914035,294.000020027,0.696419,0.127386,0.00237793
560,0.914035,294.000020027,0.69519,0.127673,0.00236208
561,0.914035,294.000020027,0.693965,0.127763,0.00234633
562,0.914035,294.000020027,0.69275,0.127856,0.00233069
563,0.914328,292.999942303,0.691537,0.128048,0.00231515
564,0.914328,292.999942303,0.690326,0.128331,0.00229972
565,0.914328,292.999942303,0.689122,0.128246,0.00228439
566,0.91462,292.000068426,0.687922,0.128442,0.00226916
567,0.914912,290.999990702,0.686729,0.128129,0.00225404
568,0.914912,290.999990702,0.685558,0.127877,0.00223901
569,0.914912,290.999990702,0.684393,0.127975,0.00222409
570,0.91462,292.000068426,0.683238,0.128036,0.00220926
571,0.914035,294.000020027,0.682089,0.128151,0.00219453
572,0.914328,292.999942303,0.68094,0.12852,0.00217991
573,0.914328,292.999942303,0.679797,0.128645,0.00216537
574,0.914328,292.999942303,0.678658,0.128905,0.00215094
575,0.914328,292.999942303,0.677524,0.128983,0.0021366
576,0.914328,292.999942303,0.676398,0.128975,0.00212236
577,0.914328,292.999942303,0.675275,0.129166,0.00210821
578,0.914328,292.999942303,0.67416,0.129358,0.00209416
579,0.91462,292.000068426,0.673046,0.129549,0.0020802
580,0.91462,292.000068426,0.671942,0.129512,0.00206633
581,0.914328,292.999942303,0.670842,0.129322,0.00205256
582,0.914328,292.999942303,0.669744,0.129366,0.00203888
583,0.91462,292.000068426,0.668652,0.129556,0.00202529
584,0.914328,292.999942303,0.667568,0.129747,0.00201178
585,0.914328,292.999942303,0.666491,0.129937,0.00199837
586,0.914328,292.999942303,0.665422,0.129788,0.00198505
587,0.914328,292.999942303,0.664367,0.1293,0.00197182
588,0.914328,292.999942303,0.663319,0.129488,0.00195868
589,0.914328,292.999942303,0.662271,0.129653,0.00194562
590,0.914328,292.999942303,0.661229,0.129894,0.00193265
591,0.914328,292.999942303,0.660189,0.129975,0.00191977
592,0.914328,292.999942303,0.659154,0.130166,0.00190697
593,0.914328,292.999942303,0.658129,0.130136,0.00189426
594,0.914328,292.999942303,0.657108,0.130107,0.00188163
595,0.914328,292.999942303,0.656089,0.130298,0.00186909
596,0.914035,294.000020027,0.655083,0.129736,0.00185663
597,0.914328,292.999942303,0.654086,0.130149,0.00184425
598,0.91462,292.000068426,0.653097,0.130282,0.00183196
599,0.91462,292.000068426,0.65211,0.130188,0.00181975
600,0.91462,292.000068426,0.651127,0.130375,0.00180762
601,0.915205,289.999912977,0.650147,0.13021,0.00179557
602,0.915205,289.999912977,0.64918,0.130042,0.0017836
603,0.915205,289.999912977,0.648218,0.130227,0.00177171
604,0.915205,289.999912977,0.647262,0.130414,0.0017599
605,0.915205,289.999912977,0.646311,0.130662,0.00174817
606,0.915205,289.999912977,0.64536,0.130788,0.00173652
607,0.915205,289.999912977,0.644412,0.130939,0.00172494
608,0.915205,289.999912977,0.643472,0.131213,0.00171344
609,0.915205,289.999912977,0.642535,0.1314,0.00170202
610,0.915497,289.000039101,0.6416,0.131649,0.00169067
611,0.915497,289.000039101,0.64067,0.131688,0.0016794
612,0.915497,289.000039101,0.639747,0.132023,0.00166821
613,0.915497,289.000039101,0.638825,0.131974,0.00165709
614,0.915497,289.000039101,0.637915,0.131008,0.00164604
615,0.915497,289.000039101,0.637018,0.130878,0.00163507
616,0.915497,289.000039101,0.63613,0.130616,0.00162417
617,0.915497,289.000039101,0.635246,0.130493,0.00161334
618,0.915789,287.999961376,0.634372,0.130702,0.00160259
619,0.916082,287.0000875,0.633502,0.130953,0.00159191
620,0.916082,287.0000875,0.63263,0.130911,0.0015813
621,0.916082,287.0000875,0.631764,0.131074,0.00157076
622,0.916082,287.0000875,0.630905,0.130426,0.00156029
623,0.916082,287.0000875,0.630062,0.130677,0.00154988
624,0.916082,287.0000875,0.629222,0.130844,0.00153955
625,0.916667,284.999932051,0.628388,0.130922,0.00152929
626,0.916667,284.999932051,0.627556,0.131089,0.0015191
627,0.916667,284.999932051,0.626726,0.131255,0.00150897
628,0.916959,284.000058174,0.625902,0.131422,0.00149891
629,0.916959,284.000058174,0.625077,0.131672,0.00148892
630,0.916959,284.000058174,0.624257,0.131839,0.00147899
631,0.916667,284.999932051,0.623442,0.131924,0.00146914
632,0.916959,284.000058174,0.622629,0.132093,0.00145934
633,0.916959,284.000058174,0.621822,0.132253,0.00144961
634,0.916959,284.000058174,0.621016,0.132421,0.00143995
635,0.916959,284.000058174,0.620214,0.132422,0.00143035
636,0.917251,282.99998045,0.619414,0.13259,0.00142082
637,0.917251,282.99998045,0.618618,0.132823,0.00141135
638,0.917251,282.99998045,0.617825,0.13299,0.00140194
639,0.917251,282.99998045,0.617036,0.133167,0.00139259
640,0.917251,282.99998045,0.616249,0.132404,0.00138331
641,0.917251,282.99998045,0.615467,0.132493,0.00137409
642,0.917251,282.99998045,0.61469,0.13266,0.00136493
643,0.917251,282.99998045,0.613914,0.132882,0.00135583
644,0.917251,282.99998045,0.61314,0.132992,0.00134679
645,0.917251,282.99998045,0.612374,0.133158,0.00133782
646,0.917251,282.99998045,0.611612,0.133322,0.0013289
647,0.917251,282.99998045,0.610873,0.132258,0.00132004
648,0.917544,281.999902725,0.610138,0.132504,0.00131124
649,0.917544,281.999902725,0.609403,0.132572,0.0013025
650,0.917544,281.999902725,0.608671,0.132729,0.00129382
651,0.917544,281.999902725,0.607943,0.132975,0.00128519
652,0.917836,281.000028849,0.607215,0.132921,0.00127663
653,0.917836,281.000028849,0.606494,0.133168,0.00126812
654,0.917836,281.000028849,0.605776,0.132992,0.00125966
655,0.917836,281.000028849,0.605062,0.132968,0.00125127
656,0.917836,281.000028849,0.604351,0.133122,0.00124293
657,0.917836,281.000028849,0.603647,0.133275,0.00123464
658,0.917836,281.000028849,0.602943,0.133429,0.00122641
659,0.917836,281.000028849,0.602244,0.133583,0.00121823
660,0.918129,279.999951124,0.601547,0.133736,0.00121011
661,0.918129,279.999951124,0.600854,0.133888,0.00120205
662,0.918129,279.999951124,0.600165,0.134041,0.00119403
663,0.918129,279.999951124,0.599479,0.134283,0.00118608
664,0.918129,279.999951124,0.598796,0.134346,0.00117817
665,0.918421,279.000077248,0.598118,0.134586,0.00117032
666,0.918421,279.000077248,0.597441,0.134648,0.00116251
667,0.918421,279.000077248,0.596767,0.134887,0.00115476
668,0.918421,279.000077248,0.596092,0.134873,0.00114707
669,0.918129,279.999951124,0.595424,0.135022,0.00113942
670,0.918129,279.999951124,0.594758,0.135162,0.00113183
671,0.918129,279.999951124,0.594096,0.13531,0.00112428
672,0.918129,279.999951124,0.593436,0.135458,0.00111679
673,0.918421,279.000077248,0.592777,0.135591,0.00110934
674,0.918421,279.000077248,0.59213,0.134738,0.00110195
675,0.918421,279.000077248,0.59149,0.134882,0.0010946
676,0.918421,279.000077248,0.59085,0.135003,0.00108731
677,0.918421,279.000077248,0.590214,0.135146,0.00108006
678,0.918421,279.000077248,0.58958,0.135379,0.00107286
679,0.918421,279.000077248,0.588953,0.135432,0.00106571
680,0.918421,279.000077248,0.58833,0.13503,0.0010586
681,0.918421,279.000077248,0.58771,0.135169,0.00105155
682,0.918421,279.000077248,0.5871,0.134439,0.00104454
683,0.918421,279.000077248,0.586494,0.134573,0.00103757
684,0.918421,279.000077248,0.585891,0.134797,0.00103066
685,0.918421,279.000077248,0.585289,0.134841,0.00102379
686,0.918421,279.000077248,0.584692,0.135064,0.00101696
687,0.918421,279.000077248,0.584095,0.135108,0.00101018
688,0.918421,279.000077248,0.5835,0.135242,0.00100345
689,0.918421,279.000077248,0.582913,0.135373,0.00099676
690,0.918421,279.000077248,0.582327,0.135505,0.000990116
691,0.918421,279.000077248,0.581743,0.135426,0.000983516
692,0.918421,279.000077248,0.581164,0.135646,0.00097696
693,0.918421,279.000077248,0.580589,0.135686,0.000970447
694,0.918421,279.000077248,0.580017,0.135816,0.000963978
695,0.918421,279.000077248,0.579451,0.135945,0.000957552
696,0.918713,277.999999523,0.578889,0.135985,0.000951169
697,0.918713,277.999999523,0.578329,0.136113,0.000944829
698,0.918713,277.999999523,0.577771,0.136331,0.000938531
699,0.918713,277.999999523,0.577218,0.136368,0.000932275
700,0.919006,276.999921799,0.576669,0.136495,0.00092606
701,0.919006,276.999921799,0.576119,0.136621,0.000919887
702,0.919006,276.999921799,0.575576,0.135386,0.000913755
703,0.919006,276.999921799,0.575045,0.134687,0.000907664
704,0.919006,276.999921799,0.574519,0.134806,0.000901614
705,0.918713,277.999999523,0.573994,0.134924,0.000895604
706,0.918713,277.999999523,0.573478,0.134311,0.000889634
707,0.918713,277.999999523,0.572963,0.134334,0.000883703
708,0.918713,277.999999523,0.572449,0.134405,0.000877813
709,0.918713,277.999999523,0.571936,0.134044,0.000871961
710,0.918713,277.999999523,0.571429,0.134057,0.000866149
711,0.918713,277.999999523,0.570925,0.13409,0.000860375
712,0.918713,277.999999523,0.570421,0.134174,0.00085464
713,0.918713,277.999999523,0.569921,0.134433,0.000848943
714,0.918713,277.999999523,0.569424,0.134545,0.000843284
715,0.918713,277.999999523,0.56893,0.134509,0.000837663
716,0.918713,277.999999523,0.568439,0.134376,0.000832079
717,0.918713,277.999999523,0.567953,0.134485,0.000826532
718,0.918713,277.999999523,0.567469,0.134595,0.000821023
719,0.918713,277.999999523,0.566989,0.134704,0.00081555
720,0.918713,277.999999523,0.566513,0.134812,0.000810113
721,0.918713,277.999999523,0.566039,0.13492,0.000804713
722,0.918713,277.999999523,0.565569,0.134315,0.000799349
723,0.918713,277.999999523,0.565103,0.13442,0.00079402
724,0.918713,277.999999523,0.564639,0.134571,0.000788728
725,0.918713,277.999999523,0.564179,0.134245,0.00078347
726,0.918713,277.999999523,0.563723,0.134348,0.000778247
727,0.918713,277.999999523,0.563271,0.134451,0.000773059
728,0.918713,277.999999523,0.562819,0.134553,0.000767906
729,0.918713,277.999999523,0.56237,0.134655,0.000762788
730,0.919006,276.999921799,0.561922,0.134757,0.000757703
731,0.919006,276.999921799,0.561477,0.134859,0.000752652
732,0.919006,276.999921799,0.561033,0.13496,0.000747635
733,0.919006,276.999921799,0.560589,0.135062,0.000742651
734,0.919006,276.999921799,0.560147,0.135162,0.000737701
735,0.918713,277.999999523,0.559707,0.135263,0.000732783
736,0.918713,277.999999523,0.559272,0.135363,0.000727899
737,0.918713,277.999999523,0.558838,0.135461,0.000723047
738,0.918713,277.999999523,0.558406,0.135559,0.000718227
739,0.918713,277.999999523,0.557977,0.135611,0.000713439
740,0.918713,277.999999523,0.55755,0.134916,0.000708683
741,0.918713,277.999999523,0.557129,0.135012,0.000703959
742,0.918713,277.999999523,0.556711,0.135108,0.000699267
743,0.918713,277.999999523,0.556298,0.135205,0.000694605
744,0.918713,277.999999523,0.555888,0.135253,0.000689975
745,0.918713,277.999999523,0.55548,0.134742,0.000685376
746,0.918713,277.999999523,0.555078,0.134834,0.000680807
747,0.918713,277.999999523,0.554679,0.134835,0.000676269
748,0.918713,277.999999523,0.55428,0.134927,0.000671761
749,0.918713,277.999999523,0.553885,0.135017,0.000667283
750,0.918421,279.000077248,0.553489,0.135107,0.000662835
751,0.918421,279.000077248,0.553098,0.135197,0.000658417
752,0.918421,279.000077248,0.552707,0.135287,0.000654028
753,0.918421,279.000077248,0.552323,0.135376,0.000649668
754,0.918421,279.000077248,0.551938,0.135465,0.000645337
755,0.918421,279.000077248,0.551555,0.135554,0.000641036
756,0.918421,279.000077248,0.551174,0.135643,0.000636762
757,0.918421,279.000077248,0.550794,0.135731,0.000632518
758,0.918421,279.000077248,0.550416,0.13582,0.000628301
759,0.918421,279.000077248,0.55004,0.135908,0.000624113
760,0.918421,279.000077248,0.549665,0.135997,0.000619953
761,0.918421,279.000077248,0.549292,0.136085,0.00061582
762,0.918713,277.999999523,0.548921,0.136173,0.000611715
763,0.918713,277.999999523,0.548551,0.136261,0.000607638
764,0.919006,276.999921799,0.548184,0.136348,0.000603587
765,0.919006,276.999921799,0.547818,0.136435,0.000599564
766,0.919006,276.999921799,0.547458,0.13652,0.000595567
767,0.919006,276.999921799,0.547099,0.136501,0.000591597
768,0.919006,276.999921799,0.546745,0.136585,0.000587653
769,0.919006,276.999921799,0.546393,0.136668,0.000583736
770,0.919006,276.999921799,0.546046,0.13675,0.000579845
771,0.919006,276.999921799,0.545701,0.136833,0.00057598
772,0.919006,276.999921799,0.545357,0.136916,0.00057214
773,0.919006,276.999921799,0.545015,0.136998,0.000568326
774,0.919298,276.000047922,0.54468,0.135827,0.000564538
775,0.919298,276.000047922,0.544348,0.135909,0.000560775
776,0.919298,276.000047922,0.544016,0.135991,0.000557037
777,0.919591,274.999970198,0.543687,0.136072,0.000553324
778,0.919591,274.999970198,0.543359,0.136153,0.000549635
779,0.919591,274.999970198,0.543032,0.136233,0.000545971
780,0.919591,274.999970198,0.542707,0.136313,0.000542332
781,0.919591,274.999970198,0.542383,0.136394,0.000538717
782,0.919591,274.999970198,0.542062,0.136473,0.000535126
783,0.919591,274.999970198,0.541741,0.136552,0.000531559
784,0.919591,274.999970198,0.541422,0.13663,0.000528015
785,0.919591,274.999970198,0.541106,0.136708,0.000524495
786,0.919591,274.999970198,0.54079,0.136786,0.000520999
787,0.919591,274.999970198,0.540477,0.136863,0.000517526
788,0.919591,274.999970198,0.540165,0.13694,0.000514076
789,0.919591,274.999970198,0.539861,0.137015,0.00051065
790,0.919591,274.999970198,0.539557,0.13709,0.000507246
791,0.919591,274.999970198,0.539255,0.137165,0.000503864
792,0.919591,274.999970198,0.538957,0.137031,0.000500506
793,0.919591,274.999970198,0.538661,0.137105,0.000497169
794,0.919591,274.999970198,0.538367,0.137179,0.000493855
795,0.919298,276.000047922,0.538074,0.137252,0.000490563
796,0.919298,276.000047922,0.537783,0.137306,0.000487293
797,0.919298,276.000047922,0.537492,0.137398,0.000484045
798,0.919298,276.000047922,0.537202,0.137471,0.000480818
799,0.919298,276.000047922,0.536913,0.137544,0.000477613
800,0.919298,276.000047922,0.536627,0.137616,0.000474429
801,0.919298,276.000047922,0.536342,0.137688,0.000471267
802,0.919298,276.000047922,0.536057,0.13776,0.000468126
803,0.919298,276.000047922,0.535774,0.137832,0.000465005
804,0.919298,276.000047922,0.535493,0.137903,0.000461905
805,0.919298,276.000047922,0.535214,0.137975,0.000458826
806,0.919591,274.999970198,0.534938,0.137079,0.000455768
807,0.919591,274.999970198,0.534666,0.137148,0.00045273
808,0.919591,274.999970198,0.534398,0.136628,0.000449712
809,0.919591,274.999970198,0.53413,0.136696,0.000446714
810,0.919591,274.999970198,0.533865,0.136743,0.000443736
811,0.919591,274.999970198,0.533602,0.136828,0.000440778
812,0.919591,274.999970198,0.53334,0.136894,0.00043784
813,0.919591,274.999970198,0.533078,0.136959,0.000434922
814,0.919591,274.999970198,0.532818,0.137025,0.000432022
815,0.919591,274.999970198,0.53256,0.13709,0.000429143
816,0.919591,274.999970198,0.532303,0.137154,0.000426282
817,0.919591,274.999970198,0.532046,0.137219,0.00042344
818,0.919591,274.999970198,0.531795,0.137283,0.000420618
819,0.919591,274.999970198,0.531548,0.137346,0.000417814
820,0.919591,274.999970198,0.531303,0.137409,0.000415029
821,0.919591,274.999970198,0.531057,0.137472,0.000412262
822,0.919591,274.999970198,0.530815,0.13696,0.000409514
823,0.919591,274.999970198,0.530574,0.137022,0.000406784
824,0.919591,274.999970198,0.530336,0.137034,0.000404073
825,0.919591,274.999970198,0.530098,0.1372,0.000401379
826,0.919591,274.999970198,0.52986,0.137064,0.000398703
827,0.919591,274.999970198,0.529623,0.137115,0.000396046
828,0.919883,274.000096321,0.529386,0.137175,0.000393406
829,0.919883,274.000096321,0.529152,0.137326,0.000390783
830,0.919883,274.000096321,0.528918,0.137386,0.000388178
831,0.919883,274.000096321,0.528686,0.137445,0.000385591
832,0.919883,274.000096321,0.528454,0.137503,0.000383021
833,0.919883,274.000096321,0.528222,0.137561,0.000380467
834,0.919883,274.000096321,0.527991,0.137527,0.000377931
835,0.919883,274.000096321,0.527761,0.137585,0.000375412
836,0.919883,274.000096321,0.52753,0.137643,0.000372909
837,0.919883,274.000096321,0.527302,0.137699,0.000370424
838,0.919883,274.000096321,0.527076,0.137816,0.000367954
839,0.919883,274.000096321,0.526853,0.137871,0.000365502
840,0.919883,274.000096321,0.52663,0.137926,0.000363065
841,0.919883,274.000096321,0.526409,0.137981,0.000360645
842,0.919591,274.999970198,0.526189,0.138035,0.000358241
843,0.919591,274.999970198,0.52597,0.13809,0.000355853
844,0.919591,274.999970198,0.525753,0.138145,0.000353481
845,0.919591,274.999970198,0.525538,0.138199,0.000351125
846,0.919591,274.999970198,0.525324,0.138252,0.000348784
847,0.919591,274.999970198,0.525111,0.138245,0.000346459
848,0.919591,274.999970198,0.524898,0.138298,0.00034415
849,0.919591,274.999970198,0.524687,0.138351,0.000341855
850,0.919591,274.999970198,0.524478,0.138403,0.000339577
851,0.919591,274.999970198,0.52427,0.138456,0.000337313
852,0.919591,274.999970198,0.524062,0.138475,0.000335065
853,0.919591,274.999970198,0.523855,0.138527,0.000332831
854,0.919591,274.999970198,0.523649,0.138579,0.000330612
855,0.919591,274.999970198,0.523446,0.13863,0.000328409
856,0.919591,274.999970198,0.523245,0.13868,0.00032622
857,0.919591,274.999970198,0.523044,0.138729,0.000324045
858,0.919591,274.999970198,0.522844,0.138778,0.000321885
859,0.919591,274.999970198,0.522645,0.138827,0.000319739
860,0.919591,274.999970198,0.522447,0.138876,0.000317608
861,0.919591,274.999970198,0.52225,0.138925,0.000315491
862,0.919883,274.000096321,0.522054,0.138973,0.000313388
863,0.919883,274.000096321,0.521859,0.139022,0.000311299
864,0.919883,274.000096321,0.521666,0.13907,0.000309224
865,0.919883,274.000096321,0.521475,0.139037,0.000307162
866,0.919883,274.000096321,0.521286,0.139084,0.000305115
867,0.919883,274.000096321,0.521097,0.139131,0.000303081
868,0.919883,274.000096321,0.520909,0.139177,0.00030106
869,0.919883,274.000096321,0.520721,0.139224,0.000299054
870,0.919883,274.000096321,0.520535,0.13927,0.00029706
871,0.920175,273.000018597,0.520348,0.139316,0.00029508
872,0.920175,273.000018597,0.520163,0.139362,0.000293113
873,0.920175,273.000018597,0.519978,0.139407,0.000291159
874,0.920175,273.000018597,0.519794,0.139452,0.000289218
875,0.920175,273.000018597,0.519612,0.139498,0.00028729
876,0.920175,273.000018597,0.519431,0.139542,0.000285375
877,0.920175,273.000018597,0.51925,0.139587,0.000283473
878,0.920175,273.000018597,0.519069,0.139632,0.000281583
879,0.920175,273.000018597,0.51889,0.139676,0.000279706
880,0.920175,273.000018597,0.518711,0.139721,0.000277842
881,0.920175,273.000018597,0.518533,0.139765,0.00027599
882,0.920175,273.000018597,0.518355,0.139808,0.00027415
883,0.920175,273.000018597,0.518179,0.139851,0.000272323
884,0.920175,273.000018597,0.518005,0.139783,0.000270507
885,0.920175,273.000018597,0.517832,0.139825,0.000268704
886,0.920175,273.000018597,0.517659,0.139868,0.000266913
887,0.920175,273.000018597,0.517487,0.139946,0.000265134
888,0.920175,273.000018597,0.517316,0.139988,0.000263366
889,0.920175,273.000018597,0.517147,0.14003,0.000261611
890,0.920468,271.999940872,0.516979,0.140073,0.000259867
891,0.920468,271.999940872,0.516811,0.140079,0.000258135
892,0.920468,271.999940872,0.516644,0.140121,0.000256414
893,0.920468,271.999940872,0.516477,0.140163,0.000254705
894,0.920468,271.999940872,0.516312,0.140205,0.000253007
895,0.920468,271.999940872,0.516147,0.140246,0.00025132
896,0.920468,271.999940872,0.515985,0.140286,0.000249645
897,0.920468,271.999940872,0.515823,0.140327,0.000247981
898,0.920468,271.999940872,0.51566,0.140368,0.000246328
899,0.920468,271.999940872,0.515499,0.140409,0.000244686
900,0.920468,271.999940872,0.515335,0.14045,0.000243055
901,0.920468,271.999940872,0.515173,0.14049,0.000241435
902,0.920468,271.999940872,0.515014,0.14053,0.000239825
903,0.920468,271.999940872,0.514856,0.14057,0.000238226
904,0.920468,271.999940872,0.514699,0.140609,0.000236638
905,0.920468,271.999940872,0.514543,0.140528,0.000235061
906,0.920468,271.999940872,0.514387,0.140567,0.000233494
907,0.920468,271.999940872,0.514231,0.140606,0.000231938
908,0.920468,271.999940872,0.514077,0.140644,0.000230392
909,0.920468,271.999940872,0.513926,0.140682,0.000228856
910,0.92076,271.000066996,0.513774,0.14072,0.00022733
911,0.92076,271.000066996,0.513624,0.140757,0.000225815
912,0.92076,271.000066996,0.513474,0.140794,0.00022431
913,0.92076,271.000066996,0.513325,0.140831,0.000222814
914,0.92076,271.000066996,0.513183,0.140867,0.000221329
915,0.92076,271.000066996,0.513046,0.140939,0.000219854
916,0.92076,271.000066996,0.51291,0.140973,0.000218388
917,0.92076,271.000066996,0.512775,0.141008,0.000216932
918,0.92076,271.000066996,0.512641,0.141042,0.000215487
919,0.92076,271.000066996,0.512508,0.141076,0.00021405
920,0.92076,271.000066996,0.512376,0.141111,0.000212623
921,0.921053,269.999989271,0.512244,0.141145,0.000211206
922,0.921053,269.999989271,0.512113,0.141178,0.000209798
923,0.921053,269.999989271,0.511981,0.141211,0.000208399
924,0.921053,269.999989271,0.511852,0.141245,0.00020701
925,0.921053,269.999989271,0.511723,0.141278,0.00020563
926,0.921053,269.999989271,0.511596,0.141311,0.00020426
927,0.921053,269.999989271,0.511469,0.141344,0.000202898
928,0.921053,269.999989271,0.511342,0.141377,0.000201546
929,0.921053,269.999989271,0.511217,0.141409,0.000200202
930,0.921053,269.999989271,0.511093,0.141441,0.000198868
931,0.921053,269.999989271,0.51097,0.141473,0.000197542
932,0.921053,269.999989271,0.510852,0.141504,0.000196225
933,0.921053,269.999989271,0.510735,0.141536,0.000194917
934,0.921053,269.999989271,0.510618,0.141567,0.000193618
935,0.921053,269.999989271,0.510502,0.141599,0.000192327
936,0.921053,269.999989271,0.510387,0.141629,0.000191045
937,0.921345,268.999911547,0.510275,0.141632,0.000189772
938,0.921345,268.999911547,0.510164,0.141859,0.000188507
939,0.921345,268.999911547,0.510053,0.14189,0.00018725
940,0.921345,268.999911547,0.509942,0.14192,0.000186002
941,0.921637,268.00003767,0.509832,0.141951,0.000184762
942,0.921637,268.00003767,0.509722,0.141958,0.00018353
943,0.921637,268.00003767,0.509613,0.141938,0.000182307
944,0.92193,266.999959946,0.509504,0.141968,0.000181092
945,0.92193,266.999959946,0.509395,0.141998,0.000179885
946,0.92193,266.999959946,0.509287,0.142027,0.000178685
947,0.92193,266.999959946,0.509179,0.142056,0.000177494
948,0.92193,266.999959946,0.509071,0.141977,0.000176311
949,0.92193,266.999959946,0.508963,0.142006,0.000175136
950,0.92193,266.999959946,0.508856,0.142035,0.000173968
951,0.92193,266.999959946,0.508749,0.142063,0.000172809
952,0.92193,266.999959946,0.508643,0.142092,0.000171657
953,0.92193,266.999959946,0.50854,0.14212,0.000170513
954,0.92193,266.999959946,0.508437,0.142149,0.000169376
955,0.92193,266.999959946,0.508336,0.142177,0.000168247
956,0.92193,266.999959946,0.508237,0.142205,0.000167125
957,0.92193,266.999959946,0.508138,0.142232,0.000166011
958,0.92193,266.999959946,0.50804,0.14226,0.000164905
959,0.92193,266.999959946,0.507942,0.142288,0.000163805
960,0.92193,266.999959946,0.507845,0.142316,0.000162713
961,0.92193,266.999959946,0.507747,0.142344,0.000161629
962,0.922222,266.000086069,0.50765,0.142372,0.000160551
963,0.922222,266.000086069,0.507553,0.142345,0.000159481
964,0.922222,266.000086069,0.507457,0.142373,0.000158418
965,0.922222,266.000086069,0.507361,0.1424,0.000157362
966,0.922222,266.000086069,0.507266,0.142427,0.000156313
967,0.922222,266.000086069,0.507171,0.142454,0.000155271
968,0.922222,266.000086069,0.507077,0.142481,0.000154236
969,0.922222,266.000086069,0.506983,0.142508,0.000153208
970,0.922222,266.000086069,0.506891,0.142535,0.000152187
971,0.922222,266.000086069,0.5068,0.142562,0.000151172
972,0.922222,266.000086069,0.506708,0.142589,0.000150165
973,0.922222,266.000086069,0.506617,0.142616,0.000149164
974,0.922222,266.000086069,0.506526,0.142642,0.000148169
975,0.922515,265.000008345,0.506437,0.142668,0.000147182
976,0.922515,265.000008345,0.506348,0.142695,0.0001462
977,0.922515,265.000008345,0.506258,0.142721,0.000145226
978,0.922515,265.000008345,0.506169,0.142747,0.000144258
979,0.922515,265.000008345,0.50608,0.142773,0.000143296
980,0.922515,265.000008345,0.505992,0.142799,0.000142341
981,0.922515,265.000008345,0.505908,0.142824,0.000141392
982,0.922515,265.000008345,0.505825,0.14285,0.00014045
983,0.922515,265.000008345,0.505742,0.142865,0.000139513
984,0.922515,265.000008345,0.505658,0.142891,0.000138583
985,0.922515,265.000008345,0.505574,0.142917,0.00013766
986,0.922515,265.000008345,0.505491,0.14296,0.000136742
987,0.922515,265.000008345,0.505409,0.142986,0.000135831
988,0.922515,265.000008345,0.505328,0.143011,0.000134925
989,0.922807,263.99993062,0.505247,0.143036,0.000134026
990,0.922807,263.99993062,0.505166,0.143061,0.000133132
991,0.922807,263.99993062,0.505085,0.143086,0.000132245
992,0.922807,263.99993062,0.505005,0.14311,0.000131363
993,0.922807,263.99993062,0.504926,0.143134,0.000130488
994,0.922807,263.99993062,0.504848,0.143158,0.000129618
995,0.922807,263.99993062,0.50477,0.143181,0.000128754
996,0.922807,263.99993062,0.504692,0.143205,0.000127895
997,0.922807,263.99993062,0.504613,0.143229,0.000127043
998,0.922807,263.99993062,0.504534,0.143252,0.000126196
999,0.922807,263.99993062,0.504456,0.143276,0.000125355
1000,0.922807,263.99993062,0.504379,0.143298,0.000124519
1001,0.922807,263.99993062,0.504304,0.143321,0.000123689
1002,0.922807,263.99993062,0.504228,0.143343,0.000122865
1003,0.922807,263.99993062,0.504153,0.143365,0.000122046
1004,0.922807,263.99993062,0.504079,0.143387,0.000121232
1005,0.922807,263.99993062,0.504005,0.143427,0.000120424
1006,0.922807,263.99993062,0.503931,0.143449,0.000119621
1007,0.922807,263.99993062,0.503858,0.143471,0.000118824
1008,0.922807,263.99993062,0.503785,0.143493,0.000118032
1009,0.922807,263.99993062,0.503712,0.143515,0.000117245
1010,0.922807,263.99993062,0.50364,0.143537,0.000116463
1011,0.922807,263.99993062,0.503569,0.143541,0.000115687
1012,0.922807,263.99993062,0.503498,0.143563,0.000114916
1013,0.922807,263.99993062,0.503428,0.143584,0.00011415
1014,0.922807,263.99993062,0.503358,0.143606,0.000113389
1015,0.922807,263.99993062,0.503289,0.143627,0.000112633
1016,0.922807,263.99993062,0.50322,0.143648,0.000111882
1017,0.922807,263.99993062,0.503152,0.143669,0.000111137
1018,0.922807,263.99993062,0.503084,0.14369,0.000110396
1019,0.922807,263.99993062,0.503017,0.143711,0.00010966
1020,0.922807,263.99993062,0.50295,0.143731,0.000108929
1021,0.922807,263.99993062,0.502883,0.143752,0.000108203
1022,0.922807,263.99993062,0.50282,0.143771,0.000107481
1023,0.922807,263.99993062,0.502757,0.143791,0.000106765
1024,0.922807,263.99993062,0.502695,0.14381,0.000106053
1025,0.922807,263.99993062,0.502634,0.14383,0.000105346
1026,0.922807,263.99993062,0.502572,0.143849,0.000104644
1027,0.922807,263.99993062,0.502513,0.143868,0.000103947
1028,0.922807,263.99993062,0.502453,0.143888,0.000103254
1029,0.922807,263.99993062,0.502394,0.143907,0.000102565
1030,0.922807,263.99993062,0.502335,0.143926,0.000101882
1031,0.922807,263.99993062,0.502276,0.143945,0.000101203
1032,0.922807,263.99993062,0.502217,0.143964,0.000100528
1033,0.922807,263.99993062,0.502159,0.143983,9.98579e-05
1034,0.922807,263.99993062,0.5021,0.144001,9.91922e-05
1035,0.922807,263.99993062,0.502042,0.14402,9.8531e-05
1036,0.922807,263.99993062,0.501984,0.144039,9.78742e-05
1037,0.922807,263.99993062,0.501927,0.144057,9.72218e-05
1038,0.922807,263.99993062,0.501871,0.144076,9.65737e-05
1039,0.922807,263.99993062,0.501814,0.144094,9.593e-05
1040,0.922807,263.99993062,0.501759,0.144112,9.52905e-05
1041,0.922807,263.99993062,0.501704,0.144131,9.46553e-05
1042,0.922807,263.99993062,0.501649,0.144148,9.40243e-05
1043,0.922807,263.99993062,0.501595,0.144091,9.33976e-05
1044,0.922807,263.99993062,0.501542,0.144108,9.2775e-05
1045,0.922807,263.99993062,0.501489,0.144126,9.21565e-05
1046,0.922807,263.99993062,0.501437,0.144144,9.15422e-05
1047,0.922807,263.99993062,0.501384,0.144161,9.0932e-05
1048,0.922807,263.99993062,0.501332,0.144179,9.03259e-05
1049,0.922807,263.99993062,0.50128,0.144196,8.97238e-05
1050,0.922807,263.99993062,0.501229,0.144213,8.91257e-05
1051,0.922807,263.99993062,0.501178,0.14423,8.85316e-05
1052,0.923099,263.000056744,0.501127,0.144247,8.79414e-05
1053,0.923099,263.000056744,0.501076,0.144264,8.73552e-05
1054,0.923099,263.000056744,0.501025,0.14428,8.67729e-05
1055,0.923099,263.000056744,0.500975,0.144297,8.61945e-05
1056,0.923099,263.000056744,0.500925,0.144313,8.56199e-05
1057,0.923099,263.000056744,0.500876,0.144329,8.50492e-05
1058,0.923099,263.000056744,0.500826,0.144346,8.44822e-05
1059,0.923099,263.000056744,0.500777,0.144362,8.39191e-05
1060,0.923099,263.000056744,0.500729,0.14436,8.33597e-05
1061,0.923099,263.000056744,0.50068,0.144376,8.2804e-05
1062,0.923099,263.000056744,0.500634,0.144391,8.22521e-05
1063,0.923099,263.000056744,0.500587,0.144407,8.17038e-05
1064,0.923099,263.000056744,0.500541,0.144422,8.11591e-05
1065,0.923099,263.000056744,0.500495,0.144437,8.06181e-05
1066,0.923099,263.000056744,0.500449,0.144452,8.00807e-05
1067,0.923099,263.000056744,0.500403,0.144467,7.95469e-05
1068,0.923099,263.000056744,0.500358,0.144482,7.90167e-05
1069,0.923099,263.000056744,0.500314,0.144497,7.84899e-05
1070,0.923099,263.000056744,0.500269,0.144512,7.79667e-05
1071,0.923099,263.000056744,0.500225,0.144526,7.7447e-05
1072,0.923099,263.000056744,0.500181,0.144541,7.69307e-05
1073,0.923099,263.000056744,0.500137,0.144555,7.64179e-05
1074,0.923099,263.000056744,0.500093,0.14457,7.59085e-05
1075,0.923099,263.000056744,0.50005,0.144584,7.54025e-05
1076,0.923099,263.000056744,0.500006,0.144598,7.48999e-05
1077,0.923099,263.000056744,0.499963,0.144613,7.44006e-05
1078,0.923099,263.000056744,0.499922,0.144626,7.39047e-05
1079,0.923099,263.000056744,0.49988,0.14464,7.3412e-05
1080,0.923099,263.000056744,0.499843,0.144652,7.29227e-05
1081,0.923099,263.000056744,0.499806,0.144665,7.24366e-05
1082,0.923099,263.000056744,0.499768,0.144677,7.19537e-05
1083,0.923392,261.999979019,0.499731,0.144689,7.14741e-05
1084,0.923392,261.999979019,0.499695,0.144702,7.09976e-05
1085,0.923392,261.999979019,0.499658,0.144714,7.05244e-05
1086,0.923392,261.999979019,0.499622,0.144726,7.00543e-05
1087,0.923392,261.999979019,0.499586,0.144738,6.95873e-05
1088,0.923392,261.999979019,0.499551,0.144749,6.91234e-05
1089,0.923392,261.999979019,0.499516,0.144761,6.86626e-05
1090,0.923392,261.999979019,0.49948,0.144773,6.82049e-05
1091,0.923392,261.999979019,0.499445,0.144784,6.77503e-05
1092,0.923392,261.999979019,0.499411,0.144796,6.72987e-05
1093,0.923392,261.999979019,0.499377,0.144807,6.68501e-05
1094,0.923392,261.999979019,0.499343,0.144818,6.64044e-05
1095,0.923392,261.999979019,0.499309,0.14483,6.59618e-05
1096,0.923392,261.999979019,0.499277,0.14484,6.55221e-05
1097,0.923392,261.999979019,0.499245,0.144851,6.50853e-05
1098,0.923392,261.999979019,0.499214,0.144861,6.46515e-05
1099,0.923392,261.999979019,0.499182,0.144872,6.42205e-05
1100,0.923392,261.999979019,0.499151,0.144882,6.37924e-05
1101,0.923392,261.999979019,0.499121,0.144892,6.33672e-05
1102,0.923392,261.999979019,0.49909,0.144903,6.29448e-05
1103,0.923392,261.999979019,0.499059,0.144913,6.25252e-05
1104,0.923392,261.999979019,0.499029,0.144923,6.21084e-05
1105,0.923392,261.999979019,0.498999,0.144851,6.16944e-05
1106,0.923392,261.999979019,0.498969,0.14486,6.12831e-05
1107,0.923392,261.999979019,0.49894,0.14487,6.08746e-05
1108,0.923392,261.999979019,0.498911,0.14488,6.04688e-05
1109,0.923392,261.999979019,0.498882,0.14489,6.00657e-05
1110,0.923392,261.999979019,0.498853,0.144899,5.96654e-05
1111,0.923392,261.999979019,0.498824,0.144909,5.92676e-05
1112,0.923392,261.999979019,0.498795,0.144918,5.88726e-05
1113,0.923392,261.999979019,0.498767,0.144928,5.84801e-05
1114,0.923392,261.999979019,0.498738,0.144937,5.80903e-05
1115,0.923392,261.999979019,0.49871,0.144946,5.77031e-05
1116,0.923392,261.999979019,0.498682,0.144956,5.73184e-05
1117,0.923684,260.999901295,0.498654,0.144965,5.69364e-05
1118,0.923684,260.999901295,0.498627,0.144974,5.65568e-05
1119,0.923684,260.999901295,0.498599,0.144983,5.61798e-05
1120,0.923684,260.999901295,0.498572,0.144992,5.58053e-05
1121,0.923684,260.999901295,0.498544,0.145001,5.54333e-05
1122,0.923684,260.999901295,0.498517,0.14501,5.50638e-05
1123,0.923684,260.999901295,0.49849,0.145019,5.46968e-05
1124,0.923684,260.999901295,0.498463,0.145028,5.43321e-05
1125,0.923684,260.999901295,0.498436,0.145036,5.397e-05
1126,0.923684,260.999901295,0.49841,0.145045,5.36102e-05
1127,0.923684,260.999901295,0.498384,0.145054,5.32528e-05
1128,0.923684,260.999901295,0.498359,0.145062,5.28978e-05
1129,0.923684,260.999901295,0.498333,0.145071,5.25453e-05
1130,0.923684,260.999901295,0.498308,0.145079,5.2195e-05
1131,0.923684,260.999901295,0.498282,0.145087,5.18471e-05
1132,0.923684,260.999901295,0.498257,0.145095,5.15014e-05
1133,0.923684,260.999901295,0.498232,0.145104,5.11581e-05
1134,0.923684,260.999901295,0.498208,0.145112,5.08171e-05
1135,0.923684,260.999901295,0.498183,0.145119,5.04784e-05
1136,0.923684,260.999901295,0.498159,0.145127,5.01419e-05
1137,0.923684,260.999901295,0.498135,0.145209,4.98077e-05
1138,0.923684,260.999901295,0.498111,0.145217,4.94756e-05
1139,0.923684,260.999901295,0.498087,0.145225,4.91458e-05
1140,0.923684,260.999901295,0.498063,0.145233,4.88182e-05
1141,0.923977,260.000027418,0.498039,0.145241,4.84928e-05
1142,0.923977,260.000027418,0.498016,0.145248,4.81696e-05
1143,0.923977,260.000027418,0.497992,0.145256,4.78485e-05
1144,0.923977,260.000027418,0.497969,0.145264,4.75295e-05
1145,0.923977,260.000027418,0.497945,0.145272,4.72127e-05
1146,0.923977,260.000027418,0.497922,0.145279,4.6898e-05
1147,0.923977,260.000027418,0.497899,0.145213,4.65854e-05
1148,0.923977,260.000027418,0.497877,0.14522,4.62748e-05
1149,0.923977,260.000027418,0.497854,0.145227,4.59663e-05
1150,0.923977,260.000027418,0.497831,0.145235,4.56599e-05
1151,0.923977,260.000027418,0.497809,0.145242,4.53556e-05
1152,0.923977,260.000027418,0.497787,0.14525,4.50532e-05
1153,0.923977,260.000027418,0.497765,0.145257,4.47529e-05
1154,0.923977,260.000027418,0.497743,0.145264,4.44546e-05
1155,0.923977,260.000027418,0.497721,0.145272,4.41583e-05
1156,0.923977,260.000027418,0.4977,0.145279,4.38639e-05
1157,0.923977,260.000027418,0.497679,0.145286,4.35715e-05
1158,0.923977,260.000027418,0.497658,0.145293,4.3281e-05
1159,0.923977,260.000027418,0.497637,0.1453,4.29925e-05
1160,0.923977,260.000027418,0.497616,0.145307,4.2706e-05
1161,0.923977,260.000027418,0.497596,0.145313,4.24213e-05
1162,0.923977,260.000027418,0.497576,0.14532,4.21385e-05
1163,0.923977,260.000027418,0.497556,0.145327,4.18576e-05
1164,0.923977,260.000027418,0.497535,0.145333,4.15786e-05
1165,0.923977,260.000027418,0.497515,0.14534,4.13014e-05
1166,0.923977,260.000027418,0.497495,0.145347,4.10261e-05
1167,0.923977,260.000027418,0.497475,0.145353,4.07526e-05
1168,0.923977,260.000027418,0.497455,0.14536,4.0481e-05
1169,0.923977,260.000027418,0.497436,0.145366,4.02111e-05
1170,0.923977,260.000027418,0.497416,0.145372,3.99431e-05
1171,0.923977,260.000027418,0.497396,0.145379,3.96768e-05
1172,0.923977,260.000027418,0.497377,0.145385,3.94124e-05
1173,0.923977,260.000027418,0.497357,0.145391,3.91496e-05
1174,0.923977,260.000027418,0.497338,0.145398,3.88887e-05
1175,0.923977,260.000027418,0.497318,0.145404,3.86294e-05
1176,0.924269,258.999949694,0.497299,0.14541,3.83719e-05
1177,0.924269,258.999949694,0.49728,0.145417,3.81161e-05
1178,0.924269,258.999949694,0.497261,0.145423,3.78621e-05
1179,0.924269,258.999949694,0.497242,0.145429,3.76097e-05
1180,0.924269,258.999949694,0.497223,0.145435,3.7359e-05
1181,0.924269,258.999949694,0.497205,0.145441,3.71099e-05
1182,0.924269,258.999949694,0.497187,0.145447,3.68626e-05
1183,0.924269,258.999949694,0.497169,0.145452,3.66168e-05
1184,0.924269,258.999949694,0.497152,0.145458,3.63728e-05
1185,0.924269,258.999949694,0.497134,0.145463,3.61303e-05
1186,0.924269,258.999949694,0.497117,0.145469,3.58895e-05
1187,0.924269,258.999949694,0.497101,0.145474,3.56502e-05
1188,0.924269,258.999949694,0.497084,0.145479,3.54126e-05
1189,0.924269,258.999949694,0.497067,0.145485,3.51765e-05
1190,0.924269,258.999949694,0.49705,0.14549,3.4942e-05
1191,0.924269,258.999949694,0.497034,0.145495,3.47091e-05
1192,0.924269,258.999949694,0.497017,0.1455,3.44778e-05
1193,0.924269,258.999949694,0.497,0.145506,3.42479e-05
1194,0.924269,258.999949694,0.496984,0.145511,3.40196e-05
1195,0.924269,258.999949694,0.496968,0.145516,3.37928e-05
1196,0.924269,258.999949694,0.496952,0.145521,3.35676e-05
1197,0.924269,258.999949694,0.496936,0.145526,3.33438e-05
1198,0.924269,258.999949694,0.49692,0.145531,3.31216e-05
1199,0.924269,258.999949694,0.496904,0.145536,3.29008e-05
1200,0.924269,258.999949694,0.496888,0.145541,3.26815e-05
1201,0.924269,258.999949694,0.496873,0.145546,3.24636e-05
1202,0.924269,258.999949694,0.496857,0.14555,3.22472e-05
1203,0.924269,258.999949694,0.496841,0.145555,3.20323e-05
1204,0.924269,258.999949694,0.496826,0.14556,3.18187e-05
1205,0.924269,258.999949694,0.496811,0.145565,3.16066e-05
1206,0.924269,258.999949694,0.496796,0.14557,3.13959e-05
1207,0.924269,258.999949694,0.496781,0.145574,3.11866e-05
1208,0.924269,258.999949694,0.496766,0.145653,3.09788e-05
1209,0.924269,258.999949694,0.496752,0.145657,3.07723e-05
1210,0.924269,258.999949694,0.496737,0.145662,3.05671e-05
1211,0.924269,258.999949694,0.496723,0.145666,3.03634e-05
1212,0.924269,258.999949694,0.496708,0.145671,3.0161e-05
1213,0.924269,258.999949694,0.496694,0.145675,2.99599e-05
1214,0.924269,258.999949694,0.49668,0.14568,2.97602e-05
1215,0.924269,258.999949694,0.496666,0.145684,2.95618e-05
1216,0.924269,258.999949694,0.496652,0.145689,2.93648e-05
1217,0.924269,258.999949694,0.496637,0.145693,2.9169e-05
1218,0.924269,258.999949694,0.496624,0.145698,2.89746e-05
1219,0.924269,258.999949694,0.49661,0.145702,2.87814e-05
1220,0.924269,258.999949694,0.496597,0.145706,2.85896e-05
1221,0.924269,258.999949694,0.496583,0.145711,2.8399e-05
1222,0.924269,258.999949694,0.49657,0.145641,2.82097e-05
1223,0.924269,258.999949694,0.496556,0.145645,2.80217e-05
1224,0.924269,258.999949694,0.496543,0.14565,2.78349e-05
1225,0.924269,258.999949694,0.49653,0.145654,2.76493e-05
1226,0.924269,258.999949694,0.496517,0.145658,2.7465e-05
1227,0.924269,258.999949694,0.496504,0.145662,2.72819e-05
1228,0.924269,258.999949694,0.496491,0.145666,2.71001e-05
1229,0.924269,258.999949694,0.496479,0.14567,2.69194e-05
1230,0.924269,258.999949694,0.496466,0.145674,2.674e-05
1231,0.924269,258.999949694,0.496453,0.145678,2.65617e-05
1232,0.924269,258.999949694,0.49644,0.145683,2.63847e-05
1233,0.924269,258.999949694,0.496427,0.145687,2.62088e-05
1234,0.924269,258.999949694,0.496415,0.145691,2.60341e-05
1235,0.924269,258.999949694,0.496402,0.145695,2.58606e-05
1236,0.924269,258.999949694,0.49639,0.145699,2.56882e-05
1237,0.924269,258.999949694,0.496378,0.145703,2.55169e-05
1238,0.924269,258.999949694,0.496366,0.145707,2.53468e-05
1239,0.924269,258.999949694,0.496354,0.145711,2.51779e-05
1240,0.924269,258.999949694,0.496342,0.145715,2.50101e-05
1241,0.924269,258.999949694,0.496329,0.145719,2.48433e-05
1242,0.924269,258.999949694,0.496317,0.145722,2.46777e-05
1243,0.924269,258.999949694,0.496305,0.145726,2.45132e-05
1244,0.924269,258.999949694,0.496294,0.14573,2.43498e-05
1245,0.924269,258.999949694,0.496282,0.145734,2.41875e-05
1246,0.924269,258.999949694,0.49627,0.145738,2.40263e-05
1247,0.924269,258.999949694,0.496259,0.145742,2.38661e-05
1248,0.924269,258.999949694,0.496247,0.145745,2.3707e-05
1249,0.924269,258.999949694,0.496236,0.145749,2.3549e-05
1250,0.924269,258.999949694,0.496224,0.145753,2.3392e-05
1251,0.924269,258.999949694,0.496213,0.145756,2.32361e-05
1252,0.924269,258.999949694,0.496202,0.14576,2.30812e-05
1253,0.924269,258.999949694,0.496191,0.145764,2.29273e-05
1254,0.924269,258.999949694,0.49618,0.145767,2.27745e-05
1255,0.924269,258.999949694,0.496168,0.145771,2.26227e-05
1256,0.924269,258.999949694,0.496157,0.145774,2.24719e-05
1257,0.924269,258.999949694,0.496147,0.145778,2.23221e-05
1258,0.924269,258.999949694,0.496136,0.145782,2.21733e-05
1259,0.924269,258.999949694,0.496125,0.145785,2.20255e-05
1260,0.924269,258.999949694,0.496114,0.145789,2.18787e-05
1261,0.924269,258.999949694,0.496103,0.145792,2.17328e-05
1262,0.924269,258.999949694,0.496093,0.145796,2.1588e-05
1263,0.924269,258.999949694,0.496083,0.145799,2.14441e-05
1264,0.924269,258.999949694,0.496072,0.145802,2.13011e-05
1265,0.924269,258.999949694,0.496062,0.145806,2.11591e-05
1266,0.924269,258.999949694,0.496052,0.145809,2.10181e-05
1267,0.924269,258.999949694,0.496042,0.145812,2.0878e-05
1268,0.924269,258.999949694,0.496032,0.145815,2.07388e-05
1269,0.924269,258.999949694,0.496022,0.145819,2.06006e-05
1270,0.924269,258.999949694,0.496012,0.145822,2.04632e-05
1271,0.924269,258.999949694,0.496002,0.145825,2.03268e-05
1272,0.924269,258.999949694,0.495993,0.145828,2.01913e-05
1273,0.924269,258.999949694,0.495983,0.145831,2.00567e-05
1274,0.924269,258.999949694,0.495974,0.145835,1.9923e-05
1275,0.924269,258.999949694,0.495964,0.145838,1.97902e-05
1276,0.924269,258.999949694,0.495955,0.145841,1.96583e-05
1277,0.924269,258.999949694,0.495945,0.145844,1.95273e-05
1278,0.924269,258.999949694,0.495936,0.145847,1.93971e-05
1279,0.924269,258.999949694,0.495926,0.145851,1.92678e-05
1280,0.924269,258.999949694,0.495917,0.145854,1.91394e-05
1281,0.924269,258.999949694,0.495907,0.145857,1.90118e-05
1282,0.924269,258.999949694,0.495898,0.14586,1.8885e-05
1283,0.924269,258.999949694,0.495889,0.145863,1.87592e-05
1284,0.924269,258.999949694,0.49588,0.145866,1.86341e-05
1285,0.924269,258.999949694,0.495872,0.145869,1.85099e-05
1286,0.924269,258.999949694,0.495863,0.145872,1.83865e-05
1287,0.924269,258.999949694,0.495854,0.145875,1.8264e-05
1288,0.924269,258.999949694,0.495846,0.145878,1.81422e-05
1289,0.924269,258.999949694,0.495837,0.145881,1.80213e-05
1290,0.924269,258.999949694,0.495829,0.145884,1.79011e-05
1291,0.924269,258.999949694,0.49582,0.145887,1.77818e-05
1292,0.924269,258.999949694,0.495812,0.14589,1.76633e-05
1293,0.924269,258.999949694,0.495803,0.145893,1.75455e-05
1294,0.924269,258.999949694,0.495795,0.145896,1.74286e-05
1295,0.924269,258.999949694,0.495787,0.145899,1.73124e-05
1296,0.924269,258.999949694,0.495779,0.145902,1.7197e-05
1297,0.924269,258.999949694,0.495771,0.145904,1.70824e-05
1298,0.924269,258.999949694,0.495763,0.145907,1.69685e-05
1299,0.924269,258.999949694,0.495756,0.14591,1.68554e-05
1300,0.924269,258.999949694,0.495748,0.145913,1.6743e-05
1301,0.924269,258.999949694,0.49574,0.145916,1.66314e-05
1302,0.924269,258.999949694,0.495732,0.145918,1.65206e-05
1303,0.924269,258.999949694,0.495724,0.145921,1.64104e-05
1304,0.924269,258.999949694,0.495717,0.145998,1.6301e-05
1305,0.924269,258.999949694,0.495709,0.146,1.61924e-05
1306,0.924269,258.999949694,0.495701,0.146003,1.60844e-05
1307,0.924269,258.999949694,0.495693,0.146006,1.59772e-05
1308,0.924269,258.999949694,0.495686,0.146009,1.58707e-05
1309,0.924269,258.999949694,0.495678,0.146012,1.57649e-05
1310,0.924269,258.999949694,0.49567,0.146015,1.56598e-05
1311,0.924269,258.999949694,0.495663,0.146017,1.55554e-05
1312,0.924269,258.999949694,0.495656,0.14602,1.54518e-05
1313,0.924269,258.999949694,0.495648,0.146023,1.53488e-05
1314,0.924269,258.999949694,0.495641,0.146025,1.52464e-05
1315,0.924269,258.999949694,0.495634,0.146028,1.51448e-05
1316,0.924269,258.999949694,0.495626,0.146031,1.50439e-05
1317,0.924269,258.999949694,0.495619,0.146033,1.49436e-05
1318,0.924269,258.999949694,0.495612,0.146036,1.4844e-05
1319,0.924269,258.999949694,0.495605,0.146039,1.4745e-05
1320,0.924269,258.999949694,0.495598,0.146041,1.46467e-05
1321,0.924269,258.999949694,0.495591,0.146044,1.45491e-05
1322,0.924269,258.999949694,0.495585,0.146046,1.44521e-05
1323,0.924269,258.999949694,0.495578,0.146049,1.43558e-05
1324,0.924269,258.999949694,0.495571,0.146051,1.42601e-05
1325,0.924269,258.999949694,0.495565,0.146053,1.4165e-05
1326,0.924269,258.999949694,0.495558,0.146056,1.40706e-05
1327,0.924269,258.999949694,0.495552,0.146058,1.39768e-05
1328,0.924269,258.999949694,0.495546,0.14606,1.38836e-05
1329,0.924269,258.999949694,0.495539,0.146063,1.37911e-05
1330,0.924269,258.999949694,0.495533,0.146065,1.36992e-05
1331,0.924269,258.999949694,0.495527,0.146067,1.36078e-05
1332,0.924269,258.999949694,0.495521,0.146069,1.35171e-05
1333,0.924269,258.999949694,0.495514,0.146072,1.3427e-05
1334,0.924269,258.999949694,0.495508,0.146074,1.33375e-05
1335,0.924269,258.999949694,0.495502,0.146076,1.32486e-05
1336,0.924269,258.999949694,0.495496,0.146078,1.31603e-05
1337,0.924269,258.999949694,0.495491,0.14608,1.30726e-05
1338,0.924269,258.999949694,0.495485,0.146082,1.29854e-05
1339,0.924269,258.999949694,0.495479,0.146084,1.28989e-05
1340,0.924269,258.999949694,0.495474,0.146086,1.28129e-05
1341,0.924269,258.999949694,0.495468,0.146088,1.27275e-05
1342,0.924269,258.999949694,0.495463,0.14609,1.26426e-05
1343,0.924269,258.999949694,0.495457,0.146091,1.25584e-05
1344,0.924269,258.999949694,0.495452,0.146093,1.24746e-05
1345,0.924269,258.999949694,0.495446,0.146095,1.23915e-05
1346,0.924269,258.999949694,0.495441,0.146097,1.23089e-05
1347,0.924269,258.999949694,0.495436,0.146099,1.22268e-05
1348,0.924269,258.999949694,0.495431,0.146101,1.21453e-05
1349,0.924269,258.999949694,0.495426,0.146102,1.20644e-05
1350,0.924269,258.999949694,0.495422,0.146104,1.1984e-05
1351,0.924269,258.999949694,0.495417,0.146106,1.19041e-05
1352,0.924269,258.999949694,0.495412,0.146107,1.18247e-05
1353,0.924269,258.999949694,0.495408,0.146109,1.17459e-05
1354,0.924269,258.999949694,0.495403,0.14611,1.16676e-05
1355,0.924269,258.999949694,0.495399,0.146112,1.15898e-05
1356,0.924269,258.999949694,0.495394,0.146114,1.15126e-05
1357,0.924269,258.999949694,0.495389,0.146115,1.14358e-05
1358,0.924269,258.999949694,0.495385,0.146117,1.13596e-05
1359,0.924269,258.999949694,0.49538,0.146119,1.12839e-05
1360,0.924269,258.999949694,0.495376,0.14612,1.12087e-05
1361,0.924269,258.999949694,0.495371,0.146122,1.11339e-05
1362,0.924269,258.999949694,0.495367,0.146123,1.10597e-05
1363,0.924269,258.999949694,0.495362,0.146125,1.0986e-05
1364,0.924269,258.999949694,0.495358,0.146126,1.09128e-05
1365,0.924269,258.999949694,0.495353,0.146128,1.084e-05
1366,0.924269,258.999949694,0.495349,0.146129,1.07678e-05
1367,0.924269,258.999949694,0.495345,0.146131,1.0696e-05
1368,0.924269,258.999949694,0.495341,0.146132,1.06247e-05
1369,0.924269,258.999949694,0.495336,0.146133,1.05539e-05
1370,0.924269,258.999949694,0.495332,0.146135,1.04835e-05
1371,0.924269,258.999949694,0.495328,0.146136,1.04136e-05
1372,0.924269,258.999949694,0.495324,0.146137,1.03442e-05
1373,0.924269,258.999949694,0.49532,0.146139,1.02753e-05
1374,0.924269,258.999949694,0.495316,0.14614,1.02068e-05
1375,0.924269,258.999949694,0.495312,0.146141,1.01387e-05
1376,0.924269,258.999949694,0.495308,0.146143,1.00711e-05
1377,0.924269,258.999949694,0.495304,0.146144,1.0004e-05
1378,0.924269,258.999949694,0.495301,0.146145,9.93732e-06
1379,0.924269,258.999949694,0.495297,0.146147,9.87108e-06
1380,0.924269,258.999949694,0.495293,0.146148,9.80528e-06
1381,0.924269,258.999949694,0.495289,0.146149,9.73992e-06
1382,0.924269,258.999949694,0.495286,0.14615,9.67499e-06
1383,0.924269,258.999949694,0.495282,0.146152,9.6105e-06
1384,0.924269,258.999949694,0.495279,0.146153,9.54644e-06
1385,0.924269,258.999949694,0.495275,0.146154,9.4828e-06
1386,0.924269,258.999949694,0.495271,0.146155,9.41959e-06
1387,0.924269,258.999949694,0.495268,0.146156,9.3568e-06
1388,0.924269,258.999949694,0.495264,0.146157,9.29442e-06
1389,0.924269,258.999949694,0.495261,0.146159,9.23247e-06
1390,0.924269,258.999949694,0.495258,0.14616,9.17093e-06
1391,0.924269,258.999949694,0.495254,0.146161,9.10979e-06
1392,0.924269,258.999949694,0.495251,0.146162,9.04907e-06
1393,0.924269,258.999949694,0.495248,0.146163,8.98875e-06
1394,0.924269,258.999949694,0.495244,0.146164,8.92883e-06
1395,0.924269,258.999949694,0.495241,0.146165,8.86931e-06
1396,0.924269,258.999949694,0.495238,0.146167,8.81019e-06
1397,0.924269,258.999949694,0.495234,0.146168,8.75146e-06
1398,0.924269,258.999949694,0.495231,0.146169,8.69312e-06
1399,0.924269,258.999949694,0.495228,0.14617,8.63517e-06
1400,0.924269,258.999949694,0.495224,0.146171,8.57761e-06
1401,0.924269,258.999949694,0.495221,0.146172,8.52044e-06
1402,0.924269,258.999949694,0.495218,0.146173,8.46364e-06
1403,0.924269,258.999949694,0.495215,0.146174,8.40722e-06
1404,0.924269,258.999949694,0.495212,0.146176,8.35118e-06
1405,0.924269,258.999949694,0.495209,0.146177,8.29551e-06
1406,0.924269,258.999949694,0.495206,0.146178,8.24021e-06
1407,0.924269,258.999949694,0.495203,0.146179,8.18528e-06
1408,0.924269,258.999949694,0.4952,0.14618,8.13072e-06
1409,0.924269,258.999949694,0.495198,0.146181,8.07652e-06
1410,0.924269,258.999949694,0.495195,0.146182,8.02268e-06
1411,0.924269,258.999949694,0.495192,0.146183,7.9692e-06
1412,0.924269,258.999949694,0.495189,0.146184,7.91608e-06
1413,0.924269,258.999949694,0.495186,0.146185,7.86331e-06
1414,0.924269,258.999949694,0.495183,0.146186,7.8109e-06
1415,0.924269,258.999949694,0.49518,0.146187,7.75883e-06
1416,0.924269,258.999949694,0.495177,0.146188,7.70711e-06
1417,0.924269,258.999949694,0.495174,0.146189,7.65574e-06
1418,0.924269,258.999949694,0.495171,0.14619,7.6047e-06
1419,0.924269,258.999949694,0.495168,0.146191,7.55401e-06
1420,0.924269,258.999949694,0.495165,0.146192,7.50366e-06
1421,0.924269,258.999949694,0.495162,0.146193,7.45364e-06
1422,0.924269,258.999949694,0.495159,0.146194,7.40395e-06
1423,0.924269,258.999949694,0.495157,0.146195,7.3546e-06
1424,0.924269,258.999949694,0.495154,0.146196,7.30557e-06
1425,0.924269,258.999949694,0.495151,0.146197,7.25687e-06
1426,0.924269,258.999949694,0.495149,0.146197,7.2085e-06
1427,0.924269,258.999949694,0.495147,0.146198,7.16045e-06
1428,0.924269,258.999949694,0.495145,0.146199,7.11272e-06
1429,0.924269,258.999949694,0.495142,0.1462,7.0653e-06
1430,0.924269,258.999949694,0.49514,0.1462,7.01821e-06
1431,0.924269,258.999949694,0.495138,0.146201,6.97142e-06
1432,0.924269,258.999949694,0.495137,0.146201,6.92496e-06
1433,0.924269,258.999949694,0.495135,0.146202,6.87879e-06
1434,0.924269,258.999949694,0.495133,0.146203,6.83294e-06
1435,0.924269,258.999949694,0.495131,0.146203,6.78739e-06
1436,0.924269,258.999949694,0.495129,0.146204,6.74214e-06
1437,0.924269,258.999949694,0.495127,0.146205,6.6972e-06
1438,0.924269,258.999949694,0.495125,0.146205,6.65256e-06
1439,0.924269,258.999949694,0.495123,0.146206,6.60822e-06
1440,0.924269,258.999949694,0.495122,0.146206,6.56416e-06
1441,0.924269,258.999949694,0.49512,0.146207,6.52041e-06
1442,0.924269,258.999949694,0.495118,0.146208,6.47694e-06
1443,0.924269,258.999949694,0.495116,0.146208,6.43377e-06
1444,0.924269,258.999949694,0.495115,0.146209,6.39088e-06
1445,0.924269,258.999949694,0.495113,0.14621,6.34828e-06
1446,0.924269,258.999949694,0.495111,0.14621,6.30596e-06
1447,0.924269,258.999949694,0.49511,0.146211,6.26393e-06
1448,0.924269,258.999949694,0.495108,0.146211,6.22217e-06
1449,0.924269,258.999949694,0.495107,0.146212,6.18069e-06
1450,0.924269,258.999949694,0.495106,0.146212,6.13949e-06
1451,0.924269,258.999949694,0.495105,0.146212,6.09857e-06
1452,0.924269,258.999949694,0.495103,0.146213,6.05792e-06
1453,0.924269,258.999949694,0.495102,0.146213,6.01754e-06
1454,0.924269,258.999949694,0.495101,0.146214,5.97742e-06
1455,0.924269,258.999949694,0.4951,0.146214,5.93758e-06
1456,0.924269,258.999949694,0.495099,0.146215,5.898e-06
1457,0.924269,258.999949694,0.495098,0.146215,5.85868e-06
1458,0.924269,258.999949694,0.495097,0.146215,5.81963e-06
1459,0.924269,258.999949694,0.495096,0.146216,5.78084e-06
1460,0.924269,258.999949694,0.495094,0.146216,5.7423e-06
1461,0.924269,258.999949694,0.495093,0.146217,5.70402e-06
1462,0.924269,258.999949694,0.495092,0.146217,5.666e-06
1463,0.924269,258.999949694,0.495091,0.146218,5.62823e-06
1464,0.924269,258.999949694,0.49509,0.146218,5.59071e-06
1465,0.924269,258.999949694,0.495089,0.146218,5.55345e-06
1466,0.924269,258.999949694,0.495088,0.146219,5.51643e-06
1467,0.924269,258.999949694,0.495087,0.146219,5.47965e-06
1468,0.924269,258.999949694,0.495085,0.14622,5.44313e-06
1469,0.924269,258.999949694,0.495084,0.14622,5.40685e-06
1470,0.924269,258.999949694,0.495083,0.146221,5.3708e-06
1471,0.924269,258.999949694,0.495082,0.146221,5.335e-06
1472,0.924269,258.999949694,0.495081,0.146221,5.29944e-06
1473,0.924269,258.999949694,0.49508,0.146222,5.26411e-06
1474,0.924269,258.999949694,0.495079,0.146222,5.22902e-06
1475,0.924269,258.999949694,0.495078,0.146223,5.19416e-06
1476,0.924269,258.999949694,0.495077,0.146223,5.15954e-06
1477,0.924269,258.999949694,0.495076,0.146223,5.12515e-06
1478,0.924269,258.999949694,0.495075,0.146223,5.09098e-06
1479,0.924269,258.999949694,0.495074,0.146224,5.05705e-06
1480,0.924269,258.999949694,0.495074,0.146224,5.02334e-06
1481,0.924269,258.999949694,0.495073,0.146224,4.98985e-06
1482,0.924269,258.999949694,0.495072,0.146224,4.95659e-06
1483,0.924269,258.999949694,0.495071,0.146225,4.92355e-06
1484,0.924269,258.999949694,0.49507,0.146225,4.89073e-06
1485,0.924269,258.999949694,0.49507,0.146225,4.85813e-06
1486,0.924269,258.999949694,0.495069,0.146225,4.82574e-06
1487,0.924269,258.999949694,0.495069,0.146225,4.79358e-06
1488,0.924269,258.999949694,0.495068,0.146226,4.76162e-06
1489,0.924269,258.999949694,0.495068,0.146226,4.72988e-06
1490,0.924269,258.999949694,0.495067,0.146226,4.69835e-06
1491,0.924269,258.999949694,0.495067,0.146226,4.66703e-06
1492,0.924269,258.999949694,0.495067,0.146226,4.63592e-06
1493,0.924269,258.999949694,0.495066,0.146226,4.60502e-06
1494,0.924269,258.999949694,0.495066,0.146226,4.57433e-06
1495,0.924269,258.999949694,0.495066,0.146226,4.54383e-06
1496,0.924269,258.999949694,0.495065,0.146226,4.51354e-06
1497,0.924269,258.999949694,0.495065,0.146226,4.48346e-06
1498,0.924269,258.999949694,0.495064,0.146226,4.45357e-06
1499,0.924269,258.999949694,0.495064,0.146227,4.42388e-06
1500,0.924269,258.999949694,0.495064,0.146227,4.39439e-06
1501,0.924269,258.999949694,0.495063,0.146227,4.3651e-06
1502,0.924269,258.999949694,0.495063,0.146227,4.336e-06
1503,0.924269,258.999949694,0.495063,0.146227,4.3071e-06
1504,0.924269,258.999949694,0.495062,0.146227,4.27839e-06
1505,0.924269,258.999949694,0.495062,0.146227,4.24987e-06
1506,0.924269,258.999949694,0.495062,0.146227,4.22154e-06
1507,0.924269,258.999949694,0.495061,0.146227,4.1934e-06
1508,0.924269,258.999949694,0.495061,0.146227,4.16545e-06
1509,0.924269,258.999949694,0.495061,0.146227,4.13768e-06
1510,0.924269,258.999949694,0.49506,0.146227,4.1101e-06
1511,0.924269,258.999949694,0.49506,0.146227,4.0827e-06
1512,0.924269,258.999949694,0.49506,0.146227,4.05548e-06
1513,0.924269,258.999949694,0.49506,0.146227,4.02845e-06
1514,0.924269,258.999949694,0.495059,0.146227,4.0016e-06
1515,0.924269,258.999949694,0.495059,0.146227,3.97492e-06
1516,0.924269,258.999949694,0.495059,0.146227,3.94843e-06
1517,0.924269,258.999949694,0.495059,0.146227,3.92211e-06
1518,0.924269,258.999949694,0.495059,0.146227,3.89596e-06
1519,0.924269,258.999949694,0.495059,0.146227,3.86999e-06
1520,0.924269,258.999949694,0.495059,0.146227,3.8442e-06
1521,0.924269,258.999949694,0.495058,0.146227,3.81857e-06
1522,0.924269,258.999949694,0.495058,0.146227,3.79311e-06
1523,0.924269,258.999949694,0.495058,0.146227,3.76783e-06
1524,0.924269,258.999949694,0.495058,0.146228,3.74271e-06
1525,0.924269,258.999949694,0.495058,0.146228,3.71777e-06
1526,0.924269,258.999949694,0.495058,0.146228,3.69298e-06
1527,0.924269,258.999949694,0.495057,0.146228,3.66837e-06
1528,0.924269,258.999949694,0.495057,0.146228,3.64391e-06
1529,0.924269,258.999949694,0.495057,0.146228,3.61962e-06
1530,0.924269,258.999949694,0.495057,0.146228,3.59549e-06
1531,0.924269,258.999949694,0.495057,0.146228,3.57153e-06
1532,0.924269,258.999949694,0.495057,0.146228,3.54772e-06
1533,0.924269,258.999949694,0.495057,0.146228,3.52407e-06
1534,0.924269,258.999949694,0.495056,0.146228,3.50058e-06
1535,0.924269,258.999949694,0.495056,0.146228,3.47724e-06
0.924269,0.495056,50.2354519367218,0.0068121,1.8187969593,0.304999139852
