72,20,0.2,2,1000, .1 
0,0.43538,1930.99995196,1.82483e+06,704.069,0.099953
1,0.496784,1721.00003958,781451.0,437.264,0.0984127
2,0.547661,1546.99996948,360721.0,289.189,0.0968962
3,0.604094,1354.00005341,178751.0,193.411,0.0954031
4,0.660234,1162.00001121,97310.2,132.049,0.0939329
5,0.706725,1003.00008774,57360.7,95.0644,0.0924855
6,0.738596,893.999973536,36459.8,70.3617,0.0910603
7,0.772807,777.000052929,25502.0,51.9803,0.0896571
8,0.790058,717.999951839,19124.1,42.1471,0.0882755
9,0.802339,675.999948978,14810.6,34.0767,0.0869152
10,0.811696,643.99990797,12118.2,27.4279,0.0855758
11,0.817544,623.999984264,10293.6,23.537,0.0842571
12,0.822222,607.99996376,8891.12,21.1854,0.0829588
13,0.824269,601.000031233,7770.15,18.8604,0.0816804
14,0.825439,596.999924183,6913.4,16.3985,0.0804217
15,0.828363,586.99996233,6243.43,15.4526,0.0791824
16,0.834211,567.000038624,5662.54,14.602,0.0779623
17,0.845029,530.000016689,5149.41,13.8785,0.0767609
18,0.85117,509.000015259,4675.16,13.6412,0.075578
19,0.857895,486.000062227,4215.4,13.768,0.0744134
20,0.869883,444.999933243,3772.54,13.4789,0.0732667
21,0.880994,407.000037432,3369.7,12.6421,0.0721377
22,0.893275,365.000034571,3003.81,11.9927,0.0710261
23,0.905556,323.00003171,2682.05,11.2582,0.0699316
24,0.911988,300.999952555,2387.88,11.1103,0.068854
25,0.921345,268.999911547,2116.56,10.749,0.0677929
26,0.926023,253.000094891,1860.44,10.4073,0.0667483
27,0.932456,231.000015736,1638.78,9.77454,0.0657197
28,0.938596,210.000014305,1451.47,9.17345,0.064707
29,0.943567,192.999916077,1279.11,8.7265,0.0637099
30,0.949123,174.000070095,1132.36,8.16858,0.0627281
31,0.951754,164.999982119,1008.19,7.60496,0.0617615
32,0.95731,145.999932289,916.845,6.64624,0.0608098
33,0.960234,135.999970436,837.782,6.1235,0.0598727
34,0.961988,129.999911785,771.003,6.03278,0.0589501
35,0.964328,121.999901533,712.179,5.71487,0.0580417
36,0.965497,117.999998331,659.057,5.31564,0.0571473
37,0.968421,108.000036478,611.515,4.92609,0.0562667
38,0.969298,105.000007153,569.813,4.77174,0.0553996
39,0.970175,101.999977827,529.501,4.69854,0.0545459
40,0.971637,96.9999969006,491.875,4.54194,0.0537054
41,0.972807,93.0000936985,459.204,4.25998,0.0528778
42,0.974561,87.0000350475,430.961,3.95098,0.052063
43,0.974854,85.9999573231,406.045,3.96401,0.0512607
44,0.976023,82.000054121,381.73,3.88449,0.0504708
45,0.976316,80.9999763966,358.796,4.0382,0.049693
46,0.977193,77.9999470711,337.578,3.71862,0.0489273
47,0.977778,75.99999547,316.529,3.63077,0.0481733
48,0.979532,69.9999368191,297.556,3.5289,0.047431
49,0.97924,71.0000145435,280.09,3.4382,0.0467001
50,0.97924,71.0000145435,262.5,3.45629,0.0459805
51,0.980117,67.999985218,245.782,3.38641,0.0452719
52,0.979532,69.9999368191,230.608,3.345,0.0445743
53,0.981579,63.0000042915,215.663,3.1631,0.0438874
54,0.982164,61.0000526905,203.013,3.10251,0.0432111
55,0.983333,56.9999456406,191.213,3.00731,0.0425452
56,0.983041,58.000023365,179.912,3.08462,0.0418896
57,0.983918,54.9999940395,169.311,2.89468,0.0412441
58,0.983333,56.9999456406,159.375,2.67361,0.0406086
59,0.983626,56.000071764,150.534,2.59408,0.0399828
60,0.984503,53.0000424385,143.259,2.43185,0.0393667
61,0.98538,50.000013113,136.216,2.36983,0.0387601
62,0.98538,50.000013113,129.71,2.32971,0.0381628
63,0.985965,48.000061512,123.227,2.28149,0.0375747
64,0.985673,48.9999353886,117.31,2.27671,0.0369957
65,0.985965,48.000061512,111.388,2.25147,0.0364256
66,0.986842,45.0000321865,105.691,2.17028,0.0358643
67,0.98655,45.9999060631,100.384,2.19413,0.0353116
68,0.987427,43.0000805855,95.2933,2.17865,0.0347675
69,0.987135,43.9999544621,90.6997,2.18831,0.0342317
70,0.988012,40.9999251366,85.8971,2.13989,0.0337042
71,0.987719,42.000002861,81.724,2.05084,0.0331849
72,0.988596,38.9999735355,77.4198,2.02428,0.0326735
73,0.988889,38.000099659,73.7046,1.97354,0.03217
74,0.989766,35.0000703335,69.9767,1.93008,0.0316743
75,0.989766,35.0000703335,66.5431,1.89352,0.0311862
76,0.989766,35.0000703335,63.2165,1.88625,0.0307056
77,0.989766,35.0000703335,60.0945,1.88966,0.0302324
78,0.989766,35.0000703335,56.872,2.00437,0.0297666
79,0.990643,32.000041008,53.9352,1.95519,0.0293079
80,0.990058,33.999992609,50.9692,1.99119,0.0288562
81,0.991228,30.000089407,48.4924,1.88561,0.0284116
82,0.991813,27.9999339581,45.671,1.90379,0.0279738
83,0.991228,30.000089407,43.2981,1.81425,0.0275427
84,0.992105,27.0000600815,40.8625,1.62855,0.0271183
85,0.99269,24.9999046326,38.8106,1.53516,0.0267004
86,0.992105,27.0000600815,36.9001,1.69688,0.0262889
87,0.99269,24.9999046326,35.0156,1.47916,0.0258838
88,0.992398,25.999982357,33.3823,1.65692,0.025485
89,0.993275,22.9999530315,31.7158,1.32403,0.0250923
90,0.992398,25.999982357,30.4968,1.6203,0.0247056
91,0.992982,24.000030756,29.3176,1.29675,0.0243249
92,0.992982,24.000030756,28.2732,1.3381,0.0239501
93,0.992982,24.000030756,27.1903,1.28159,0.023581
94,0.99269,24.9999046326,26.0704,1.32007,0.0232176
95,0.993567,22.000079155,25.0841,1.299,0.0228598
96,0.993275,22.9999530315,24.1998,1.33773,0.0225076
97,0.99269,24.9999046326,23.0871,1.30212,0.0221607
98,0.99386,21.0000014305,22.2993,1.35769,0.0218192
99,0.99386,21.0000014305,21.2069,1.18514,0.021483
100,0.99386,21.0000014305,20.4128,1.2803,0.021152
101,0.994152,19.9999237061,19.6379,1.21846,0.020826
102,0.995029,17.0000982285,18.9658,1.06949,0.0205051
103,0.994737,17.999972105,18.3035,1.10523,0.0201891
104,0.995614,14.9999427795,17.6764,1.02574,0.019878
105,0.995906,14.000068903,17.0159,1.02157,0.0195717
106,0.995029,17.0000982285,16.5685,1.37579,0.0192701
107,0.995614,14.9999427795,16.1052,1.08203,0.0189732
108,0.996199,12.9999911785,15.5754,1.10201,0.0186808
109,0.996199,12.9999911785,15.0634,1.04944,0.0183929
110,0.995906,14.000068903,14.5669,1.08809,0.0181095
111,0.996199,12.9999911785,14.0688,1.1564,0.0178304
112,0.995614,14.9999427795,13.6094,1.11364,0.0175557
113,0.996199,12.9999911785,13.1995,1.00639,0.0172851
114,0.996199,12.9999911785,12.7331,0.993744,0.0170188
115,0.996491,11.9999134541,12.2523,0.976265,0.0167565
116,0.996784,11.0000395775,11.8239,0.958304,0.0164983
117,0.996491,11.9999134541,11.6115,0.974399,0.0162441
118,0.995906,14.000068903,11.2856,0.916348,0.0159938
119,0.996784,11.0000395775,11.1261,0.863372,0.0157473
120,0.996199,12.9999911785,10.8829,1.01954,0.0155046
121,0.996199,12.9999911785,10.6369,0.894123,0.0152657
122,0.996491,11.9999134541,10.4484,0.915848,0.0150305
123,0.995614,14.9999427795,10.2472,0.952148,0.0147989
124,0.996199,12.9999911785,10.0665,0.961875,0.0145708
125,0.996199,12.9999911785,9.87227,0.913803,0.0143463
126,0.997076,9.99996185303,9.60051,0.720869,0.0141252
127,0.996491,11.9999134541,9.37449,0.824688,0.0139076
128,0.996491,11.9999134541,9.22522,0.858552,0.0136932
129,0.996491,11.9999134541,9.00688,0.902163,0.0134822
130,0.995906,14.000068903,8.84396,0.910528,0.0132745
131,0.996199,12.9999911785,8.67125,0.900642,0.0130699
132,0.995614,14.9999427795,8.49664,0.936817,0.0128685
133,0.996199,12.9999911785,8.33033,0.891106,0.0126702
134,0.995322,16.000020504,8.16296,0.90355,0.012475
135,0.995614,14.9999427795,8.01008,1.05986,0.0122827
136,0.995322,16.000020504,7.88113,0.885679,0.0120935
137,0.995614,14.9999427795,7.70439,0.98428,0.0119071
138,0.995322,16.000020504,7.56973,0.931904,0.0117236
139,0.996491,11.9999134541,7.41267,0.879221,0.011543
140,0.996784,11.0000395775,7.20928,0.852147,0.0113651
141,0.996199,12.9999911785,7.03137,0.789073,0.01119
142,0.995614,14.9999427795,6.90466,0.88929,0.0110175
143,0.995906,14.000068903,6.74933,0.963859,0.0108478
144,0.995029,17.0000982285,6.61801,1.02866,0.0106806
145,0.996199,12.9999911785,6.47835,0.912293,0.010516
146,0.995029,17.0000982285,6.35706,1.03949,0.010354
147,0.996199,12.9999911785,6.2112,0.970444,0.0101944
148,0.995322,16.000020504,6.05739,1.07626,0.0100373
149,0.995906,14.000068903,5.94865,0.969923,0.00988264
150,0.995322,16.000020504,5.828,0.979681,0.00973035
151,0.996491,11.9999134541,5.69022,0.923982,0.00958041
152,0.995322,16.000020504,5.56041,0.962043,0.00943278
153,0.995322,16.000020504,5.4594,0.956888,0.00928742
154,0.994737,17.999972105,5.33224,1.01594,0.00914431
155,0.996491,11.9999134541,5.21055,0.905896,0.00900339
156,0.995029,17.0000982285,5.10968,1.0759,0.00886466
157,0.995029,17.0000982285,4.98297,1.02347,0.00872805
158,0.995614,14.9999427795,4.848,1.03128,0.00859356
159,0.996199,12.9999911785,4.7392,0.945005,0.00846113
160,0.995906,14.000068903,4.61071,0.900408,0.00833075
161,0.995614,14.9999427795,4.51468,1.03064,0.00820237
162,0.996199,12.9999911785,4.40164,0.927318,0.00807598
163,0.995322,16.000020504,4.30947,0.919001,0.00795153
164,0.996199,12.9999911785,4.19652,0.901349,0.007829
165,0.996199,12.9999911785,4.11019,0.862464,0.00770836
166,0.995906,14.000068903,4.00745,0.956897,0.00758957
167,0.995029,17.0000982285,3.90887,1.04093,0.00747262
168,0.995906,14.000068903,3.80222,0.90547,0.00735747
169,0.996199,12.9999911785,3.69002,0.962298,0.00724409
170,0.995614,14.9999427795,3.61682,0.944312,0.00713246
171,0.995614,14.9999427795,3.507,0.992746,0.00702255
172,0.995322,16.000020504,3.43788,0.953135,0.00691434
173,0.995614,14.9999427795,3.36314,0.978662,0.00680779
174,0.995906,14.000068903,3.26941,0.924596,0.00670289
175,0.996199,12.9999911785,3.1225,0.805683,0.0065996
176,0.994737,17.999972105,3.03006,1.24193,0.0064979
177,0.995614,14.9999427795,2.9585,0.91618,0.00639777
178,0.996199,12.9999911785,2.86975,0.894361,0.00629918
179,0.995614,14.9999427795,2.79833,0.92008,0.00620211
180,0.995614,14.9999427795,2.71414,1.0269,0.00610654
181,0.996199,12.9999911785,2.65677,0.813236,0.00601244
182,0.996491,11.9999134541,2.57917,0.715399,0.00591979
183,0.996491,11.9999134541,2.51911,0.859487,0.00582857
184,0.996784,11.0000395775,2.44689,0.682874,0.00573875
185,0.995906,14.000068903,2.40381,0.966143,0.00565032
186,0.995906,14.000068903,2.3504,0.883851,0.00556325
187,0.996199,12.9999911785,2.28694,0.962761,0.00547752
188,0.995322,16.000020504,2.23538,0.912051,0.00539311
189,0.996199,12.9999911785,2.16931,0.794501,0.00531001
190,0.995906,14.000068903,2.13423,1.0601,0.00522818
191,0.996491,11.9999134541,2.08666,1.07009,0.00514762
192,0.997076,9.99996185303,2.07156,1.0182,0.00506829
193,0.996784,11.0000395775,2.01285,1.10685,0.00499019
194,0.996784,11.0000395775,2.05062,1.02766,0.0049133
195,0.997368,9.00008797646,1.99188,0.596026,0.00483758
196,0.996784,11.0000395775,1.95606,0.64792,0.00476304
197,0.997661,8.000010252,1.92658,0.52227,0.00468964
198,0.996491,11.9999134541,1.95669,1.04011,0.00461737
199,0.997661,8.000010252,1.89293,0.52227,0.00454622
200,0.997661,8.000010252,1.87445,0.775829,0.00447617
201,0.996491,11.9999134541,1.90953,1.05994,0.00440719
202,0.997076,9.99996185303,1.84369,0.620755,0.00433928
203,0.997368,9.00008797646,1.82127,0.535867,0.00427241
204,0.997953,6.99993252754,1.79164,0.515667,0.00420657
205,0.997076,9.99996185303,1.81911,1.01068,0.00414175
206,0.997368,9.00008797646,1.76763,0.541261,0.00407793
207,0.997368,9.00008797646,1.75211,0.573991,0.00401509
208,0.997953,6.99993252754,1.72449,0.493838,0.00395322
209,0.996199,12.9999911785,1.74993,1.06672,0.0038923
210,0.997076,9.99996185303,1.70128,0.729054,0.00383232
211,0.997661,8.000010252,1.68527,0.5095,0.00377326
212,0.997076,9.99996185303,1.6751,0.762132,0.00371512
213,0.997953,6.99993252754,1.64626,0.487918,0.00365787
214,0.997661,8.000010252,1.64077,0.535837,0.0036015
215,0.997661,8.000010252,1.62871,0.569014,0.00354601
216,0.997076,9.99996185303,1.60715,0.67772,0.00349136
217,0.997076,9.99996185303,1.58955,0.762356,0.00343756
218,0.997953,6.99993252754,1.56937,0.487945,0.00338459
219,0.997368,9.00008797646,1.55826,0.700822,0.00333243
220,0.997661,8.000010252,1.54466,0.712699,0.00328108
221,0.997661,8.000010252,1.53054,0.775668,0.00323052
222,0.997953,6.99993252754,1.52146,0.522208,0.00318074
223,0.997953,6.99993252754,1.5016,0.503745,0.00313173
224,0.997368,9.00008797646,1.48679,0.548284,0.00308347
225,0.997953,6.99993252754,1.46632,0.566404,0.00303595
226,0.997661,8.000010252,1.47587,0.694821,0.00298917
227,0.997368,9.00008797646,1.44975,0.535774,0.00294311
228,0.997368,9.00008797646,1.43047,0.977689,0.00289776
229,0.997368,9.00008797646,1.42271,0.719246,0.0028531
230,0.997661,8.000010252,1.41885,0.731835,0.00280914
231,0.998246,6.00005865097,1.39961,0.47375,0.00276585
232,0.997661,8.000010252,1.3853,0.532145,0.00272323
233,0.997953,6.99993252754,1.37726,0.726743,0.00268126
234,0.997953,6.99993252754,1.37403,0.688696,0.00263995
235,0.997953,6.99993252754,1.36535,0.792109,0.00259926
236,0.997661,8.000010252,1.35939,0.531506,0.00255921
237,0.997953,6.99993252754,1.34193,0.635318,0.00251977
238,0.997368,9.00008797646,1.33214,0.872972,0.00248094
239,0.997953,6.99993252754,1.32365,0.531486,0.00244271
240,0.997661,8.000010252,1.3271,1.0258,0.00240507
241,0.997661,8.000010252,1.30912,0.872975,0.00236801
242,0.997953,6.99993252754,1.29902,0.531484,0.00233152
243,0.997368,9.00008797646,1.29323,0.60228,0.00229559
244,0.996784,11.0000395775,1.29083,0.806806,0.00226022
245,0.997953,6.99993252754,1.27617,0.513255,0.00222539
246,0.997953,6.99993252754,1.26854,0.53251,0.0021911
247,0.998246,6.00005865097,1.25489,0.473751,0.00215733
248,0.997076,9.99996185303,1.2624,0.906239,0.00212409
249,0.997661,8.000010252,1.25065,0.569061,0.00209136
250,0.997661,8.000010252,1.23989,0.513791,0.00205913
251,0.997953,6.99993252754,1.23209,0.591218,0.0020274
252,0.997661,8.000010252,1.22209,0.548287,0.00199616
253,0.997661,8.000010252,1.21513,0.535996,0.0019654
254,0.997661,8.000010252,1.21311,0.729715,0.00193511
255,0.998246,6.00005865097,1.20291,0.473749,0.00190529
256,0.997661,8.000010252,1.19678,0.79207,0.00187593
257,0.997368,9.00008797646,1.19195,0.56812,0.00184702
258,0.997661,8.000010252,1.18314,0.567973,0.00181856
259,0.997661,8.000010252,1.17954,0.726739,0.00179054
260,0.997661,8.000010252,1.17386,0.567982,0.00176295
261,0.998246,6.00005865097,1.16595,0.538944,0.00173578
262,0.998246,6.00005865097,1.15693,0.50243,0.00170903
263,0.997661,8.000010252,1.15618,0.732954,0.0016827
264,0.997368,9.00008797646,1.14925,0.519556,0.00165677
265,0.997953,6.99993252754,1.14254,0.726735,0.00163124
266,0.997953,6.99993252754,1.1378,0.568002,0.0016061
267,0.998538,4.99998092651,1.13193,0.395218,0.00158135
268,0.998538,4.99998092651,1.12628,0.459405,0.00155698
269,0.998538,4.99998092651,1.1208,0.505782,0.00153299
270,0.997953,6.99993252754,1.12069,0.530503,0.00150937
271,0.998246,6.00005865097,1.11351,0.41119,0.00148611
272,0.997953,6.99993252754,1.1148,0.516952,0.00146321
273,0.998246,6.00005865097,1.10834,0.771017,0.00144066
274,0.997368,9.00008797646,1.10879,0.881892,0.00141846
275,0.998246,6.00005865097,1.10384,0.419948,0.0013966
276,0.998538,4.99998092651,1.1005,0.395229,0.00137508
277,0.998246,6.00005865097,1.09727,0.526458,0.00135389
278,0.998246,6.00005865097,1.09516,0.464107,0.00133303
279,0.998538,4.99998092651,1.0892,0.395235,0.00131249
280,0.998538,4.99998092651,1.09026,0.395247,0.00129226
281,0.997953,6.99993252754,1.0867,0.809357,0.00127235
282,0.998538,4.99998092651,1.08288,0.395241,0.00125274
283,0.998538,4.99998092651,1.08227,0.47153,0.00123344
284,0.998538,4.99998092651,1.07848,0.395248,0.00121443
285,0.998246,6.00005865097,1.07648,0.464131,0.00119572
286,0.998538,4.99998092651,1.07148,0.508736,0.00117729
287,0.998246,6.00005865097,1.0696,0.471549,0.00115915
288,0.998538,4.99998092651,1.06578,0.429223,0.00114129
289,0.997953,6.99993252754,1.06333,0.456275,0.0011237
290,0.998246,6.00005865097,1.05922,0.420063,0.00110638
291,0.998246,6.00005865097,1.05732,0.471564,0.00108933
292,0.998246,6.00005865097,1.05711,0.45219,0.00107255
293,0.998538,4.99998092651,1.05427,0.456292,0.00105602
294,0.998246,6.00005865097,1.05342,0.8094,0.00103975
295,0.998538,4.99998092651,1.0497,0.420097,0.00102373
296,0.998538,4.99998092651,1.04761,0.46416,0.00100795
297,0.998538,4.99998092651,1.04514,0.471593,0.000992418
298,0.998538,4.99998092651,1.04231,0.412257,0.000977125
299,0.998538,4.99998092651,1.03898,0.395267,0.000962068
300,0.998246,6.00005865097,1.03759,0.486028,0.000947243
301,0.997953,6.99993252754,1.03458,0.9126,0.000932646
302,0.998246,6.00005865097,1.03561,0.845212,0.000918275
303,0.998538,4.99998092651,1.03272,0.395271,0.000904124
304,0.998246,6.00005865097,1.03162,0.464173,0.000890192
305,0.998538,4.99998092651,1.02856,0.471627,0.000876474
306,0.998538,4.99998092651,1.02717,0.395277,0.000862968
307,0.998538,4.99998092651,1.02402,0.395277,0.00084967
308,0.998246,6.00005865097,1.02247,0.464182,0.000836577
309,0.998246,6.00005865097,1.01977,0.500454,0.000823685
310,0.998538,4.99998092651,1.01763,0.386021,0.000810993
311,0.998538,4.99998092651,1.01519,0.395279,0.000798495
312,0.997661,8.000010252,1.01695,0.723563,0.000786191
313,0.998538,4.99998092651,1.01462,0.395283,0.000774076
314,0.998538,4.99998092651,1.01179,0.395283,0.000762148
315,0.998538,4.99998092651,1.0095,0.475432,0.000750403
316,0.997953,6.99993252754,1.00882,0.530742,0.00073884
317,0.998538,4.99998092651,1.00678,0.456338,0.000727454
318,0.998538,4.99998092651,1.00432,0.395286,0.000716245
319,0.998538,4.99998092651,1.00289,0.47167,0.000705208
320,0.998538,4.99998092651,1.00071,0.395288,0.00069434
321,0.998538,4.99998092651,0.999268,0.493455,0.000683641
322,0.998538,4.99998092651,0.998684,0.627312,0.000673106
323,0.998538,4.99998092651,0.997804,0.39529,0.000662734
324,0.998538,4.99998092651,0.995607,0.420237,0.000652521
325,0.998538,4.99998092651,0.994441,0.464205,0.000642466
326,0.998538,4.99998092651,0.992829,0.471691,0.000632566
327,0.998538,4.99998092651,0.990905,0.412291,0.000622818
328,0.998538,4.99998092651,0.988907,0.395294,0.000613221
329,0.998246,6.00005865097,0.987943,0.456357,0.000603771
330,0.997953,6.99993252754,0.986751,0.597189,0.000594467
331,0.997953,6.99993252754,0.986516,0.84785,0.000585307
332,0.998538,4.99998092651,0.984492,0.412292,0.000576287
333,0.998246,6.00005865097,0.984641,0.464213,0.000567407
334,0.998538,4.99998092651,0.982182,0.471712,0.000558663
335,0.998538,4.99998092651,0.981298,0.3953,0.000550055
336,0.998538,4.99998092651,0.979293,0.38605,0.000541578
337,0.998538,4.99998092651,0.978269,0.493473,0.000533233
338,0.998538,4.99998092651,0.976471,0.486052,0.000525016
339,0.998538,4.99998092651,0.975517,0.395301,0.000516925
340,0.998538,4.99998092651,0.97365,0.395301,0.00050896
341,0.998246,6.00005865097,0.973363,0.530814,0.000501117
342,0.998538,4.99998092651,0.971531,0.420296,0.000493395
343,0.998246,6.00005865097,0.972182,0.681429,0.000485792
344,0.998246,6.00005865097,0.971494,0.464225,0.000478306
345,0.998538,4.99998092651,0.969528,0.475543,0.000470935
346,0.998538,4.99998092651,0.968613,0.464226,0.000463678
347,0.998538,4.99998092651,0.966703,0.395306,0.000456533
348,0.998538,4.99998092651,0.965719,0.47174,0.000449498
349,0.998538,4.99998092651,0.96486,0.429284,0.000442572
350,0.998538,4.99998092651,0.963504,0.481099,0.000435752
351,0.998538,4.99998092651,0.961966,0.395307,0.000429037
352,0.998246,6.00005865097,0.963561,0.633052,0.000422426
353,0.998538,4.99998092651,0.961901,0.456385,0.000415916
354,0.998538,4.99998092651,0.959907,0.395309,0.000409507
355,0.998538,4.99998092651,0.959835,0.84038,0.000403197
356,0.998246,6.00005865097,0.958793,0.530846,0.000396983
357,0.998246,6.00005865097,0.958215,0.464236,0.000390866
358,0.998538,4.99998092651,0.95639,0.452441,0.000384843
359,0.998538,4.99998092651,0.955612,0.464238,0.000378913
360,0.997953,6.99993252754,0.95551,0.805048,0.000373074
361,0.998538,4.99998092651,0.953426,0.808102,0.000367325
362,0.998538,4.99998092651,0.953537,0.563187,0.000361664
363,0.998538,4.99998092651,0.952939,0.471767,0.000356091
364,0.998538,4.99998092651,0.952379,0.395315,0.000350604
365,0.998538,4.99998092651,0.951095,0.395314,0.000345201
366,0.998538,4.99998092651,0.950518,0.464243,0.000339882
367,0.998538,4.99998092651,0.949313,0.507168,0.000334644
368,0.998538,4.99998092651,0.948732,0.493499,0.000329488
369,0.998538,4.99998092651,0.947911,0.633055,0.00032441
370,0.998538,4.99998092651,0.946885,0.420363,0.000319411
371,0.998538,4.99998092651,0.946211,0.464244,0.000314489
372,0.998538,4.99998092651,0.945901,0.510114,0.000309643
373,0.998538,4.99998092651,0.945382,0.395317,0.000304871
374,0.998538,4.99998092651,0.944435,0.47178,0.000300173
375,0.998538,4.99998092651,0.944055,0.464247,0.000295548
376,0.998538,4.99998092651,0.942853,0.420376,0.000290994
377,0.998538,4.99998092651,0.942221,0.471785,0.000286509
378,0.998538,4.99998092651,0.941607,0.395319,0.000282094
379,0.998538,4.99998092651,0.941019,0.464251,0.000277747
380,0.998538,4.99998092651,0.940162,0.504218,0.000273467
381,0.998246,6.00005865097,0.940027,0.80954,0.000269253
382,0.998538,4.99998092651,0.939241,0.464249,0.000265104
383,0.998538,4.99998092651,0.938534,0.38608,0.000261019
384,0.998538,4.99998092651,0.938215,0.500608,0.000256997
385,0.998538,4.99998092651,0.937413,0.39532,0.000253037
386,0.998538,4.99998092651,0.937064,0.464253,0.000249137
387,0.998538,4.99998092651,0.936258,0.452403,0.000245298
388,0.998538,4.99998092651,0.935629,0.464254,0.000241518
389,0.998246,6.00005865097,0.935778,0.805074,0.000237797
390,0.998538,4.99998092651,0.93452,0.420396,0.000234132
391,0.998538,4.99998092651,0.934014,0.464255,0.000230524
392,0.998538,4.99998092651,0.933662,0.455847,0.000226972
393,0.998538,4.99998092651,0.933645,0.395324,0.000223474
394,0.998538,4.99998092651,0.932831,0.395324,0.000220031
395,0.998538,4.99998092651,0.932465,0.493514,0.00021664
396,0.998538,4.99998092651,0.931766,0.507251,0.000213302
397,0.998538,4.99998092651,0.931367,0.395324,0.000210015
398,0.998538,4.99998092651,0.930546,0.395324,0.000206779
399,0.998246,6.00005865097,0.93057,0.845357,0.000203592
400,0.998538,4.99998092651,0.929742,0.464258,0.000200455
401,0.998538,4.99998092651,0.929261,0.386087,0.000197366
402,0.998538,4.99998092651,0.928739,0.47181,0.000194325
403,0.998538,4.99998092651,0.928746,0.555994,0.00019133
404,0.998538,4.99998092651,0.928324,0.395326,0.000188382
405,0.998538,4.99998092651,0.927682,0.412331,0.000185479
406,0.998538,4.99998092651,0.927654,0.845361,0.000182621
407,0.998538,4.99998092651,0.927056,0.464261,0.000179807
408,0.998538,4.99998092651,0.926315,0.420418,0.000177036
409,0.998538,4.99998092651,0.925924,0.500631,0.000174308
410,0.998538,4.99998092651,0.925402,0.395326,0.000171622
411,0.998538,4.99998092651,0.925064,0.464262,0.000168977
412,0.998538,4.99998092651,0.9246,0.464262,0.000166373
413,0.998538,4.99998092651,0.924654,0.464264,0.000163809
414,0.998538,4.99998092651,0.924662,0.809559,0.000161285
415,0.998538,4.99998092651,0.923994,0.420425,0.0001588
416,0.998538,4.99998092651,0.923707,0.464264,0.000156353
417,0.998538,4.99998092651,0.923414,0.471821,0.000153943
418,0.998538,4.99998092651,0.922817,0.395328,0.000151571
419,0.998538,4.99998092651,0.92233,0.452528,0.000149236
420,0.998538,4.99998092651,0.922035,0.456426,0.000146936
421,0.998538,4.99998092651,0.921619,0.44792,0.000144672
422,0.998538,4.99998092651,0.921233,0.395328,0.000142442
423,0.998538,4.99998092651,0.920727,0.420432,0.000140247
424,0.998538,4.99998092651,0.920981,0.493523,0.000138086
425,0.998538,4.99998092651,0.921043,0.809563,0.000135958
426,0.998538,4.99998092651,0.920236,0.395329,0.000133863
427,0.998538,4.99998092651,0.920048,0.530923,0.0001318
428,0.998538,4.99998092651,0.91973,0.395329,0.000129769
429,0.998538,4.99998092651,0.919287,0.412335,0.00012777
430,0.998538,4.99998092651,0.918855,0.395329,0.000125801
431,0.998538,4.99998092651,0.918798,0.55669,0.000123862
432,0.998538,4.99998092651,0.918432,0.464268,0.000121954
433,0.998538,4.99998092651,0.917976,0.419551,0.000120074
434,0.998538,4.99998092651,0.91798,0.58071,0.000118224
435,0.998538,4.99998092651,0.917664,0.47183,0.000116402
436,0.998538,4.99998092651,0.91736,0.439,0.000114608
437,0.998538,4.99998092651,0.917098,0.46427,0.000112842
438,0.998538,4.99998092651,0.916995,0.627331,0.000111103
439,0.998538,4.99998092651,0.916562,0.420444,0.000109391
440,0.99883,3.99990320206,0.916345,0.46427,0.000107706
441,0.99883,3.99990320206,0.916057,0.46427,0.000106046
442,0.99883,3.99990320206,0.915751,0.556696,0.000104412
443,0.99883,3.99990320206,0.915568,0.395331,0.000102803
444,0.99883,3.99990320206,0.915488,0.533795,0.000101219
445,0.99883,3.99990320206,0.915418,0.678249,9.9659e-05
446,0.99883,3.99990320206,0.91517,0.395332,9.81233e-05
447,0.99883,3.99990320206,0.914826,0.376388,9.66112e-05
448,0.99883,3.99990320206,0.91456,0.419616,9.51225e-05
449,0.99883,3.99990320206,0.914449,0.530934,9.36567e-05
450,0.99883,3.99990320206,0.914279,0.464272,9.22135e-05
451,0.99883,3.99990320206,0.913937,0.395332,9.07924e-05
452,0.99883,3.99990320206,0.913771,0.411936,8.93934e-05
453,0.99883,3.99990320206,0.913552,0.456083,8.80159e-05
454,0.99883,3.99990320206,0.91359,0.420452,8.66595e-05
455,0.99883,3.99990320206,0.913552,0.464273,8.53242e-05
456,0.99883,3.99990320206,0.913237,0.452552,8.40093e-05
457,0.99883,3.99990320206,0.913209,0.828329,8.27148e-05
458,0.99883,3.99990320206,0.912939,0.376389,8.14402e-05
459,0.99883,3.99990320206,0.912682,0.376389,8.01852e-05
460,0.99883,3.99990320206,0.912652,0.530938,7.89496e-05
461,0.99883,3.99990320206,0.912368,0.419623,7.7733e-05
462,0.99883,3.99990320206,0.912264,0.464273,7.65352e-05
463,0.99883,3.99990320206,0.912096,0.530939,7.53558e-05
464,0.99883,3.99990320206,0.912024,0.83179,7.41946e-05
465,0.99883,3.99990320206,0.912193,0.828331,7.30512e-05
466,0.99883,3.99990320206,0.911861,0.37639,7.19255e-05
467,0.99883,3.99990320206,0.911635,0.432449,7.08172e-05
468,0.99883,3.99990320206,0.911567,0.456089,6.97259e-05
469,0.99883,3.99990320206,0.911341,0.411938,6.86515e-05
470,0.99883,3.99990320206,0.911264,0.486166,6.75936e-05
471,0.99883,3.99990320206,0.911051,0.471844,6.6552e-05
472,0.99883,3.99990320206,0.910971,0.432449,6.55264e-05
473,0.99883,3.99990320206,0.910747,0.376391,6.45167e-05
474,0.99883,3.99990320206,0.910786,0.464009,6.35225e-05
475,0.99883,3.99990320206,0.910622,0.800496,6.25436e-05
476,0.99883,3.99990320206,0.910569,0.464275,6.15798e-05
477,0.99883,3.99990320206,0.910318,0.419629,6.06309e-05
478,0.99883,3.99990320206,0.910269,0.524104,5.96966e-05
479,0.99883,3.99990320206,0.91017,0.376391,5.87767e-05
480,0.99883,3.99990320206,0.909991,0.411939,5.7871e-05
481,0.99883,3.99990320206,0.90982,0.419631,5.69792e-05
482,0.99883,3.99990320206,0.909829,0.530945,5.61012e-05
483,0.99883,3.99990320206,0.909685,0.464276,5.52367e-05
484,0.99883,3.99990320206,0.9096,0.761465,5.43855e-05
485,0.99883,3.99990320206,0.909561,0.432451,5.35474e-05
486,0.99883,3.99990320206,0.909552,0.865884,5.27223e-05
487,0.99883,3.99990320206,0.909324,0.432451,5.19099e-05
488,0.99883,3.99990320206,0.909217,0.376392,5.11099e-05
489,0.99883,3.99990320206,0.909053,0.376392,5.03224e-05
490,0.99883,3.99990320206,0.908958,0.455203,4.95469e-05
491,0.99883,3.99990320206,0.908964,0.464277,4.87834e-05
492,0.99883,3.99990320206,0.908854,0.464277,4.80317e-05
493,0.99883,3.99990320206,0.908715,0.456095,4.72915e-05
494,0.99883,3.99990320206,0.908634,0.41194,4.65627e-05
495,0.99883,3.99990320206,0.908492,0.376392,4.58452e-05
496,0.99883,3.99990320206,0.908631,0.718626,4.51388e-05
497,0.99883,3.99990320206,0.908505,0.464277,4.44432e-05
498,0.99883,3.99990320206,0.908321,0.376393,4.37584e-05
499,0.99883,3.99990320206,0.908238,0.376393,4.3084e-05
500,0.99883,3.99990320206,0.908131,0.503357,4.24201e-05
501,0.99883,3.99990320206,0.90805,0.376393,4.17665e-05
502,0.99883,3.99990320206,0.907913,0.395336,4.11228e-05
503,0.99883,3.99990320206,0.90781,0.419637,4.04891e-05
504,0.99883,3.99990320206,0.907777,0.503358,3.98652e-05
505,0.99883,3.99990320206,0.907968,0.828338,3.92509e-05
506,0.99883,3.99990320206,0.907796,0.432453,3.86461e-05
507,0.99883,3.99990320206,0.907607,0.432453,3.80505e-05
508,0.99883,3.99990320206,0.907551,0.485849,3.74642e-05
509,0.99883,3.99990320206,0.907436,0.451796,3.68869e-05
510,0.99883,3.99990320206,0.907418,0.464278,3.63185e-05
511,0.99883,3.99990320206,0.90726,0.376393,3.57588e-05
512,0.99883,3.99990320206,0.90728,0.530951,3.52078e-05
513,0.99883,3.99990320206,0.907167,0.376393,3.46652e-05
514,0.99883,3.99990320206,0.907071,0.473366,3.41311e-05
515,0.99883,3.99990320206,0.906958,0.432454,3.36051e-05
516,0.99883,3.99990320206,0.906981,0.800501,3.30872e-05
517,0.99883,3.99990320206,0.907,0.464279,3.25774e-05
518,0.99883,3.99990320206,0.906866,0.395336,3.20754e-05
519,0.99883,3.99990320206,0.906844,0.50336,3.15811e-05
520,0.99883,3.99990320206,0.906773,0.411941,3.10945e-05
521,0.99883,3.99990320206,0.906657,0.377319,3.06153e-05
522,0.99883,3.99990320206,0.906626,0.471854,3.01435e-05
523,0.99883,3.99990320206,0.906614,0.432454,2.9679e-05
524,0.99883,3.99990320206,0.906543,0.3926,2.92217e-05
525,0.99883,3.99990320206,0.906482,0.432454,2.87714e-05
526,0.99883,3.99990320206,0.906468,0.845392,2.8328e-05
527,0.99883,3.99990320206,0.906422,0.493537,2.78915e-05
528,0.99883,3.99990320206,0.906321,0.376394,2.74617e-05
529,0.99883,3.99990320206,0.90628,0.471855,2.70385e-05
530,0.99883,3.99990320206,0.906239,0.376394,2.66219e-05
531,0.99883,3.99990320206,0.906153,0.419642,2.62116e-05
532,0.99883,3.99990320206,0.906121,0.845392,2.58077e-05
533,0.99883,3.99990320206,0.906073,0.46428,2.541e-05
534,0.99883,3.99990320206,0.906023,0.488564,2.50185e-05
535,0.99883,3.99990320206,0.905943,0.376394,2.46329e-05
536,0.99883,3.99990320206,0.905879,0.485852,2.42534e-05
537,0.99883,3.99990320206,0.90586,0.432455,2.38796e-05
538,0.99883,3.99990320206,0.905816,0.411942,2.35116e-05
539,0.99883,3.99990320206,0.905782,0.419644,2.31493e-05
540,0.99883,3.99990320206,0.905761,0.530955,2.27926e-05
541,0.99883,3.99990320206,0.905713,0.46428,2.24414e-05
542,0.99883,3.99990320206,0.905629,0.395337,2.20956e-05
543,0.99883,3.99990320206,0.905634,0.800504,2.17551e-05
544,0.99883,3.99990320206,0.905525,0.419644,2.14198e-05
545,0.99883,3.99990320206,0.905511,0.46428,2.10898e-05
546,0.99883,3.99990320206,0.905429,0.485028,2.07648e-05
547,0.99883,3.99990320206,0.905467,0.737126,2.04448e-05
548,0.99883,3.99990320206,0.905448,0.432456,2.01298e-05
549,0.99883,3.99990320206,0.905364,0.53047,1.98196e-05
550,0.99883,3.99990320206,0.90534,0.432456,1.95141e-05
551,0.99883,3.99990320206,0.90527,0.419645,1.92134e-05
552,0.99883,3.99990320206,0.905301,0.800504,1.89174e-05
553,0.99883,3.99990320206,0.90519,0.519059,1.86259e-05
554,0.99883,3.99990320206,0.905155,0.376395,1.83388e-05
555,0.99883,3.99990320206,0.905112,0.456104,1.80562e-05
556,0.99883,3.99990320206,0.9051,0.464281,1.7778e-05
557,0.99883,3.99990320206,0.905053,0.456104,1.75041e-05
558,0.99883,3.99990320206,0.905064,0.432456,1.72343e-05
559,0.99883,3.99990320206,0.905026,0.376395,1.69687e-05
560,0.99883,3.99990320206,0.904971,0.376395,1.67073e-05
561,0.99883,3.99990320206,0.904969,0.723633,1.64498e-05
562,0.99883,3.99990320206,0.904918,0.395338,1.61963e-05
563,0.99883,3.99990320206,0.904888,0.376395,1.59467e-05
564,0.99883,3.99990320206,0.904874,0.432456,1.5701e-05
565,0.99883,3.99990320206,0.904832,0.432456,1.54591e-05
566,0.99883,3.99990320206,0.904804,0.432457,1.52208e-05
567,0.99883,3.99990320206,0.904762,0.376395,1.49863e-05
568,0.99883,3.99990320206,0.904753,0.463727,1.47553e-05
569,0.99883,3.99990320206,0.904725,0.456105,1.4528e-05
570,0.99883,3.99990320206,0.904685,0.432457,1.43041e-05
571,0.99883,3.99990320206,0.904653,0.395338,1.40837e-05
572,0.99883,3.99990320206,0.904609,0.473368,1.38667e-05
573,0.99883,3.99990320206,0.904577,0.419647,1.3653e-05
574,0.99883,3.99990320206,0.904558,0.865894,1.34426e-05
575,0.99883,3.99990320206,0.904525,0.432457,1.32354e-05
576,0.99883,3.99990320206,0.904534,0.376395,1.30315e-05
577,0.99883,3.99990320206,0.904504,0.471859,1.28307e-05
578,0.99883,3.99990320206,0.904482,0.432457,1.2633e-05
579,0.99883,3.99990320206,0.90444,0.451805,1.24383e-05
580,0.99883,3.99990320206,0.904421,0.503367,1.22466e-05
581,0.99883,3.99990320206,0.904396,0.376396,1.20579e-05
582,0.99883,3.99990320206,0.904358,0.376395,1.18721e-05
583,0.99883,3.99990320206,0.904363,0.530958,1.16891e-05
584,0.99883,3.99990320206,0.90434,0.464282,1.1509e-05
585,0.99883,3.99990320206,0.904301,0.456106,1.13317e-05
586,0.99883,3.99990320206,0.904288,0.464282,1.11571e-05
587,0.99883,3.99990320206,0.904254,0.419648,1.09851e-05
588,0.99883,3.99990320206,0.904235,0.411943,1.08159e-05
589,0.99883,3.99990320206,0.904214,0.546896,1.06492e-05
590,0.99883,3.99990320206,0.904272,0.723633,1.04851e-05
591,0.99883,3.99990320206,0.904259,0.464282,1.03235e-05
592,0.99883,3.99990320206,0.904211,0.439975,1.01644e-05
593,0.99883,3.99990320206,0.904184,0.432457,1.00078e-05
594,0.99883,3.99990320206,0.90417,0.432457,9.85358e-06
595,0.99883,3.99990320206,0.904144,0.411943,9.70174e-06
596,0.99883,3.99990320206,0.904128,0.395338,9.55223e-06
597,0.99883,3.99990320206,0.904099,0.376396,9.40504e-06
598,0.99883,3.99990320206,0.904098,0.376396,9.26011e-06
599,0.99883,3.99990320206,0.904075,0.376396,9.11741e-06
600,0.99883,3.99990320206,0.904052,0.420481,8.97691e-06
601,0.99883,3.99990320206,0.90407,0.621404,8.83859e-06
602,0.99883,3.99990320206,0.904045,0.464282,8.70238e-06
603,0.99883,3.99990320206,0.904022,0.419649,8.56828e-06
604,0.99883,3.99990320206,0.904004,0.395338,8.43625e-06
605,0.99883,3.99990320206,0.903978,0.451806,8.30625e-06
606,0.99883,3.99990320206,0.903977,0.485857,8.17825e-06
607,0.99883,3.99990320206,0.903947,0.419649,8.05223e-06
608,0.99883,3.99990320206,0.903931,0.464282,7.92815e-06
609,0.99883,3.99990320206,0.903917,0.473368,7.80597e-06
610,0.99883,3.99990320206,0.903901,0.456107,7.68569e-06
611,0.99883,3.99990320206,0.903877,0.376396,7.56725e-06
612,0.99883,3.99990320206,0.903891,0.452579,7.45064e-06
613,0.99883,3.99990320206,0.903869,0.411943,7.33583e-06
614,0.99883,3.99990320206,0.903849,0.572225,7.22279e-06
615,0.99883,3.99990320206,0.903842,0.410803,7.11149e-06
616,0.99883,3.99990320206,0.903839,0.464282,7.0019e-06
617,0.99883,3.99990320206,0.90382,0.464282,6.89401e-06
618,0.99883,3.99990320206,0.903801,0.395338,6.78777e-06
619,0.99883,3.99990320206,0.903792,0.376396,6.68318e-06
620,0.99883,3.99990320206,0.903781,0.463727,6.58019e-06
621,0.99883,3.99990320206,0.903762,0.376396,6.47879e-06
622,0.99883,3.99990320206,0.903767,0.456107,6.37895e-06
623,0.99883,3.99990320206,0.903742,0.376396,6.28066e-06
624,0.99883,3.99990320206,0.903728,0.488565,6.18387e-06
625,0.99883,3.99990320206,0.903712,0.376396,6.08858e-06
626,0.99883,3.99990320206,0.903717,0.456108,5.99476e-06
627,0.99883,3.99990320206,0.903687,0.376396,5.90238e-06
628,0.99883,3.99990320206,0.903691,0.411944,5.81143e-06
629,0.99883,3.99990320206,0.903689,0.500676,5.72187e-06
630,0.99883,3.99990320206,0.903667,0.376396,5.6337e-06
631,0.99883,3.99990320206,0.903652,0.41965,5.54689e-06
632,0.99883,3.99990320206,0.90364,0.376396,5.46141e-06
633,0.99883,3.99990320206,0.903635,0.456108,5.37725e-06
634,0.99883,3.99990320206,0.903612,0.41965,5.29439e-06
635,0.99883,3.99990320206,0.903647,0.761462,5.21281e-06
636,0.99883,3.99990320206,0.903602,0.456001,5.13248e-06
637,0.99883,3.99990320206,0.903593,0.432458,5.05339e-06
638,0.99883,3.99990320206,0.903578,0.376396,4.97552e-06
639,0.99883,3.99990320206,0.903565,0.411944,4.89885e-06
640,0.99883,3.99990320206,0.903549,0.376396,4.82335e-06
641,0.99883,3.99990320206,0.90355,0.485858,4.74903e-06
642,0.99883,3.99990320206,0.903527,0.376396,4.67585e-06
643,0.99883,3.99990320206,0.903527,0.419651,4.60379e-06
644,0.99883,3.99990320206,0.903535,0.471861,4.53285e-06
645,0.99883,3.99990320206,0.903526,0.500676,4.463e-06
646,0.99883,3.99990320206,0.903522,0.471861,4.39423e-06
647,0.99883,3.99990320206,0.903495,0.420483,4.32652e-06
648,0.99883,3.99990320206,0.903496,0.471861,4.25984e-06
649,0.99883,3.99990320206,0.903495,0.471861,4.1942e-06
650,0.99883,3.99990320206,0.903498,0.471861,4.12957e-06
651,0.99883,3.99990320206,0.9035,0.809586,4.06593e-06
652,0.99883,3.99990320206,0.903489,0.464282,4.00328e-06
653,0.99883,3.99990320206,0.903496,0.456002,3.94159e-06
654,0.99883,3.99990320206,0.903485,0.456002,3.88085e-06
655,0.99883,3.99990320206,0.903478,0.471862,3.82105e-06
656,0.99883,3.99990320206,0.903481,0.500676,3.76217e-06
657,0.99883,3.99990320206,0.903476,0.53096,3.70419e-06
658,0.99883,3.99990320206,0.903474,0.509126,3.64711e-06
659,0.99883,3.99990320206,0.90347,0.395339,3.59091e-06
660,0.99883,3.99990320206,0.903468,0.395339,3.53558e-06
661,0.99883,3.99990320206,0.903469,0.429321,3.4811e-06
662,0.99883,3.99990320206,0.903466,0.395339,3.42745e-06
663,0.99883,3.99990320206,0.903459,0.410804,3.37464e-06
664,0.99883,3.99990320206,0.903459,0.420483,3.32263e-06
0.99883,0.903459,21.575480699539185,0.984375,0.289098503623,0.0456345866377
