73,20,0.3,2,1000, .1 
0,0.487135,1753.99995446,2.12587e+06,674.216,0.0999648
1,0.51345,1664.00009394,1.07042e+06,462.465,0.0988102
2,0.540351,1572.00007796,569448.0,325.412,0.0976689
3,0.566374,1483.00009131,317721.0,234.385,0.0965409
4,0.593275,1391.00007534,186804.0,172.652,0.0954258
5,0.622515,1291.00004911,115223.0,129.758,0.0943236
6,0.653801,1184.00009036,74436.9,100.018,0.0932342
7,0.684503,1079.00008321,49933.3,79.5258,0.0921573
8,0.719006,961.000084877,34341.4,62.5695,0.0910929
9,0.739474,890.99994421,24785.7,51.096,0.0900408
10,0.756725,832.000046968,18171.7,43.1298,0.0890008
11,0.767836,793.999947309,13552.3,36.2312,0.0879728
12,0.773099,775.999975204,10331.8,30.4801,0.0869567
13,0.781287,748.000041246,8115.32,25.3636,0.0859524
14,0.787427,727.000039816,6527.93,21.9122,0.0849596
15,0.783626,740.000030994,5338.83,19.1491,0.0839783
16,0.784503,737.000001669,4448.52,16.3019,0.0830084
17,0.78655,730.000069141,3788.29,14.6563,0.0820496
18,0.787719,725.999962091,3256.85,13.3156,0.081102
19,0.789474,719.99990344,2817.96,12.4089,0.0801652
20,0.789766,719.000029564,2435.59,11.6888,0.0792393
21,0.795029,701.000057459,2117.98,10.6373,0.0783241
22,0.804094,670.000094175,1840.91,10.0624,0.0774195
23,0.808187,656.000025272,1591.58,9.76181,0.0765252
24,0.82193,609.000041485,1361.16,9.40065,0.0756414
25,0.838596,552.000095844,1151.67,8.92607,0.0747677
26,0.853216,502.000082731,967.739,8.22768,0.0739041
27,0.866082,457.999924421,807.469,7.84147,0.0730505
28,0.87807,416.999999285,664.422,7.38088,0.0722068
29,0.889181,378.999899626,539.418,6.96181,0.0713728
30,0.899708,342.999955416,429.355,6.64067,0.0705485
31,0.912573,299.000000954,333.278,6.13964,0.0697336
32,0.931579,234.000045061,261.521,5.1789,0.0689282
33,0.940351,203.999955654,207.763,4.58888,0.0681321
34,0.945906,184.999905825,168.401,4.01214,0.0673451
35,0.952339,163.000030518,135.188,3.75926,0.0665673
36,0.957895,143.999980688,106.57,3.50161,0.0657984
37,0.96345,124.999930859,84.6431,2.93356,0.0650385
38,0.967836,109.999988079,69.0442,2.61065,0.0642873
39,0.97076,100.000026226,56.5273,2.28272,0.0635447
40,0.972515,93.9999675751,47.925,1.97471,0.0628108
41,0.973392,90.9999382496,40.86,1.89085,0.0620853
42,0.976901,79.0000247955,35.0229,1.68227,0.0613682
43,0.97807,74.9999177456,30.4263,1.56417,0.0606594
44,0.97924,71.0000145435,26.3277,1.49656,0.0599588
45,0.981287,64.000082016,22.7093,1.39281,0.0592663
46,0.982164,61.0000526905,19.6514,1.22443,0.0585818
47,0.982456,59.999974966,17.3081,1.09839,0.0579051
48,0.983626,56.000071764,15.4425,1.10876,0.0572363
49,0.983918,54.9999940395,13.7022,0.987169,0.0565752
50,0.98538,50.000013113,12.2315,0.911265,0.0559218
51,0.986257,46.9999837875,10.9649,0.889575,0.0552759
52,0.986257,46.9999837875,9.8977,0.79775,0.0546375
53,0.987427,43.0000805855,8.98662,0.711291,0.0540064
54,0.988304,40.00005126,8.24105,0.696366,0.0533826
55,0.989474,35.9999442101,7.54581,0.661597,0.052766
56,0.989181,37.0000219345,6.91761,0.665984,0.0521566
57,0.988596,38.9999735355,6.26591,0.667327,0.0515542
58,0.989474,35.9999442101,5.69535,0.623825,0.0509587
59,0.990643,32.000041008,5.24853,0.641621,0.0503701
60,0.992105,27.0000600815,4.83463,0.530521,0.0497884
61,0.992105,27.0000600815,4.52654,0.534784,0.0492133
62,0.992398,25.999982357,4.20245,0.50958,0.0486449
63,0.99269,24.9999046326,3.86273,0.513728,0.048083
64,0.992982,24.000030756,3.5785,0.516963,0.0475277
65,0.993567,22.000079155,3.28155,0.510832,0.0469787
66,0.993275,22.9999530315,3.01833,0.509245,0.0464361
67,0.993275,22.9999530315,2.72035,0.528234,0.0458998
68,0.99386,21.0000014305,2.45885,0.465514,0.0453696
69,0.994444,19.0000498295,2.23042,0.467486,0.0448456
70,0.994152,19.9999237061,2.04472,0.533822,0.0443276
71,0.994444,19.0000498295,1.82767,0.48008,0.0438157
72,0.995322,16.000020504,1.63882,0.481862,0.0433096
73,0.995322,16.000020504,1.46854,0.490858,0.0428094
74,0.995029,17.0000982285,1.30587,0.475689,0.0423149
75,0.995906,14.000068903,1.20047,0.440975,0.0418262
76,0.995322,16.000020504,1.04532,0.472684,0.0413431
77,0.995029,17.0000982285,0.912077,0.443252,0.0408656
78,0.995322,16.000020504,0.815638,0.459153,0.0403936
79,0.995906,14.000068903,0.730364,0.464467,0.039927
80,0.997076,9.99996185303,0.63433,0.358799,0.0394658
81,0.996784,11.0000395775,0.585881,0.363143,0.03901
82,0.997368,9.00008797646,0.550553,0.333677,0.0385594
83,0.997368,9.00008797646,0.485238,0.359262,0.0381141
84,0.997953,6.99993252754,0.426493,0.294914,0.0376739
85,0.997953,6.99993252754,0.390699,0.28936,0.0372387
86,0.997368,9.00008797646,0.370887,0.368342,0.0368086
87,0.997953,6.99993252754,0.362681,0.30838,0.0363835
88,0.998246,6.00005865097,0.312369,0.253578,0.0359632
89,0.998246,6.00005865097,0.279768,0.268836,0.0355479
90,0.998538,4.99998092651,0.269234,0.241638,0.0351373
91,0.998246,6.00005865097,0.245742,0.253602,0.0347314
92,0.998246,6.00005865097,0.228787,0.261819,0.0343303
93,0.99883,3.99990320206,0.203609,0.241535,0.0339338
94,0.99883,3.99990320206,0.208866,0.149895,0.0335418
95,0.998246,6.00005865097,0.21396,0.237433,0.0331544
96,0.998538,4.99998092651,0.190426,0.184161,0.0327715
97,0.99883,3.99990320206,0.188489,0.189669,0.032393
98,0.999123,3.00002932549,0.185091,0.145721,0.0320188
99,0.999123,3.00002932549,0.183802,0.189619,0.031649
100,0.999123,3.00002932549,0.18441,0.145729,0.0312835
101,0.99883,3.99990320206,0.185863,0.189628,0.0309222
102,0.999123,3.00002932549,0.178571,0.145798,0.030565
103,0.99883,3.99990320206,0.177467,0.22168,0.030212
104,0.99883,3.99990320206,0.181422,0.177238,0.029863
105,0.999123,3.00002932549,0.175104,0.145795,0.0295181
106,0.999123,3.00002932549,0.173821,0.145798,0.0291772
107,0.999123,3.00002932549,0.171739,0.1458,0.0288402
108,0.999123,3.00002932549,0.169684,0.145801,0.0285071
109,0.999123,3.00002932549,0.16844,0.145804,0.0281778
110,0.99883,3.99990320206,0.167116,0.183044,0.0278523
111,0.999123,3.00002932549,0.166379,0.145896,0.0275307
112,0.99883,3.99990320206,0.165099,0.221699,0.0272127
113,0.99883,3.99990320206,0.169454,0.177288,0.0268984
114,0.999123,3.00002932549,0.163223,0.205017,0.0265877
115,0.99883,3.99990320206,0.162213,0.189709,0.0262806
116,0.999123,3.00002932549,0.159351,0.145972,0.0259771
117,0.999123,3.00002932549,0.157487,0.145974,0.025677
118,0.999123,3.00002932549,0.155644,0.145976,0.0253804
119,0.999123,3.00002932549,0.154523,0.145978,0.0250873
120,0.998538,4.99998092651,0.155194,0.246067,0.0247975
121,0.99883,3.99990320206,0.153397,0.221713,0.0245111
122,0.99883,3.99990320206,0.153182,0.177346,0.024228
123,0.998538,4.99998092651,0.158649,0.246103,0.0239482
124,0.998538,4.99998092651,0.151394,0.228329,0.0236716
125,0.999123,3.00002932549,0.150351,0.187086,0.0233982
126,0.999415,1.99995160103,0.145492,0.17514,0.0231279
127,0.999415,1.99995160103,0.145904,0.143364,0.0228608
128,0.999415,1.99995160103,0.14533,0.143364,0.0225968
129,0.999415,1.99995160103,0.144762,0.143363,0.0223358
130,0.999415,1.99995160103,0.144452,0.143358,0.0220778
131,0.999123,3.00002932549,0.14642,0.237786,0.0218228
132,0.999123,3.00002932549,0.143154,0.175134,0.0215707
133,0.999415,1.99995160103,0.142964,0.143349,0.0213216
134,0.999415,1.99995160103,0.142429,0.143349,0.0210753
135,0.999415,1.99995160103,0.141901,0.143349,0.0208319
136,0.999415,1.99995160103,0.142419,0.143358,0.0205913
137,0.999415,1.99995160103,0.141904,0.143358,0.0203535
138,0.999415,1.99995160103,0.141395,0.143358,0.0201184
139,0.999415,1.99995160103,0.140891,0.143357,0.019886
140,0.999415,1.99995160103,0.140394,0.143357,0.0196563
141,0.999415,1.99995160103,0.140746,0.143354,0.0194293
142,0.999415,1.99995160103,0.141613,0.143357,0.0192049
143,0.999415,1.99995160103,0.141132,0.143357,0.0189831
144,0.999415,1.99995160103,0.141599,0.143362,0.0187638
145,0.999415,1.99995160103,0.139168,0.143392,0.0185471
146,0.999415,1.99995160103,0.138702,0.143392,0.0183329
147,0.999415,1.99995160103,0.138242,0.143392,0.0181211
148,0.999415,1.99995160103,0.137788,0.143392,0.0179118
149,0.999415,1.99995160103,0.138232,0.1434,0.0177049
150,0.999415,1.99995160103,0.137788,0.1434,0.0175004
151,0.999415,1.99995160103,0.137349,0.1434,0.0172983
152,0.999415,1.99995160103,0.136916,0.1434,0.0170985
153,0.999415,1.99995160103,0.136487,0.1434,0.016901
154,0.999415,1.99995160103,0.137151,0.237838,0.0167058
155,0.999415,1.99995160103,0.135955,0.143389,0.0165129
156,0.999415,1.99995160103,0.135541,0.143389,0.0163221
157,0.999415,1.99995160103,0.135133,0.143389,0.0161336
158,0.999415,1.99995160103,0.134729,0.143389,0.0159473
159,0.999415,1.99995160103,0.134407,0.143389,0.0157631
160,0.999415,1.99995160103,0.134792,0.143393,0.015581
161,0.999415,1.99995160103,0.134401,0.143392,0.0154011
162,0.999415,1.99995160103,0.134015,0.143392,0.0152232
163,0.999123,3.00002932549,0.134815,0.163262,0.0150473
164,0.999415,1.99995160103,0.138862,0.143408,0.0148735
165,0.999415,1.99995160103,0.138489,0.143408,0.0147018
166,0.999415,1.99995160103,0.138121,0.143408,0.0145319
167,0.999123,3.00002932549,0.137619,0.237929,0.0143641
168,0.999415,1.99995160103,0.130787,0.143422,0.0141982
169,0.999415,1.99995160103,0.131043,0.14342,0.0140342
170,0.999415,1.99995160103,0.130692,0.14342,0.0138721
171,0.999415,1.99995160103,0.130504,0.143417,0.0137119
172,0.999415,1.99995160103,0.131111,0.143419,0.0135535
173,0.999415,1.99995160103,0.131442,0.143422,0.013397
174,0.999415,1.99995160103,0.131106,0.143422,0.0132422
175,0.999415,1.99995160103,0.130775,0.143422,0.0130893
176,0.999415,1.99995160103,0.131101,0.143428,0.0129381
177,0.999415,1.99995160103,0.130778,0.143428,0.0127887
178,0.999415,1.99995160103,0.130458,0.143428,0.012641
179,0.999415,1.99995160103,0.130142,0.143428,0.012495
180,0.999415,1.99995160103,0.129829,0.143428,0.0123506
181,0.999415,1.99995160103,0.12952,0.143428,0.012208
182,0.999415,1.99995160103,0.129215,0.143428,0.012067
183,0.999415,1.99995160103,0.129566,0.143431,0.0119276
184,0.999415,1.99995160103,0.129267,0.143431,0.0117898
185,0.999123,3.00002932549,0.130154,0.141683,0.0116537
186,0.999415,1.99995160103,0.132668,0.143437,0.0115191
187,0.999415,1.99995160103,0.13238,0.143437,0.011386
188,0.999415,1.99995160103,0.132656,0.143439,0.0112545
189,0.999415,1.99995160103,0.132374,0.143439,0.0111245
190,0.999415,1.99995160103,0.130933,0.143458,0.010996
191,0.999415,1.99995160103,0.130658,0.143458,0.010869
192,0.999415,1.99995160103,0.130385,0.143458,0.0107435
193,0.999415,1.99995160103,0.13058,0.143456,0.0106194
194,0.999415,1.99995160103,0.130314,0.143456,0.0104967
195,0.999415,1.99995160103,0.130051,0.143456,0.0103755
196,0.999123,3.00002932549,0.131074,0.237969,0.0102557
197,0.999415,1.99995160103,0.126223,0.143446,0.0101372
198,0.999415,1.99995160103,0.12597,0.143446,0.0100201
199,0.999415,1.99995160103,0.125719,0.143446,0.0099044
200,0.999415,1.99995160103,0.125959,0.143448,0.00979
201,0.999415,1.99995160103,0.125714,0.143448,0.00967693
202,0.999415,1.99995160103,0.125948,0.14345,0.00956516
203,0.999415,1.99995160103,0.126183,0.143455,0.00945468
204,0.999415,1.99995160103,0.125947,0.143455,0.00934548
205,0.999415,1.99995160103,0.125713,0.143455,0.00923754
206,0.999415,1.99995160103,0.125482,0.143455,0.00913084
207,0.999415,1.99995160103,0.125297,0.143455,0.00902538
208,0.999415,1.99995160103,0.125071,0.143455,0.00892114
209,0.999415,1.99995160103,0.124848,0.143455,0.0088181
210,0.999415,1.99995160103,0.128129,0.237981,0.00871625
211,0.999415,1.99995160103,0.124496,0.143451,0.00861558
212,0.999415,1.99995160103,0.12428,0.143451,0.00851607
213,0.999415,1.99995160103,0.124067,0.143451,0.00841771
214,0.999415,1.99995160103,0.123857,0.143451,0.00832048
215,0.999415,1.99995160103,0.124057,0.143453,0.00822438
216,0.999415,1.99995160103,0.123851,0.143453,0.00812939
217,0.999123,3.00002932549,0.124975,0.163333,0.00803549
218,0.999415,1.99995160103,0.125598,0.143475,0.00794268
219,0.999415,1.99995160103,0.125743,0.143473,0.00785094
220,0.999415,1.99995160103,0.125546,0.143473,0.00776026
221,0.999415,1.99995160103,0.125443,0.143472,0.00767063
222,0.999415,1.99995160103,0.125251,0.143472,0.00758204
223,0.999415,1.99995160103,0.125438,0.143475,0.00749446
224,0.999415,1.99995160103,0.125251,0.143475,0.0074079
225,0.999415,1.99995160103,0.125066,0.143475,0.00732234
226,0.999415,1.99995160103,0.124883,0.143475,0.00723777
227,0.999415,1.99995160103,0.125057,0.143477,0.00715417
228,0.999415,1.99995160103,0.124878,0.143477,0.00707154
229,0.999415,1.99995160103,0.125048,0.143478,0.00698986
230,0.999415,1.99995160103,0.124873,0.143478,0.00690913
231,0.999415,1.99995160103,0.124733,0.143478,0.00682933
232,0.999415,1.99995160103,0.124901,0.143481,0.00675045
233,0.999415,1.99995160103,0.124731,0.143481,0.00667248
234,0.999415,1.99995160103,0.124565,0.143481,0.00659541
235,0.999708,1.00007772446,0.1244,0.143481,0.00651924
236,0.999708,1.00007772446,0.123556,0.143492,0.00644394
237,0.999708,1.00007772446,0.123395,0.143492,0.00636951
238,0.999708,1.00007772446,0.123303,0.140918,0.00629594
239,0.999708,1.00007772446,0.123303,0.140918,0.00622322
0.999708,0.123303,8.079314470291138,1.22998,0.190643436048,0.0347327164672
