58,20,0.8,2,1000, .1 
0,0.48655,1756.00000799,1.12994e+06,538.174,0.0999935
1,0.535965,1587.00002074,507379.0,338.36,0.0997784
2,0.57807,1443.00004005,248117.0,226.283,0.0995638
3,0.635673,1246.00001693,129126.0,153.596,0.0993497
4,0.691228,1055.99992633,73813.9,106.486,0.099136
5,0.734503,908.000042439,45766.8,78.2732,0.0989228
6,0.774561,770.999994278,30481.5,58.0423,0.09871
7,0.806725,661.000006199,21939.3,41.246,0.0984977
8,0.816082,628.999965191,17445.2,33.4388,0.0982858
9,0.820468,614.000022411,14479.7,27.1584,0.0980744
10,0.823684,602.999982834,12333.6,23.8048,0.0978635
11,0.828655,586.000088453,10659.9,21.6548,0.097653
12,0.830994,578.000078201,9330.1,18.5602,0.097443
13,0.837134,557.000076771,8307.52,17.121,0.0972334
14,0.845322,528.999938965,7431.97,15.791,0.0970243
15,0.852924,502.999956608,6698.24,14.6405,0.0968156
16,0.864035,465.000060797,6086.45,13.7235,0.0966073
17,0.872222,436.999922991,5533.57,13.3337,0.0963996
18,0.878655,415.000047684,4971.56,13.3809,0.0961922
19,0.885088,392.999968529,4424.78,13.3208,0.0959853
20,0.892105,368.999937773,3881.33,13.2379,0.0957789
21,0.902339,334.000071287,3363.32,12.7457,0.0955729
22,0.909649,308.999962807,2870.88,12.6017,0.0953673
23,0.919298,276.000047922,2429.68,11.6778,0.0951622
24,0.927778,247.00003624,2034.6,11.0162,0.0949575
25,0.937427,213.999917507,1706.3,10.0115,0.0947533
26,0.943567,192.999916077,1440.35,9.13046,0.0945495
27,0.949708,171.999914646,1208.72,8.70835,0.0943461
28,0.95614,150.000039339,1011.44,8.04415,0.0941432
29,0.961988,129.999911785,848.819,6.86483,0.0939407
30,0.965497,117.999998331,723.509,6.42798,0.0937387
31,0.967251,111.99993968,615.632,6.1599,0.0935371
32,0.97076,100.000026226,519.893,5.33821,0.0933359
33,0.974269,87.9999089241,444.003,4.7861,0.0931351
34,0.973977,88.9999866486,386.563,4.57796,0.0929348
35,0.974561,87.0000350475,330.48,4.55145,0.0927349
36,0.976901,79.0000247955,281.515,4.35676,0.0925355
37,0.977193,77.9999470711,232.623,4.2443,0.0923364
38,0.978947,72.000092268,188.803,3.97253,0.0921378
39,0.980702,66.000033617,152.013,3.73099,0.0919397
40,0.982164,61.0000526905,122.296,3.32108,0.0917419
41,0.984503,53.0000424385,98.6368,2.96105,0.0915446
42,0.985965,48.000061512,82.9441,2.6109,0.0913477
43,0.986257,46.9999837875,69.8867,2.58748,0.0911512
44,0.986842,45.0000321865,58.1884,1.99861,0.0909552
45,0.988304,40.00005126,51.2484,1.97745,0.0907595
46,0.987427,43.0000805855,45.4168,2.38926,0.0905643
47,0.988596,38.9999735355,39.7757,2.15363,0.0903696
48,0.990058,33.999992609,35.8069,1.84637,0.0901752
49,0.990058,33.999992609,31.2436,1.71586,0.0899812
50,0.990058,33.999992609,28.2401,1.51859,0.0897877
51,0.989766,35.0000703335,24.636,1.64466,0.0895946
52,0.990058,33.999992609,21.5566,1.46921,0.0894019
53,0.99152,29.0000116825,20.3837,1.80622,0.0892096
54,0.99269,24.9999046326,17.3143,1.32255,0.0890177
55,0.993567,22.000079155,16.1712,1.38706,0.0888263
56,0.993567,22.000079155,14.1444,1.21442,0.0886352
57,0.993567,22.000079155,13.5109,1.32321,0.0884446
58,0.99386,21.0000014305,12.071,1.28598,0.0882543
59,0.995614,14.9999427795,10.4351,0.952233,0.0880645
60,0.995322,16.000020504,10.1748,1.21244,0.0878751
61,0.994737,17.999972105,8.906,1.34575,0.0876861
62,0.994737,17.999972105,7.83611,1.06754,0.0874975
63,0.995906,14.000068903,7.22666,1.1469,0.0873093
64,0.996199,12.9999911785,6.26419,1.00186,0.0871215
65,0.995906,14.000068903,5.36525,1.07017,0.0869341
66,0.997076,9.99996185303,5.04848,1.04734,0.0867472
67,0.997953,6.99993252754,4.09535,0.714204,0.0865606
68,0.997368,9.00008797646,3.26127,0.869155,0.0863744
69,0.996199,12.9999911785,2.69552,1.06333,0.0861886
70,0.997661,8.000010252,2.16617,0.888534,0.0860033
71,0.997368,9.00008797646,1.80711,1.02781,0.0858183
72,0.998246,6.00005865097,1.19779,0.679246,0.0856337
73,0.996491,11.9999134541,1.76234,1.6051,0.0854495
74,0.997661,8.000010252,1.03976,0.824889,0.0852657
75,0.997368,9.00008797646,1.2968,1.29591,0.0850823
76,0.99883,3.99990320206,0.646499,0.901351,0.0848993
77,0.997661,8.000010252,1.01468,1.10735,0.0847167
78,0.998246,6.00005865097,0.818196,0.631302,0.0845345
79,0.999123,3.00002932549,0.384547,0.245159,0.0843527
80,0.999415,1.99995160103,0.331679,0.352777,0.0841713
81,0.999415,1.99995160103,0.316006,0.196638,0.0839902
82,0.999708,1.00007772446,0.27415,0.147831,0.0838096
83,0.999415,1.99995160103,0.253489,0.250666,0.0836293
84,0.999415,1.99995160103,0.218529,0.138229,0.0834495
85,0.999123,3.00002932549,0.359951,0.679176,0.08327
86,0.99883,3.99990320206,0.256819,0.490869,0.0830909
87,0.999415,1.99995160103,0.262816,0.237841,0.0829122
88,0.999123,3.00002932549,0.238409,0.368423,0.0827338
89,0.999415,1.99995160103,0.183792,0.138195,0.0825559
90,0.999415,1.99995160103,0.166831,0.138454,0.0823783
91,0.999415,1.99995160103,0.13611,0.138459,0.0822011
92,0.999708,1.00007772446,0.108249,0.147553,0.0820244
93,0.999415,1.99995160103,0.0551577,0.138598,0.0818479
94,0.999415,1.99995160103,0.0379921,0.13886,0.0816719
95,0.999123,3.00002932549,0.182623,0.477294,0.0814962
96,0.999123,3.00002932549,0.142016,0.28256,0.0813209
97,0.999415,1.99995160103,0.0878341,0.237638,0.081146
98,0.999123,3.00002932549,0.0478204,0.239007,0.0809715
99,0.999708,1.00007772446,0.00188859,0.147629,0.0807974
100,0.999123,3.00002932549,0.0434745,0.339391,0.0806236
101,1.0,0.0,0.0,0.0,0.0804502
1.0,0.0,3.193301200866699,12.2891,0.251871832271,0.0440510223843
