13,20,0.2,2,1000, .1 
0,0.49883,1714.00000513,2.02588e+06,649.067,0.099953
1,0.526901,1617.99998403,1.04027e+06,448.446,0.0984127
2,0.555848,1519.00003552,566582.0,321.341,0.0968962
3,0.59269,1393.00002694,321256.0,234.846,0.0954031
4,0.637427,1239.99995828,190494.0,173.308,0.0939329
5,0.673392,1116.99997902,118003.0,134.29,0.0924855
6,0.705848,1005.99991322,74395.0,105.345,0.0910603
7,0.747368,864.000087976,47900.4,82.0186,0.0896571
8,0.790058,717.999951839,31980.3,65.5534,0.0882755
9,0.824854,599.000079632,21472.0,54.1111,0.0869152
10,0.854971,496.00002408,14529.1,43.9694,0.0855758
11,0.881287,405.999959707,10077.9,35.7504,0.0842571
12,0.899708,342.999955416,7053.43,30.0454,0.0829588
13,0.914035,294.000020027,4924.75,25.6306,0.0816804
14,0.927193,248.999987841,3411.79,21.9128,0.0804217
15,0.94152,200.000052452,2356.52,17.8216,0.0791824
16,0.952924,161.000078917,1647.95,14.5274,0.0779623
17,0.962281,129.000037909,1187.26,12.3167,0.0767609
18,0.967544,111.000065804,861.602,10.2247,0.075578
19,0.97193,95.9999191761,672.644,8.03566,0.0744134
20,0.973684,90.000064373,520.583,7.57114,0.0732667
21,0.976316,80.9999763966,399.034,6.87292,0.0721377
22,0.979825,69.0000629425,292.334,6.05159,0.0710261
23,0.983626,56.000071764,215.325,5.13319,0.0699316
24,0.985673,48.9999353886,167.337,4.28477,0.068854
25,0.984795,51.9999647141,129.632,4.24396,0.0677929
26,0.987135,43.9999544621,101.493,3.63488,0.0667483
27,0.988596,38.9999735355,78.6966,3.34497,0.0657197
28,0.990351,32.9999148846,61.2785,2.84808,0.064707
29,0.990643,32.000041008,50.6429,2.61932,0.0637099
30,0.99152,29.0000116825,41.2506,2.35094,0.0627281
31,0.992398,25.999982357,34.7289,2.21832,0.0617615
32,0.992982,24.000030756,28.3983,2.12799,0.0608098
33,0.994444,19.0000498295,23.3394,1.8998,0.0598727
34,0.995029,17.0000982285,20.1099,1.67309,0.0589501
35,0.995029,17.0000982285,17.2177,1.67984,0.0580417
36,0.995029,17.0000982285,15.18,1.76456,0.0571473
37,0.995322,16.000020504,12.6529,1.77948,0.0562667
38,0.994444,19.0000498295,11.1498,1.88863,0.0553996
39,0.995614,14.9999427795,9.05553,1.60587,0.0545459
40,0.995906,14.000068903,7.93572,1.77792,0.0537054
41,0.997076,9.99996185303,7.27706,1.41251,0.0528778
42,0.997076,9.99996185303,5.87497,1.47896,0.052063
43,0.998246,6.00005865097,5.43338,1.00575,0.0512607
44,0.997661,8.000010252,4.88794,1.08604,0.0504708
45,0.998246,6.00005865097,4.42697,0.959751,0.049693
46,0.997953,6.99993252754,3.82674,0.901186,0.0489273
47,0.99883,3.99990320206,3.54785,0.808874,0.0481733
48,0.998538,4.99998092651,3.32036,0.693591,0.047431
49,0.999123,3.00002932549,3.12474,0.541707,0.0467001
50,0.99883,3.99990320206,2.86419,0.560226,0.0459805
51,0.998538,4.99998092651,2.84372,0.903372,0.0452719
52,0.99883,3.99990320206,2.61085,0.607474,0.0445743
53,0.999415,1.99995160103,2.50774,0.432896,0.0438874
54,0.999123,3.00002932549,2.32692,0.450497,0.0432111
55,0.999123,3.00002932549,2.13413,0.594635,0.0425452
56,0.99883,3.99990320206,1.99345,0.607456,0.0418896
57,0.999123,3.00002932549,1.8167,0.681495,0.0412441
58,0.99883,3.99990320206,1.68102,0.607193,0.0406086
59,0.999123,3.00002932549,1.54239,0.58151,0.0399828
60,0.999123,3.00002932549,1.57688,0.60882,0.0393667
61,0.999415,1.99995160103,1.44592,0.590078,0.0387601
62,0.999708,1.00007772446,1.37939,0.194938,0.0381628
63,0.999708,1.00007772446,1.32979,0.194919,0.0375747
64,0.999415,1.99995160103,1.34175,0.386812,0.0369957
65,0.999708,1.00007772446,1.29847,0.194894,0.0364256
66,0.999708,1.00007772446,1.29795,0.194764,0.0358643
67,0.999708,1.00007772446,1.25142,0.194747,0.0353116
68,0.999708,1.00007772446,1.27726,0.194986,0.0347675
69,0.999708,1.00007772446,1.23205,0.19497,0.0342317
70,0.999708,1.00007772446,1.18755,0.194955,0.0337042
71,0.999708,1.00007772446,1.14374,0.194941,0.0331849
72,0.999708,1.00007772446,1.10061,0.194927,0.0326735
73,0.999708,1.00007772446,1.05816,0.194915,0.03217
74,0.999708,1.00007772446,1.08145,0.195133,0.0316743
75,0.999708,1.00007772446,1.08848,0.194994,0.0311862
76,0.999708,1.00007772446,1.04793,0.194982,0.0307056
77,0.999708,1.00007772446,1.00801,0.19497,0.0302324
78,0.999708,1.00007772446,1.02982,0.195176,0.0297666
79,0.999708,1.00007772446,1.03643,0.195045,0.0293079
80,0.999708,1.00007772446,0.9983,0.195034,0.0288562
81,0.999708,1.00007772446,0.960762,0.195024,0.0284116
82,0.999415,1.99995160103,0.972713,0.356711,0.0279738
83,0.999708,1.00007772446,0.951114,0.195028,0.0275427
84,0.999708,1.00007772446,0.915285,0.195019,0.0271183
85,0.999708,1.00007772446,0.899524,0.19495,0.0267004
86,0.999708,1.00007772446,0.959402,0.195024,0.0262889
87,0.999708,1.00007772446,0.925209,0.195015,0.0258838
88,0.999708,1.00007772446,0.89154,0.195007,0.025485
89,0.999708,1.00007772446,0.858402,0.194999,0.0250923
90,0.999708,1.00007772446,0.825765,0.194991,0.0247056
91,0.999708,1.00007772446,0.881119,0.19506,0.0243249
92,0.999708,1.00007772446,0.849462,0.195052,0.0239501
93,0.999708,1.00007772446,0.818299,0.195045,0.023581
94,0.999708,1.00007772446,0.787623,0.195038,0.0232176
95,0.999708,1.00007772446,0.839597,0.195102,0.0228598
96,0.999708,1.00007772446,0.809835,0.195095,0.0225076
97,0.999708,1.00007772446,0.780541,0.195089,0.0221607
98,0.999708,1.00007772446,0.751695,0.195083,0.0218192
99,0.999415,1.99995160103,0.76257,0.490377,0.021483
100,0.999708,1.00007772446,0.771853,0.195135,0.021152
101,0.999708,1.00007772446,0.744313,0.195129,0.020826
102,0.999708,1.00007772446,0.717192,0.195123,0.0205051
103,0.999708,1.00007772446,0.721849,0.195035,0.0201891
104,0.999708,1.00007772446,0.736104,0.195173,0.019878
105,0.999708,1.00007772446,0.710207,0.195167,0.0195717
106,0.999708,1.00007772446,0.709929,0.1951,0.0192701
107,0.999708,1.00007772446,0.684844,0.195095,0.0189732
108,0.999708,1.00007772446,0.660144,0.195091,0.0186808
109,0.999708,1.00007772446,0.635827,0.195086,0.0183929
110,0.999708,1.00007772446,0.676881,0.195137,0.0181095
111,0.999708,1.00007772446,0.653304,0.195133,0.0178304
112,0.999708,1.00007772446,0.630078,0.195129,0.0175557
113,0.999708,1.00007772446,0.607224,0.195125,0.0172851
114,0.999415,1.99995160103,0.636898,0.490513,0.0170188
115,0.999708,1.00007772446,0.623085,0.195167,0.0167565
116,0.999708,1.00007772446,0.601258,0.195163,0.0164983
117,0.999708,1.00007772446,0.579765,0.19516,0.0162441
118,0.999415,1.99995160103,0.583908,0.490513,0.0159938
119,0.999708,1.00007772446,0.594643,0.1952,0.0157473
120,0.999708,1.00007772446,0.574121,0.195196,0.0155046
121,0.999708,1.00007772446,0.565283,0.195158,0.0152657
122,0.999708,1.00007772446,0.545396,0.195155,0.0150305
123,0.999415,1.99995160103,0.555168,0.490533,0.0147989
124,0.999708,1.00007772446,0.559152,0.195192,0.0145708
125,0.999708,1.00007772446,0.54017,0.195189,0.0143463
126,0.999708,1.00007772446,0.521475,0.195186,0.0141252
127,0.999708,1.00007772446,0.52471,0.195125,0.0139076
128,0.999708,1.00007772446,0.519868,0.195179,0.0136932
129,0.999708,1.00007772446,0.50203,0.195176,0.0134822
130,0.999708,1.00007772446,0.484463,0.195174,0.0132745
131,0.999708,1.00007772446,0.514027,0.19521,0.0130699
132,0.999708,1.00007772446,0.496992,0.195208,0.0128685
133,0.999708,1.00007772446,0.480222,0.195206,0.0126702
134,0.999708,1.00007772446,0.463708,0.195203,0.012475
135,0.999708,1.00007772446,0.463535,0.195161,0.0122827
136,0.999708,1.00007772446,0.472044,0.195246,0.0120935
137,0.999708,1.00007772446,0.474806,0.195194,0.0119071
138,0.999708,1.00007772446,0.459301,0.195192,0.0117236
139,0.999708,1.00007772446,0.444024,0.19519,0.011543
140,0.999708,1.00007772446,0.452003,0.195269,0.0113651
141,0.999708,1.00007772446,0.454605,0.195221,0.01119
142,0.999708,1.00007772446,0.440021,0.195219,0.0110175
143,0.999708,1.00007772446,0.425659,0.195217,0.0108478
144,0.999708,1.00007772446,0.411523,0.195216,0.0106806
145,0.999708,1.00007772446,0.418895,0.195289,0.010516
146,0.999708,1.00007772446,0.421306,0.195244,0.010354
147,0.999708,1.00007772446,0.407806,0.195243,0.0101944
148,0.999708,1.00007772446,0.394515,0.195241,0.0100373
149,0.999708,1.00007772446,0.381433,0.19524,0.00988264
150,0.999708,1.00007772446,0.403392,0.195267,0.00973035
151,0.999708,1.00007772446,0.390702,0.195266,0.00958041
152,0.999708,1.00007772446,0.37821,0.195264,0.00943278
153,0.999708,1.00007772446,0.365908,0.195263,0.00928742
154,0.999415,1.99995160103,0.370519,0.387034,0.00914431
155,0.999708,1.00007772446,0.380986,0.195266,0.00900339
156,0.999708,1.00007772446,0.369247,0.195264,0.00886466
157,0.999708,1.00007772446,0.357688,0.195263,0.00872805
158,0.999708,1.00007772446,0.346307,0.195262,0.00859356
159,0.999708,1.00007772446,0.335103,0.195261,0.00846113
160,0.999708,1.00007772446,0.353893,0.195284,0.00833075
161,0.999708,1.00007772446,0.34303,0.195283,0.00820237
162,0.999708,1.00007772446,0.332328,0.195282,0.00807598
163,0.999708,1.00007772446,0.321802,0.195281,0.00795153
164,0.999415,1.99995160103,0.340127,0.769202,0.007829
165,0.999708,1.00007772446,0.329239,0.195302,0.00770836
166,0.999708,1.00007772446,0.331015,0.19527,0.00758957
167,0.999708,1.00007772446,0.321112,0.195269,0.00747262
168,0.999708,1.00007772446,0.311373,0.195268,0.00735747
169,0.999708,1.00007772446,0.316413,0.195318,0.00724409
170,0.999708,1.00007772446,0.318077,0.195288,0.00713246
171,0.999708,1.00007772446,0.308773,0.195287,0.00702255
172,0.999708,1.00007772446,0.299619,0.195286,0.00691434
173,0.999708,1.00007772446,0.290599,0.195286,0.00680779
174,0.999708,1.00007772446,0.305709,0.195304,0.00670289
175,0.999708,1.00007772446,0.296965,0.195304,0.0065996
176,0.999708,1.00007772446,0.288355,0.195303,0.0064979
177,0.999708,1.00007772446,0.279875,0.195302,0.00639777
178,0.999708,1.00007772446,0.284247,0.195346,0.00629918
179,0.999708,1.00007772446,0.285703,0.19532,0.00620211
180,0.999708,1.00007772446,0.277606,0.195319,0.00610654
181,0.999708,1.00007772446,0.269641,0.195318,0.00601244
182,0.999708,1.00007772446,0.261799,0.195318,0.00591979
183,0.999708,1.00007772446,0.274925,0.195334,0.00582857
184,0.999708,1.00007772446,0.267323,0.195333,0.00573875
185,0.999708,1.00007772446,0.259831,0.195333,0.00565032
186,0.999708,1.00007772446,0.252457,0.195332,0.00556325
187,0.999708,1.00007772446,0.256509,0.195301,0.00547752
188,0.999708,1.00007772446,0.260248,0.195339,0.00539311
189,0.999708,1.00007772446,0.25321,0.195338,0.00531001
190,0.999708,1.00007772446,0.254431,0.195316,0.00522818
191,0.999708,1.00007772446,0.247607,0.195315,0.00514762
192,0.999708,1.00007772446,0.240895,0.195315,0.00506829
193,0.999708,1.00007772446,0.244344,0.19535,0.00499019
194,0.999708,1.00007772446,0.237835,0.195349,0.0049133
195,0.999708,1.00007772446,0.238965,0.195329,0.00483758
196,0.999708,1.00007772446,0.232651,0.195328,0.00476304
197,0.999708,1.00007772446,0.226439,0.195328,0.00468964
198,0.999708,1.00007772446,0.22963,0.19536,0.00461737
199,0.999708,1.00007772446,0.230696,0.195341,0.00454622
200,0.999708,1.00007772446,0.224765,0.19534,0.00447617
201,0.999708,1.00007772446,0.218924,0.19534,0.00440719
202,0.999708,1.00007772446,0.213175,0.19534,0.00433928
203,0.999708,1.00007772446,0.222791,0.195351,0.00427241
204,0.999708,1.00007772446,0.217213,0.195351,0.00420657
205,0.999708,1.00007772446,0.211724,0.195351,0.00414175
206,0.999708,1.00007772446,0.206319,0.195351,0.00407793
207,0.999415,1.99995160103,0.21846,0.76905,0.00401509
208,0.999708,1.00007772446,0.210106,0.195361,0.00395322
209,0.999708,1.00007772446,0.204947,0.195361,0.0038923
210,0.999708,1.00007772446,0.205847,0.195345,0.00383232
211,0.999708,1.00007772446,0.20085,0.195345,0.00377326
212,0.999708,1.00007772446,0.203412,0.19537,0.00371512
213,0.999708,1.00007772446,0.19856,0.19537,0.00365787
214,0.999708,1.00007772446,0.199405,0.195355,0.0036015
215,0.999708,1.00007772446,0.194706,0.195355,0.00354601
216,0.999708,1.00007772446,0.197114,0.195379,0.00349136
217,0.999708,1.00007772446,0.192556,0.195379,0.00343756
218,0.999708,1.00007772446,0.193349,0.195364,0.00338459
219,0.999708,1.00007772446,0.188928,0.195364,0.00333243
220,0.999708,1.00007772446,0.184587,0.195364,0.00328108
221,0.999415,1.99995160103,0.189985,0.387131,0.00323052
222,0.999708,1.00007772446,0.185037,0.195378,0.00318074
223,0.999708,1.00007772446,0.185776,0.195365,0.00313173
224,0.999708,1.00007772446,0.181691,0.195365,0.00308347
225,0.999708,1.00007772446,0.177661,0.195365,0.00303595
226,0.999708,1.00007772446,0.179723,0.195386,0.00298917
227,0.999708,1.00007772446,0.175813,0.195385,0.00294311
228,0.999708,1.00007772446,0.176502,0.195373,0.00289776
229,0.999708,1.00007772446,0.172718,0.195373,0.0028531
230,0.999708,1.00007772446,0.168996,0.195373,0.00280914
231,0.999123,3.00002932549,0.177578,0.732302,0.00276585
232,0.999708,1.00007772446,0.169368,0.195362,0.00272323
233,0.999708,1.00007772446,0.17,0.195351,0.00268126
234,0.999708,1.00007772446,0.166499,0.195351,0.00263995
235,0.999708,1.00007772446,0.163053,0.195351,0.00259926
236,0.999708,1.00007772446,0.164808,0.195368,0.00255921
237,0.999708,1.00007772446,0.165406,0.195358,0.00251977
238,0.999708,1.00007772446,0.162119,0.195358,0.00248094
239,0.999708,1.00007772446,0.158878,0.195357,0.00244271
240,0.999708,1.00007772446,0.157517,0.195352,0.00240507
241,0.999708,1.00007772446,0.159148,0.195368,0.00236801
242,0.999708,1.00007772446,0.159695,0.195358,0.00233152
243,0.999708,1.00007772446,0.156651,0.195358,0.00229559
244,0.999708,1.00007772446,0.153648,0.195358,0.00226022
245,0.999708,1.00007772446,0.150702,0.195358,0.00222539
246,0.999708,1.00007772446,0.15563,0.195364,0.0021911
247,0.999708,1.00007772446,0.152773,0.195364,0.00215733
248,0.999708,1.00007772446,0.149954,0.195364,0.00212409
249,0.999708,1.00007772446,0.147182,0.195364,0.00209136
250,0.999415,1.99995160103,0.15289,0.768964,0.00205913
251,0.999708,1.00007772446,0.149125,0.195369,0.0020274
252,0.999708,1.00007772446,0.146479,0.195369,0.00199616
253,0.999708,1.00007772446,0.14387,0.195369,0.0019654
254,0.999708,1.00007772446,0.14433,0.195361,0.00193511
255,0.999708,1.00007772446,0.145636,0.195374,0.00190529
256,0.999708,1.00007772446,0.143151,0.195374,0.00187593
257,0.999708,1.00007772446,0.140699,0.195374,0.00184702
258,0.999708,1.00007772446,0.141129,0.195366,0.00181856
259,0.999708,1.00007772446,0.13876,0.195366,0.00179054
260,0.999708,1.00007772446,0.139967,0.195378,0.00176295
261,0.999708,1.00007772446,0.139935,0.195373,0.00173578
262,0.999708,1.00007772446,0.137672,0.195373,0.00170903
263,0.999708,1.00007772446,0.135435,0.195373,0.0016827
264,0.999708,1.00007772446,0.13324,0.195372,0.00165677
265,0.999708,1.00007772446,0.136905,0.195377,0.00163124
266,0.999708,1.00007772446,0.134782,0.195377,0.0016061
267,0.999708,1.00007772446,0.132685,0.195377,0.00158135
268,0.999708,1.00007772446,0.130618,0.195377,0.00155698
269,0.999708,1.00007772446,0.131188,0.491069,0.00153299
270,0.999708,1.00007772446,0.132015,0.195381,0.00150937
271,0.999708,1.00007772446,0.130045,0.195381,0.00148611
272,0.999708,1.00007772446,0.128102,0.195381,0.00146321
273,0.999708,1.00007772446,0.12844,0.195375,0.00144066
274,0.999708,1.00007772446,0.13049,0.195381,0.00141846
275,0.999708,1.00007772446,0.128641,0.195381,0.0013966
276,0.999708,1.00007772446,0.126823,0.195381,0.00137508
277,0.999708,1.00007772446,0.125022,0.195381,0.00135389
278,0.999708,1.00007772446,0.12533,0.195375,0.00133303
279,0.999708,1.00007772446,0.126236,0.195384,0.00131249
280,0.999708,1.00007772446,0.124523,0.195384,0.00129226
281,0.999708,1.00007772446,0.122832,0.195384,0.00127235
282,0.999708,1.00007772446,0.123127,0.195379,0.00125274
283,0.999708,1.00007772446,0.121495,0.195379,0.00123344
284,0.999708,1.00007772446,0.122325,0.195387,0.00121443
285,0.999708,1.00007772446,0.12074,0.195387,0.00119572
286,0.999708,1.00007772446,0.121021,0.195382,0.00117729
287,0.999708,1.00007772446,0.119488,0.195382,0.00115915
288,0.999708,1.00007772446,0.117974,0.195382,0.00114129
289,0.999708,1.00007772446,0.118741,0.19539,0.0011237
290,0.999708,1.00007772446,0.119002,0.195385,0.00110638
291,0.999708,1.00007772446,0.117558,0.195385,0.00108933
292,0.999708,1.00007772446,0.116133,0.195385,0.00107255
293,0.999708,1.00007772446,0.114738,0.195385,0.00105602
294,0.999708,1.00007772446,0.11707,0.195388,0.00103975
295,0.999708,1.00007772446,0.115714,0.195388,0.00102373
296,0.999708,1.00007772446,0.11438,0.195388,0.00100795
297,0.999708,1.00007772446,0.113065,0.195388,0.000992418
298,0.999708,1.00007772446,0.11177,0.195388,0.000977125
299,0.999708,1.00007772446,0.113932,0.195391,0.000962068
300,0.999708,1.00007772446,0.112675,0.195391,0.000947243
301,0.999708,1.00007772446,0.111437,0.195391,0.000932646
302,0.999708,1.00007772446,0.111418,0.195388,0.000918275
303,0.999708,1.00007772446,0.11204,0.195394,0.000904124
304,0.999708,1.00007772446,0.11086,0.195394,0.000890192
305,0.999708,1.00007772446,0.110362,0.195392,0.000876474
306,0.999708,1.00007772446,0.110712,0.768915,0.000862968
307,0.999415,1.99995160103,0.110634,0.387151,0.00084967
308,0.999708,1.00007772446,0.108334,0.195388,0.000836577
309,0.999708,1.00007772446,0.110185,0.19539,0.000823685
310,0.999708,1.00007772446,0.109108,0.19539,0.000810993
311,0.999708,1.00007772446,0.108049,0.19539,0.000798495
312,0.999708,1.00007772446,0.107008,0.19539,0.000786191
313,0.999708,1.00007772446,0.108745,0.195392,0.000774076
314,0.999708,1.00007772446,0.107736,0.195392,0.000762148
315,0.999708,1.00007772446,0.106746,0.195392,0.000750403
316,0.999708,1.00007772446,0.105762,0.195392,0.00073884
317,0.999708,1.00007772446,0.104795,0.195392,0.000727454
318,0.999708,1.00007772446,0.106409,0.195394,0.000716245
319,0.999708,1.00007772446,0.10547,0.195394,0.000705208
320,0.999708,1.00007772446,0.104553,0.195394,0.00069434
321,0.999708,1.00007772446,0.103644,0.195394,0.000683641
322,0.999415,1.99995160103,0.104155,0.491097,0.000673106
323,0.999708,1.00007772446,0.104257,0.195396,0.000662734
324,0.999708,1.00007772446,0.103393,0.195396,0.000652521
325,0.999708,1.00007772446,0.102544,0.195396,0.000642466
326,0.999708,1.00007772446,0.102693,0.195393,0.000632566
327,0.999708,1.00007772446,0.10312,0.195398,0.000622818
328,0.999708,1.00007772446,0.102308,0.195398,0.000613221
329,0.999708,1.00007772446,0.10151,0.195398,0.000603771
330,0.999708,1.00007772446,0.101647,0.195395,0.000594467
331,0.999708,1.00007772446,0.100874,0.195395,0.000585307
332,0.999708,1.00007772446,0.101267,0.195399,0.000576287
333,0.999708,1.00007772446,0.100516,0.195399,0.000567407
334,0.999708,1.00007772446,0.100642,0.195397,0.000558663
335,0.999708,1.00007772446,0.0999166,0.195397,0.000550055
336,0.999708,1.00007772446,0.0992028,0.195397,0.000541578
337,0.999708,1.00007772446,0.0995625,0.1954,0.000533233
338,0.999708,1.00007772446,0.0996848,0.195398,0.000525016
339,0.999708,1.00007772446,0.0993981,0.195397,0.000516925
340,0.999708,1.00007772446,0.098723,0.195397,0.00050896
341,0.999708,1.00007772446,0.0980572,0.195397,0.000501117
342,0.999708,1.00007772446,0.0990429,0.195399,0.000493395
343,0.999708,1.00007772446,0.0983964,0.195399,0.000485792
344,0.999708,1.00007772446,0.0977579,0.195399,0.000478306
345,0.999708,1.00007772446,0.0971354,0.195399,0.000470935
346,0.999708,1.00007772446,0.0972805,0.491102,0.000463678
347,0.999708,1.00007772446,0.0975614,0.1954,0.000456533
348,0.999708,1.00007772446,0.096963,0.1954,0.000449498
349,0.999708,1.00007772446,0.0963759,0.1954,0.000442572
350,0.999708,1.00007772446,0.0966271,0.768899,0.000435752
351,0.999708,1.00007772446,0.0959121,0.195398,0.000429037
352,0.999708,1.00007772446,0.0968613,0.195399,0.000422426
353,0.999708,1.00007772446,0.0963073,0.195399,0.000415916
354,0.999708,1.00007772446,0.0957694,0.195399,0.000409507
355,0.999708,1.00007772446,0.0952337,0.195399,0.000403197
356,0.999708,1.00007772446,0.094706,0.195399,0.000396983
357,0.999708,1.00007772446,0.0955798,0.1954,0.000390866
358,0.999708,1.00007772446,0.0950738,0.1954,0.000384843
359,0.999708,1.00007772446,0.0945655,0.1954,0.000378913
360,0.999708,1.00007772446,0.0940732,0.1954,0.000373074
361,0.999708,1.00007772446,0.0948933,0.195401,0.000367325
362,0.999708,1.00007772446,0.0944227,0.195401,0.000361664
363,0.999708,1.00007772446,0.0939465,0.195401,0.000356091
364,0.999708,1.00007772446,0.0934839,0.195401,0.000350604
365,0.999708,1.00007772446,0.0930281,0.195401,0.000345201
366,0.999708,1.00007772446,0.0937888,0.195402,0.000339882
367,0.999708,1.00007772446,0.0933468,0.195402,0.000334644
368,0.999708,1.00007772446,0.0929105,0.195402,0.000329488
369,0.999708,1.00007772446,0.092481,0.195402,0.00032441
370,0.999708,1.00007772446,0.092802,0.491111,0.000319411
371,0.999708,1.00007772446,0.0927689,0.195403,0.000314489
372,0.999708,1.00007772446,0.0925964,0.195402,0.000309643
373,0.999708,1.00007772446,0.0921875,0.195402,0.000304871
374,0.999708,1.00007772446,0.0917923,0.195402,0.000300173
375,0.999415,1.99995160103,0.0921806,0.491111,0.000295548
376,0.999708,1.00007772446,0.0920573,0.195403,0.000290994
377,0.999708,1.00007772446,0.0916769,0.195403,0.000286509
378,0.999708,1.00007772446,0.0913035,0.195403,0.000282094
379,0.999708,1.00007772446,0.091372,0.195402,0.000277747
380,0.999708,1.00007772446,0.0915604,0.195404,0.000273467
381,0.999708,1.00007772446,0.0912041,0.195404,0.000269253
382,0.999708,1.00007772446,0.0908489,0.195404,0.000265104
383,0.999708,1.00007772446,0.090906,0.195402,0.000261019
384,0.999708,1.00007772446,0.0905679,0.195402,0.000256997
385,0.999708,1.00007772446,0.0907392,0.195404,0.000253037
386,0.999708,1.00007772446,0.0907346,0.195403,0.000249137
387,0.999708,1.00007772446,0.0904091,0.195403,0.000245298
388,0.999708,1.00007772446,0.0900825,0.195403,0.000241518
389,0.999708,1.00007772446,0.0897672,0.195403,0.000237797
390,0.999708,1.00007772446,0.0902983,0.195404,0.000234132
391,0.999708,1.00007772446,0.0899888,0.195404,0.000230524
392,0.999708,1.00007772446,0.0896896,0.195404,0.000226972
393,0.999708,1.00007772446,0.0893926,0.195404,0.000223474
394,0.999708,1.00007772446,0.0897809,0.916213,0.000220031
395,0.999708,1.00007772446,0.0898278,0.387162,0.00021664
396,0.999708,1.00007772446,0.0896473,0.195404,0.000213302
397,0.999708,1.00007772446,0.0893709,0.195404,0.000210015
398,0.999708,1.00007772446,0.0890911,0.195404,0.000206779
399,0.999708,1.00007772446,0.0892361,0.195405,0.000203592
400,0.999708,1.00007772446,0.0889746,0.195405,0.000200455
401,0.999708,1.00007772446,0.0890202,0.195404,0.000197366
402,0.999708,1.00007772446,0.0889037,0.195404,0.000194325
403,0.999708,1.00007772446,0.0886502,0.195404,0.00019133
404,0.999708,1.00007772446,0.0887861,0.195405,0.000188382
405,0.999708,1.00007772446,0.0885337,0.195405,0.000185479
406,0.999708,1.00007772446,0.0885782,0.195404,0.000182621
407,0.999708,1.00007772446,0.0883429,0.195404,0.000179807
408,0.999708,1.00007772446,0.0881042,0.195404,0.000177036
409,0.999708,1.00007772446,0.0882264,0.195405,0.000174308
410,0.999708,1.00007772446,0.0882675,0.195405,0.000171622
411,0.999708,1.00007772446,0.0880414,0.195405,0.000168977
412,0.999708,1.00007772446,0.0878164,0.195405,0.000166373
413,0.999708,1.00007772446,0.0876017,0.195405,0.000163809
414,0.999708,1.00007772446,0.087966,0.195405,0.000161285
415,0.999708,1.00007772446,0.0877547,0.195405,0.0001588
416,0.999708,1.00007772446,0.0875491,0.195405,0.000156353
417,0.999708,1.00007772446,0.0873481,0.195405,0.000153943
418,0.999708,1.00007772446,0.0871448,0.195405,0.000151571
419,0.999708,1.00007772446,0.0874806,0.195406,0.000149236
420,0.999708,1.00007772446,0.0872841,0.195406,0.000146936
421,0.999708,1.00007772446,0.0870922,0.195406,0.000144672
422,0.999708,1.00007772446,0.0869015,0.195406,0.000142442
423,0.999708,1.00007772446,0.0871151,0.491117,0.000140247
424,0.999708,1.00007772446,0.0870306,0.195406,0.000138086
425,0.999708,1.00007772446,0.0868478,0.195406,0.000135958
426,0.999708,1.00007772446,0.0866674,0.195406,0.000133863
427,0.999708,1.00007772446,0.086697,0.195405,0.0001318
428,0.999708,1.00007772446,0.0867896,0.195406,0.000129769
429,0.999708,1.00007772446,0.086616,0.195406,0.00012777
430,0.999708,1.00007772446,0.0867016,0.357011,0.000125801
431,0.999708,1.00007772446,0.0864526,0.195406,0.000123862
432,0.999708,1.00007772446,0.0862939,0.195406,0.000121954
433,0.999708,1.00007772446,0.0866719,0.768888,0.000120074
434,0.999708,1.00007772446,0.0865292,0.387163,0.000118224
435,0.999708,1.00007772446,0.086335,0.195406,0.000116402
436,0.999708,1.00007772446,0.0861854,0.195406,0.000114608
437,0.999708,1.00007772446,0.0862093,0.195405,0.000112842
438,0.999708,1.00007772446,0.0862893,0.195406,0.000111103
439,0.999708,1.00007772446,0.0861431,0.195406,0.000109391
440,0.999708,1.00007772446,0.0860003,0.195406,0.000107706
441,0.999708,1.00007772446,0.0860277,0.195406,0.000106046
442,0.999708,1.00007772446,0.0858907,0.195406,0.000104412
443,0.999708,1.00007772446,0.0859615,0.195406,0.000102803
444,0.999708,1.00007772446,0.0858267,0.195406,0.000101219
445,0.999708,1.00007772446,0.0858518,0.195406,9.9659e-05
446,0.999708,1.00007772446,0.0857216,0.195406,9.81233e-05
447,0.999708,1.00007772446,0.0855914,0.195406,9.66112e-05
448,0.999708,1.00007772446,0.0856531,0.195407,9.51225e-05
449,0.999708,1.00007772446,0.0856794,0.195406,9.36567e-05
450,0.999708,1.00007772446,0.0855549,0.195406,9.22135e-05
451,0.999708,1.00007772446,0.0854349,0.195406,9.07924e-05
452,0.999708,1.00007772446,0.0855012,0.195407,8.93934e-05
453,0.999708,1.00007772446,0.0853824,0.195407,8.80159e-05
454,0.999708,1.00007772446,0.085403,0.195407,8.66595e-05
455,0.999708,1.00007772446,0.0852876,0.195407,8.53242e-05
456,0.999708,1.00007772446,0.0851802,0.195407,8.40093e-05
457,0.999708,1.00007772446,0.0852339,0.195407,8.27148e-05
458,0.999708,1.00007772446,0.0852556,0.195407,8.14402e-05
459,0.999708,1.00007772446,0.0851437,0.195407,8.01852e-05
460,0.999708,1.00007772446,0.085042,0.195407,7.89496e-05
461,0.999708,1.00007772446,0.0849392,0.195407,7.7733e-05
462,0.999708,1.00007772446,0.085106,0.195407,7.65352e-05
463,0.999708,1.00007772446,0.0850089,0.195407,7.53558e-05
464,0.999708,1.00007772446,0.0849107,0.195407,7.41946e-05
465,0.999708,1.00007772446,0.0848684,0.195407,7.30512e-05
466,0.999708,1.00007772446,0.0848661,0.195407,7.19255e-05
467,0.999708,1.00007772446,0.0849187,0.195407,7.08172e-05
468,0.999708,1.00007772446,0.0848216,0.195407,6.97259e-05
469,0.999708,1.00007772446,0.0847348,0.195407,6.86515e-05
470,0.999708,1.00007772446,0.0847474,0.195407,6.75936e-05
471,0.999708,1.00007772446,0.0846594,0.195407,6.6552e-05
472,0.999708,1.00007772446,0.0847028,0.195407,6.55264e-05
473,0.999708,1.00007772446,0.0846194,0.195407,6.45167e-05
474,0.999708,1.00007772446,0.0846354,0.195407,6.35225e-05
475,0.999708,1.00007772446,0.0845532,0.195407,6.25436e-05
476,0.999708,1.00007772446,0.0844652,0.195407,6.15798e-05
477,0.999708,1.00007772446,0.0845121,0.195407,6.06309e-05
478,0.999708,1.00007772446,0.0845829,0.768885,5.96966e-05
479,0.999708,1.00007772446,0.0844515,0.195407,5.87767e-05
480,0.999708,1.00007772446,0.0843704,0.195407,5.7871e-05
481,0.999708,1.00007772446,0.0844515,0.491122,5.69792e-05
482,0.999708,1.00007772446,0.0844218,0.195407,5.61012e-05
483,0.999708,1.00007772446,0.084351,0.195407,5.52367e-05
484,0.999708,1.00007772446,0.0842745,0.195407,5.43855e-05
485,0.999708,1.00007772446,0.0842882,0.195407,5.35474e-05
486,0.999708,1.00007772446,0.084327,0.195407,5.27223e-05
487,0.999708,1.00007772446,0.0842574,0.195407,5.19099e-05
488,0.999708,1.00007772446,0.0841934,0.195407,5.11099e-05
489,0.999708,1.00007772446,0.0842048,0.195407,5.03224e-05
490,0.999708,1.00007772446,0.084134,0.195407,4.95469e-05
491,0.999708,1.00007772446,0.0841706,0.195407,4.87834e-05
492,0.999708,1.00007772446,0.0841066,0.195407,4.80317e-05
493,0.999708,1.00007772446,0.0840449,0.195407,4.72915e-05
494,0.999708,1.00007772446,0.0840529,0.195407,4.65627e-05
495,0.999708,1.00007772446,0.0840895,0.195408,4.58452e-05
496,0.999708,1.00007772446,0.0840278,0.195408,4.51388e-05
497,0.999708,1.00007772446,0.0840061,0.195407,4.44432e-05
498,0.999708,1.00007772446,0.0840129,0.195407,4.37584e-05
499,0.999708,1.00007772446,0.0839547,0.195407,4.3084e-05
500,0.999708,1.00007772446,0.0839787,0.195408,4.24201e-05
501,0.999708,1.00007772446,0.0839296,0.195408,4.17665e-05
502,0.999708,1.00007772446,0.083941,0.195407,4.11228e-05
503,0.999708,1.00007772446,0.0838839,0.195407,4.04891e-05
504,0.999708,1.00007772446,0.0838336,0.195407,3.98652e-05
505,0.999708,1.00007772446,0.0838587,0.195408,3.92509e-05
506,0.999708,1.00007772446,0.0838119,0.195408,3.86461e-05
507,0.999708,1.00007772446,0.0838153,0.195408,3.80505e-05
508,0.999708,1.00007772446,0.0837696,0.195408,3.74642e-05
509,0.999708,1.00007772446,0.0837228,0.195408,3.68869e-05
510,0.999708,1.00007772446,0.0837445,0.195408,3.63185e-05
511,0.999708,1.00007772446,0.0837537,0.195408,3.57588e-05
512,0.999708,1.00007772446,0.0837057,0.195408,3.52078e-05
513,0.999708,1.00007772446,0.08366,0.195408,3.46652e-05
514,0.999708,1.00007772446,0.083612,0.195408,3.41311e-05
515,0.999708,1.00007772446,0.083692,0.195408,3.36051e-05
516,0.999708,1.00007772446,0.0836463,0.195408,3.30872e-05
517,0.999708,1.00007772446,0.0836017,0.195408,3.25774e-05
518,0.999708,1.00007772446,0.0836246,0.35701,3.20754e-05
519,0.999708,1.00007772446,0.0835823,0.387165,3.15811e-05
520,0.999708,1.00007772446,0.0835846,0.195408,3.10945e-05
521,0.999708,1.00007772446,0.0835424,0.195408,3.06153e-05
522,0.999708,1.00007772446,0.0835663,0.768884,3.01435e-05
523,0.999708,1.00007772446,0.0835081,0.195408,2.9679e-05
524,0.999708,1.00007772446,0.083467,0.195408,2.92217e-05
525,0.999708,1.00007772446,0.0835298,0.195408,2.87714e-05
526,0.999708,1.00007772446,0.0834944,0.195408,2.8328e-05
527,0.999708,1.00007772446,0.0834761,0.195408,2.78915e-05
528,0.999708,1.00007772446,0.0834453,0.195408,2.74617e-05
529,0.999708,1.00007772446,0.0834064,0.195408,2.70385e-05
530,0.999708,1.00007772446,0.083467,0.195408,2.66219e-05
531,0.999708,1.00007772446,0.0834316,0.195408,2.62116e-05
532,0.999708,1.00007772446,0.0833984,0.195408,2.58077e-05
533,0.999708,1.00007772446,0.083363,0.195408,2.541e-05
534,0.999708,1.00007772446,0.0834053,0.491123,2.50185e-05
535,0.999708,1.00007772446,0.083387,0.195408,2.46329e-05
536,0.999708,1.00007772446,0.0833585,0.195408,2.42534e-05
537,0.999708,1.00007772446,0.0833253,0.195408,2.38796e-05
538,0.999708,1.00007772446,0.0833288,0.195408,2.35116e-05
539,0.999708,1.00007772446,0.0833448,0.195408,2.31493e-05
540,0.999708,1.00007772446,0.0833116,0.195408,2.27926e-05
541,0.999708,1.00007772446,0.0832797,0.195408,2.24414e-05
542,0.999708,1.00007772446,0.0832534,0.195408,2.20956e-05
543,0.999708,1.00007772446,0.083258,0.195408,2.17551e-05
544,0.999708,1.00007772446,0.0832728,0.195408,2.14198e-05
545,0.999708,1.00007772446,0.0832454,0.195408,2.10898e-05
546,0.999708,1.00007772446,0.0832214,0.195408,2.07648e-05
547,0.999708,1.00007772446,0.083226,0.195408,2.04448e-05
548,0.999708,1.00007772446,0.0831997,0.195408,2.01298e-05
549,0.999708,1.00007772446,0.08321,0.195408,1.98196e-05
550,0.999708,1.00007772446,0.0831894,0.195408,1.95141e-05
551,0.999708,1.00007772446,0.0831917,0.195408,1.92134e-05
552,0.999708,1.00007772446,0.0831643,0.195408,1.89174e-05
553,0.999708,1.00007772446,0.0831403,0.195408,1.86259e-05
554,0.999708,1.00007772446,0.0831814,0.195408,1.83388e-05
555,0.999708,1.00007772446,0.0831597,0.195408,1.80562e-05
556,0.999708,1.00007772446,0.0831357,0.195408,1.7778e-05
557,0.999708,1.00007772446,0.0831117,0.195408,1.75041e-05
558,0.999708,1.00007772446,0.0831255,0.195408,1.72343e-05
559,0.999708,1.00007772446,0.0831277,0.195408,1.69687e-05
560,0.999708,1.00007772446,0.0831072,0.195408,1.67073e-05
561,0.999708,1.00007772446,0.083106,0.195408,1.64498e-05
562,0.999708,1.00007772446,0.0831129,0.387165,1.61963e-05
563,0.999708,1.00007772446,0.083106,0.195408,1.59467e-05
564,0.999708,1.00007772446,0.0830901,0.195408,1.5701e-05
565,0.999708,1.00007772446,0.0830638,0.195408,1.54591e-05
566,0.999708,1.00007772446,0.0831038,0.768884,1.52208e-05
567,0.999708,1.00007772446,0.0830466,0.195408,1.49863e-05
568,0.999708,1.00007772446,0.0830615,0.195408,1.47553e-05
569,0.999708,1.00007772446,0.0830672,0.195408,1.4528e-05
570,0.999708,1.00007772446,0.0830455,0.195408,1.43041e-05
571,0.999708,1.00007772446,0.0830238,0.195408,1.40837e-05
572,0.999708,1.00007772446,0.0830135,0.195408,1.38667e-05
573,0.999708,1.00007772446,0.0830261,0.491123,1.3653e-05
574,0.999708,1.00007772446,0.0830192,0.195408,1.34426e-05
575,0.999708,1.00007772446,0.0830078,0.195408,1.32354e-05
576,0.999708,1.00007772446,0.0829861,0.195408,1.30315e-05
577,0.999708,1.00007772446,0.0829895,0.195408,1.28307e-05
578,0.999708,1.00007772446,0.0830044,0.195408,1.2633e-05
579,0.999708,1.00007772446,0.0829838,0.195408,1.24383e-05
580,0.999708,1.00007772446,0.0829701,0.195408,1.22466e-05
581,0.999708,1.00007772446,0.0829724,0.195408,1.20579e-05
582,0.999708,1.00007772446,0.0829496,0.195408,1.18721e-05
583,0.999708,1.00007772446,0.0829576,0.195408,1.16891e-05
584,0.999708,1.00007772446,0.0829484,0.195408,1.1509e-05
585,0.999708,1.00007772446,0.0829347,0.195408,1.13317e-05
586,0.999708,1.00007772446,0.0829301,0.195408,1.11571e-05
587,0.999708,1.00007772446,0.0829438,0.195408,1.09851e-05
588,0.999708,1.00007772446,0.0829393,0.195408,1.08159e-05
589,0.999708,1.00007772446,0.0829301,0.195408,1.06492e-05
590,0.999708,1.00007772446,0.082913,0.195408,1.04851e-05
591,0.999708,1.00007772446,0.082897,0.195408,1.03235e-05
592,0.999708,1.00007772446,0.0829244,0.195408,1.01644e-05
593,0.999708,1.00007772446,0.0829062,0.195408,1.00078e-05
594,0.999708,1.00007772446,0.0828925,0.195408,9.85358e-06
595,0.999708,1.00007772446,0.0828765,0.195408,9.70174e-06
596,0.999708,1.00007772446,0.0828708,0.195408,9.55223e-06
597,0.999708,1.00007772446,0.0828902,0.195408,9.40504e-06
598,0.999708,1.00007772446,0.0828742,0.195408,9.26011e-06
599,0.999708,1.00007772446,0.0828662,0.195408,9.11741e-06
600,0.999708,1.00007772446,0.0828525,0.195408,8.97691e-06
601,0.999708,1.00007772446,0.0828742,0.768883,8.83859e-06
602,0.999708,1.00007772446,0.0828662,0.195408,8.70238e-06
603,0.999708,1.00007772446,0.0828662,0.195408,8.56828e-06
0.999708,0.0828662,21.673850536346436,1.0,0.162565737656,0.023926835349
