37,20,0.1,2,1000, .1 
0,0.526901,1617.99998403,1.70049e+06,604.686,0.0999327
1,0.560526,1503.00001502,873704.0,406.34,0.0977369
2,0.597368,1377.00000644,495416.0,286.397,0.0955893
3,0.620468,1297.99998164,300756.0,213.986,0.0934889
4,0.646199,1210.00007272,191317.0,164.13,0.0914347
5,0.669006,1131.9999218,126638.0,131.867,0.0894256
6,0.703509,1013.99992347,86128.8,103.687,0.0874607
7,0.731871,916.999926567,60279.7,85.0757,0.0855389
8,0.763743,808.000016212,43772.7,68.0434,0.0836594
9,0.782164,745.000011921,32639.1,59.7312,0.0818211
10,0.803801,670.999968052,24327.2,50.8509,0.0800233
11,0.82193,609.000041485,18351.0,44.2015,0.0782649
12,0.84152,541.999930143,13897.3,39.0218,0.0765452
13,0.863743,465.999934673,10538.1,34.2093,0.0748633
14,0.881579,405.000085831,7947.34,31.4246,0.0732183
15,0.897953,349.000014067,5827.47,27.6002,0.0716095
16,0.912866,297.999923229,4208.09,25.3722,0.0700361
17,0.925439,255.000046492,2918.94,21.9653,0.0684972
18,0.937719,213.000043631,2031.97,18.0718,0.0669921
19,0.94883,174.999943972,1463.51,14.2536,0.0655201
20,0.955556,151.99999094,1071.45,12.8143,0.0640804
21,0.961696,130.99998951,787.161,10.7935,0.0626724
22,0.967544,111.000065804,590.252,8.80946,0.0612953
23,0.972222,95.0000452995,460.152,7.3509,0.0599484
24,0.977778,75.99999547,378.198,5.91611,0.0586312
25,0.980117,67.999985218,323.597,4.96513,0.0573429
26,0.982164,61.0000526905,282.761,4.62476,0.0560829
27,0.983918,54.9999940395,250.592,4.30371,0.0548506
28,0.984795,51.9999647141,221.109,3.93677,0.0536454
29,0.986842,45.0000321865,199.294,3.54918,0.0524666
30,0.987427,43.0000805855,181.333,3.31985,0.0513138
31,0.988012,40.9999251366,165.341,3.26139,0.0501863
32,0.989474,35.9999442101,150.808,3.04822,0.0490835
33,0.989766,35.0000703335,139.306,2.81368,0.048005
34,0.991228,30.000089407,129.36,2.79164,0.0469502
35,0.99152,29.0000116825,120.733,2.64792,0.0459186
36,0.991228,30.000089407,112.47,2.42981,0.0449096
37,0.99152,29.0000116825,105.176,2.38871,0.0439228
38,0.991228,30.000089407,98.3122,2.23289,0.0429577
39,0.992398,25.999982357,92.9969,2.1271,0.0420138
40,0.99269,24.9999046326,88.2638,1.97396,0.0410906
41,0.99269,24.9999046326,83.7998,1.8901,0.0401877
42,0.992398,25.999982357,79.5713,1.8998,0.0393047
43,0.992982,24.000030756,75.3634,1.9362,0.0384411
44,0.992982,24.000030756,71.3637,1.81445,0.0375964
45,0.993275,22.9999530315,67.58,1.86973,0.0367703
46,0.993567,22.000079155,64.0877,1.79889,0.0359623
47,0.992982,24.000030756,60.7488,1.7655,0.0351721
48,0.993567,22.000079155,57.5408,1.83414,0.0343993
49,0.992105,27.0000600815,54.6803,1.86756,0.0336435
50,0.992982,24.000030756,51.8732,1.72663,0.0329042
51,0.99269,24.9999046326,49.2062,1.81447,0.0321812
52,0.992982,24.000030756,46.6102,1.70997,0.0314741
53,0.992105,27.0000600815,44.0781,1.77789,0.0307825
54,0.99269,24.9999046326,41.8184,1.77654,0.0301061
55,0.992105,27.0000600815,39.4322,1.77559,0.0294446
56,0.993275,22.9999530315,37.1685,1.6884,0.0287976
57,0.994152,19.9999237061,35.0127,1.65187,0.0281649
58,0.993567,22.000079155,32.974,1.61691,0.027546
59,0.993567,22.000079155,31.0644,1.65975,0.0269407
60,0.994152,19.9999237061,29.3725,1.56638,0.0263488
61,0.994152,19.9999237061,27.6483,1.6034,0.0257698
62,0.994737,17.999972105,26.1711,1.44818,0.0252036
63,0.99386,21.0000014305,24.894,1.55692,0.0246498
64,0.994444,19.0000498295,23.3107,1.50922,0.0241081
65,0.995029,17.0000982285,22.0558,1.41076,0.0235784
66,0.994737,17.999972105,21.0621,1.41159,0.0230603
67,0.996199,12.9999911785,19.7545,1.19787,0.0225536
68,0.995614,14.9999427795,18.993,1.23533,0.0220581
69,0.995322,16.000020504,17.9587,1.21231,0.0215734
70,0.994737,17.999972105,17.2865,1.34052,0.0210993
71,0.994737,17.999972105,16.3709,1.23085,0.0206357
72,0.994737,17.999972105,15.5451,1.32398,0.0201823
73,0.995614,14.9999427795,14.8012,1.25575,0.0197388
74,0.995029,17.0000982285,14.0326,1.28216,0.0193051
75,0.995029,17.0000982285,13.2984,1.36196,0.0188809
76,0.995614,14.9999427795,12.5718,1.2947,0.0184661
77,0.994737,17.999972105,11.9046,1.30833,0.0180603
78,0.995322,16.000020504,11.388,1.27677,0.0176635
79,0.996199,12.9999911785,10.7466,1.1412,0.0172754
80,0.995906,14.000068903,10.1961,1.29978,0.0168958
81,0.995614,14.9999427795,9.71496,1.27381,0.0165245
82,0.997076,9.99996185303,9.05674,1.25193,0.0161614
83,0.995906,14.000068903,8.62486,1.29095,0.0158063
84,0.996491,11.9999134541,8.03,1.06483,0.015459
85,0.996491,11.9999134541,7.50521,1.27976,0.0151193
86,0.996491,11.9999134541,7.0506,1.2479,0.0147871
87,0.996784,11.0000395775,6.6157,1.22531,0.0144622
88,0.995906,14.000068903,6.27881,1.31022,0.0141444
89,0.997368,9.00008797646,5.73327,1.07121,0.0138336
90,0.996784,11.0000395775,5.36614,1.2075,0.0135297
91,0.996784,11.0000395775,5.01902,1.29011,0.0132324
92,0.997076,9.99996185303,4.64047,1.22748,0.0129416
93,0.997368,9.00008797646,4.32646,1.14912,0.0126572
94,0.997076,9.99996185303,3.94307,1.00057,0.0123791
95,0.996784,11.0000395775,3.68051,1.11478,0.0121071
96,0.997661,8.000010252,3.4443,0.97228,0.0118411
97,0.997661,8.000010252,3.17642,0.974331,0.0115809
98,0.997953,6.99993252754,2.92318,0.917521,0.0113264
99,0.997661,8.000010252,2.61398,1.04036,0.0110776
100,0.997368,9.00008797646,2.52774,1.198,0.0108342
101,0.998246,6.00005865097,2.20787,0.886303,0.0105961
102,0.997661,8.000010252,2.03142,1.08801,0.0103633
103,0.997953,6.99993252754,1.83663,0.995327,0.0101356
104,0.997953,6.99993252754,1.58224,0.872968,0.00991286
105,0.997368,9.00008797646,1.37644,0.984236,0.00969504
106,0.997661,8.000010252,1.20551,1.07867,0.00948201
107,0.998246,6.00005865097,1.06309,0.978668,0.00927367
108,0.997953,6.99993252754,0.945593,0.731543,0.0090699
109,0.998538,4.99998092651,0.827634,0.913203,0.0088706
110,0.997953,6.99993252754,0.740549,0.731502,0.00867569
111,0.99883,3.99990320206,0.647125,0.645049,0.00848506
112,0.997953,6.99993252754,0.565933,0.601711,0.00829862
113,0.99883,3.99990320206,0.549555,0.662723,0.00811627
114,0.999123,3.00002932549,0.516029,0.378578,0.00793794
115,0.999415,1.99995160103,0.488476,0.338755,0.00776352
116,0.999123,3.00002932549,0.472842,0.395956,0.00759293
117,0.999415,1.99995160103,0.457057,0.338729,0.00742609
118,0.999123,3.00002932549,0.43013,0.459724,0.00726292
119,0.999415,1.99995160103,0.417688,0.338717,0.00710333
120,0.999415,1.99995160103,0.39016,0.338717,0.00694725
121,0.999123,3.00002932549,0.367569,0.395938,0.0067946
122,0.999415,1.99995160103,0.351354,0.338696,0.0066453
123,0.999415,1.99995160103,0.338024,0.338702,0.00649928
124,0.999708,1.00007772446,0.313619,0.320962,0.00635647
125,0.999123,3.00002932549,0.306699,0.638231,0.00621681
126,0.999415,1.99995160103,0.286761,0.376279,0.0060802
127,0.999708,1.00007772446,0.268837,0.320962,0.0059466
128,0.999415,1.99995160103,0.260291,0.380818,0.00581594
129,0.999708,1.00007772446,0.237601,0.320941,0.00568815
130,0.999415,1.99995160103,0.228288,0.338672,0.00556316
131,0.999123,3.00002932549,0.220484,0.395868,0.00544092
132,0.999415,1.99995160103,0.197459,0.338656,0.00532137
133,0.999415,1.99995160103,0.180711,0.44675,0.00520444
134,0.999708,1.00007772446,0.172451,0.320929,0.00509009
135,0.999708,1.00007772446,0.154756,0.320928,0.00497824
136,0.999415,1.99995160103,0.145624,0.338652,0.00486886
137,0.999415,1.99995160103,0.135914,0.395838,0.00476187
138,0.999708,1.00007772446,0.118755,0.320926,0.00465724
139,0.999708,1.00007772446,0.102531,0.320926,0.00455491
140,0.999415,1.99995160103,0.0948419,0.380789,0.00445482
141,0.999708,1.00007772446,0.0786367,0.32091,0.00435694
142,0.999415,1.99995160103,0.070728,0.338617,0.0042612
143,0.999415,1.99995160103,0.0638364,0.446714,0.00416757
144,0.999123,3.00002932549,0.052563,0.467031,0.004076
145,0.999415,1.99995160103,0.0378464,0.338612,0.00398644
146,0.999415,1.99995160103,0.0298814,0.395803,0.00389884
147,0.999708,1.00007772446,0.0153235,0.320901,0.00381317
148,0.999123,3.00002932549,0.0170973,0.395787,0.00372939
149,0.999708,1.00007772446,0.00056652,0.320899,0.00364744
150,0.999708,1.00007772446,0.00243056,0.378379,0.0035673
151,0.999708,1.00007772446,0.00147113,0.196303,0.00348891
152,1.0,0.0,9.65141e-05,0.107993,0.00341225
1.0,9.65141e-05,5.380277156829834,0.669922,0.211779628288,0.026587557767
