4,40,0.9,2,1000, .1 
0,0.522301,14158.9995861,1.81197e+06,421.994,0.0999996
1,0.665823,9904.99972343,150771.0,101.995,0.0998948
2,0.793691,6114.99936819,28840.0,33.8966,0.0997901
3,0.859852,4154.00038004,11538.8,17.2065,0.0996855
4,0.911842,2612.99992561,5765.83,11.4668,0.0995811
5,0.948347,1530.99926949,2739.27,9.31793,0.0994767
6,0.974022,769.999372959,876.521,6.48626,0.0993724
7,0.987989,356.000490189,210.721,3.26213,0.0992683
8,0.99359,189.999547005,51.0386,1.69598,0.0991643
9,0.996491,103.999249935,9.96149,0.883559,0.0990603
10,0.998009,59.0001010895,2.12092,0.468987,0.0989565
11,0.998684,38.9994978905,0.88918,0.35322,0.0988528
12,0.998954,30.9999632835,0.708491,0.331298,0.0987492
13,0.999157,25.0003123283,0.214075,0.20785,0.0986457
14,0.999393,18.0007195473,0.269181,0.249214,0.0985423
15,0.999393,18.0007195473,0.31739,0.227753,0.098439
16,0.999426,17.0007777214,0.205274,0.19914,0.0983358
17,0.999291,21.0005450249,0.212749,0.232215,0.0982328
18,0.999528,13.9991855621,0.11475,0.161265,0.0981298
19,0.999494,14.999127388,0.144976,0.19163,0.098027
20,0.999258,22.0004868507,0.21391,0.281013,0.0979242
21,0.999494,14.999127388,0.115564,0.166406,0.0978216
22,0.999561,12.9992437363,0.091045,0.148673,0.0977191
23,0.999629,10.9993600845,0.0839057,0.142407,0.0976167
24,0.99946,16.0008358955,0.112692,0.169024,0.0975144
25,0.999595,11.9993019104,0.083461,0.159812,0.0974121
26,0.999561,12.9992437363,0.0726205,0.152683,0.0973101
27,0.999764,6.99959278107,0.051046,0.105228,0.0972081
28,0.999764,6.99959278107,0.0757222,0.127193,0.0971062
29,0.999696,8.9994764328,0.0437051,0.134259,0.0970044
30,0.999696,8.9994764328,0.0177719,0.126651,0.0969027
31,0.999798,5.9996509552,0.0285103,0.076947,0.0968012
32,0.999696,8.9994764328,0.0437154,0.119499,0.0966997
33,0.999764,6.99959278107,0.0486846,0.122699,0.0965984
34,0.999595,11.9993019104,0.0945196,0.209259,0.0964971
35,0.999528,13.9991855621,0.101856,0.154817,0.096396
36,0.999696,8.9994764328,0.0602634,0.13593,0.096295
37,0.999899,2.9998254776,0.0432618,0.0751478,0.096194
38,0.999663,9.99941825867,0.102665,0.138449,0.0960932
39,0.999629,10.9993600845,0.084025,0.14248,0.0959925
40,0.999561,12.9992437363,0.114531,0.193609,0.0958919
41,0.999764,6.99959278107,0.0283705,0.129382,0.0957914
42,0.999764,6.99959278107,0.0380929,0.111025,0.095691
43,0.99973,7.99953460693,0.0313754,0.106837,0.0955907
44,0.999831,4.99970912933,0.0189212,0.04865,0.0954905
45,0.999865,3.99976730347,0.0450078,0.100971,0.0953904
46,0.999798,5.9996509552,0.0265903,0.0639975,0.0952905
47,0.999831,4.99970912933,0.0116635,0.0456069,0.0951906
48,0.999865,3.99976730347,0.0149677,0.0682006,0.0950908
49,0.999831,4.99970912933,0.0348173,0.112144,0.0949912
50,0.999561,12.9992437363,0.0854402,0.168851,0.0948916
51,0.999831,4.99970912933,0.0189174,0.0600085,0.0947921
52,0.999764,6.99959278107,0.0461182,0.110644,0.0946928
53,0.999393,18.0007195473,0.132252,0.238616,0.0945935
54,0.999663,9.99941825867,0.0189813,0.116027,0.0944944
55,0.999764,6.99959278107,0.0261247,0.0957882,0.0943954
56,0.999629,10.9993600845,0.0592845,0.113382,0.0942964
57,0.999663,9.99941825867,0.115952,0.181245,0.0941976
58,0.999393,18.0007195473,0.135833,0.214401,0.0940989
59,0.999629,10.9993600845,0.089144,0.170365,0.0940003
60,0.999798,5.9996509552,0.0134509,0.082461,0.0939017
61,0.999696,8.9994764328,0.0472492,0.116383,0.0938033
62,0.999764,6.99959278107,0.0292924,0.0922779,0.093705
63,0.999595,11.9993019104,0.0789858,0.137271,0.0936068
64,0.999831,4.99970912933,0.0222584,0.0790286,0.0935087
65,0.999696,8.9994764328,0.0871805,0.142664,0.0934107
66,0.999764,6.99959278107,0.0381475,0.0741669,0.0933128
67,0.999831,4.99970912933,0.0115275,0.0887331,0.093215
68,0.999798,5.9996509552,0.0200398,0.100106,0.0931173
69,0.999494,14.999127388,0.0678644,0.164279,0.0930197
70,0.999595,11.9993019104,0.0861354,0.162792,0.0929222
71,0.999663,9.99941825867,0.0462556,0.118203,0.0928248
72,0.999561,12.9992437363,0.0523377,0.162575,0.0927275
73,0.999696,8.9994764328,0.0327635,0.108143,0.0926303
74,0.99973,7.99953460693,0.0795467,0.134135,0.0925333
75,0.999764,6.99959278107,0.0221688,0.0711455,0.0924363
76,0.99973,7.99953460693,0.0694851,0.104877,0.0923394
77,0.999764,6.99959278107,0.0197037,0.108269,0.0922426
78,0.999831,4.99970912933,0.0260888,0.0840984,0.0921459
79,0.999865,3.99976730347,0.0096123,0.0700543,0.0920494
80,0.999663,9.99941825867,0.0749631,0.14912,0.0919529
81,0.999629,10.9993600845,0.0533184,0.133679,0.0918565
82,0.99973,7.99953460693,0.0309633,0.133347,0.0917602
83,0.999865,3.99976730347,0.0216525,0.0590755,0.0916641
84,0.999831,4.99970912933,0.0186637,0.0526712,0.091568
85,0.999696,8.9994764328,0.0151518,0.125475,0.091472
86,0.999831,4.99970912933,0.0238046,0.0687534,0.0913762
87,0.999629,10.9993600845,0.0617263,0.145433,0.0912804
88,0.999528,13.9991855621,0.0885644,0.182461,0.0911847
89,0.999595,11.9993019104,0.0861768,0.126562,0.0910892
90,0.999663,9.99941825867,0.0359537,0.135343,0.0909937
91,0.999393,18.0007195473,0.154798,0.200458,0.0908983
92,0.999561,12.9992437363,0.0720852,0.172093,0.090803
93,0.999865,3.99976730347,0.0081748,0.0610487,0.0907079
94,0.999966,0.999941825867,0.00252806,0.0176132,0.0906128
95,0.999966,0.999941825867,0.00252806,0.0176132,0.0905178
0.999966,0.00252806,30.34068536758423,3.00879,0.0345249526283,0.00352063976796
