38,40,0.8,2,1000, .1 
0,0.51886,14261.0007191,1.19348e+06,346.753,0.0999992
1,0.651046,10343.0007434,100154.0,84.3136,0.0997774
2,0.785088,6370.00043392,19289.9,27.6407,0.0995561
3,0.842476,4669.00045395,7554.87,14.5729,0.0993352
4,0.891262,3222.99977303,3464.4,9.06504,0.0991148
5,0.927024,2162.99960375,1764.53,6.76265,0.0988949
6,0.964744,1044.99927521,517.487,5.58806,0.0986756
7,0.986336,404.999406338,53.7274,1.70111,0.0984567
8,0.992679,216.999742985,13.5647,0.836231,0.0982382
9,0.996188,113.00049305,3.24948,0.418228,0.0980203
10,0.997335,79.0007042885,1.14504,0.296019,0.0978028
11,0.998448,46.0008573532,0.442886,0.222639,0.0975859
12,0.998684,38.9994978905,0.258206,0.192132,0.0973694
13,0.998819,34.999730587,0.275485,0.187384,0.0971534
14,0.999123,26.0002541542,0.131197,0.140279,0.0969379
15,0.999123,26.0002541542,0.172102,0.175124,0.0967228
16,0.999325,20.000603199,0.101527,0.158045,0.0965082
17,0.999359,19.0006613731,0.116306,0.150138,0.0962941
18,0.999123,26.0002541542,0.127739,0.181571,0.0960805
19,0.999494,14.999127388,0.0915565,0.142258,0.0958674
20,0.999359,19.0006613731,0.109132,0.143974,0.0956547
21,0.99919,24.0003705025,0.147617,0.180827,0.0954425
22,0.999291,21.0005450249,0.14989,0.187874,0.0952308
23,0.99946,16.0008358955,0.110289,0.140295,0.0950195
24,0.999663,9.99941825867,0.0352974,0.093323,0.0948087
25,0.999089,27.0001959801,0.104236,0.171868,0.0945984
26,0.999426,17.0007777214,0.0606038,0.132786,0.0943885
27,0.999426,17.0007777214,0.16482,0.163821,0.0941791
28,0.999426,17.0007777214,0.0708247,0.114392,0.0939702
29,0.99946,16.0008358955,0.0987796,0.142122,0.0937617
30,0.999123,26.0002541542,0.14906,0.197198,0.0935537
31,0.999359,19.0006613731,0.113529,0.173378,0.0933462
32,0.999393,18.0007195473,0.0737546,0.151485,0.0931391
33,0.99946,16.0008358955,0.0450407,0.147117,0.0929325
34,0.99946,16.0008358955,0.0941954,0.147544,0.0927263
35,0.99946,16.0008358955,0.10457,0.168566,0.0925206
36,0.99946,16.0008358955,0.098024,0.127886,0.0923154
37,0.999393,18.0007195473,0.0882075,0.130777,0.0921106
38,0.99946,16.0008358955,0.0835096,0.111662,0.0919062
39,0.999325,20.000603199,0.109399,0.150775,0.0917023
40,0.999291,21.0005450249,0.0875161,0.161577,0.0914989
41,0.999528,13.9991855621,0.0465095,0.11206,0.0912959
42,0.999831,4.99970912933,0.0112731,0.0626354,0.0910934
43,0.999798,5.9996509552,0.00988012,0.0649527,0.0908913
44,0.99973,7.99953460693,0.0106706,0.0615187,0.0906897
45,0.999629,10.9993600845,0.0181919,0.106851,0.0904885
46,0.999764,6.99959278107,0.0278287,0.0581756,0.0902877
47,0.999528,13.9991855621,0.057698,0.13307,0.0900874
48,0.999494,14.999127388,0.0365804,0.110755,0.0898876
49,0.999561,12.9992437363,0.0380673,0.110444,0.0896882
50,0.999494,14.999127388,0.0429844,0.108061,0.0894892
51,0.999528,13.9991855621,0.0342082,0.11636,0.0892907
52,0.999494,14.999127388,0.0886482,0.138548,0.0890926
53,0.999663,9.99941825867,0.0445265,0.105904,0.0888949
54,0.999494,14.999127388,0.0737636,0.127228,0.0886977
55,0.999696,8.9994764328,0.0347079,0.0749399,0.088501
56,0.999831,4.99970912933,0.0264803,0.068036,0.0883046
57,0.999696,8.9994764328,0.024529,0.0835269,0.0881087
58,0.999696,8.9994764328,0.0408912,0.0871761,0.0879133
59,0.999528,13.9991855621,0.0513614,0.109311,0.0877182
60,0.999393,18.0007195473,0.0591709,0.133573,0.0875236
61,0.999595,11.9993019104,0.0878729,0.129082,0.0873295
62,0.999663,9.99941825867,0.0424967,0.101452,0.0871357
63,0.999393,18.0007195473,0.0749663,0.145349,0.0869424
64,0.999157,25.0003123283,0.131277,0.184071,0.0867496
65,0.999595,11.9993019104,0.0520778,0.110065,0.0865571
66,0.999528,13.9991855621,0.0624371,0.138777,0.0863651
67,0.999696,8.9994764328,0.0338841,0.097386,0.0861735
68,0.999629,10.9993600845,0.0631483,0.132169,0.0859823
69,0.999629,10.9993600845,0.0345772,0.110861,0.0857916
70,0.999494,14.999127388,0.0517374,0.132091,0.0856013
71,0.999595,11.9993019104,0.0414759,0.130442,0.0854114
72,0.999359,19.0006613731,0.0930124,0.144723,0.0852219
73,0.999561,12.9992437363,0.0705764,0.0972635,0.0850328
74,0.999291,21.0005450249,0.0584049,0.141666,0.0848442
75,0.999663,9.99941825867,0.0340279,0.107386,0.084656
76,0.999494,14.999127388,0.0885973,0.13041,0.0844682
77,0.999359,19.0006613731,0.0675144,0.127449,0.0842808
78,0.999629,10.9993600845,0.053463,0.11832,0.0840938
79,0.999494,14.999127388,0.0518852,0.118259,0.0839072
80,0.999595,11.9993019104,0.0473268,0.0934537,0.0837211
81,0.999663,9.99941825867,0.0401618,0.104372,0.0835354
82,0.999595,11.9993019104,0.0564556,0.12929,0.0833501
83,0.999629,10.9993600845,0.069888,0.132511,0.0831651
84,0.999663,9.99941825867,0.0566117,0.11418,0.0829807
85,0.999561,12.9992437363,0.0739443,0.13921,0.0827966
86,0.999359,19.0006613731,0.0786288,0.136378,0.0826129
87,0.999629,10.9993600845,0.0439156,0.0928982,0.0824296
88,0.999629,10.9993600845,0.0352658,0.0973004,0.0822467
89,0.999831,4.99970912933,0.00336298,0.0356495,0.0820643
90,0.999798,5.9996509552,0.0218159,0.10755,0.0818822
91,0.99946,16.0008358955,0.102433,0.152071,0.0817006
92,0.999291,21.0005450249,0.131895,0.166429,0.0815193
93,0.999629,10.9993600845,0.0333134,0.107338,0.0813385
94,0.999561,12.9992437363,0.049636,0.122711,0.081158
95,0.999595,11.9993019104,0.0631242,0.120799,0.080978
96,0.99973,7.99953460693,0.0323409,0.100507,0.0807984
97,0.999798,5.9996509552,0.0170709,0.0624529,0.0806191
98,0.999528,13.9991855621,0.0311475,0.124872,0.0804403
99,0.999561,12.9992437363,0.0583207,0.126791,0.0802618
100,0.999798,5.9996509552,0.0172339,0.0767707,0.0800838
101,0.999595,11.9993019104,0.0625573,0.144112,0.0799061
102,0.99973,7.99953460693,0.0133989,0.0807992,0.0797288
103,0.999629,10.9993600845,0.0276124,0.0867118,0.079552
104,0.999494,14.999127388,0.0622888,0.136467,0.0793755
105,0.99973,7.99953460693,0.0304883,0.127852,0.0791994
106,0.999831,4.99970912933,0.0146835,0.0884055,0.0790237
107,0.999831,4.99970912933,0.00832345,0.0797202,0.0788484
108,0.999798,5.9996509552,0.00997669,0.0804978,0.0786735
109,0.999831,4.99970912933,0.00934288,0.0698536,0.0784989
110,0.999831,4.99970912933,0.0168867,0.0753454,0.0783248
111,0.999899,2.9998254776,0.00603535,0.0327056,0.078151
112,0.999899,2.9998254776,0.00298382,0.0271058,0.0779777
113,1.0,0.0,0.0,0.0,0.0778047
1.0,0.0,36.20894193649292,2.44135,0.0275794559902,0.00319266886396
