72,80,0.9,2,1000, .1 
0,0.480619,128017.003562,1.71752e+06,307.738,0.1
1,0.815348,45513.003087,3340.81,6.1051,0.0998947
2,0.976314,5838.00571918,107.434,1.35756,0.0997895
3,0.996722,807.995023727,0.921802,0.143206,0.0996845
4,0.998625,339.002966881,0.0744439,0.0614496,0.0995795
5,0.99888,276.006445885,0.0389197,0.0469352,0.0994747
6,0.998746,309.003224373,0.0496583,0.0548462,0.09937
7,0.999043,236.00189209,0.0327962,0.0443958,0.0992654
8,0.998832,287.994589806,0.0419562,0.0566437,0.0991609
9,0.998892,272.994718552,0.0361927,0.0472102,0.0990565
10,0.998901,270.996694565,0.0342877,0.0476573,0.0989522
11,0.998823,290.007305145,0.0397454,0.0542455,0.0988481
12,0.998937,262.005586624,0.0366054,0.0462612,0.098744
13,0.998945,259.992871284,0.0336459,0.0480623,0.09864
14,0.999067,229.993128777,0.0265971,0.0398407,0.0985362
15,0.998836,286.995577812,0.0429163,0.0633908,0.0984325
16,0.99888,276.006445885,0.0366735,0.0485727,0.0983289
17,0.998974,252.999787331,0.0349473,0.0542827,0.0982253
18,0.998905,269.997682571,0.0408814,0.052165,0.0981219
19,0.999164,206.002149582,0.0265891,0.0418905,0.0980186
20,0.99903,238.99892807,0.0339292,0.0440521,0.0979155
21,0.999043,236.00189209,0.0308098,0.0451414,0.0978124
22,0.998937,262.005586624,0.0359103,0.0545538,0.0977094
23,0.998998,247.00571537,0.031068,0.042276,0.0976066
24,0.998957,256.995835304,0.0351744,0.047294,0.0975038
25,0.998929,264.003610611,0.0377323,0.0569159,0.0974012
26,0.998965,254.997811317,0.0331515,0.0476021,0.0972986
27,0.998884,274.992742538,0.0368126,0.0477555,0.0971962
28,0.998844,284.997553825,0.0415385,0.0497629,0.0970939
29,0.99884,285.996565819,0.0389291,0.0545613,0.0969917
30,0.999014,242.994976044,0.0307222,0.0469754,0.0968896
31,0.998965,254.997811317,0.036445,0.0532365,0.0967876
32,0.998815,292.005329132,0.0480263,0.0617194,0.0966857
33,0.998998,247.00571537,0.0310547,0.0445717,0.0965839
34,0.998868,279.003481865,0.0383055,0.0525523,0.0964822
35,0.998856,282.000517845,0.0375229,0.0571102,0.0963807
36,0.998905,269.997682571,0.0323825,0.0530053,0.0962792
37,0.998941,261.006574631,0.0397944,0.05667,0.0961778
38,0.998925,265.002622604,0.0358825,0.0515547,0.0960766
39,0.998982,251.001763344,0.0357766,0.0468636,0.0959755
40,0.999034,237.999916077,0.0284486,0.0450279,0.0958744
41,0.999018,241.99596405,0.0337311,0.04719,0.0957735
42,0.998929,264.003610611,0.034657,0.0474416,0.0956727
43,0.998937,262.005586624,0.036219,0.0481209,0.095572
44,0.999201,196.996350288,0.02145,0.0369761,0.0954713
45,0.998965,254.997811317,0.0391141,0.0530657,0.0953708
46,0.998901,270.996694565,0.0350031,0.0482166,0.0952704
47,0.999047,235.002880096,0.0295537,0.0404707,0.0951702
48,0.999047,235.002880096,0.027556,0.0457419,0.09507
49,0.998828,288.993601799,0.0457094,0.0598393,0.0949699
50,0.998913,267.999658585,0.0364146,0.0488019,0.0948699
51,0.998941,261.006574631,0.0374095,0.0504571,0.09477
52,0.998892,272.994718552,0.038885,0.0579291,0.0946703
53,0.998896,271.995706558,0.0401446,0.0516301,0.0945706
54,0.999091,223.999056816,0.0275258,0.0435062,0.0944711
55,0.999043,236.00189209,0.0244152,0.0436196,0.0943716
56,0.99888,276.006445885,0.0345732,0.0461456,0.0942723
57,0.999043,236.00189209,0.0312923,0.044257,0.094173
58,0.99884,285.996565819,0.0381102,0.0567326,0.0940739
59,0.998799,296.001377106,0.0404703,0.0585603,0.0939749
60,0.999087,224.99806881,0.030178,0.0458304,0.0938759
61,0.998937,262.005586624,0.035646,0.0488004,0.0937771
62,0.998892,272.994718552,0.0389528,0.0525295,0.0936784
63,0.99899,249.003739357,0.0311919,0.0461404,0.0935798
64,0.998876,277.005457878,0.0360513,0.04799,0.0934813
65,0.998929,264.003610611,0.0344483,0.0489436,0.0933828
66,0.998884,274.992742538,0.0393868,0.0574791,0.0932845
67,0.999026,239.997940063,0.026432,0.0424084,0.0931863
68,0.999111,219.003996849,0.0249367,0.0403,0.0930882
69,0.999034,237.999916077,0.0300391,0.0537881,0.0929902
70,0.998937,262.005586624,0.0365163,0.0498617,0.0928923
71,0.999002,246.006703377,0.0348403,0.0479049,0.0927946
72,0.998799,296.001377106,0.0416004,0.0631941,0.0926969
73,0.998901,270.996694565,0.036182,0.0469812,0.0925993
74,0.998884,274.992742538,0.0362468,0.0489828,0.0925018
75,0.999075,227.99510479,0.0290446,0.0431593,0.0924044
76,0.999002,246.006703377,0.0278251,0.0505584,0.0923072
77,0.998921,266.001634598,0.0309754,0.046452,0.09221
78,0.998974,252.999787331,0.0291905,0.0409821,0.0921129
79,0.998994,248.004727364,0.0292089,0.0441628,0.092016
80,0.999176,203.005113602,0.0214587,0.035529,0.0919191
81,0.998974,252.999787331,0.0324378,0.053899,0.0918223
82,0.99886,281.001505852,0.0336834,0.0491293,0.0917257
83,0.998965,254.997811317,0.0328894,0.0451436,0.0916291
84,0.998969,253.998799324,0.0316742,0.0490089,0.0915326
85,0.998937,262.005586624,0.0362522,0.0559515,0.0914363
86,0.998925,265.002622604,0.0365762,0.0473006,0.09134
87,0.999018,241.99596405,0.0319645,0.0465338,0.0912439
88,0.999043,236.00189209,0.0259119,0.0406947,0.0911478
89,0.999071,228.994116783,0.0259086,0.0432791,0.0910519
90,0.999038,237.000904083,0.0277959,0.0430053,0.090956
91,0.99901,243.993988037,0.0341037,0.0542752,0.0908603
92,0.999051,234.003868103,0.0291861,0.0438545,0.0907646
93,0.999006,244.993000031,0.0300007,0.0474886,0.0906691
94,0.999026,239.997940063,0.0327003,0.0538062,0.0905736
95,0.998848,283.998541832,0.0447224,0.0574153,0.0904783
96,0.999038,237.000904083,0.0300296,0.0469524,0.090383
97,0.999091,223.999056816,0.0292913,0.0455689,0.0902879
98,0.999071,228.994116783,0.0287395,0.0417931,0.0901928
99,0.999148,209.998197556,0.0261023,0.0421417,0.0900979
100,0.999038,237.000904083,0.0261981,0.0475227,0.090003
101,0.999107,220.003008842,0.0266172,0.0402613,0.0899083
102,0.999043,236.00189209,0.0277633,0.0485241,0.0898136
103,0.999059,232.005844116,0.0262271,0.043744,0.0897191
104,0.999002,246.006703377,0.0340545,0.0546291,0.0896246
105,0.999103,221.002020836,0.0271757,0.0406602,0.0895303
106,0.998905,269.997682571,0.03318,0.0479942,0.089436
107,0.998937,262.005586624,0.0312004,0.0480785,0.0893419
108,0.999132,213.994245529,0.025118,0.0511368,0.0892478
109,0.999055,233.00485611,0.027278,0.0435156,0.0891539
110,0.999018,241.99596405,0.0314012,0.0519817,0.08906
111,0.998888,273.993730545,0.0333015,0.0479415,0.0889663
112,0.999148,209.998197556,0.0259117,0.0380971,0.0888726
113,0.998957,256.995835304,0.0336545,0.0545073,0.0887791
114,0.999051,234.003868103,0.0289811,0.0436949,0.0886856
115,0.999018,241.99596405,0.0304176,0.0524978,0.0885923
116,0.99903,238.99892807,0.0267523,0.0440767,0.088499
117,0.999128,214.993257523,0.0235808,0.0422596,0.0884058
118,0.999022,240.996952057,0.0310716,0.0443348,0.0883128
119,0.999176,203.005113602,0.0227681,0.040367,0.0882198
120,0.999201,196.996350288,0.0244015,0.0388724,0.0881269
121,0.99912,217.005972862,0.0271178,0.0502138,0.0880342
122,0.999087,224.99806881,0.0308998,0.049907,0.0879415
123,0.999124,216.006960869,0.0262581,0.0431764,0.0878489
124,0.999006,244.993000031,0.0283647,0.0449919,0.0877564
125,0.999055,233.00485611,0.0262855,0.0442768,0.087664
126,0.99918,202.006101608,0.0261871,0.0422135,0.0875718
127,0.998994,248.004727364,0.0294474,0.0480259,0.0874796
128,0.999184,201.007089615,0.0222396,0.0424384,0.0873875
129,0.999103,221.002020836,0.0266416,0.0456172,0.0872955
130,0.999022,240.996952057,0.0291378,0.0456909,0.0872036
131,0.999038,237.000904083,0.030402,0.0576216,0.0871118
132,0.998929,264.003610611,0.0362227,0.0562484,0.0870201
133,0.999071,228.994116783,0.0271383,0.0441407,0.0869285
134,0.999128,214.993257523,0.023154,0.0417812,0.086837
135,0.999152,208.999185562,0.0236435,0.0427601,0.0867456
136,0.999063,231.006832123,0.026533,0.0413573,0.0866542
137,0.999071,228.994116783,0.0301445,0.0489651,0.086563
138,0.998998,247.00571537,0.0356102,0.053341,0.0864719
139,0.999014,242.994976044,0.0328312,0.0556039,0.0863809
140,0.999111,219.003996849,0.0279707,0.0444439,0.0862899
141,0.998969,253.998799324,0.0314344,0.0562498,0.0861991
142,0.999063,231.006832123,0.0247731,0.0428435,0.0861083
143,0.999136,212.995233536,0.0245267,0.0404323,0.0860177
144,0.998974,252.999787331,0.0308492,0.0508876,0.0859272
145,0.999221,192.001290321,0.0257761,0.0411392,0.0858367
146,0.999111,219.003996849,0.0269601,0.0443971,0.0857463
147,0.999059,232.005844116,0.025922,0.0424137,0.0856561
148,0.999209,194.998326302,0.0211364,0.036967,0.0855659
149,0.999128,214.993257523,0.022413,0.0391691,0.0854758
150,0.999034,237.999916077,0.0277958,0.0457977,0.0853858
151,0.999071,228.994116783,0.0298771,0.0530755,0.085296
152,0.999124,216.006960869,0.0239161,0.0409576,0.0852062
153,0.999002,246.006703377,0.028211,0.0448884,0.0851165
154,0.999148,209.998197556,0.0209506,0.0417581,0.0850269
155,0.999063,231.006832123,0.0281724,0.0437561,0.0849374
156,0.999099,222.001032829,0.026265,0.0423789,0.0848479
157,0.999189,199.993386269,0.0235006,0.0408796,0.0847586
158,0.999274,178.999443054,0.0192082,0.0332727,0.0846694
159,0.999055,233.00485611,0.0298214,0.0450438,0.0845803
160,0.999184,201.007089615,0.0202212,0.0379743,0.0844912
161,0.999156,208.000173569,0.0202163,0.0337006,0.0844023
162,0.99912,217.005972862,0.0238002,0.0380368,0.0843134
163,0.999091,223.999056816,0.0243626,0.0431875,0.0842247
164,0.999176,203.005113602,0.0221204,0.0394194,0.084136
165,0.999111,219.003996849,0.0252817,0.0430161,0.0840474
166,0.999124,216.006960869,0.0282577,0.0509031,0.083959
167,0.999116,218.004984856,0.0270891,0.0522349,0.0838706
168,0.999095,223.000044823,0.0271828,0.0506345,0.0837823
169,0.999229,190.003266335,0.0184135,0.0350258,0.0836941
170,0.999213,193.999314308,0.0244447,0.0375679,0.083606
171,0.999059,232.005844116,0.0279701,0.0443134,0.083518
172,0.999103,221.002020836,0.0231392,0.0418592,0.08343
173,0.999197,197.995362282,0.0197359,0.0352017,0.0833422
174,0.999189,199.993386269,0.0212928,0.0393496,0.0832545
175,0.999071,228.994116783,0.0281228,0.0441984,0.0831668
176,0.999176,203.005113602,0.0249603,0.039727,0.0830793
177,0.999193,198.994374275,0.0210591,0.0363437,0.0829918
178,0.99912,217.005972862,0.0221237,0.0401633,0.0829045
179,0.999193,198.994374275,0.0222307,0.0369973,0.0828172
180,0.999233,189.004254341,0.020457,0.0353984,0.08273
181,0.999124,216.006960869,0.0235133,0.0397997,0.0826429
182,0.999018,241.99596405,0.0275912,0.0481739,0.0825559
183,0.999184,201.007089615,0.0268431,0.040507,0.082469
184,0.999091,223.999056816,0.0280721,0.052222,0.0823822
185,0.999193,198.994374275,0.023246,0.0375184,0.0822955
186,0.999144,210.997209549,0.0225271,0.0458836,0.0822088
187,0.999116,218.004984856,0.0227458,0.0501397,0.0821223
188,0.999095,223.000044823,0.0284259,0.0462564,0.0820358
189,0.999006,244.993000031,0.0304966,0.0512473,0.0819495
190,0.99927,179.998455048,0.0181402,0.0360115,0.0818632
191,0.999193,198.994374275,0.0200568,0.0399017,0.081777
192,0.999217,193.000302315,0.0199609,0.0372661,0.0816909
193,0.999128,214.993257523,0.0212359,0.0391213,0.081605
194,0.99916,207.001161575,0.0252827,0.0449347,0.081519
195,0.999229,190.003266335,0.0199707,0.0367153,0.0814332
196,0.999136,212.995233536,0.0237434,0.0403057,0.0813475
197,0.999245,186.007218361,0.018953,0.0383319,0.0812619
198,0.999201,196.996350288,0.0211913,0.0399834,0.0811763
199,0.999071,228.994116783,0.0255794,0.0429909,0.0810909
200,0.999099,222.001032829,0.0269286,0.0511096,0.0810055
201,0.999124,216.006960869,0.0233158,0.0380319,0.0809202
202,0.999136,212.995233536,0.0249569,0.0443767,0.080835
203,0.999071,228.994116783,0.0263894,0.0526586,0.0807499
204,0.999002,246.006703377,0.0315095,0.0588926,0.0806649
205,0.999172,204.004125595,0.0210111,0.039778,0.08058
206,0.999225,191.002278328,0.0211951,0.0366357,0.0804952
207,0.999172,204.004125595,0.01869,0.041652,0.0804105
208,0.999327,165.997595787,0.0170462,0.0327418,0.0803258
209,0.999148,209.998197556,0.0247916,0.0444439,0.0802413
210,0.999221,192.001290321,0.0199891,0.0375941,0.0801568
211,0.999193,198.994374275,0.0171044,0.0379427,0.0800724
212,0.999156,208.000173569,0.0199439,0.0377612,0.0799881
213,0.999136,212.995233536,0.0227708,0.0399498,0.0799039
214,0.999217,193.000302315,0.0198354,0.0440641,0.0798198
215,0.999262,181.996479034,0.0157735,0.0322663,0.0797358
216,0.999116,218.004984856,0.0234113,0.0467407,0.0796518
217,0.999176,203.005113602,0.0226751,0.0426939,0.079568
218,0.999075,227.99510479,0.0277854,0.0459546,0.0794842
219,0.99914,211.996221542,0.0255578,0.0433281,0.0794005
220,0.999128,214.993257523,0.0262002,0.0554145,0.0793169
221,0.999168,205.003137589,0.0210175,0.0451343,0.0792335
222,0.999189,199.993386269,0.0190202,0.0364045,0.07915
223,0.999075,227.99510479,0.0275395,0.0437844,0.0790667
224,0.999201,196.996350288,0.0217461,0.0408914,0.0789835
225,0.999176,203.005113602,0.0204537,0.0399802,0.0789003
226,0.99916,207.001161575,0.0276522,0.0506866,0.0788173
227,0.999132,213.994245529,0.0200855,0.038816,0.0787343
228,0.999156,208.000173569,0.0240607,0.0411843,0.0786514
229,0.999209,194.998326302,0.0235661,0.0408804,0.0785686
230,0.999156,208.000173569,0.0222812,0.0404375,0.0784859
231,0.999189,199.993386269,0.0188985,0.036772,0.0784033
232,0.999237,188.005242348,0.0182683,0.0358426,0.0783208
233,0.999197,197.995362282,0.0194273,0.0371885,0.0782383
234,0.999217,193.000302315,0.0182634,0.0351313,0.0781559
235,0.999262,181.996479034,0.0181313,0.0359705,0.0780737
236,0.999152,208.999185562,0.0200125,0.0444961,0.0779915
237,0.999302,172.0063591,0.0172169,0.037517,0.0779094
238,0.999152,208.999185562,0.0207078,0.0398995,0.0778274
239,0.999014,242.994976044,0.0290615,0.0508356,0.0777454
240,0.99927,179.998455048,0.0159646,0.0345564,0.0776636
241,0.999282,177.001419067,0.0163058,0.0339192,0.0775818
242,0.999164,206.002149582,0.0198622,0.03721,0.0775002
243,0.999152,208.999185562,0.018812,0.0391239,0.0774186
244,0.99918,202.006101608,0.020966,0.0395116,0.0773371
245,0.999286,176.002407074,0.0168377,0.0351338,0.0772557
246,0.999229,190.003266335,0.0201126,0.0442906,0.0771743
247,0.999083,225.997080803,0.026779,0.0480758,0.0770931
248,0.999209,194.998326302,0.0234521,0.0441461,0.0770119
249,0.999237,188.005242348,0.0187073,0.0394508,0.0769309
250,0.999217,193.000302315,0.020044,0.040554,0.0768499
251,0.999136,212.995233536,0.0227255,0.0467555,0.076769
252,0.999034,237.999916077,0.0262125,0.0493922,0.0766882
253,0.999213,193.999314308,0.0200521,0.0380646,0.0766074
254,0.999205,195.997338295,0.0210728,0.0374883,0.0765268
255,0.999168,205.003137589,0.020465,0.038352,0.0764462
256,0.999201,196.996350288,0.0232503,0.0415334,0.0763658
257,0.99931,169.993643761,0.0169655,0.034514,0.0762854
258,0.999302,172.0063591,0.0153795,0.0360204,0.0762051
259,0.999205,195.997338295,0.0231545,0.0403522,0.0761248
260,0.999241,187.006230354,0.0179601,0.0352413,0.0760447
261,0.999103,221.002020836,0.0268847,0.0465226,0.0759646
262,0.999229,190.003266335,0.0176298,0.0386395,0.0758847
263,0.999132,213.994245529,0.0265365,0.0503946,0.0758048
264,0.999083,225.997080803,0.0262316,0.0430652,0.075725
265,0.999266,180.997467041,0.0164566,0.0379388,0.0756453
266,0.999286,176.002407074,0.0183899,0.035956,0.0755656
267,0.999318,167.995619774,0.0165157,0.0342069,0.0754861
268,0.999229,190.003266335,0.0200399,0.0365301,0.0754066
269,0.999201,196.996350288,0.0171191,0.0361257,0.0753272
270,0.999209,194.998326302,0.0191603,0.0396888,0.0752479
271,0.999136,212.995233536,0.0240646,0.0430783,0.0751687
272,0.999148,209.998197556,0.0202199,0.0379732,0.0750896
273,0.999209,194.998326302,0.01617,0.0367073,0.0750106
274,0.999254,183.994503021,0.0185784,0.0367063,0.0749316
275,0.999233,189.004254341,0.0182052,0.0395751,0.0748527
276,0.999294,174.004383087,0.0158072,0.0318854,0.0747739
277,0.99918,202.006101608,0.0219522,0.0428563,0.0746952
278,0.999241,187.006230354,0.0167178,0.0428033,0.0746166
279,0.999262,181.996479034,0.0164513,0.034193,0.074538
280,0.999168,205.003137589,0.0202659,0.0393791,0.0744595
281,0.99918,202.006101608,0.0221948,0.0411282,0.0743812
282,0.999193,198.994374275,0.0209296,0.0392902,0.0743029
283,0.999278,178.000431061,0.0163247,0.0359332,0.0742246
284,0.999213,193.999314308,0.0192072,0.0373485,0.0741465
285,0.999355,159.004511833,0.0145888,0.0318196,0.0740684
286,0.999339,163.000559807,0.0135486,0.0311122,0.0739905
287,0.999197,197.995362282,0.0228755,0.044899,0.0739126
288,0.99918,202.006101608,0.020222,0.0390856,0.0738348
289,0.999355,159.004511833,0.0134372,0.03132,0.0737571
290,0.999306,170.992655754,0.0152806,0.0324909,0.0736794
291,0.999221,192.001290321,0.0196974,0.0405017,0.0736018
292,0.999241,187.006230354,0.0177076,0.035965,0.0735244
293,0.999229,190.003266335,0.0182368,0.0364017,0.073447
294,0.99927,179.998455048,0.0163255,0.0381698,0.0733696
295,0.999189,199.993386269,0.0195936,0.0391256,0.0732924
296,0.999254,183.994503021,0.0155328,0.0355008,0.0732153
297,0.999258,182.995491028,0.0178618,0.0364632,0.0731382
298,0.999327,165.997595787,0.0140342,0.0338414,0.0730612
299,0.999302,172.0063591,0.0154417,0.0332881,0.0729843
300,0.999274,178.999443054,0.0188161,0.0404806,0.0729074
301,0.999339,163.000559807,0.0156215,0.0339939,0.0728307
302,0.999286,176.002407074,0.019226,0.0384691,0.072754
303,0.99931,169.993643761,0.0160007,0.034141,0.0726774
304,0.999156,208.000173569,0.022613,0.0408841,0.0726009
305,0.999225,191.002278328,0.0210133,0.0458642,0.0725245
306,0.999217,193.000302315,0.0197883,0.0446083,0.0724481
307,0.999278,178.000431061,0.0163521,0.0354719,0.0723719
308,0.999387,150.997724533,0.0133915,0.0303623,0.0722957
309,0.999249,184.993515015,0.0188273,0.0369603,0.0722196
310,0.999128,214.993257523,0.0266604,0.0485058,0.0721436
311,0.999314,168.994631767,0.0197826,0.0420387,0.0720676
312,0.999241,187.006230354,0.0160557,0.0346065,0.0719918
313,0.999314,168.994631767,0.0133648,0.0348772,0.071916
314,0.999254,183.994503021,0.0170581,0.0330942,0.0718403
315,0.999254,183.994503021,0.0208252,0.0381023,0.0717646
316,0.999302,172.0063591,0.0142355,0.035057,0.0716891
317,0.999347,161.00253582,0.0151055,0.0343673,0.0716136
318,0.999176,203.005113602,0.0193435,0.0436522,0.0715382
319,0.999363,157.006487846,0.0122614,0.0301752,0.0714629
320,0.999278,178.000431061,0.0169106,0.0360473,0.0713877
321,0.999189,199.993386269,0.0196463,0.0361304,0.0713125
322,0.99931,169.993643761,0.0183414,0.0430671,0.0712375
323,0.999318,167.995619774,0.0153204,0.0335527,0.0711625
324,0.99927,179.998455048,0.0167447,0.0350129,0.0710876
325,0.999241,187.006230354,0.0180959,0.0402105,0.0710127
326,0.999306,170.992655754,0.0181004,0.0348125,0.070938
327,0.999306,170.992655754,0.0135114,0.034114,0.0708633
328,0.999266,180.997467041,0.0186804,0.041836,0.0707887
329,0.999282,177.001419067,0.0162207,0.0332209,0.0707142
330,0.99929,175.003395081,0.0185999,0.0369272,0.0706397
331,0.999274,178.999443054,0.0188361,0.048219,0.0705654
332,0.999363,157.006487846,0.0156281,0.0334458,0.0704911
333,0.999298,173.005371094,0.0176058,0.0355092,0.0704169
334,0.999249,184.993515015,0.0196545,0.037681,0.0703428
335,0.999379,152.99574852,0.0122338,0.032553,0.0702687
336,0.999286,176.002407074,0.0148826,0.0356439,0.0701947
337,0.999404,147.001676559,0.0115287,0.0288108,0.0701208
338,0.999343,162.001547813,0.0175989,0.0352344,0.070047
339,0.999258,182.995491028,0.0173994,0.0358225,0.0699733
340,0.999367,155.9927845,0.0148446,0.0320956,0.0698996
341,0.999245,186.007218361,0.0165621,0.0374482,0.069826
342,0.999359,158.00549984,0.0142204,0.0326729,0.0697525
343,0.999213,193.999314308,0.015316,0.0403088,0.0696791
344,0.999327,165.997595787,0.0148109,0.0339874,0.0696057
345,0.999314,168.994631767,0.0165162,0.0405523,0.0695325
346,0.999322,166.99660778,0.0160983,0.0333231,0.0694593
347,0.999241,187.006230354,0.0182958,0.0363686,0.0693862
348,0.999306,170.992655754,0.0151339,0.0343989,0.0693131
349,0.99929,175.003395081,0.0163956,0.0419011,0.0692401
350,0.999245,186.007218361,0.0174291,0.0394455,0.0691673
351,0.999262,181.996479034,0.0181217,0.0462794,0.0690944
352,0.999241,187.006230354,0.0174168,0.0378465,0.0690217
353,0.999266,180.997467041,0.0165592,0.0392209,0.068949
354,0.999404,147.001676559,0.011542,0.029266,0.0688765
355,0.99929,175.003395081,0.0161714,0.0396215,0.068804
356,0.999456,133.999829292,0.0108589,0.0272979,0.0687315
357,0.999327,165.997595787,0.0160669,0.0329706,0.0686592
358,0.999229,190.003266335,0.0195787,0.039343,0.0685869
359,0.999343,162.001547813,0.01644,0.0334004,0.0685147
360,0.999213,193.999314308,0.0193726,0.0435697,0.0684426
361,0.999355,159.004511833,0.0144036,0.0370362,0.0683705
362,0.999339,163.000559807,0.0157806,0.0356364,0.0682985
363,0.9994,148.000688553,0.011229,0.0279476,0.0682266
364,0.999363,157.006487846,0.0165071,0.0359203,0.0681548
365,0.99927,179.998455048,0.0158516,0.036154,0.0680831
366,0.999335,163.9995718,0.0194715,0.0332552,0.0680114
367,0.999298,173.005371094,0.0148511,0.0334992,0.0679398
368,0.999322,166.99660778,0.0151719,0.0346914,0.0678683
369,0.999343,162.001547813,0.0142947,0.0317939,0.0677968
370,0.999306,170.992655754,0.0147988,0.0380163,0.0677255
371,0.999335,163.9995718,0.0169762,0.0388374,0.0676542
372,0.999258,182.995491028,0.0174417,0.0368232,0.067583
373,0.999379,152.99574852,0.0127851,0.0324164,0.0675118
374,0.999387,150.997724533,0.013421,0.0318572,0.0674407
375,0.999395,148.999700546,0.012502,0.0294838,0.0673697
376,0.999343,162.001547813,0.0139275,0.0322186,0.0672988
377,0.999363,157.006487846,0.0155434,0.038202,0.067228
378,0.999351,160.003523827,0.0144592,0.0327542,0.0671572
379,0.999237,188.005242348,0.020183,0.0455583,0.0670865
380,0.999306,170.992655754,0.0155047,0.0346751,0.0670159
381,0.999335,163.9995718,0.0162934,0.0325142,0.0669453
382,0.999318,167.995619774,0.0144178,0.0370877,0.0668749
383,0.999355,159.004511833,0.0127266,0.0309435,0.0668045
384,0.999351,160.003523827,0.0143386,0.0437163,0.0667341
385,0.999209,194.998326302,0.0197822,0.0450249,0.0666639
386,0.999229,190.003266335,0.0186321,0.0371097,0.0665937
387,0.999318,167.995619774,0.0152139,0.0343914,0.0665236
388,0.999404,147.001676559,0.0126449,0.0288941,0.0664536
389,0.999355,159.004511833,0.0149759,0.0338353,0.0663836
390,0.99944,137.995877266,0.00975633,0.0261161,0.0663137
391,0.999444,136.996865273,0.0135725,0.0292689,0.0662439
392,0.999335,163.9995718,0.01485,0.0334153,0.0661742
393,0.999286,176.002407074,0.0151577,0.0364315,0.0661045
394,0.999201,196.996350288,0.0195971,0.040828,0.0660349
395,0.999387,150.997724533,0.0123023,0.0310975,0.0659654
396,0.99927,179.998455048,0.0142437,0.0366215,0.065896
397,0.999412,145.003652573,0.0124445,0.0357661,0.0658266
398,0.9994,148.000688553,0.0119635,0.0294973,0.0657573
399,0.999428,140.992913246,0.0109735,0.0290663,0.0656881
400,0.99944,137.995877266,0.0115944,0.0285889,0.0656189
401,0.99927,179.998455048,0.0143705,0.0363898,0.0655499
402,0.999347,161.00253582,0.0160484,0.0407976,0.0654809
403,0.99931,169.993643761,0.0135389,0.0329519,0.0654119
404,0.999233,189.004254341,0.0164021,0.0383389,0.0653431
405,0.999363,157.006487846,0.0137201,0.0373843,0.0652743
406,0.999371,154.993772507,0.0133659,0.0319768,0.0652056
407,0.999473,130.003781319,0.0117794,0.0355272,0.0651369
408,0.999404,147.001676559,0.0121371,0.0299619,0.0650684
409,0.999387,150.997724533,0.0134464,0.028674,0.0649999
410,0.999205,195.997338295,0.0216578,0.0405165,0.0649314
411,0.999408,146.002664566,0.0129983,0.0313383,0.0648631
412,0.999391,149.99871254,0.013058,0.0340185,0.0647948
413,0.999339,163.000559807,0.0152635,0.0428544,0.0647266
414,0.999456,133.999829292,0.0101823,0.0278489,0.0646584
415,0.99942,143.005628586,0.0109113,0.0303327,0.0645904
416,0.999331,164.998583794,0.0147415,0.0316031,0.0645224
417,0.999408,146.002664566,0.0123141,0.0309593,0.0644545
418,0.999339,163.000559807,0.0130804,0.0317063,0.0643866
419,0.999274,178.999443054,0.0140762,0.0356913,0.0643188
420,0.999432,139.993901253,0.0116319,0.0310814,0.0642511
421,0.999314,168.994631767,0.015101,0.0369311,0.0641835
422,0.999258,182.995491028,0.0163046,0.0408026,0.0641159
423,0.999391,149.99871254,0.0136593,0.0321582,0.0640484
424,0.999379,152.99574852,0.0134555,0.0312378,0.063981
425,0.9994,148.000688553,0.0142804,0.0315692,0.0639136
426,0.999351,160.003523827,0.0160449,0.0375404,0.0638464
427,0.999306,170.992655754,0.0164215,0.0394466,0.0637791
428,0.999306,170.992655754,0.0142383,0.0344568,0.063712
429,0.999395,148.999700546,0.0105123,0.0313483,0.0636449
430,0.999258,182.995491028,0.0145093,0.0387263,0.0635779
431,0.999327,165.997595787,0.0145629,0.0368128,0.063511
432,0.999339,163.000559807,0.0140121,0.0336242,0.0634442
433,0.999383,151.996736526,0.0118317,0.0330315,0.0633774
434,0.999258,182.995491028,0.0155433,0.0387236,0.0633106
435,0.999469,131.002793312,0.00918531,0.0249346,0.063244
436,0.999469,131.002793312,0.00954546,0.0284098,0.0631774
437,0.999367,155.9927845,0.014163,0.0354175,0.0631109
438,0.999404,147.001676559,0.0112168,0.0306933,0.0630445
439,0.999314,168.994631767,0.0134467,0.0322675,0.0629781
440,0.999351,160.003523827,0.0145599,0.0352381,0.0629118
441,0.99942,143.005628586,0.0123171,0.0292131,0.0628456
442,0.999424,142.006616592,0.0105861,0.0308709,0.0627794
443,0.999367,155.9927845,0.0145261,0.0338759,0.0627133
444,0.999322,166.99660778,0.0123058,0.0339443,0.0626473
445,0.999335,163.9995718,0.0128654,0.0320338,0.0625814
446,0.999395,148.999700546,0.0116013,0.0283328,0.0625155
447,0.999383,151.996736526,0.013301,0.0305014,0.0624497
448,0.999395,148.999700546,0.0127545,0.0387871,0.0623839
449,0.999343,162.001547813,0.0121084,0.0365747,0.0623183
450,0.999375,153.994760513,0.0119942,0.0304616,0.0622527
451,0.999395,148.999700546,0.0123927,0.0303964,0.0621871
452,0.999391,149.99871254,0.0131162,0.0340989,0.0621217
453,0.999371,154.993772507,0.0140996,0.0342525,0.0620563
454,0.99931,169.993643761,0.0138172,0.0345359,0.0619909
455,0.999497,123.995018005,0.0112954,0.0271782,0.0619257
456,0.999404,147.001676559,0.0124031,0.0300676,0.0618605
457,0.999485,127.006745338,0.0103567,0.0266741,0.0617954
458,0.999448,135.997853279,0.0118236,0.0280708,0.0617303
459,0.9994,148.000688553,0.0110762,0.0305464,0.0616653
460,0.999513,119.998970032,0.00959929,0.02616,0.0616004
461,0.999347,161.00253582,0.0133909,0.0293758,0.0615356
462,0.999424,142.006616592,0.0109954,0.0313981,0.0614708
463,0.99942,143.005628586,0.0139979,0.0325112,0.0614061
464,0.999424,142.006616592,0.0121892,0.0284783,0.0613414
465,0.999375,153.994760513,0.0149578,0.033394,0.0612769
466,0.999391,149.99871254,0.0124207,0.0307619,0.0612123
467,0.999428,140.992913246,0.00929294,0.0287162,0.0611479
468,0.999452,134.998841286,0.0102098,0.0272794,0.0610835
469,0.999452,134.998841286,0.0116422,0.0295675,0.0610192
470,0.999363,157.006487846,0.0122117,0.0316149,0.060955
471,0.999286,176.002407074,0.0159297,0.037596,0.0608908
472,0.999505,121.996994019,0.00853598,0.027291,0.0608267
473,0.999298,173.005371094,0.0147431,0.0335806,0.0607627
474,0.999351,160.003523827,0.0123882,0.0321518,0.0606987
475,0.999436,138.994889259,0.0102472,0.0287693,0.0606348
476,0.999395,148.999700546,0.0121921,0.0321255,0.060571
477,0.999359,158.00549984,0.0119224,0.0334435,0.0605072
478,0.99942,143.005628586,0.011761,0.0312082,0.0604436
479,0.999473,130.003781319,0.00995147,0.0270838,0.0603799
480,0.999412,145.003652573,0.012177,0.0293,0.0603164
481,0.999335,163.9995718,0.014307,0.0339044,0.0602529
482,0.999367,155.9927845,0.0134061,0.0385607,0.0601894
483,0.999493,124.994029999,0.00893673,0.0262585,0.0601261
484,0.999448,135.997853279,0.0111736,0.0319783,0.0600628
485,0.999428,140.992913246,0.0100032,0.032266,0.0599995
486,0.999424,142.006616592,0.0103126,0.0271725,0.0599364
487,0.999521,118.000946045,0.00867521,0.0271315,0.0598733
488,0.999371,154.993772507,0.0116196,0.0304824,0.0598103
489,0.999412,145.003652573,0.0114084,0.0291951,0.0597473
490,0.999485,127.006745338,0.00908903,0.0262928,0.0596844
491,0.999351,160.003523827,0.0141948,0.0344296,0.0596216
492,0.999509,120.997982025,0.00960249,0.0290351,0.0595588
493,0.999464,132.001805305,0.00997035,0.0257555,0.0594961
494,0.9994,148.000688553,0.0130712,0.0313975,0.0594335
495,0.999493,124.994029999,0.0095333,0.0273435,0.0593709
496,0.999505,121.996994019,0.00972184,0.0280865,0.0593084
497,0.999481,128.005757332,0.00869637,0.0281292,0.059246
498,0.999428,140.992913246,0.0107699,0.0278681,0.0591836
499,0.999432,139.993901253,0.0119839,0.0288326,0.0591213
500,0.999521,118.000946045,0.00792154,0.0250539,0.0590591
501,0.999497,123.995018005,0.00924682,0.0234504,0.0589969
502,0.999375,153.994760513,0.0116831,0.0306215,0.0589348
503,0.999493,124.994029999,0.00911224,0.0259873,0.0588727
504,0.999375,153.994760513,0.015041,0.0366609,0.0588108
505,0.999432,139.993901253,0.010255,0.0265611,0.0587489
506,0.999404,147.001676559,0.0151063,0.032045,0.058687
507,0.999452,134.998841286,0.01138,0.0268615,0.0586252
508,0.999444,136.996865273,0.00913334,0.0287583,0.0585635
509,0.999432,139.993901253,0.0119921,0.0328645,0.0585019
510,0.999395,148.999700546,0.0127747,0.0353439,0.0584403
511,0.999444,136.996865273,0.0104858,0.0272832,0.0583788
512,0.999412,145.003652573,0.0116561,0.0281224,0.0583173
513,0.999412,145.003652573,0.00990141,0.0272587,0.0582559
514,0.999432,139.993901253,0.0126464,0.0366171,0.0581946
515,0.999375,153.994760513,0.0129209,0.0342159,0.0581333
516,0.999371,154.993772507,0.0125138,0.0309196,0.0580721
517,0.999432,139.993901253,0.0116892,0.0295023,0.058011
518,0.999448,135.997853279,0.0118229,0.0290483,0.0579499
519,0.999469,131.002793312,0.00903748,0.0284232,0.0578889
520,0.999485,127.006745338,0.0082065,0.0266641,0.057828
521,0.999513,119.998970032,0.00885233,0.0291701,0.0577671
522,0.999485,127.006745338,0.0102632,0.0310407,0.0577063
523,0.999436,138.994889259,0.0103707,0.0303516,0.0576455
524,0.9994,148.000688553,0.0126882,0.0338174,0.0575849
525,0.999464,132.001805305,0.00854917,0.0264755,0.0575242
526,0.999383,151.996736526,0.0126825,0.034585,0.0574637
527,0.999347,161.00253582,0.0138316,0.0355914,0.0574032
528,0.999513,119.998970032,0.00751592,0.0250592,0.0573428
529,0.999367,155.9927845,0.0136002,0.0345683,0.0572824
530,0.999452,134.998841286,0.00996011,0.0307263,0.0572221
531,0.999554,109.994158745,0.00877898,0.0266187,0.0571619
532,0.999432,139.993901253,0.0110466,0.0302985,0.0571017
533,0.999428,140.992913246,0.0104327,0.0300603,0.0570416
534,0.999533,115.003910065,0.00777058,0.0258289,0.0569815
535,0.999436,138.994889259,0.0122321,0.0296976,0.0569215
536,0.999574,104.999098778,0.00707228,0.0224724,0.0568616
537,0.999448,135.997853279,0.0113646,0.0295208,0.0568018
538,0.999497,123.995018005,0.0083293,0.0270711,0.056742
539,0.999533,115.003910065,0.00735755,0.0251258,0.0566822
540,0.999444,136.996865273,0.00939262,0.0273072,0.0566226
541,0.999448,135.997853279,0.00816961,0.0283594,0.056563
542,0.999469,131.002793312,0.0102237,0.0258685,0.0565034
543,0.999452,134.998841286,0.00815315,0.0284606,0.0564439
544,0.999473,130.003781319,0.0100374,0.0274053,0.0563845
545,0.999546,112.006874084,0.00753997,0.0233034,0.0563251
546,0.999473,130.003781319,0.00890887,0.0272422,0.0562659
547,0.999428,140.992913246,0.00945811,0.0250354,0.0562066
548,0.999481,128.005757332,0.0102018,0.0276934,0.0561475
549,0.999574,104.999098778,0.00640302,0.0234556,0.0560884
550,0.99946,133.000817299,0.0103327,0.0316058,0.0560293
551,0.999521,118.000946045,0.00916884,0.0267738,0.0559703
552,0.999371,154.993772507,0.0132531,0.0361313,0.0559114
553,0.999379,152.99574852,0.013128,0.0337161,0.0558525
554,0.999473,130.003781319,0.00864768,0.0265798,0.0557937
555,0.999513,119.998970032,0.0101624,0.0260507,0.055735
556,0.999444,136.996865273,0.0094008,0.0284038,0.0556763
557,0.999517,118.999958038,0.0084554,0.0263496,0.0556177
558,0.999513,119.998970032,0.00792199,0.0285908,0.0555592
559,0.99955,110.993170738,0.00706062,0.0247118,0.0555007
560,0.999493,124.994029999,0.0101982,0.0279368,0.0554423
561,0.999469,131.002793312,0.00985774,0.0286568,0.0553839
562,0.999582,103.001074791,0.00655488,0.0221864,0.0553256
563,0.999493,124.994029999,0.00878919,0.0293184,0.0552674
564,0.999489,125.993041992,0.00942293,0.0259292,0.0552092
565,0.999473,130.003781319,0.00958535,0.0311135,0.0551511
566,0.99959,101.003050804,0.00594658,0.0206992,0.055093
567,0.999464,132.001805305,0.0121783,0.03209,0.055035
568,0.999404,147.001676559,0.0120123,0.0326236,0.0549771
569,0.99944,137.995877266,0.0102905,0.0324079,0.0549192
570,0.999558,108.995146751,0.00685834,0.0212174,0.0548614
571,0.999452,134.998841286,0.0115681,0.0346283,0.0548036
572,0.999517,118.999958038,0.00747098,0.0254415,0.0547459
573,0.99946,133.000817299,0.0116996,0.0331864,0.0546883
574,0.999554,109.994158745,0.00802348,0.0239118,0.0546307
575,0.999485,127.006745338,0.0099174,0.0300323,0.0545732
576,0.999473,130.003781319,0.00952981,0.0258476,0.0545158
577,0.999537,114.004898071,0.00732293,0.0244369,0.0544584
578,0.999525,117.001934052,0.00813961,0.0249678,0.0544011
579,0.999428,140.992913246,0.0103774,0.0280612,0.0543438
580,0.99944,137.995877266,0.00850102,0.0257636,0.0542866
581,0.99955,110.993170738,0.00766781,0.0270618,0.0542294
582,0.999448,135.997853279,0.0109839,0.0283188,0.0541723
583,0.999521,118.000946045,0.00848949,0.0234767,0.0541153
584,0.999525,117.001934052,0.00891029,0.0291054,0.0540583
585,0.999513,119.998970032,0.00905012,0.0253692,0.0540014
586,0.999497,123.995018005,0.00770442,0.0254787,0.0539446
587,0.999525,117.001934052,0.00876794,0.0276614,0.0538878
588,0.999513,119.998970032,0.00977465,0.0276511,0.0538311
589,0.999525,117.001934052,0.00836727,0.0259528,0.0537744
590,0.999505,121.996994019,0.00715144,0.0257346,0.0537178
591,0.999448,135.997853279,0.011801,0.0330687,0.0536612
592,0.999444,136.996865273,0.00762909,0.0286652,0.0536048
593,0.999477,129.004769325,0.0102692,0.03171,0.0535483
594,0.999537,114.004898071,0.00886222,0.0259705,0.053492
595,0.999546,112.006874084,0.00772861,0.0246659,0.0534356
596,0.999477,129.004769325,0.00951221,0.0264641,0.0533794
597,0.999513,119.998970032,0.00787935,0.0260774,0.0533232
598,0.999424,142.006616592,0.01075,0.0300444,0.0532671
599,0.999558,108.995146751,0.00752049,0.0243459,0.053211
600,0.99959,101.003050804,0.00749889,0.0232937,0.053155
601,0.999436,138.994889259,0.0113147,0.0301309,0.053099
602,0.999582,103.001074791,0.00568522,0.0191354,0.0530431
603,0.999444,136.996865273,0.00851943,0.032446,0.0529873
604,0.999517,118.999958038,0.00806345,0.0277871,0.0529315
605,0.999529,116.002922058,0.00740828,0.0250529,0.0528758
606,0.999517,118.999958038,0.00794471,0.0257709,0.0528201
607,0.999513,119.998970032,0.00912904,0.0285435,0.0527645
608,0.999647,87.0021915436,0.0046598,0.0200832,0.052709
609,0.999537,114.004898071,0.00815827,0.0232638,0.0526535
610,0.999444,136.996865273,0.00889525,0.0272449,0.052598
611,0.999513,119.998970032,0.00857451,0.0302545,0.0525427
612,0.999477,129.004769325,0.00803308,0.0257332,0.0524874
613,0.999481,128.005757332,0.0108948,0.0291423,0.0524321
614,0.999517,118.999958038,0.0078855,0.0239404,0.0523769
615,0.999562,107.996134758,0.0058417,0.0224462,0.0523218
616,0.999562,107.996134758,0.00780901,0.0250393,0.0522667
617,0.999513,119.998970032,0.00857228,0.0270476,0.0522117
618,0.999582,103.001074791,0.0066907,0.0241492,0.0521567
619,0.999578,104.000086784,0.00668313,0.0230753,0.0521018
620,0.99946,133.000817299,0.00985141,0.0267472,0.052047
621,0.99957,105.998110771,0.00684103,0.0236181,0.0519922
622,0.999481,128.005757332,0.00780076,0.0275484,0.0519374
623,0.999464,132.001805305,0.00974213,0.030289,0.0518828
624,0.999623,92.996263504,0.00728121,0.0202857,0.0518281
625,0.999619,93.9952754974,0.0054052,0.0227047,0.0517736
626,0.99946,133.000817299,0.0106395,0.0327386,0.0517191
627,0.999529,116.002922058,0.00771577,0.0266217,0.0516646
628,0.999606,97.0070028305,0.0056784,0.0224001,0.0516103
629,0.999497,123.995018005,0.00851052,0.0295161,0.0515559
630,0.999477,129.004769325,0.00990246,0.0297105,0.0515016
631,0.999537,114.004898071,0.00663382,0.0228038,0.0514474
632,0.999428,140.992913246,0.00977164,0.0324371,0.0513933
633,0.999537,114.004898071,0.0079267,0.0262243,0.0513392
634,0.999598,99.0050268173,0.00626111,0.0251487,0.0512851
635,0.999477,129.004769325,0.00896813,0.0268143,0.0512311
636,0.999513,119.998970032,0.00846399,0.0295591,0.0511772
637,0.999578,104.000086784,0.00634692,0.0223198,0.0511233
638,0.999554,109.994158745,0.00865069,0.0258478,0.0510695
639,0.999542,113.005886078,0.008178,0.0245587,0.0510158
640,0.999501,122.996006012,0.00852123,0.0290914,0.050962
641,0.999509,120.997982025,0.00816548,0.0247215,0.0509084
642,0.999513,119.998970032,0.00875385,0.0277984,0.0508548
643,0.999558,108.995146751,0.00714909,0.0231642,0.0508013
644,0.999529,116.002922058,0.00768744,0.0244882,0.0507478
645,0.999521,118.000946045,0.0084755,0.0278642,0.0506944
646,0.999586,102.002062798,0.00553597,0.020283,0.050641
647,0.999578,104.000086784,0.00605123,0.0245437,0.0505877
648,0.999542,113.005886078,0.00658301,0.0247451,0.0505344
649,0.999533,115.003910065,0.00904976,0.0282202,0.0504812
650,0.999537,114.004898071,0.00625486,0.0255135,0.0504281
651,0.999542,113.005886078,0.00789145,0.0258084,0.050375
652,0.999481,128.005757332,0.00908392,0.02984,0.050322
653,0.999602,98.0060148239,0.00485553,0.0241666,0.050269
654,0.999444,136.996865273,0.00980154,0.0354843,0.0502161
655,0.999578,104.000086784,0.00658075,0.0225997,0.0501632
656,0.99957,105.998110771,0.00641314,0.0258122,0.0501104
657,0.999594,100.004038811,0.0062123,0.0223637,0.0500577
658,0.999562,107.996134758,0.00774786,0.0261066,0.050005
659,0.999631,90.9982395172,0.00480428,0.0193251,0.0499523
660,0.999525,117.001934052,0.00829528,0.0289051,0.0498997
661,0.999611,95.9932994843,0.00565938,0.0206911,0.0498472
662,0.999481,128.005757332,0.00796232,0.0261528,0.0497947
663,0.999448,135.997853279,0.00922848,0.0306305,0.0497423
664,0.99955,110.993170738,0.00848993,0.0268321,0.04969
665,0.999497,123.995018005,0.00976097,0.0280418,0.0496376
666,0.999635,89.9992275238,0.00746923,0.0219631,0.0495854
667,0.999542,113.005886078,0.0084856,0.0293283,0.0495332
668,0.999643,88.001203537,0.00410466,0.0216867,0.049481
669,0.999554,109.994158745,0.0073622,0.0264195,0.049429
670,0.999578,104.000086784,0.00686152,0.0277487,0.0493769
671,0.999582,103.001074791,0.00553384,0.0229219,0.0493249
672,0.99957,105.998110771,0.00693898,0.0241171,0.049273
673,0.999485,127.006745338,0.00898366,0.0268991,0.0492212
674,0.999562,107.996134758,0.00642209,0.0221431,0.0491693
675,0.999574,104.999098778,0.0055146,0.0213718,0.0491176
676,0.999481,128.005757332,0.00846926,0.027801,0.0490659
677,0.999489,125.993041992,0.00835367,0.0254173,0.0490142
678,0.999619,93.9952754974,0.0062093,0.0204345,0.0489626
679,0.999477,129.004769325,0.00837907,0.0273739,0.0489111
680,0.999598,99.0050268173,0.00688401,0.0242268,0.0488596
681,0.999643,88.001203537,0.0048514,0.021221,0.0488082
682,0.999525,117.001934052,0.007065,0.0255248,0.0487568
683,0.999671,80.9934282303,0.00581249,0.0208179,0.0487054
684,0.999619,93.9952754974,0.00510913,0.0210843,0.0486542
685,0.999667,82.0071315765,0.00519084,0.0193415,0.048603
686,0.999566,106.997122765,0.00677687,0.0260481,0.0485518
687,0.99957,105.998110771,0.00727882,0.0289089,0.0485007
688,0.999594,100.004038811,0.00608385,0.0242052,0.0484496
689,0.999586,102.002062798,0.00541979,0.0209958,0.0483986
690,0.999489,125.993041992,0.00907487,0.03051,0.0483477
691,0.999529,116.002922058,0.00695144,0.0267327,0.0482968
692,0.999533,115.003910065,0.00849458,0.0307407,0.0482459
693,0.999533,115.003910065,0.00883915,0.0274245,0.0481951
694,0.999594,100.004038811,0.00565994,0.0229979,0.0481444
695,0.999627,91.9972515106,0.0056173,0.022135,0.0480937
696,0.999619,93.9952754974,0.0059436,0.0212775,0.0480431
697,0.999631,90.9982395172,0.0044758,0.020588,0.0479925
698,0.999611,95.9932994843,0.00497644,0.0221763,0.047942
699,0.999525,117.001934052,0.00888549,0.0307012,0.0478915
700,0.999647,87.0021915436,0.0049031,0.0194774,0.0478411
701,0.999562,107.996134758,0.00730211,0.0235814,0.0477907
702,0.999639,89.0002155304,0.00582128,0.0240553,0.0477404
703,0.999675,79.9944162369,0.00506924,0.0194863,0.0476902
704,0.999635,89.9992275238,0.00541796,0.0211077,0.04764
705,0.999533,115.003910065,0.00682355,0.0251548,0.0475898
706,0.99959,101.003050804,0.00578037,0.0210769,0.0475397
707,0.999574,104.999098778,0.006823,0.0243748,0.0474897
708,0.999537,114.004898071,0.00694611,0.0260611,0.0474397
709,0.999606,97.0070028305,0.00614133,0.0274066,0.0473898
710,0.999696,74.9993562698,0.00373524,0.0162634,0.0473399
711,0.999631,90.9982395172,0.00480118,0.0189675,0.04729
712,0.999525,117.001934052,0.00748414,0.028095,0.0472402
713,0.999602,98.0060148239,0.00487225,0.0204077,0.0471905
714,0.99955,110.993170738,0.00655573,0.0260089,0.0471408
715,0.999525,117.001934052,0.00806283,0.0269497,0.0470912
716,0.999562,107.996134758,0.00778464,0.0247183,0.0470416
717,0.999546,112.006874084,0.00662883,0.0279493,0.0469921
718,0.999525,117.001934052,0.00884746,0.0293902,0.0469426
719,0.999631,90.9982395172,0.00534134,0.0207792,0.0468932
720,0.999611,95.9932994843,0.00558502,0.0215277,0.0468439
721,0.99959,101.003050804,0.00700175,0.0257523,0.0467946
722,0.999582,103.001074791,0.00650339,0.0255521,0.0467453
723,0.999659,84.0051555634,0.00504874,0.0206864,0.0466961
724,0.99972,69.0052843094,0.0037161,0.0170635,0.0466469
725,0.999594,100.004038811,0.00677431,0.0238236,0.0465978
726,0.999517,118.999958038,0.00745487,0.0263389,0.0465488
727,0.999627,91.9972515106,0.00490594,0.0230726,0.0464998
728,0.999606,97.0070028305,0.00753703,0.0250436,0.0464508
729,0.999582,103.001074791,0.00673323,0.0254474,0.0464019
730,0.999619,93.9952754974,0.00552214,0.020653,0.0463531
731,0.999611,95.9932994843,0.00580984,0.0234868,0.0463043
732,0.999505,121.996994019,0.00891863,0.030474,0.0462555
733,0.999623,92.996263504,0.00536023,0.0214683,0.0462068
734,0.999712,71.0033082962,0.00432514,0.0201154,0.0461582
735,0.999611,95.9932994843,0.00515824,0.0216712,0.0461096
736,0.999582,103.001074791,0.00634734,0.0233125,0.0460611
737,0.999481,128.005757332,0.00708073,0.0266228,0.0460126
738,0.999558,108.995146751,0.00648757,0.0229989,0.0459641
739,0.999582,103.001074791,0.00728825,0.0219572,0.0459157
740,0.999606,97.0070028305,0.00536664,0.022242,0.0458674
741,0.999635,89.9992275238,0.00669459,0.0239123,0.0458191
742,0.999578,104.000086784,0.00667121,0.0248279,0.0457709
743,0.999546,112.006874084,0.00646513,0.0253665,0.0457227
744,0.999635,89.9992275238,0.0056693,0.0211408,0.0456746
745,0.999627,91.9972515106,0.00589789,0.0250374,0.0456265
746,0.999643,88.001203537,0.00574209,0.0213763,0.0455785
747,0.999594,100.004038811,0.00589235,0.0246851,0.0455305
748,0.999602,98.0060148239,0.00530735,0.0224374,0.0454825
749,0.999566,106.997122765,0.00525376,0.0216218,0.0454347
750,0.999647,87.0021915436,0.00499091,0.0206931,0.0453868
751,0.999521,118.000946045,0.00604491,0.0245651,0.0453391
752,0.999558,108.995146751,0.00637988,0.0260806,0.0452913
753,0.999627,91.9972515106,0.00639353,0.0242537,0.0452437
754,0.999574,104.999098778,0.00791881,0.0245264,0.045196
755,0.999594,100.004038811,0.00488077,0.020504,0.0451484
756,0.999623,92.996263504,0.00562144,0.020136,0.0451009
757,0.999586,102.002062798,0.0059485,0.0218339,0.0450534
758,0.999606,97.0070028305,0.00543493,0.0219559,0.045006
759,0.999684,77.9963922501,0.00353657,0.0160833,0.0449586
760,0.999606,97.0070028305,0.00489276,0.0203841,0.0449113
761,0.999602,98.0060148239,0.00574581,0.0245891,0.044864
762,0.999586,102.002062798,0.00574654,0.0226023,0.0448168
763,0.999615,94.9942874908,0.00515218,0.0229225,0.0447696
764,0.999615,94.9942874908,0.00519565,0.0210053,0.0447225
765,0.999554,109.994158745,0.00648768,0.0256532,0.0446754
766,0.999598,99.0050268173,0.00516029,0.0200229,0.0446284
767,0.999651,86.0031795502,0.0054098,0.0225329,0.0445814
768,0.999667,82.0071315765,0.00371961,0.0201615,0.0445345
769,0.999566,106.997122765,0.00702202,0.0266086,0.0444876
770,0.999533,115.003910065,0.00629768,0.0247556,0.0444408
771,0.999659,84.0051555634,0.00425118,0.0197176,0.044394
772,0.999643,88.001203537,0.00508851,0.0214857,0.0443472
773,0.99959,101.003050804,0.00558722,0.0220219,0.0443006
774,0.999647,87.0021915436,0.00424314,0.0208812,0.0442539
775,0.999627,91.9972515106,0.00610254,0.0224065,0.0442073
776,0.999708,72.0023202896,0.00348755,0.0155573,0.0441608
777,0.99955,110.993170738,0.00752322,0.0279612,0.0441143
778,0.999643,88.001203537,0.0053487,0.0264656,0.0440679
779,0.999594,100.004038811,0.00662639,0.0267016,0.0440215
780,0.999777,55.0044250488,0.00312437,0.0161105,0.0439751
781,0.999655,85.0041675568,0.00440341,0.0191379,0.0439288
782,0.999578,104.000086784,0.00566566,0.0247607,0.0438826
783,0.999675,79.9944162369,0.00419818,0.0197642,0.0438364
784,0.999619,93.9952754974,0.00578174,0.0252377,0.0437903
785,0.99968,78.9954042435,0.00530506,0.021147,0.0437442
786,0.999684,77.9963922501,0.00360474,0.0181342,0.0436981
787,0.999562,107.996134758,0.00750458,0.0249437,0.0436521
788,0.999651,86.0031795502,0.00522093,0.023007,0.0436061
789,0.999586,102.002062798,0.00664548,0.0227778,0.0435602
790,0.999671,80.9934282303,0.00473259,0.0217615,0.0435144
791,0.999627,91.9972515106,0.00607665,0.0217749,0.0434686
792,0.999655,85.0041675568,0.00461341,0.0174969,0.0434228
793,0.999716,70.0042963028,0.00379384,0.0179402,0.0433771
794,0.999696,74.9993562698,0.00452436,0.0173715,0.0433314
795,0.999659,84.0051555634,0.00424462,0.0214191,0.0432858
796,0.999671,80.9934282303,0.00391133,0.018662,0.0432403
797,0.999631,90.9982395172,0.00451752,0.0209827,0.0431947
798,0.999631,90.9982395172,0.00573921,0.0225501,0.0431493
799,0.999647,87.0021915436,0.00455189,0.0189446,0.0431038
800,0.999663,83.0061435699,0.00548332,0.0262678,0.0430585
801,0.999655,85.0041675568,0.00480881,0.0210344,0.0430131
802,0.999623,92.996263504,0.00558661,0.0227285,0.0429679
803,0.99968,78.9954042435,0.00384785,0.0178206,0.0429226
804,0.999639,89.0002155304,0.00522871,0.0193193,0.0428774
805,0.999643,88.001203537,0.00447125,0.0185811,0.0428323
806,0.99968,78.9954042435,0.00441933,0.0189581,0.0427872
807,0.999655,85.0041675568,0.00517001,0.022516,0.0427422
808,0.999659,84.0051555634,0.00451682,0.0205243,0.0426972
809,0.999667,82.0071315765,0.00387644,0.0167018,0.0426522
810,0.999659,84.0051555634,0.00506807,0.0209671,0.0426073
811,0.999655,85.0041675568,0.00446223,0.0204888,0.0425625
812,0.999594,100.004038811,0.00597881,0.0236256,0.0425177
813,0.999716,70.0042963028,0.00302044,0.0168952,0.0424729
814,0.999663,83.0061435699,0.00498735,0.0243483,0.0424282
815,0.999635,89.9992275238,0.00454205,0.0215222,0.0423835
816,0.999692,75.9983682632,0.00360761,0.0199895,0.0423389
817,0.999659,84.0051555634,0.00496714,0.0203906,0.0422943
818,0.999606,97.0070028305,0.00558631,0.0250036,0.0422498
819,0.999635,89.9992275238,0.00534125,0.024033,0.0422054
820,0.999696,74.9993562698,0.00366226,0.0177452,0.0421609
821,0.999667,82.0071315765,0.00406152,0.0188757,0.0421165
822,0.999631,90.9982395172,0.00419202,0.0214846,0.0420722
823,0.999684,77.9963922501,0.0043207,0.0180445,0.0420279
824,0.999663,83.0061435699,0.00522162,0.0242226,0.0419837
825,0.999623,92.996263504,0.00526036,0.021567,0.0419395
826,0.999671,80.9934282303,0.00448287,0.0208592,0.0418953
827,0.999716,70.0042963028,0.0037676,0.0169593,0.0418512
828,0.999639,89.0002155304,0.00523875,0.0225628,0.0418072
829,0.999611,95.9932994843,0.00564861,0.0198225,0.0417631
830,0.999704,73.001332283,0.00404612,0.0204705,0.0417192
831,0.999647,87.0021915436,0.00464182,0.0198583,0.0416753
832,0.999627,91.9972515106,0.00535313,0.020869,0.0416314
833,0.999753,60.9984970093,0.00317083,0.0156073,0.0415876
834,0.999704,73.001332283,0.00356183,0.0178929,0.0415438
835,0.999675,79.9944162369,0.00464405,0.0201793,0.0415001
836,0.999671,80.9934282303,0.00501165,0.0207274,0.0414564
837,0.999724,68.006272316,0.00364377,0.0175469,0.0414127
838,0.999611,95.9932994843,0.00559361,0.0250021,0.0413691
839,0.999631,90.9982395172,0.0052444,0.0255498,0.0413256
840,0.999655,85.0041675568,0.00403629,0.0202165,0.0412821
841,0.999606,97.0070028305,0.00602279,0.0241475,0.0412386
842,0.999663,83.0061435699,0.0037928,0.0196692,0.0411952
843,0.999635,89.9992275238,0.00550877,0.0260206,0.0411518
844,0.999643,88.001203537,0.00523847,0.0206743,0.0411085
845,0.999732,65.9935569763,0.00272525,0.0148464,0.0410652
846,0.999708,72.0023202896,0.00362684,0.0212793,0.041022
847,0.999667,82.0071315765,0.00414155,0.0193074,0.0409788
848,0.999736,64.9945449829,0.00223914,0.0148255,0.0409357
849,0.999623,92.996263504,0.00530865,0.0251307,0.0408926
850,0.999635,89.9992275238,0.0043571,0.0187385,0.0408496
851,0.99974,63.9955329895,0.00327162,0.0172746,0.0408065
852,0.999736,64.9945449829,0.00315475,0.0162177,0.0407636
853,0.999566,106.997122765,0.00699503,0.028024,0.0407207
854,0.999659,84.0051555634,0.00449932,0.0200462,0.0406778
855,0.999671,80.9934282303,0.00450042,0.0216919,0.040635
856,0.999675,79.9944162369,0.00466876,0.0260803,0.0405922
857,0.999659,84.0051555634,0.00395175,0.0195252,0.0405495
858,0.99968,78.9954042435,0.00403484,0.0198866,0.0405068
859,0.999651,86.0031795502,0.00498472,0.0196723,0.0404642
860,0.999704,73.001332283,0.0037403,0.0162427,0.0404216
861,0.999704,73.001332283,0.00353105,0.0194718,0.040379
862,0.99972,69.0052843094,0.00501987,0.018249,0.0403365
863,0.999667,82.0071315765,0.00408478,0.0181828,0.040294
864,0.999688,76.9973802567,0.00443863,0.0187248,0.0402516
865,0.999611,95.9932994843,0.0049352,0.0222003,0.0402092
866,0.999659,84.0051555634,0.00463091,0.0224059,0.0401669
867,0.99968,78.9954042435,0.00419817,0.0199543,0.0401246
868,0.999651,86.0031795502,0.00455076,0.0224753,0.0400824
869,0.999659,84.0051555634,0.00345304,0.0167606,0.0400402
870,0.99968,78.9954042435,0.00387542,0.019589,0.039998
871,0.999623,92.996263504,0.00426116,0.0192842,0.0399559
872,0.999635,89.9992275238,0.00398509,0.0196283,0.0399139
873,0.999724,68.006272316,0.00374476,0.0188962,0.0398719
874,0.999655,85.0041675568,0.00480011,0.020269,0.0398299
875,0.999724,68.006272316,0.00298015,0.0167715,0.039788
876,0.999643,88.001203537,0.00421722,0.0207167,0.0397461
877,0.99972,69.0052843094,0.00378456,0.0189871,0.0397042
878,0.999736,64.9945449829,0.00310075,0.0169695,0.0396624
879,0.9997,74.0003442764,0.00369973,0.0187715,0.0396207
880,0.999667,82.0071315765,0.00466768,0.0202841,0.039579
881,0.999688,76.9973802567,0.00464195,0.0199372,0.0395373
882,0.999728,67.0072603226,0.00316052,0.015122,0.0394957
883,0.999724,68.006272316,0.00325302,0.0185696,0.0394541
884,0.999732,65.9935569763,0.00328734,0.0154438,0.0394126
885,0.99972,69.0052843094,0.00371677,0.0186001,0.0393711
886,0.999627,91.9972515106,0.00497975,0.021959,0.0393296
887,0.999708,72.0023202896,0.00259637,0.0161898,0.0392882
888,0.999659,84.0051555634,0.00407705,0.0212612,0.0392469
889,0.999671,80.9934282303,0.00407654,0.0189825,0.0392056
890,0.999708,72.0023202896,0.00332435,0.0176583,0.0391643
891,0.999704,73.001332283,0.00361915,0.0187519,0.0391231
892,0.999708,72.0023202896,0.00355275,0.0180124,0.0390819
893,0.999675,79.9944162369,0.0038934,0.0183006,0.0390407
894,0.99968,78.9954042435,0.00330921,0.0176119,0.0389996
895,0.99968,78.9954042435,0.00327483,0.0193768,0.0389586
896,0.999688,76.9973802567,0.00373031,0.0183618,0.0389176
897,0.999692,75.9983682632,0.00378496,0.0195365,0.0388766
898,0.999712,71.0033082962,0.00270801,0.0177316,0.0388357
899,0.999655,85.0041675568,0.00426192,0.0223638,0.0387948
900,0.999704,73.001332283,0.00355841,0.019281,0.038754
901,0.999777,55.0044250488,0.00252868,0.0152042,0.0387132
902,0.999724,68.006272316,0.00286173,0.0167027,0.0386724
903,0.999688,76.9973802567,0.00386452,0.019606,0.0386317
904,0.99972,69.0052843094,0.00295523,0.0157871,0.038591
905,0.999724,68.006272316,0.00315196,0.0155493,0.0385504
906,0.999732,65.9935569763,0.00299739,0.0151274,0.0385098
907,0.999712,71.0033082962,0.00356774,0.018232,0.0384693
908,0.999712,71.0033082962,0.00344501,0.0159279,0.0384288
909,0.999704,73.001332283,0.00355064,0.0170992,0.0383883
910,0.999753,60.9984970093,0.00267501,0.0143158,0.0383479
911,0.9997,74.0003442764,0.00349439,0.018376,0.0383075
912,0.999659,84.0051555634,0.00483557,0.0214492,0.0382672
913,0.999704,73.001332283,0.00382227,0.0177299,0.0382269
914,0.999716,70.0042963028,0.00309928,0.018914,0.0381867
915,0.99974,63.9955329895,0.00261968,0.0158738,0.0381465
916,0.99974,63.9955329895,0.00299825,0.0156436,0.0381063
917,0.999724,68.006272316,0.00285893,0.0170188,0.0380662
918,0.999639,89.0002155304,0.00453846,0.0240482,0.0380261
919,0.999761,59.0004730225,0.00260639,0.014403,0.0379861
920,0.999692,75.9983682632,0.00365519,0.0190516,0.0379461
921,0.999688,76.9973802567,0.00472174,0.0225363,0.0379062
922,0.999708,72.0023202896,0.00305775,0.0196434,0.0378663
923,0.999684,77.9963922501,0.0048459,0.0203856,0.0378264
924,0.999663,83.0061435699,0.00460995,0.0265195,0.0377866
925,0.99972,69.0052843094,0.00346449,0.0170586,0.0377468
926,0.999708,72.0023202896,0.00353702,0.0153032,0.0377071
927,0.999732,65.9935569763,0.0030183,0.0150261,0.0376674
928,0.999671,80.9934282303,0.00471001,0.0235603,0.0376277
929,0.999748,61.9975090027,0.00260214,0.0156457,0.0375881
930,0.999696,74.9993562698,0.00350052,0.0191028,0.0375485
931,0.999708,72.0023202896,0.00384653,0.0197314,0.037509
932,0.999671,80.9934282303,0.00381701,0.0162564,0.0374695
933,0.999655,85.0041675568,0.00429576,0.0221016,0.0374301
934,0.999643,88.001203537,0.00593365,0.0253919,0.0373907
935,0.999781,54.0054130554,0.00215785,0.0115891,0.0373513
936,0.999692,75.9983682632,0.00390038,0.0227191,0.037312
937,0.999655,85.0041675568,0.00514637,0.0208806,0.0372727
938,0.99972,69.0052843094,0.0030285,0.0169544,0.0372335
939,0.999643,88.001203537,0.0044335,0.0202234,0.0371943
940,0.999708,72.0023202896,0.00423089,0.0192723,0.0371551
941,0.999732,65.9935569763,0.00295912,0.0145331,0.037116
942,0.999761,59.0004730225,0.00255439,0.0168099,0.037077
943,0.999684,77.9963922501,0.00381034,0.0188444,0.0370379
944,0.999704,73.001332283,0.00317928,0.0170632,0.0369989
945,0.99972,69.0052843094,0.00346491,0.0197784,0.03696
946,0.99972,69.0052843094,0.00280757,0.0149525,0.0369211
947,0.999761,59.0004730225,0.0023759,0.0160658,0.0368822
948,0.999688,76.9973802567,0.00314148,0.0175869,0.0368434
949,0.999688,76.9973802567,0.00354307,0.0188272,0.0368046
950,0.999728,67.0072603226,0.00300318,0.0160614,0.0367659
951,0.999704,73.001332283,0.00407403,0.021,0.0367271
952,0.999744,62.9965209961,0.00256145,0.0138957,0.0366885
953,0.999753,60.9984970093,0.0036388,0.0185706,0.0366499
954,0.99972,69.0052843094,0.0029723,0.0192588,0.0366113
955,0.999696,74.9993562698,0.00315616,0.0174968,0.0365727
956,0.999716,70.0042963028,0.00288194,0.0168018,0.0365342
957,0.9997,74.0003442764,0.00425162,0.0216067,0.0364958
958,0.999769,57.0024490356,0.00189126,0.0133284,0.0364574
959,0.999757,59.9994850159,0.00296402,0.0168618,0.036419
960,0.999643,88.001203537,0.00357844,0.0200747,0.0363806
961,0.99972,69.0052843094,0.003692,0.0177242,0.0363423
962,0.999675,79.9944162369,0.00325446,0.0175926,0.0363041
963,0.999688,76.9973802567,0.00372543,0.0204313,0.0362659
964,0.9997,74.0003442764,0.00317494,0.0168989,0.0362277
965,0.999728,67.0072603226,0.00249144,0.0166572,0.0361896
966,0.999732,65.9935569763,0.00269157,0.0183054,0.0361515
967,0.99972,69.0052843094,0.003443,0.0184113,0.0361134
968,0.999615,94.9942874908,0.00409146,0.0219829,0.0360754
969,0.999773,56.0034370422,0.00224737,0.013691,0.0360374
970,0.999821,44.0006017685,0.00161795,0.0140672,0.0359995
971,0.999769,57.0024490356,0.00221553,0.014777,0.0359616
972,0.999692,75.9983682632,0.00286821,0.0170598,0.0359237
973,0.999692,75.9983682632,0.00339193,0.0166259,0.0358859
974,0.999688,76.9973802567,0.00412792,0.0225458,0.0358481
975,0.999708,72.0023202896,0.00327429,0.0177915,0.0358104
976,0.999704,73.001332283,0.00369143,0.0185365,0.0357727
977,0.999765,58.0014610291,0.00247086,0.0164214,0.035735
978,0.99974,63.9955329895,0.00275179,0.0166281,0.0356974
979,0.999675,79.9944162369,0.00422592,0.0197995,0.0356598
980,0.999732,65.9935569763,0.0030372,0.0152347,0.0356223
981,0.999801,48.9956617355,0.00179437,0.0129241,0.0355848
982,0.999773,56.0034370422,0.0033753,0.0187196,0.0355473
983,0.999753,60.9984970093,0.00208088,0.0159663,0.0355099
984,0.999663,83.0061435699,0.00409877,0.0221223,0.0354725
985,0.999671,80.9934282303,0.00304233,0.0168868,0.0354352
986,0.999789,51.9926977158,0.00190669,0.0120375,0.0353979
987,0.99972,69.0052843094,0.00309538,0.0204669,0.0353606
988,0.999785,53.006401062,0.00254494,0.0167287,0.0353234
989,0.999732,65.9935569763,0.00274685,0.0148435,0.0352862
990,0.999773,56.0034370422,0.00260136,0.0138075,0.0352491
991,0.999704,73.001332283,0.00387203,0.0186652,0.035212
992,0.999769,57.0024490356,0.00202217,0.0151126,0.0351749
993,0.999757,59.9994850159,0.00294028,0.0180685,0.0351379
994,0.999748,61.9975090027,0.0021017,0.0154503,0.0351009
995,0.999753,60.9984970093,0.00261263,0.0149951,0.0350639
996,0.999744,62.9965209961,0.00281838,0.0181603,0.035027
997,0.999712,71.0033082962,0.00273742,0.0174281,0.0349901
998,0.999696,74.9993562698,0.00323833,0.0168218,0.0349533
999,0.999736,64.9945449829,0.0027554,0.0158824,0.0349165
1000,0.999777,55.0044250488,0.00229834,0.0147531,0.0348797
1001,0.999712,71.0033082962,0.00309428,0.0185934,0.034843
1002,0.999757,59.9994850159,0.00248447,0.0166147,0.0348063
1003,0.999838,40.0045537949,0.00179139,0.0118635,0.0347697
1004,0.999744,62.9965209961,0.0030249,0.0186664,0.0347331
1005,0.99974,63.9955329895,0.00312351,0.0172038,0.0346965
1006,0.999728,67.0072603226,0.00229734,0.0146127,0.03466
1007,0.999757,59.9994850159,0.00287756,0.0171766,0.0346235
1008,0.999757,59.9994850159,0.00230215,0.0153519,0.0345871
1009,0.999761,59.0004730225,0.00201462,0.0124401,0.0345507
1010,0.999761,59.0004730225,0.00181057,0.0143562,0.0345143
1011,0.999773,56.0034370422,0.00247485,0.0149065,0.034478
1012,0.999753,60.9984970093,0.00238504,0.0168365,0.0344417
1013,0.999663,83.0061435699,0.00319428,0.0182552,0.0344054
1014,0.999655,85.0041675568,0.00389315,0.0217259,0.0343692
1015,0.999781,54.0054130554,0.00198906,0.0140107,0.034333
1016,0.999765,58.0014610291,0.00185083,0.0135365,0.0342969
1017,0.999744,62.9965209961,0.00310217,0.0171807,0.0342608
1018,0.999748,61.9975090027,0.00192655,0.0149037,0.0342247
1019,0.999761,59.0004730225,0.00185057,0.0141259,0.0341887
1020,0.999781,54.0054130554,0.00210923,0.0147756,0.0341527
1021,0.999728,67.0072603226,0.00288931,0.0167558,0.0341167
1022,0.999712,71.0033082962,0.00304725,0.0203311,0.0340808
1023,0.999785,53.006401062,0.00225233,0.0153695,0.0340449
1024,0.999821,44.0006017685,0.00209847,0.01346,0.0340091
1025,0.999817,44.9996137619,0.00167952,0.0140631,0.0339733
1026,0.999797,49.9946737289,0.0018762,0.0134122,0.0339375
1027,0.999773,56.0034370422,0.00276406,0.0191117,0.0339018
1028,0.999712,71.0033082962,0.00362063,0.0202877,0.0338661
1029,0.999826,43.0015897751,0.00133006,0.0110046,0.0338305
1030,0.999769,57.0024490356,0.00268003,0.0167228,0.0337948
1031,0.999728,67.0072603226,0.00216679,0.0168801,0.0337593
1032,0.999789,51.9926977158,0.00268895,0.0161612,0.0337237
1033,0.999781,54.0054130554,0.00181626,0.0155561,0.0336882
1034,0.999785,53.006401062,0.00264081,0.015029,0.0336528
1035,0.999736,64.9945449829,0.00303946,0.0188784,0.0336173
1036,0.999781,54.0054130554,0.00211091,0.0157699,0.033582
1037,0.999817,44.9996137619,0.00166344,0.0127667,0.0335466
1038,0.999797,49.9946737289,0.00177617,0.0157357,0.0335113
1039,0.999716,70.0042963028,0.00306875,0.0169419,0.033476
1040,0.999716,70.0042963028,0.00314053,0.0175408,0.0334408
1041,0.999821,44.0006017685,0.00218873,0.0154074,0.0334056
1042,0.999765,58.0014610291,0.00234711,0.0133096,0.0333704
1043,0.999761,59.0004730225,0.00215762,0.013848,0.0333353
1044,0.999744,62.9965209961,0.00229086,0.0163799,0.0333002
1045,0.999757,59.9994850159,0.00322496,0.0152878,0.0332651
1046,0.999789,51.9926977158,0.00200337,0.0138355,0.0332301
1047,0.999797,49.9946737289,0.00143959,0.0134815,0.0331951
1048,0.999736,64.9945449829,0.00266836,0.0172909,0.0331602
1049,0.999716,70.0042963028,0.00345098,0.0200063,0.0331253
1050,0.999777,55.0044250488,0.00233118,0.0173848,0.0330904
1051,0.999777,55.0044250488,0.0020347,0.0145639,0.0330556
1052,0.999716,70.0042963028,0.00336104,0.0217136,0.0330208
1053,0.999728,67.0072603226,0.00250321,0.0186817,0.032986
1054,0.999777,55.0044250488,0.00243905,0.0143706,0.0329513
1055,0.999712,71.0033082962,0.00321702,0.0168148,0.0329166
1056,0.999793,50.9936857224,0.00200433,0.014911,0.0328819
1057,0.99974,63.9955329895,0.00232586,0.0165124,0.0328473
1058,0.999757,59.9994850159,0.00265662,0.0182032,0.0328127
1059,0.999777,55.0044250488,0.00179889,0.0123266,0.0327782
1060,0.999785,53.006401062,0.00198723,0.0136511,0.0327437
1061,0.99974,63.9955329895,0.00266783,0.0184969,0.0327092
1062,0.999761,59.0004730225,0.00214137,0.0149189,0.0326748
1063,0.999785,53.006401062,0.00226541,0.0155223,0.0326404
1064,0.999817,44.9996137619,0.00142241,0.0121578,0.032606
1065,0.999789,51.9926977158,0.00210981,0.0141231,0.0325717
1066,0.999817,44.9996137619,0.0016419,0.0129488,0.0325374
1067,0.999773,56.0034370422,0.00198249,0.0152928,0.0325032
1068,0.999773,56.0034370422,0.00193617,0.01313,0.032469
1069,0.999744,62.9965209961,0.00260673,0.0168662,0.0324348
1070,0.999801,48.9956617355,0.00160523,0.0120256,0.0324006
1071,0.999761,59.0004730225,0.00245774,0.014885,0.0323665
1072,0.999785,53.006401062,0.00236323,0.0149841,0.0323324
1073,0.999769,57.0024490356,0.00285205,0.0148362,0.0322984
1074,0.999765,58.0014610291,0.00313211,0.0177103,0.0322644
1075,0.999716,70.0042963028,0.00276435,0.0170427,0.0322304
1076,0.999801,48.9956617355,0.00183196,0.0130594,0.0321965
1077,0.999809,46.9976377487,0.0024442,0.0148898,0.0321626
1078,0.9997,74.0003442764,0.00370926,0.0210745,0.0321288
1079,0.999765,58.0014610291,0.00288311,0.0158863,0.0320949
1080,0.999834,41.0035657883,0.00187486,0.0130229,0.0320612
1081,0.999805,47.9966497421,0.00146768,0.0123666,0.0320274
1082,0.999838,40.0045537949,0.00125156,0.010948,0.0319937
1083,0.999777,55.0044250488,0.00226034,0.0142198,0.03196
1084,0.999781,54.0054130554,0.00182648,0.0137297,0.0319264
1085,0.999838,40.0045537949,0.00187845,0.012191,0.0318928
1086,0.999813,45.9986257553,0.00235377,0.0181028,0.0318592
1087,0.999797,49.9946737289,0.00189273,0.0131296,0.0318256
1088,0.999789,51.9926977158,0.00186497,0.0144087,0.0317921
1089,0.999805,47.9966497421,0.00178672,0.0133198,0.0317587
1090,0.99974,63.9955329895,0.00237847,0.0158255,0.0317252
1091,0.999773,56.0034370422,0.00213354,0.0135826,0.0316918
1092,0.999765,58.0014610291,0.00256583,0.0171101,0.0316585
1093,0.999793,50.9936857224,0.00207474,0.0142875,0.0316252
1094,0.999765,58.0014610291,0.00190636,0.0138291,0.0315919
1095,0.999781,54.0054130554,0.00194957,0.0173223,0.0315586
1096,0.999789,51.9926977158,0.00184198,0.0137178,0.0315254
1097,0.999789,51.9926977158,0.00216966,0.0157719,0.0314922
1098,0.999765,58.0014610291,0.00176021,0.0135241,0.031459
1099,0.999793,50.9936857224,0.0021929,0.0134476,0.0314259
1100,0.999728,67.0072603226,0.00263715,0.016781,0.0313928
1101,0.999736,64.9945449829,0.00312346,0.0196643,0.0313598
1102,0.999744,62.9965209961,0.00195426,0.0140866,0.0313268
1103,0.99983,42.0025777817,0.00143728,0.0120023,0.0312938
1104,0.999781,54.0054130554,0.00272088,0.0196704,0.0312609
1105,0.999834,41.0035657883,0.00130225,0.011684,0.031228
1106,0.999838,40.0045537949,0.00187498,0.0134597,0.0311951
1107,0.999805,47.9966497421,0.00184775,0.0129804,0.0311622
1108,0.999773,56.0034370422,0.00181415,0.0126812,0.0311294
1109,0.999801,48.9956617355,0.00195536,0.0134065,0.0310967
1110,0.999789,51.9926977158,0.00214078,0.0147374,0.0310639
1111,0.999882,29.0007305145,0.000928995,0.0100427,0.0310312
1112,0.999765,58.0014610291,0.00206101,0.0145127,0.0309986
1113,0.999785,53.006401062,0.00213381,0.0148558,0.0309659
1114,0.999793,50.9936857224,0.00155763,0.0122372,0.0309333
1115,0.999797,49.9946737289,0.00191078,0.0131322,0.0309008
1116,0.999821,44.0006017685,0.00127559,0.0110796,0.0308682
1117,0.999781,54.0054130554,0.0022777,0.0155304,0.0308357
1118,0.999809,46.9976377487,0.00197939,0.014818,0.0308033
1119,0.999773,56.0034370422,0.00266347,0.0150314,0.0307709
1120,0.999813,45.9986257553,0.0014773,0.0128751,0.0307385
1121,0.999854,35.9938144684,0.00114949,0.0108368,0.0307061
1122,0.999793,50.9936857224,0.00209586,0.0134507,0.0306738
1123,0.999797,49.9946737289,0.00153435,0.0131523,0.0306415
1124,0.999781,54.0054130554,0.00182793,0.0138786,0.0306092
1125,0.999728,67.0072603226,0.00262879,0.017301,0.030577
1126,0.999817,44.9996137619,0.00139312,0.0148948,0.0305448
1127,0.999781,54.0054130554,0.00211952,0.0153237,0.0305127
1128,0.99983,42.0025777817,0.00138267,0.0146081,0.0304805
1129,0.999826,43.0015897751,0.00146973,0.0121361,0.0304485
1130,0.999838,40.0045537949,0.00157967,0.0113688,0.0304164
1131,0.999813,45.9986257553,0.00162894,0.0141855,0.0303844
1132,0.999769,57.0024490356,0.00196186,0.013185,0.0303524
1133,0.99983,42.0025777817,0.00121385,0.0123448,0.0303204
1134,0.999813,45.9986257553,0.00155363,0.0121662,0.0302885
1135,0.999773,56.0034370422,0.00231836,0.017579,0.0302566
1136,0.999777,55.0044250488,0.00189516,0.0154655,0.0302248
1137,0.999785,53.006401062,0.00152315,0.0136088,0.030193
1138,0.999736,64.9945449829,0.0024594,0.0180068,0.0301612
1139,0.999826,43.0015897751,0.00165223,0.0111713,0.0301294
1140,0.999826,43.0015897751,0.00138586,0.0110725,0.0300977
1141,0.999834,41.0035657883,0.00149976,0.0113905,0.030066
1142,0.999838,40.0045537949,0.00183452,0.0164895,0.0300344
1143,0.999842,39.0055418015,0.00133863,0.0120757,0.0300028
1144,0.999789,51.9926977158,0.00263277,0.017857,0.0299712
1145,0.999773,56.0034370422,0.00228085,0.0166989,0.0299396
1146,0.999809,46.9976377487,0.00135875,0.0117884,0.0299081
1147,0.999773,56.0034370422,0.00276328,0.0176544,0.0298766
1148,0.999777,55.0044250488,0.00188807,0.0138462,0.0298452
1149,0.999813,45.9986257553,0.00188353,0.0145828,0.0298138
1150,0.999793,50.9936857224,0.00171398,0.0146185,0.0297824
1151,0.999761,59.0004730225,0.002082,0.013411,0.029751
1152,0.999817,44.9996137619,0.00178161,0.0147048,0.0297197
1153,0.99983,42.0025777817,0.00127139,0.0118163,0.0296884
1154,0.999826,43.0015897751,0.00170777,0.0129079,0.0296572
1155,0.999842,39.0055418015,0.00140947,0.0109684,0.0296259
1156,0.999817,44.9996137619,0.00148956,0.0109264,0.0295948
1157,0.999765,58.0014610291,0.00238616,0.0168525,0.0295636
1158,0.999765,58.0014610291,0.00267091,0.0197393,0.0295325
1159,0.999781,54.0054130554,0.00155084,0.0155929,0.0295014
1160,0.999769,57.0024490356,0.00187449,0.0146622,0.0294703
1161,0.999765,58.0014610291,0.00216681,0.0168941,0.0294393
1162,0.999826,43.0015897751,0.00197872,0.0141301,0.0294083
1163,0.999862,33.9957904816,0.0013502,0.014969,0.0293774
1164,0.999773,56.0034370422,0.00207433,0.0147336,0.0293464
1165,0.999805,47.9966497421,0.00186386,0.0175057,0.0293155
1166,0.999854,35.9938144684,0.00100772,0.00995891,0.0292847
1167,0.999826,43.0015897751,0.00142774,0.0110447,0.0292539
1168,0.999785,53.006401062,0.00203092,0.0171577,0.0292231
1169,0.999842,39.0055418015,0.00126726,0.0110901,0.0291923
1170,0.999846,38.006529808,0.00144965,0.01168,0.0291616
1171,0.999785,53.006401062,0.00214608,0.0188665,0.0291309
1172,0.999834,41.0035657883,0.00128498,0.0134176,0.0291002
1173,0.999821,44.0006017685,0.00125205,0.0130438,0.0290696
1174,0.999821,44.0006017685,0.00217003,0.0160158,0.029039
1175,0.99983,42.0025777817,0.00178503,0.0163627,0.0290084
1176,0.999834,41.0035657883,0.00187587,0.0128705,0.0289779
1177,0.999834,41.0035657883,0.0014503,0.013003,0.0289474
1178,0.999826,43.0015897751,0.00160986,0.014199,0.0289169
1179,0.999838,40.0045537949,0.00135358,0.0106184,0.0288864
1180,0.999805,47.9966497421,0.00165094,0.0144241,0.028856
1181,0.999805,47.9966497421,0.00172786,0.0147039,0.0288256
1182,0.999838,40.0045537949,0.00111918,0.0110304,0.0287953
1183,0.999805,47.9966497421,0.00169637,0.0142573,0.028765
1184,0.999862,33.9957904816,0.00112834,0.0101895,0.0287347
1185,0.999838,40.0045537949,0.00140554,0.0108526,0.0287045
1186,0.99987,31.9977664948,0.000944276,0.00835833,0.0286742
1187,0.99985,36.9928264618,0.000976471,0.0118517,0.0286441
1188,0.99987,31.9977664948,0.00126678,0.010931,0.0286139
1189,0.999777,55.0044250488,0.00162648,0.013264,0.0285838
1190,0.999809,46.9976377487,0.00204093,0.0135049,0.0285537
1191,0.999826,43.0015897751,0.00110509,0.011452,0.0285236
1192,0.999821,44.0006017685,0.00173424,0.0163125,0.0284936
1193,0.999805,47.9966497421,0.00141016,0.0128398,0.0284636
1194,0.999846,38.006529808,0.000999732,0.0110162,0.0284336
1195,0.999846,38.006529808,0.00128745,0.0149827,0.0284037
1196,0.999821,44.0006017685,0.00176123,0.0147816,0.0283738
1197,0.99985,36.9928264618,0.00147954,0.0133953,0.0283439
1198,0.999882,29.0007305145,0.000726397,0.0124583,0.0283141
1199,0.999797,49.9946737289,0.00228699,0.0191563,0.0282843
1200,0.999886,28.0017185211,0.000931446,0.00923356,0.0282545
1201,0.999882,29.0007305145,0.00105462,0.00903819,0.0282248
1202,0.999886,28.0017185211,0.000926798,0.012516,0.0281951
1203,0.999862,33.9957904816,0.00127716,0.0097784,0.0281654
1204,0.999826,43.0015897751,0.00132891,0.0132506,0.0281357
1205,0.999838,40.0045537949,0.00113314,0.0121775,0.0281061
1206,0.999834,41.0035657883,0.00158103,0.01424,0.0280765
1207,0.999846,38.006529808,0.00141999,0.0150388,0.028047
1208,0.999886,28.0017185211,0.000818056,0.0110825,0.0280175
1209,0.999862,33.9957904816,0.00141566,0.0130059,0.027988
1210,0.999842,39.0055418015,0.00144744,0.0125338,0.0279585
1211,0.999813,45.9986257553,0.00194218,0.0164528,0.0279291
1212,0.999785,53.006401062,0.0014764,0.014263,0.0278997
1213,0.999813,45.9986257553,0.00147237,0.0114158,0.0278703
1214,0.999826,43.0015897751,0.00189869,0.0173405,0.0278409
1215,0.99985,36.9928264618,0.0009624,0.0107186,0.0278116
1216,0.999797,49.9946737289,0.00158985,0.0128796,0.0277824
1217,0.99983,42.0025777817,0.00163288,0.0113393,0.0277531
1218,0.99987,31.9977664948,0.00140734,0.012334,0.0277239
1219,0.999838,40.0045537949,0.00144138,0.0117963,0.0276947
1220,0.999838,40.0045537949,0.00116798,0.0135099,0.0276656
1221,0.999813,45.9986257553,0.00209423,0.0158133,0.0276364
1222,0.999854,35.9938144684,0.000944287,0.0111903,0.0276073
1223,0.99985,36.9928264618,0.00131487,0.0112809,0.0275783
1224,0.999858,34.994802475,0.00126106,0.0123133,0.0275493
1225,0.99987,31.9977664948,0.00100514,0.0122175,0.0275202
1226,0.999846,38.006529808,0.000882413,0.010362,0.0274913
1227,0.999903,24.0056705475,0.000625012,0.00803823,0.0274623
1228,0.999838,40.0045537949,0.00161282,0.0146962,0.0274334
1229,0.99985,36.9928264618,0.00111449,0.0135433,0.0274045
1230,0.999882,29.0007305145,0.000650967,0.00806176,0.0273757
1231,0.999911,21.9929552078,0.000438927,0.00881063,0.0273469
1232,0.999846,38.006529808,0.000905816,0.00986648,0.0273181
1233,0.999805,47.9966497421,0.00193631,0.0149877,0.0272893
1234,0.999862,33.9957904816,0.00110065,0.0101233,0.0272606
1235,0.999793,50.9936857224,0.00164834,0.0135045,0.0272319
1236,0.999801,48.9956617355,0.00245069,0.0168654,0.0272032
1237,0.999862,33.9957904816,0.00100604,0.00885115,0.0271746
1238,0.999862,33.9957904816,0.000881645,0.0105329,0.027146
1239,0.999777,55.0044250488,0.00188273,0.0159673,0.0271174
1240,0.999886,28.0017185211,0.000865531,0.00892167,0.0270889
1241,0.999858,34.994802475,0.000768237,0.00949675,0.0270604
1242,0.999866,32.9967784882,0.000972905,0.0107253,0.0270319
1243,0.999886,28.0017185211,0.00080657,0.0124521,0.0270034
1244,0.999834,41.0035657883,0.00208578,0.0154931,0.026975
1245,0.999842,39.0055418015,0.0017838,0.0146714,0.0269466
1246,0.999878,29.9997425079,0.00123891,0.0136933,0.0269182
1247,0.999894,26.0036945343,0.000863901,0.010606,0.0268899
1248,0.999858,34.994802475,0.00145818,0.0149832,0.0268616
1249,0.999846,38.006529808,0.00125306,0.0117531,0.0268333
1250,0.999846,38.006529808,0.00168225,0.0132334,0.0268051
1251,0.999866,32.9967784882,0.00097748,0.00870759,0.0267768
1252,0.99987,31.9977664948,0.000824307,0.0127833,0.0267486
1253,0.999862,33.9957904816,0.000765364,0.00969193,0.0267205
1254,0.999866,32.9967784882,0.00104489,0.0109515,0.0266924
1255,0.999874,30.9987545013,0.000883774,0.00928915,0.0266643
1256,0.999878,29.9997425079,0.000775193,0.00847546,0.0266362
1257,0.999903,24.0056705475,0.000843685,0.0083587,0.0266081
1258,0.99989,27.0027065277,0.000633264,0.0100114,0.0265801
1259,0.99989,27.0027065277,0.000776925,0.00848047,0.0265522
1260,0.999854,35.9938144684,0.00157549,0.0130925,0.0265242
1261,0.999854,35.9938144684,0.000788869,0.0105657,0.0264963
1262,0.999838,40.0045537949,0.00132499,0.0113742,0.0264684
1263,0.999862,33.9957904816,0.00103349,0.0108482,0.0264405
1264,0.999862,33.9957904816,0.00109784,0.011767,0.0264127
1265,0.99985,36.9928264618,0.00104662,0.0124244,0.0263849
1266,0.999821,44.0006017685,0.0016596,0.0155683,0.0263571
1267,0.999821,44.0006017685,0.00153578,0.0143072,0.0263294
1268,0.99989,27.0027065277,0.000509437,0.00897024,0.0263017
1269,0.999874,30.9987545013,0.000930077,0.0115954,0.026274
1270,0.999907,23.0066585541,0.000678324,0.0080249,0.0262463
1271,0.99985,36.9928264618,0.00119636,0.0134562,0.0262187
1272,0.999886,28.0017185211,0.000732198,0.00986002,0.0261911
1273,0.99989,27.0027065277,0.000768851,0.0089748,0.0261635
1274,0.99983,42.0025777817,0.00154947,0.0182686,0.026136
1275,0.999846,38.006529808,0.000903375,0.0107398,0.0261084
1276,0.999809,46.9976377487,0.00178827,0.0138717,0.026081
1277,0.999866,32.9967784882,0.000975969,0.0100184,0.0260535
1278,0.999882,29.0007305145,0.00127893,0.0138332,0.0260261
1279,0.99985,36.9928264618,0.00145743,0.0128019,0.0259987
1280,0.999915,20.9939432144,0.000693011,0.0083,0.0259713
1281,0.999862,33.9957904816,0.000923281,0.0102849,0.025944
1282,0.999878,29.9997425079,0.000945599,0.0100161,0.0259167
1283,0.99985,36.9928264618,0.00161788,0.0119585,0.0258894
1284,0.99989,27.0027065277,0.000537947,0.0118014,0.0258621
1285,0.999878,29.9997425079,0.000876249,0.0102704,0.0258349
1286,0.999882,29.0007305145,0.000765245,0.0094915,0.0258077
1287,0.999842,39.0055418015,0.00105744,0.0115075,0.0257805
1288,0.999911,21.9929552078,0.000771524,0.00711857,0.0257534
1289,0.999878,29.9997425079,0.00100898,0.0115134,0.0257263
1290,0.999874,30.9987545013,0.00101487,0.010157,0.0256992
1291,0.999846,38.006529808,0.00168275,0.0155629,0.0256721
1292,0.999854,35.9938144684,0.00132984,0.0134372,0.0256451
1293,0.999894,26.0036945343,0.000540783,0.00902127,0.0256181
1294,0.99985,36.9928264618,0.00127357,0.0114326,0.0255912
1295,0.999894,26.0036945343,0.000728666,0.0086758,0.0255642
1296,0.999866,32.9967784882,0.00121352,0.0132275,0.0255373
1297,0.999923,18.9959192276,0.000505905,0.00607179,0.0255104
1298,0.999903,24.0056705475,0.000851923,0.00864266,0.0254836
1299,0.999866,32.9967784882,0.0007783,0.00892419,0.0254567
1300,0.999858,34.994802475,0.00109137,0.0118199,0.0254299
1301,0.999846,38.006529808,0.00114778,0.013237,0.0254032
1302,0.999894,26.0036945343,0.000991086,0.00947977,0.0253764
1303,0.999899,25.0046825409,0.000675248,0.0107289,0.0253497
1304,0.999915,20.9939432144,0.00068963,0.00926792,0.025323
1305,0.999903,24.0056705475,0.000658754,0.0085207,0.0252964
1306,0.999903,24.0056705475,0.000886613,0.0116217,0.0252697
1307,0.99989,27.0027065277,0.00102839,0.00990951,0.0252431
1308,0.999927,17.9969072342,0.000421279,0.0075922,0.0252166
1309,0.999899,25.0046825409,0.000817314,0.00926197,0.02519
1310,0.999874,30.9987545013,0.000923131,0.00963723,0.0251635
1311,0.99985,36.9928264618,0.0013224,0.0138578,0.025137
1312,0.999878,29.9997425079,0.00105541,0.00976977,0.0251106
1313,0.999886,28.0017185211,0.000648717,0.00925645,0.0250841
1314,0.999911,21.9929552078,0.000722982,0.00843554,0.0250577
1315,0.999874,30.9987545013,0.00123371,0.0132123,0.0250313
1316,0.999862,33.9957904816,0.00117709,0.012507,0.025005
1317,0.999911,21.9929552078,0.00059447,0.00864861,0.0249787
1318,0.999907,23.0066585541,0.000802791,0.00837845,0.0249524
1319,0.999886,28.0017185211,0.000727907,0.011635,0.0249261
1320,0.999874,30.9987545013,0.000854568,0.00959214,0.0248999
1321,0.99987,31.9977664948,0.000880556,0.0108568,0.0248736
1322,0.999866,32.9967784882,0.0011374,0.0139996,0.0248475
1323,0.999846,38.006529808,0.000995449,0.0124296,0.0248213
1324,0.999899,25.0046825409,0.00073958,0.00873351,0.0247952
1325,0.999886,28.0017185211,0.000754727,0.00822391,0.0247691
1326,0.999915,20.9939432144,0.000463211,0.00811907,0.024743
1327,0.999878,29.9997425079,0.00102485,0.0135707,0.0247169
1328,0.999842,39.0055418015,0.000966286,0.0113583,0.0246909
1329,0.999886,28.0017185211,0.00120407,0.0141082,0.0246649
1330,0.999894,26.0036945343,0.000723765,0.0105792,0.024639
1331,0.999915,20.9939432144,0.000398932,0.00917438,0.024613
1332,0.999915,20.9939432144,0.00067762,0.00825446,0.0245871
1333,0.999919,19.994931221,0.000632786,0.0101622,0.0245612
1334,0.999947,13.0018472672,0.000429056,0.00741498,0.0245354
1335,0.999927,17.9969072342,0.000426171,0.0089279,0.0245096
1336,0.999915,20.9939432144,0.000369477,0.00910412,0.0244838
1337,0.999878,29.9997425079,0.000897822,0.00953414,0.024458
1338,0.999846,38.006529808,0.001083,0.0108495,0.0244322
1339,0.99989,27.0027065277,0.000608311,0.00931986,0.0244065
1340,0.999907,23.0066585541,0.000570332,0.00822182,0.0243808
1341,0.999862,33.9957904816,0.00113675,0.0138787,0.0243552
1342,0.999846,38.006529808,0.00132174,0.0148028,0.0243295
1343,0.999894,26.0036945343,0.000716932,0.0103369,0.0243039
1344,0.999886,28.0017185211,0.000747979,0.00886443,0.0242783
1345,0.99989,27.0027065277,0.000689916,0.00963984,0.0242528
1346,0.999882,29.0007305145,0.000849196,0.0121496,0.0242272
1347,0.999947,13.0018472672,0.000328943,0.00577333,0.0242017
1348,0.999935,15.9988832474,0.000631455,0.00724743,0.0241762
1349,0.999931,16.9978952408,0.00053725,0.00697017,0.0241508
1350,0.999911,21.9929552078,0.000454098,0.00882719,0.0241254
1351,0.999923,18.9959192276,0.000502757,0.00592091,0.0241
1352,0.999911,21.9929552078,0.000617726,0.00825156,0.0240746
1353,0.999886,28.0017185211,0.00105267,0.0135757,0.0240493
1354,0.999854,35.9938144684,0.000993097,0.0106836,0.0240239
1355,0.999899,25.0046825409,0.000711287,0.00797082,0.0239987
1356,0.99985,36.9928264618,0.00123616,0.0132116,0.0239734
1357,0.999919,19.994931221,0.000446328,0.00694747,0.0239482
1358,0.999874,30.9987545013,0.00055188,0.0101804,0.0239229
1359,0.999882,29.0007305145,0.000805031,0.0112153,0.0238978
1360,0.999862,33.9957904816,0.0012241,0.0136963,0.0238726
1361,0.99987,31.9977664948,0.00119693,0.0162148,0.0238475
1362,0.999907,23.0066585541,0.000683957,0.0113154,0.0238224
1363,0.999874,30.9987545013,0.000776194,0.0116872,0.0237973
1364,0.999935,15.9988832474,0.000266944,0.00711541,0.0237722
1365,0.99987,31.9977664948,0.00075852,0.0120382,0.0237472
1366,0.999907,23.0066585541,0.000483437,0.00843371,0.0237222
1367,0.999943,14.0008592606,0.000336079,0.00726866,0.0236972
1368,0.999927,17.9969072342,0.00058643,0.00824213,0.0236723
1369,0.999911,21.9929552078,0.000568921,0.00888846,0.0236474
1370,0.999907,23.0066585541,0.000524647,0.00788679,0.0236225
1371,0.999935,15.9988832474,0.000454499,0.00656526,0.0235976
1372,0.999907,23.0066585541,0.00102633,0.0138571,0.0235728
1373,0.999821,44.0006017685,0.00143271,0.0145623,0.023548
1374,0.999894,26.0036945343,0.00066207,0.0076003,0.0235232
1375,0.999907,23.0066585541,0.000569488,0.00937109,0.0234984
1376,0.999939,14.999871254,0.000621049,0.00758855,0.0234737
1377,0.99989,27.0027065277,0.000748419,0.0113199,0.023449
1378,0.999915,20.9939432144,0.000766759,0.00953749,0.0234243
1379,0.999923,18.9959192276,0.00044632,0.00683651,0.0233996
1380,0.999862,33.9957904816,0.001007,0.0127102,0.023375
1381,0.999874,30.9987545013,0.000941993,0.00961699,0.0233504
1382,0.999903,24.0056705475,0.00114698,0.0122199,0.0233258
1383,0.999915,20.9939432144,0.000664669,0.00866979,0.0233012
1384,0.999943,14.0008592606,0.000375638,0.00658391,0.0232767
1385,0.999919,19.994931221,0.000624038,0.00778392,0.0232522
1386,0.999899,25.0046825409,0.000604177,0.0116827,0.0232277
1387,0.999878,29.9997425079,0.000861502,0.0128389,0.0232033
1388,0.999874,30.9987545013,0.00066077,0.0113408,0.0231788
1389,0.99987,31.9977664948,0.000842619,0.0101518,0.0231544
1390,0.999919,19.994931221,0.000871656,0.00994865,0.0231301
1391,0.999903,24.0056705475,0.000482024,0.00772797,0.0231057
1392,0.999915,20.9939432144,0.000459819,0.00837057,0.0230814
1393,0.99989,27.0027065277,0.000748763,0.0114474,0.0230571
1394,0.999915,20.9939432144,0.000632336,0.0090835,0.0230328
1395,0.99989,27.0027065277,0.000713411,0.0103513,0.0230086
1396,0.999911,21.9929552078,0.000574883,0.00945098,0.0229844
1397,0.999923,18.9959192276,0.000396503,0.00783087,0.0229602
1398,0.999907,23.0066585541,0.000862629,0.0122168,0.022936
1399,0.999903,24.0056705475,0.00090701,0.0119659,0.0229118
1400,0.999899,25.0046825409,0.000862162,0.0117602,0.0228877
1401,0.999919,19.994931221,0.000616811,0.00817317,0.0228636
1402,0.999907,23.0066585541,0.000580716,0.0085266,0.0228396
1403,0.999894,26.0036945343,0.000861057,0.0121901,0.0228155
1404,0.999923,18.9959192276,0.000475848,0.00820405,0.0227915
1405,0.999903,24.0056705475,0.000518891,0.011249,0.0227675
1406,0.999931,16.9978952408,0.00055506,0.00910634,0.0227435
1407,0.999915,20.9939432144,0.000542966,0.00669149,0.0227196
1408,0.999947,13.0018472672,0.000204318,0.00671924,0.0226957
1409,0.999947,13.0018472672,0.000288422,0.00619769,0.0226718
1410,0.999955,11.0038232803,0.000254021,0.00532571,0.0226479
1411,0.999943,14.0008592606,0.000343029,0.00781391,0.0226241
1412,0.999882,29.0007305145,0.000748205,0.0103355,0.0226003
1413,0.999935,15.9988832474,0.000414743,0.00767603,0.0225765
1414,0.999919,19.994931221,0.000614876,0.00836597,0.0225527
1415,0.99987,31.9977664948,0.000941777,0.0117888,0.022529
1416,0.99989,27.0027065277,0.000649411,0.0083414,0.0225053
1417,0.99987,31.9977664948,0.000694023,0.010012,0.0224816
1418,0.999882,29.0007305145,0.000982499,0.0147294,0.0224579
1419,0.999919,19.994931221,0.000733837,0.0117505,0.0224343
1420,0.999911,21.9929552078,0.000498904,0.00814517,0.0224106
1421,0.999943,14.0008592606,0.000483764,0.00613899,0.022387
1422,0.999939,14.999871254,0.000319302,0.00592762,0.0223635
1423,0.999939,14.999871254,0.000305697,0.00676371,0.0223399
1424,0.999927,17.9969072342,0.000436355,0.00791111,0.0223164
1425,0.999931,16.9978952408,0.000347882,0.00703011,0.0222929
1426,0.999939,14.999871254,0.000282028,0.00662191,0.0222695
1427,0.999903,24.0056705475,0.000493124,0.00975012,0.022246
1428,0.999911,21.9929552078,0.000775737,0.0111404,0.0222226
1429,0.999894,26.0036945343,0.000618912,0.0100043,0.0221992
1430,0.999907,23.0066585541,0.000987821,0.0116842,0.0221758
1431,0.999927,17.9969072342,0.00048547,0.00752542,0.0221525
1432,0.999911,21.9929552078,0.000461845,0.00961426,0.0221292
1433,0.999963,9.00579929352,0.00020946,0.00576821,0.0221059
1434,0.999931,16.9978952408,0.000417613,0.00769322,0.0220826
1435,0.999923,18.9959192276,0.000762751,0.0125232,0.0220594
1436,0.999915,20.9939432144,0.000408431,0.00678814,0.0220361
1437,0.999886,28.0017185211,0.00104007,0.0124617,0.0220129
1438,0.999927,17.9969072342,0.000411442,0.00814965,0.0219898
1439,0.999911,21.9929552078,0.000681903,0.0103701,0.0219666
1440,0.999931,16.9978952408,0.000359622,0.0068478,0.0219435
1441,0.99989,27.0027065277,0.00100445,0.0129944,0.0219204
1442,0.999915,20.9939432144,0.000658592,0.00956947,0.0218973
1443,0.999907,23.0066585541,0.000811443,0.0104196,0.0218743
1444,0.999923,18.9959192276,0.000501704,0.0097645,0.0218512
1445,0.999935,15.9988832474,0.00048449,0.00879421,0.0218282
1446,0.999947,13.0018472672,0.000317069,0.00609159,0.0218053
1447,0.999915,20.9939432144,0.000461598,0.00823404,0.0217823
1448,0.999951,12.0028352737,0.000292407,0.00551797,0.0217594
1449,0.999939,14.999871254,0.000442126,0.00757084,0.0217365
1450,0.999963,9.00579929352,0.000176786,0.00463033,0.0217136
1451,0.999943,14.0008592606,0.000223574,0.0066697,0.0216907
1452,0.999919,19.994931221,0.000482867,0.00804548,0.0216679
1453,0.999923,18.9959192276,0.000402269,0.00877862,0.0216451
1454,0.999923,18.9959192276,0.000489501,0.00844668,0.0216223
1455,0.999943,14.0008592606,0.000286383,0.00737095,0.0215995
1456,0.999927,17.9969072342,0.000387175,0.00720781,0.0215768
1457,0.999947,13.0018472672,0.000330932,0.00560539,0.0215541
1458,0.999951,12.0028352737,0.000277134,0.00576208,0.0215314
1459,0.999919,19.994931221,0.000443069,0.00730388,0.0215087
1460,0.999927,17.9969072342,0.000465708,0.00778557,0.0214861
1461,0.999947,13.0018472672,0.000324252,0.00623905,0.0214635
1462,0.999931,16.9978952408,0.00039841,0.00759222,0.0214409
1463,0.999931,16.9978952408,0.000422843,0.0102644,0.0214183
1464,0.999955,11.0038232803,0.00024192,0.00553953,0.0213957
1465,0.999951,12.0028352737,0.000253512,0.00635187,0.0213732
1466,0.999935,15.9988832474,0.000425503,0.00572878,0.0213507
1467,0.999955,11.0038232803,0.000363011,0.0068579,0.0213282
1468,0.999935,15.9988832474,0.000420671,0.00734313,0.0213058
1469,0.999903,24.0056705475,0.000831309,0.0125858,0.0212834
1470,0.999951,12.0028352737,0.000197392,0.00574058,0.021261
1471,0.99998,4.99505996704,0.000238983,0.00501278,0.0212386
1472,0.999907,23.0066585541,0.000547796,0.00861911,0.0212162
1473,0.999931,16.9978952408,0.000389189,0.00772685,0.0211939
1474,0.999951,12.0028352737,0.000328791,0.00658603,0.0211716
1475,0.999903,24.0056705475,0.000565873,0.01109,0.0211493
1476,0.999935,15.9988832474,0.000371435,0.00702695,0.021127
1477,0.999899,25.0046825409,0.00078537,0.0129903,0.0211048
1478,0.999935,15.9988832474,0.000267598,0.00751635,0.0210826
1479,0.999931,16.9978952408,0.000576102,0.00994212,0.0210604
1480,0.999955,11.0038232803,0.000276977,0.0061487,0.0210382
1481,0.999935,15.9988832474,0.000711498,0.0115642,0.0210161
1482,0.999963,9.00579929352,0.000190497,0.00578843,0.0209939
1483,0.999939,14.999871254,0.000321108,0.00728362,0.0209718
1484,0.999915,20.9939432144,0.000833233,0.0120503,0.0209497
1485,0.999923,18.9959192276,0.000349931,0.00672991,0.0209277
1486,0.999923,18.9959192276,0.000663915,0.011235,0.0209057
1487,0.999907,23.0066585541,0.000754841,0.0100477,0.0208837
1488,0.999915,20.9939432144,0.000499644,0.00772617,0.0208617
1489,0.999951,12.0028352737,0.000215446,0.00552105,0.0208397
1490,0.999955,11.0038232803,0.000150997,0.00526464,0.0208178
1491,0.999947,13.0018472672,0.000292967,0.00668366,0.0207959
1492,0.999911,21.9929552078,0.000540047,0.00780762,0.020774
1493,0.999935,15.9988832474,0.000266152,0.00669097,0.0207521
1494,0.999939,14.999871254,0.000251567,0.00624792,0.0207303
1495,0.999943,14.0008592606,0.000362133,0.00651745,0.0207084
1496,0.999951,12.0028352737,0.000272892,0.00643189,0.0206866
1497,0.999947,13.0018472672,0.000289223,0.00612709,0.0206649
1498,0.999915,20.9939432144,0.000634868,0.012161,0.0206431
1499,0.999927,17.9969072342,0.000441565,0.0107464,0.0206214
1500,0.999955,11.0038232803,0.000285098,0.0057451,0.0205997
1501,0.999899,25.0046825409,0.00065031,0.0114077,0.020578
1502,0.999939,14.999871254,0.000369485,0.0100086,0.0205563
1503,0.999943,14.0008592606,0.000390903,0.00685915,0.0205347
1504,0.999927,17.9969072342,0.000392866,0.00801112,0.0205131
1505,0.999955,11.0038232803,0.000269999,0.006825,0.0204915
1506,0.999919,19.994931221,0.000775445,0.0117854,0.0204699
1507,0.999943,14.0008592606,0.00029335,0.00648624,0.0204483
1508,0.999931,16.9978952408,0.00027535,0.00672059,0.0204268
1509,0.999923,18.9959192276,0.000712757,0.0114087,0.0204053
1510,0.999955,11.0038232803,0.000549533,0.0097256,0.0203838
1511,0.999951,12.0028352737,0.000502479,0.0104085,0.0203624
1512,0.999972,6.99308395386,0.000121583,0.00395099,0.0203409
1513,0.999963,9.00579929352,0.000169018,0.0062368,0.0203195
1514,0.999951,12.0028352737,0.000240336,0.00793254,0.0202981
1515,0.999947,13.0018472672,0.00029626,0.00648766,0.0202768
1516,0.999931,16.9978952408,0.000366554,0.00631763,0.0202554
1517,0.999951,12.0028352737,0.000289601,0.00520695,0.0202341
1518,0.999935,15.9988832474,0.000465802,0.00955713,0.0202128
1519,0.999951,12.0028352737,0.00026162,0.00858632,0.0201915
1520,0.999976,5.99407196045,6.20737e-05,0.00310624,0.0201703
1521,0.999963,9.00579929352,0.000221594,0.00547756,0.020149
1522,0.999968,8.00678730011,0.000237765,0.00508682,0.0201278
1523,0.999947,13.0018472672,0.000341368,0.00511395,0.0201066
1524,0.99998,4.99505996704,0.000212342,0.00492093,0.0200855
1525,0.999919,19.994931221,0.000338483,0.00715083,0.0200643
1526,0.999951,12.0028352737,0.000337294,0.00676383,0.0200432
1527,0.99998,4.99505996704,5.68351e-05,0.00419695,0.0200221
1528,0.999963,9.00579929352,0.000109471,0.00671861,0.020001
1529,0.999959,10.0048112869,0.000219758,0.00827988,0.01998
1530,0.999947,13.0018472672,0.000528082,0.0103313,0.0199589
1531,0.999931,16.9978952408,0.000576906,0.00982553,0.0199379
1532,0.999939,14.999871254,0.000510249,0.0109738,0.0199169
1533,0.999947,13.0018472672,0.000257345,0.00737575,0.019896
1534,0.999935,15.9988832474,0.000351331,0.00627476,0.019875
1535,0.999923,18.9959192276,0.000492725,0.00724621,0.0198541
1536,0.999935,15.9988832474,0.000199667,0.00608196,0.0198332
1537,0.999955,11.0038232803,0.000192472,0.00685402,0.0198123
1538,0.999939,14.999871254,0.000246019,0.00686223,0.0197915
1539,0.999968,8.00678730011,0.000153569,0.00441448,0.0197706
1540,0.999988,2.99703598022,6.95404e-05,0.00281621,0.0197498
1541,0.999992,1.99802398682,5.79398e-05,0.00249126,0.019729
1542,0.999992,1.99802398682,5.87164e-05,0.00260828,0.0197083
1543,0.999976,5.99407196045,7.29609e-05,0.00438786,0.0196875
1544,0.999955,11.0038232803,0.00018089,0.00540403,0.0196668
1545,0.999951,12.0028352737,0.000260158,0.00629378,0.0196461
1546,0.999943,14.0008592606,0.00046261,0.00969582,0.0196254
1547,0.999972,6.99308395386,0.000199578,0.00626402,0.0196047
1548,0.999947,13.0018472672,0.000303357,0.00524198,0.0195841
1549,0.999951,12.0028352737,0.000255149,0.00550235,0.0195635
1550,0.999955,11.0038232803,0.000192811,0.00639467,0.0195429
1551,0.999939,14.999871254,0.000483329,0.00905759,0.0195223
1552,0.99998,4.99505996704,8.11276e-05,0.00531975,0.0195018
1553,0.999927,17.9969072342,0.000624947,0.00996764,0.0194812
1554,0.999984,3.99604797363,0.000130876,0.00333543,0.0194607
1555,0.999919,19.994931221,0.000635869,0.0104893,0.0194402
1556,0.999959,10.0048112869,0.000159896,0.00383339,0.0194198
1557,0.999984,3.99604797363,9.13997e-05,0.00315825,0.0193993
1558,0.99998,4.99505996704,7.53341e-05,0.00336814,0.0193789
1559,0.99998,4.99505996704,7.70852e-05,0.00430036,0.0193585
1560,0.999972,6.99308395386,0.000161387,0.00382042,0.0193381
1561,0.999959,10.0048112869,0.000227648,0.00495711,0.0193178
1562,0.999963,9.00579929352,0.00016779,0.0051975,0.0192974
1563,0.999972,6.99308395386,0.000128446,0.00400602,0.0192771
1564,0.99998,4.99505996704,0.000162988,0.00484565,0.0192568
1565,0.999947,13.0018472672,0.000303302,0.00703282,0.0192366
1566,0.999919,19.994931221,0.000326751,0.00787988,0.0192163
1567,0.999963,9.00579929352,9.46939e-05,0.00507641,0.0191961
1568,0.999947,13.0018472672,0.000252365,0.00617791,0.0191759
1569,0.999923,18.9959192276,0.000466513,0.0093993,0.0191557
1570,0.999968,8.00678730011,0.000113238,0.00437959,0.0191355
1571,0.999963,9.00579929352,0.000115386,0.00553816,0.0191154
1572,0.999968,8.00678730011,0.0001813,0.00552048,0.0190952
1573,0.999968,8.00678730011,0.000124021,0.00412158,0.0190751
1574,0.999968,8.00678730011,0.000150392,0.00499731,0.0190551
1575,0.999972,6.99308395386,0.000149237,0.00450106,0.019035
1576,0.999968,8.00678730011,0.000152704,0.00626009,0.019015
1577,0.999959,10.0048112869,0.000241413,0.00640172,0.018995
1578,0.999943,14.0008592606,0.000267935,0.00727127,0.018975
1579,0.999963,9.00579929352,0.00015282,0.00586896,0.018955
1580,0.999959,10.0048112869,0.000165626,0.00533993,0.018935
1581,0.999984,3.99604797363,5.13656e-05,0.00465875,0.0189151
1582,0.999955,11.0038232803,0.000399499,0.00836817,0.0188952
1583,0.999959,10.0048112869,0.000133486,0.00439789,0.0188753
1584,0.999959,10.0048112869,0.000196101,0.00605269,0.0188554
1585,0.999963,9.00579929352,0.000159979,0.00488382,0.0188356
1586,0.999972,6.99308395386,0.000177049,0.00459897,0.0188157
1587,0.999972,6.99308395386,0.000139343,0.0040761,0.0187959
1588,0.999963,9.00579929352,0.000305704,0.00579411,0.0187761
1589,0.999963,9.00579929352,0.000159613,0.00537742,0.0187564
1590,0.999963,9.00579929352,0.000375821,0.00975455,0.0187366
1591,0.999996,0.999011993408,7.79431e-06,0.00193664,0.0187169
1592,1.0,0.0,0.0,0.0,0.0186972
1.0,0.0,5610.55438876152,1.06348,0.00946164919577,0.000728265549556
