11,80,0.3,2,1000, .1 
0,0.494823,124516.00276,1.49823e+06,279.556,0.0999995
1,0.761912,58684.0065908,1892.97,4.96903,0.0988032
2,0.879491,29703.0065632,176.025,1.29978,0.0976211
3,0.973377,6561.99558735,12.5721,0.397835,0.0964532
4,0.991472,2101.9946909,1.26893,0.105641,0.0952993
5,0.996073,967.998547554,0.168093,0.0443467,0.0941591
6,0.997793,544.006104469,0.0273123,0.0245809,0.0930326
7,0.998503,369.002709389,0.00765941,0.0188304,0.0919196
8,0.998681,325.00210762,0.00513318,0.0171108,0.0908199
9,0.998815,292.005329132,0.00387678,0.0143809,0.0897334
10,0.998775,301.995449066,0.00435159,0.0163748,0.0886598
11,0.998888,273.993730545,0.00392637,0.0149558,0.0875992
12,0.99888,276.006445885,0.00397906,0.0155218,0.0865511
13,0.998803,295.002365112,0.00428881,0.0157079,0.0855157
14,0.99888,276.006445885,0.00380238,0.01466,0.0844926
15,0.998969,253.998799324,0.00350825,0.0138343,0.0834818
16,0.998795,297.000389099,0.00423897,0.0146304,0.082483
17,0.998811,293.004341125,0.00422552,0.0150591,0.0814962
18,0.998961,255.996823311,0.00361651,0.0142398,0.0805212
19,0.998913,267.999658585,0.00337115,0.0136016,0.0795579
20,0.998974,252.999787331,0.00373766,0.0146502,0.0786061
21,0.998933,263.004598618,0.00371333,0.0148359,0.0776656
22,0.998917,267.000646591,0.00368219,0.0142932,0.0767365
23,0.999067,229.993128777,0.00298915,0.0125582,0.0758184
24,0.999059,232.005844116,0.0029171,0.0115941,0.0749114
25,0.99918,202.006101608,0.00248766,0.0112859,0.0740152
26,0.999043,236.00189209,0.00293,0.0124524,0.0731297
27,0.999099,222.001032829,0.00276999,0.0121868,0.0722548
28,0.999189,199.993386269,0.00254573,0.0112394,0.0713903
29,0.999075,227.99510479,0.0032883,0.0126699,0.0705362
30,0.999254,183.994503021,0.00232888,0.0105602,0.0696924
31,0.999172,204.004125595,0.00264349,0.0127232,0.0688586
32,0.99918,202.006101608,0.0024586,0.0120479,0.0680348
33,0.999176,203.005113602,0.00239081,0.0119455,0.0672208
34,0.99914,211.996221542,0.00282955,0.0123112,0.0664166
35,0.999071,228.994116783,0.00309565,0.0132094,0.065622
36,0.99918,202.006101608,0.00243804,0.0114134,0.064837
37,0.999254,183.994503021,0.00207768,0.0111756,0.0640613
38,0.999168,205.003137589,0.0025371,0.0111575,0.0632949
39,0.999099,222.001032829,0.00280429,0.0130821,0.0625376
40,0.999152,208.999185562,0.00238762,0.0115905,0.0617894
41,0.999249,184.993515015,0.00231841,0.0114046,0.0610502
42,0.999229,190.003266335,0.00234995,0.0121421,0.0603198
43,0.999282,177.001419067,0.00200584,0.0101503,0.0595982
44,0.999156,208.000173569,0.00241345,0.0122552,0.0588852
45,0.999249,184.993515015,0.00204097,0.0105709,0.0581807
46,0.999221,192.001290321,0.00221363,0.0112991,0.0574846
47,0.999258,182.995491028,0.00224288,0.0107253,0.0567969
48,0.999221,192.001290321,0.00231966,0.011002,0.0561174
49,0.999387,150.997724533,0.00180743,0.00990115,0.055446
50,0.999314,168.994631767,0.00196853,0.0101685,0.0547827
51,0.999286,176.002407074,0.0020673,0.0106062,0.0541273
52,0.999278,178.000431061,0.00195546,0.010796,0.0534797
53,0.999371,154.993772507,0.00172139,0.00894019,0.0528399
54,0.99931,169.993643761,0.00187425,0.010237,0.0522078
55,0.999347,161.00253582,0.00186487,0.0105368,0.0515832
56,0.999363,157.006487846,0.00178176,0.00935457,0.050966
57,0.999379,152.99574852,0.00169663,0.0109281,0.0503563
58,0.9994,148.000688553,0.00154923,0.00856917,0.0497538
59,0.999355,159.004511833,0.00175063,0.00979715,0.0491586
60,0.999258,182.995491028,0.00183552,0.0105034,0.0485705
61,0.999359,158.00549984,0.00170132,0.0102265,0.0479894
62,0.999375,153.994760513,0.00163479,0.00976945,0.0474153
63,0.999485,127.006745338,0.00153671,0.00886064,0.046848
64,0.999375,153.994760513,0.00167968,0.0100181,0.0462875
65,0.999424,142.006616592,0.00165524,0.00926715,0.0457338
66,0.999452,134.998841286,0.00150495,0.00979521,0.0451866
67,0.99946,133.000817299,0.00150597,0.00867869,0.044646
68,0.99942,143.005628586,0.00151474,0.00907882,0.0441119
69,0.999473,130.003781319,0.00125976,0.00789814,0.0435842
70,0.999509,120.997982025,0.00141747,0.00907773,0.0430627
71,0.999444,136.996865273,0.00149711,0.00923884,0.0425475
72,0.99946,133.000817299,0.0014868,0.00906326,0.0420385
73,0.999456,133.999829292,0.00127044,0.00818264,0.0415356
74,0.999517,118.999958038,0.00129285,0.00855225,0.0410387
75,0.999554,109.994158745,0.0011534,0.00831326,0.0405477
76,0.999566,106.997122765,0.00117788,0.00812207,0.0400626
77,0.999489,125.993041992,0.00130266,0.00830238,0.0395833
78,0.999521,118.000946045,0.00121518,0.00803528,0.0391097
79,0.999477,129.004769325,0.00138307,0.00867582,0.0386418
80,0.999554,109.994158745,0.00117772,0.00767549,0.0381795
81,0.999578,104.000086784,0.00113693,0.00788101,0.0377228
82,0.999525,117.001934052,0.0012222,0.00817215,0.0372715
83,0.999598,99.0050268173,0.00108447,0.00765026,0.0368256
84,0.99957,105.998110771,0.00114303,0.0079212,0.036385
85,0.999598,99.0050268173,0.00104792,0.00729665,0.0359497
86,0.999546,112.006874084,0.00118124,0.00818275,0.0355196
87,0.999615,94.9942874908,0.00114921,0.00741063,0.0350947
88,0.99955,110.993170738,0.00116217,0.00785917,0.0346748
89,0.999521,118.000946045,0.00125666,0.00844995,0.03426
90,0.999594,100.004038811,0.00112958,0.00793133,0.0338501
91,0.99959,101.003050804,0.00111775,0.00765941,0.0334451
92,0.999663,83.0061435699,0.00096107,0.00731245,0.033045
93,0.99959,101.003050804,0.00115014,0.00839573,0.0326496
94,0.999578,104.000086784,0.00106229,0.00785585,0.032259
95,0.999651,86.0031795502,0.000949982,0.00761632,0.0318731
96,0.999574,104.999098778,0.00107855,0.0079664,0.0314918
97,0.999639,89.0002155304,0.000987301,0.00700602,0.031115
98,0.999635,89.9992275238,0.000917033,0.00647808,0.0307428
99,0.999639,89.0002155304,0.000975636,0.00797692,0.030375
100,0.999627,91.9972515106,0.000894254,0.00657126,0.0300116
101,0.999704,73.001332283,0.000909812,0.00700209,0.0296525
102,0.999651,86.0031795502,0.000938567,0.0075638,0.0292978
103,0.999639,89.0002155304,0.000951376,0.00717562,0.0289473
104,0.999688,76.9973802567,0.000861627,0.00633803,0.028601
105,0.999627,91.9972515106,0.000941454,0.00702438,0.0282588
106,0.999659,84.0051555634,0.000858558,0.00689205,0.0279207
107,0.999684,77.9963922501,0.000857031,0.00631975,0.0275867
108,0.999724,68.006272316,0.000810207,0.00678139,0.0272566
109,0.999619,93.9952754974,0.000975406,0.00740891,0.0269305
110,0.999639,89.0002155304,0.000888019,0.00698861,0.0266084
111,0.999663,83.0061435699,0.00089726,0.00636116,0.02629
112,0.999675,79.9944162369,0.000893026,0.00696602,0.0259755
113,0.999692,75.9983682632,0.00082176,0.00607465,0.0256647
114,0.999692,75.9983682632,0.000841318,0.00653242,0.0253577
115,0.999708,72.0023202896,0.000825352,0.00694163,0.0250543
116,0.999748,61.9975090027,0.000772023,0.00596168,0.0247546
117,0.999724,68.006272316,0.000793319,0.00648424,0.0244584
118,0.999704,73.001332283,0.000816028,0.006365,0.0241658
119,0.999716,70.0042963028,0.000809541,0.00635744,0.0238767
120,0.999696,74.9993562698,0.000803614,0.00666682,0.023591
121,0.999765,58.0014610291,0.000721393,0.00544645,0.0233088
122,0.999708,72.0023202896,0.000822634,0.00632236,0.0230299
123,0.999692,75.9983682632,0.000832365,0.00662444,0.0227544
124,0.99974,63.9955329895,0.000737409,0.00585066,0.0224822
125,0.999684,77.9963922501,0.000804162,0.00617016,0.0222132
126,0.999732,65.9935569763,0.000781078,0.00598755,0.0219475
127,0.999748,61.9975090027,0.000681439,0.00560312,0.0216849
128,0.999736,64.9945449829,0.000722094,0.00629152,0.0214255
129,0.999757,59.9994850159,0.000687623,0.00583926,0.0211691
130,0.999769,57.0024490356,0.000708382,0.00550582,0.0209159
131,0.999728,67.0072603226,0.000729392,0.00598753,0.0206656
132,0.999716,70.0042963028,0.000739379,0.00564764,0.0204184
133,0.999761,59.0004730225,0.000743478,0.00583461,0.0201741
134,0.999769,57.0024490356,0.000718305,0.00584113,0.0199328
135,0.999801,48.9956617355,0.000634821,0.00543866,0.0196943
136,0.99974,63.9955329895,0.000699333,0.00625951,0.0194587
137,0.999809,46.9976377487,0.000633119,0.00544,0.0192259
138,0.999769,57.0024490356,0.000702297,0.00551385,0.0189959
139,0.999757,59.9994850159,0.000689273,0.00571041,0.0187686
140,0.999789,51.9926977158,0.000690561,0.00524453,0.0185441
141,0.99974,63.9955329895,0.000706483,0.00586118,0.0183222
142,0.999785,53.006401062,0.000628122,0.00510427,0.018103
143,0.999785,53.006401062,0.000644241,0.00548941,0.0178864
144,0.999789,51.9926977158,0.000630758,0.00527573,0.0176725
145,0.999769,57.0024490356,0.000634509,0.00549952,0.017461
146,0.999813,45.9986257553,0.000642335,0.00603849,0.0172521
147,0.999842,39.0055418015,0.000586309,0.00511278,0.0170457
148,0.999785,53.006401062,0.000668062,0.00564721,0.0168418
149,0.999821,44.0006017685,0.000596525,0.00503844,0.0166403
150,0.999834,41.0035657883,0.000580037,0.00489136,0.0164412
151,0.999821,44.0006017685,0.000588011,0.00523625,0.0162445
152,0.999785,53.006401062,0.000628778,0.00508435,0.0160502
153,0.999805,47.9966497421,0.000619007,0.00515418,0.0158582
154,0.99983,42.0025777817,0.000597483,0.00534755,0.0156684
155,0.999801,48.9956617355,0.000580184,0.00489447,0.015481
156,0.999789,51.9926977158,0.000632429,0.00549967,0.0152958
157,0.999826,43.0015897751,0.000583983,0.00525186,0.0151128
158,0.999834,41.0035657883,0.000591944,0.0052519,0.014932
159,0.999842,39.0055418015,0.000568695,0.00484961,0.0147533
160,0.999866,32.9967784882,0.000544901,0.00431705,0.0145768
161,0.999813,45.9986257553,0.000578126,0.00491888,0.0144025
162,0.999826,43.0015897751,0.00059049,0.00532562,0.0142301
163,0.99983,42.0025777817,0.000566243,0.00442357,0.0140599
164,0.999826,43.0015897751,0.000578267,0.00492161,0.0138917
165,0.999821,44.0006017685,0.00057792,0.00530292,0.0137255
166,0.99985,36.9928264618,0.000538132,0.00472254,0.0135613
167,0.999846,38.006529808,0.000519997,0.00440646,0.013399
168,0.999846,38.006529808,0.000530385,0.00439894,0.0132387
169,0.99983,42.0025777817,0.000528495,0.00441417,0.0130804
170,0.999805,47.9966497421,0.000551585,0.00489707,0.0129239
171,0.99983,42.0025777817,0.000564799,0.00526829,0.0127693
172,0.999862,33.9957904816,0.000557767,0.0048796,0.0126165
173,0.999842,39.0055418015,0.000508009,0.00401692,0.0124655
174,0.999846,38.006529808,0.000533871,0.00494187,0.0123164
175,0.999866,32.9967784882,0.000513094,0.00438777,0.0121691
176,0.999862,33.9957904816,0.000525719,0.00488866,0.0120235
177,0.999862,33.9957904816,0.000501791,0.00458268,0.0118796
178,0.999858,34.994802475,0.000516378,0.0041645,0.0117375
179,0.999842,39.0055418015,0.000536684,0.00475663,0.0115971
180,0.999894,26.0036945343,0.000485887,0.0041437,0.0114583
181,0.999874,30.9987545013,0.000492961,0.00480001,0.0113213
182,0.999866,32.9967784882,0.000496309,0.00454287,0.0111858
183,0.99987,31.9977664948,0.000504387,0.00421206,0.011052
184,0.999866,32.9967784882,0.000509126,0.00486292,0.0109198
185,0.999878,29.9997425079,0.000497017,0.00451054,0.0107891
186,0.999874,30.9987545013,0.000492537,0.00434239,0.01066
187,0.999874,30.9987545013,0.000493078,0.0045176,0.0105325
188,0.99987,31.9977664948,0.000491885,0.00459715,0.0104065
189,0.999878,29.9997425079,0.000462027,0.00393858,0.010282
190,0.99989,27.0027065277,0.000485606,0.00442679,0.010159
191,0.999882,29.0007305145,0.000482727,0.00442272,0.0100375
192,0.999874,30.9987545013,0.00048459,0.00439672,0.00991737
193,0.999874,30.9987545013,0.000471584,0.00457897,0.00979872
194,0.999882,29.0007305145,0.000457555,0.00412917,0.00968149
195,0.999882,29.0007305145,0.000472634,0.00442743,0.00956567
196,0.99989,27.0027065277,0.000450722,0.00412187,0.00945123
197,0.999886,28.0017185211,0.000470907,0.00466951,0.00933816
198,0.999886,28.0017185211,0.000472425,0.00442263,0.00922644
199,0.999878,29.9997425079,0.000452308,0.00414709,0.00911606
200,0.999882,29.0007305145,0.000467898,0.0041356,0.00900699
201,0.999878,29.9997425079,0.000451418,0.00415445,0.00889924
202,0.99989,27.0027065277,0.000436496,0.00406277,0.00879277
203,0.999894,26.0036945343,0.000454314,0.00456878,0.00868757
204,0.999886,28.0017185211,0.000433141,0.00387329,0.00858364
205,0.999886,28.0017185211,0.000451769,0.00464138,0.00848095
206,0.999915,20.9939432144,0.000423731,0.00393669,0.00837948
207,0.99989,27.0027065277,0.000423371,0.00381977,0.00827924
208,0.99989,27.0027065277,0.000432214,0.00412041,0.00818019
209,0.999886,28.0017185211,0.000438669,0.00413102,0.00808232
210,0.999882,29.0007305145,0.000433562,0.00406437,0.00798562
211,0.999911,21.9929552078,0.000430739,0.00377419,0.00789009
212,0.99989,27.0027065277,0.000421091,0.00386736,0.00779569
213,0.999894,26.0036945343,0.000434875,0.00402516,0.00770243
214,0.999886,28.0017185211,0.000441887,0.00418098,0.00761028
215,0.999886,28.0017185211,0.000435593,0.00405831,0.00751923
216,0.999907,23.0066585541,0.000419389,0.00368193,0.00742928
217,0.999894,26.0036945343,0.000419998,0.00380704,0.00734039
218,0.999894,26.0036945343,0.000430032,0.00390974,0.00725257
219,0.999894,26.0036945343,0.000415648,0.00382388,0.00716581
220,0.999899,25.0046825409,0.000414211,0.00370436,0.00708008
221,0.999899,25.0046825409,0.000422964,0.00405847,0.00699537
222,0.999903,24.0056705475,0.000418637,0.00366395,0.00691168
223,0.999903,24.0056705475,0.000408508,0.00343285,0.00682899
224,0.999907,23.0066585541,0.000413198,0.0039322,0.00674729
225,0.999894,26.0036945343,0.000407723,0.00379473,0.00666657
226,0.999907,23.0066585541,0.000414827,0.00379635,0.00658682
227,0.999911,21.9929552078,0.000408605,0.00394069,0.00650801
228,0.999894,26.0036945343,0.000410385,0.00370094,0.00643015
229,0.999894,26.0036945343,0.00041246,0.00400624,0.00635322
230,0.99989,27.0027065277,0.000415695,0.00382339,0.00627722
231,0.999903,24.0056705475,0.000412126,0.0039234,0.00620212
232,0.999878,29.9997425079,0.000406816,0.00378986,0.00612792
233,0.999899,25.0046825409,0.000401045,0.00358935,0.00605461
234,0.999894,26.0036945343,0.000404015,0.00386484,0.00598217
235,0.999899,25.0046825409,0.000397165,0.00368989,0.0059106
236,0.999899,25.0046825409,0.000404957,0.00360243,0.00583989
237,0.99989,27.0027065277,0.000403138,0.00365476,0.00577002
238,0.999894,26.0036945343,0.000398064,0.0037647,0.00570099
239,0.99989,27.0027065277,0.000398113,0.0038441,0.00563279
240,0.999899,25.0046825409,0.000391835,0.00344197,0.0055654
241,0.999894,26.0036945343,0.000394456,0.00351403,0.00549882
242,0.999915,20.9939432144,0.000391652,0.00386922,0.00543303
243,0.999907,23.0066585541,0.000399932,0.00339964,0.00536803
244,0.999907,23.0066585541,0.000397715,0.00383337,0.00530381
245,0.999903,24.0056705475,0.000388142,0.00355106,0.00524036
246,0.999903,24.0056705475,0.000389024,0.00350469,0.00517766
247,0.999903,24.0056705475,0.000398868,0.00366336,0.00511572
248,0.999907,23.0066585541,0.000378555,0.00283126,0.00505451
249,0.999911,21.9929552078,0.000386606,0.00339368,0.00499405
250,0.999911,21.9929552078,0.000389685,0.00344285,0.0049343
251,0.999907,23.0066585541,0.000380594,0.00339943,0.00487527
252,0.999907,23.0066585541,0.000383919,0.00353319,0.00481694
253,0.999907,23.0066585541,0.000379386,0.0032716,0.00475931
254,0.999899,25.0046825409,0.000388651,0.00379946,0.00470237
255,0.999903,24.0056705475,0.000375366,0.00342166,0.00464611
256,0.999903,24.0056705475,0.000379448,0.00350003,0.00459053
257,0.999907,23.0066585541,0.000378159,0.00329743,0.00453561
258,0.999915,20.9939432144,0.000369499,0.00294092,0.00448135
259,0.999907,23.0066585541,0.000380578,0.00346474,0.00442773
260,0.999907,23.0066585541,0.000373892,0.00325163,0.00437476
261,0.999903,24.0056705475,0.000372444,0.00322742,0.00432242
262,0.999907,23.0066585541,0.00038329,0.0036561,0.00427071
263,0.999903,24.0056705475,0.000369177,0.00302065,0.00421962
264,0.999911,21.9929552078,0.000374081,0.00319318,0.00416914
265,0.999919,19.994931221,0.000375979,0.00307185,0.00411926
266,0.999915,20.9939432144,0.000374152,0.00324863,0.00406998
267,0.999911,21.9929552078,0.000372046,0.00333485,0.00402128
268,0.999919,19.994931221,0.000370458,0.00327912,0.00397318
269,0.999903,24.0056705475,0.000369497,0.00314682,0.00392564
270,0.999911,21.9929552078,0.000372126,0.00340919,0.00387868
271,0.999915,20.9939432144,0.000364451,0.00313754,0.00383227
272,0.999915,20.9939432144,0.000368392,0.00315307,0.00378642
273,0.999907,23.0066585541,0.000369278,0.00305846,0.00374113
274,0.999919,19.994931221,0.000366915,0.00313416,0.00369637
275,0.999915,20.9939432144,0.000365878,0.0029834,0.00365215
276,0.999915,20.9939432144,0.000364352,0.00304968,0.00360845
277,0.999911,21.9929552078,0.000369477,0.00326267,0.00356528
278,0.999915,20.9939432144,0.000366999,0.00315434,0.00352263
279,0.999915,20.9939432144,0.00036704,0.0031866,0.00348048
280,0.999919,19.994931221,0.000366904,0.00339544,0.00343885
281,0.999907,23.0066585541,0.000362427,0.00315482,0.0033977
282,0.999915,20.9939432144,0.00036307,0.00284287,0.00335706
283,0.999903,24.0056705475,0.000361652,0.0029546,0.00331689
284,0.999919,19.994931221,0.00036211,0.00312638,0.00327721
285,0.999911,21.9929552078,0.000359815,0.00280277,0.003238
286,0.999919,19.994931221,0.000359559,0.00273004,0.00319926
287,0.999915,20.9939432144,0.000362002,0.00295842,0.00316099
288,0.999903,24.0056705475,0.000367484,0.00338878,0.00312317
289,0.999915,20.9939432144,0.000365538,0.00315207,0.00308581
290,0.999911,21.9929552078,0.000355583,0.00265321,0.00304889
291,0.999915,20.9939432144,0.000354491,0.00312544,0.00301241
292,0.999919,19.994931221,0.000360849,0.00320047,0.00297637
293,0.999911,21.9929552078,0.000358408,0.00279376,0.00294077
294,0.999919,19.994931221,0.000355545,0.00306367,0.00290558
295,0.999911,21.9929552078,0.000355781,0.00277758,0.00287082
296,0.999915,20.9939432144,0.0003599,0.00333626,0.00283648
297,0.999911,21.9929552078,0.000354075,0.00255641,0.00280254
298,0.999911,21.9929552078,0.000352796,0.00292817,0.00276901
299,0.999915,20.9939432144,0.00035594,0.00322653,0.00273589
300,0.999919,19.994931221,0.000352497,0.0025454,0.00270315
301,0.999919,19.994931221,0.000354773,0.00297228,0.00267081
302,0.999907,23.0066585541,0.000353871,0.00260044,0.00263886
303,0.999919,19.994931221,0.00035113,0.0023076,0.00260729
304,0.999919,19.994931221,0.000352345,0.00295065,0.0025761
305,0.999923,18.9959192276,0.00035409,0.00278625,0.00254528
306,0.999919,19.994931221,0.00035662,0.00337005,0.00251483
307,0.999919,19.994931221,0.000352251,0.00276953,0.00248474
308,0.999911,21.9929552078,0.000351663,0.00268643,0.00245501
309,0.999919,19.994931221,0.000351031,0.00260517,0.00242564
310,0.999919,19.994931221,0.000351747,0.00283703,0.00239662
311,0.999915,20.9939432144,0.000351581,0.00270209,0.00236795
312,0.999919,19.994931221,0.000350279,0.00273252,0.00233962
313,0.999915,20.9939432144,0.000347616,0.00230684,0.00231163
314,0.999915,20.9939432144,0.000353236,0.00286064,0.00228398
315,0.999915,20.9939432144,0.000346919,0.00217807,0.00225665
316,0.999915,20.9939432144,0.000351704,0.003038,0.00222965
317,0.999915,20.9939432144,0.000348535,0.00286575,0.00220298
318,0.999919,19.994931221,0.000349683,0.00270448,0.00217662
319,0.999919,19.994931221,0.00034865,0.0027698,0.00215058
320,0.999915,20.9939432144,0.000349841,0.00273263,0.00212485
321,0.999919,19.994931221,0.000348673,0.00297354,0.00209943
322,0.999911,21.9929552078,0.000344721,0.00247628,0.00207432
323,0.999923,18.9959192276,0.000349201,0.00323048,0.0020495
324,0.999919,19.994931221,0.000346064,0.00277597,0.00202498
325,0.999915,20.9939432144,0.000348532,0.00296125,0.00200075
326,0.999915,20.9939432144,0.000346668,0.00235887,0.00197682
327,0.999915,20.9939432144,0.000345136,0.0026028,0.00195317
328,0.999919,19.994931221,0.00034616,0.00261727,0.0019298
329,0.999915,20.9939432144,0.000346306,0.00275359,0.00190671
330,0.999915,20.9939432144,0.000345969,0.00291075,0.0018839
331,0.999919,19.994931221,0.000347081,0.00278229,0.00186136
332,0.999919,19.994931221,0.000343613,0.0025558,0.00183909
333,0.999923,18.9959192276,0.000343844,0.00247666,0.00181709
334,0.999915,20.9939432144,0.000345254,0.00263098,0.00179535
335,0.999915,20.9939432144,0.000343761,0.00263369,0.00177387
336,0.999915,20.9939432144,0.00034512,0.00272391,0.00175265
337,0.999915,20.9939432144,0.000341831,0.00219958,0.00173168
338,0.999915,20.9939432144,0.000344334,0.00259728,0.00171097
339,0.999915,20.9939432144,0.000343455,0.00249807,0.0016905
340,0.999915,20.9939432144,0.00034239,0.00258606,0.00167027
341,0.999919,19.994931221,0.000342959,0.00240764,0.00165029
342,0.999915,20.9939432144,0.000343856,0.0026385,0.00163055
343,0.999919,19.994931221,0.000342263,0.00239493,0.00161104
344,0.999919,19.994931221,0.000341599,0.00225242,0.00159176
345,0.999919,19.994931221,0.00034183,0.0027797,0.00157272
346,0.999919,19.994931221,0.000340664,0.00229828,0.00155391
347,0.999915,20.9939432144,0.000341587,0.00257724,0.00153532
348,0.999915,20.9939432144,0.000341842,0.00238939,0.00151695
349,0.999915,20.9939432144,0.000340353,0.00232996,0.0014988
350,0.999919,19.994931221,0.00034148,0.00253782,0.00148087
351,0.999919,19.994931221,0.00034106,0.00225017,0.00146315
352,0.999923,18.9959192276,0.000340411,0.0023631,0.00144565
353,0.999923,18.9959192276,0.000340979,0.00252295,0.00142835
354,0.999923,18.9959192276,0.000339949,0.0025255,0.00141126
355,0.999927,17.9969072342,0.000340197,0.00247355,0.00139438
356,0.999923,18.9959192276,0.000338625,0.00220621,0.0013777
357,0.999923,18.9959192276,0.000340253,0.00264116,0.00136121
358,0.999927,17.9969072342,0.000338696,0.00248312,0.00134493
359,0.999923,18.9959192276,0.0003393,0.00242969,0.00132884
360,0.999919,19.994931221,0.000339778,0.00223303,0.00131294
361,0.999927,17.9969072342,0.000339203,0.0023336,0.00129723
362,0.999919,19.994931221,0.000338491,0.00228462,0.00128171
363,0.999919,19.994931221,0.000339209,0.00245896,0.00126638
364,0.999923,18.9959192276,0.000337904,0.00230154,0.00125123
365,0.999923,18.9959192276,0.000340588,0.00273101,0.00123626
366,0.999923,18.9959192276,0.000337271,0.00242448,0.00122147
367,0.999931,16.9978952408,0.000337158,0.00219359,0.00120686
368,0.999931,16.9978952408,0.000337488,0.00240147,0.00119242
369,0.999923,18.9959192276,0.000338588,0.00266795,0.00117815
370,0.999927,17.9969072342,0.000337652,0.00259213,0.00116406
371,0.999927,17.9969072342,0.000337533,0.00254158,0.00115013
372,0.999927,17.9969072342,0.0003367,0.00227137,0.00113637
373,0.999927,17.9969072342,0.000337816,0.00251973,0.00112278
374,0.999927,17.9969072342,0.000337319,0.0022557,0.00110934
375,0.999927,17.9969072342,0.000336269,0.00250802,0.00109607
376,0.999927,17.9969072342,0.000337053,0.002428,0.00108296
377,0.999927,17.9969072342,0.000337276,0.00243435,0.00107
378,0.999923,18.9959192276,0.000336454,0.0023431,0.0010572
379,0.999931,16.9978952408,0.000336679,0.00240461,0.00104455
380,0.999923,18.9959192276,0.000335828,0.00226887,0.00103206
381,0.999931,16.9978952408,0.000335773,0.00219519,0.00101971
382,0.999923,18.9959192276,0.000335492,0.0021127,0.00100751
383,0.999927,17.9969072342,0.000335362,0.00215658,0.000995457
384,0.999931,16.9978952408,0.000335246,0.00237671,0.000983547
385,0.999931,16.9978952408,0.000335408,0.00234893,0.000971781
386,0.999927,17.9969072342,0.000335149,0.00243259,0.000960154
387,0.999927,17.9969072342,0.000335314,0.00257285,0.000948667
388,0.999927,17.9969072342,0.000335092,0.00217064,0.000937318
389,0.999923,18.9959192276,0.000334692,0.00224363,0.000926104
390,0.999927,17.9969072342,0.000335672,0.00265478,0.000915025
391,0.999927,17.9969072342,0.000334933,0.00217435,0.000904077
392,0.999931,16.9978952408,0.000335763,0.00260526,0.000893261
393,0.999927,17.9969072342,0.000335021,0.00239175,0.000882575
394,0.999927,17.9969072342,0.000334084,0.00222312,0.000872016
395,0.999931,16.9978952408,0.000335124,0.0024169,0.000861583
396,0.999931,16.9978952408,0.000334075,0.00228156,0.000851276
397,0.999931,16.9978952408,0.00033418,0.00253714,0.000841091
398,0.999927,17.9969072342,0.000335386,0.00238993,0.000831029
399,0.999927,17.9969072342,0.000334797,0.00213244,0.000821087
400,0.999931,16.9978952408,0.000333917,0.00242084,0.000811263
401,0.999931,16.9978952408,0.000333677,0.00220398,0.000801557
402,0.999927,17.9969072342,0.000333944,0.00219158,0.000791968
403,0.999935,15.9988832474,0.000333522,0.00231083,0.000782493
404,0.999931,16.9978952408,0.000335118,0.0027769,0.000773131
405,0.999927,17.9969072342,0.000334572,0.00226512,0.000763882
406,0.999927,17.9969072342,0.000333717,0.00233164,0.000754743
407,0.999927,17.9969072342,0.000334141,0.00239486,0.000745714
408,0.999931,16.9978952408,0.000333177,0.00228197,0.000736792
409,0.999931,16.9978952408,0.000333695,0.00242243,0.000727978
410,0.999931,16.9978952408,0.000334282,0.00241472,0.000719268
411,0.999927,17.9969072342,0.000332934,0.00197143,0.000710663
412,0.999927,17.9969072342,0.000333591,0.00242001,0.000702161
413,0.999927,17.9969072342,0.000333647,0.00259672,0.000693761
414,0.999931,16.9978952408,0.000333476,0.00225542,0.000685461
415,0.999931,16.9978952408,0.000332744,0.00197295,0.00067726
416,0.999931,16.9978952408,0.000332924,0.00225949,0.000669158
417,0.999931,16.9978952408,0.000333183,0.00247773,0.000661152
418,0.999935,15.9988832474,0.000332856,0.00236582,0.000653242
419,0.999931,16.9978952408,0.000333179,0.0023834,0.000645427
420,0.999927,17.9969072342,0.000332666,0.00198668,0.000637705
421,0.999931,16.9978952408,0.000332099,0.0025733,0.000630076
422,0.999927,17.9969072342,0.000332655,0.00215368,0.000622538
423,0.999931,16.9978952408,0.000332454,0.00213509,0.00061509
424,0.999931,16.9978952408,0.000331888,0.00206971,0.000607731
425,0.999931,16.9978952408,0.000332355,0.00231452,0.000600461
426,0.999931,16.9978952408,0.000332172,0.00224818,0.000593277
427,0.999935,15.9988832474,0.000332218,0.00228463,0.000586179
428,0.999931,16.9978952408,0.000332599,0.00257525,0.000579166
429,0.999931,16.9978952408,0.000332718,0.00241141,0.000572237
430,0.999931,16.9978952408,0.000332206,0.00241599,0.000565391
431,0.999931,16.9978952408,0.000331816,0.00223036,0.000558627
432,0.999931,16.9978952408,0.000331855,0.00245264,0.000551944
433,0.999931,16.9978952408,0.000332671,0.00242722,0.000545341
434,0.999935,15.9988832474,0.0003324,0.00229749,0.000538816
435,0.999931,16.9978952408,0.000331149,0.00182876,0.00053237
436,0.999935,15.9988832474,0.000332205,0.00264387,0.000526001
437,0.999931,16.9978952408,0.000331146,0.00213291,0.000519708
438,0.999931,16.9978952408,0.000331584,0.00243095,0.00051349
439,0.999931,16.9978952408,0.000331504,0.0024776,0.000507347
440,0.999935,15.9988832474,0.00033145,0.00266606,0.000501278
441,0.999935,15.9988832474,0.000331604,0.00226967,0.00049528
442,0.999935,15.9988832474,0.000331292,0.00268467,0.000489355
443,0.999935,15.9988832474,0.000331269,0.00219556,0.000483501
444,0.999935,15.9988832474,0.000331123,0.00219182,0.000477716
445,0.999931,16.9978952408,0.000331739,0.00255406,0.000472001
446,0.999935,15.9988832474,0.000331293,0.00226207,0.000466354
447,0.999931,16.9978952408,0.000331075,0.00236009,0.000460775
448,0.999931,16.9978952408,0.000331532,0.00252369,0.000455262
449,0.999931,16.9978952408,0.000331163,0.00209748,0.000449815
450,0.999935,15.9988832474,0.000331476,0.00236469,0.000444434
451,0.999935,15.9988832474,0.000330929,0.00226969,0.000439117
452,0.999931,16.9978952408,0.000330367,0.00224291,0.000433863
453,0.999935,15.9988832474,0.000331213,0.00242175,0.000428673
454,0.999935,15.9988832474,0.000330939,0.00196854,0.000423544
455,0.999935,15.9988832474,0.000330296,0.00192649,0.000418477
456,0.999935,15.9988832474,0.000330954,0.00235565,0.000413471
457,0.999931,16.9978952408,0.000331063,0.00252844,0.000408524
458,0.999931,16.9978952408,0.000330767,0.0021069,0.000403637
459,0.999931,16.9978952408,0.000330595,0.00222029,0.000398808
460,0.999935,15.9988832474,0.000330647,0.00231184,0.000394036
461,0.999935,15.9988832474,0.00033046,0.00195264,0.000389322
462,0.999935,15.9988832474,0.000330739,0.00214895,0.000384665
463,0.999935,15.9988832474,0.0003307,0.00226327,0.000380063
464,0.999931,16.9978952408,0.000330032,0.00176108,0.000375516
465,0.999935,15.9988832474,0.000330246,0.00219679,0.000371023
466,0.999931,16.9978952408,0.000330492,0.00250251,0.000366584
467,0.999931,16.9978952408,0.000330351,0.00238833,0.000362199
468,0.999931,16.9978952408,0.000330584,0.00228658,0.000357865
469,0.999935,15.9988832474,0.000330499,0.00224904,0.000353584
470,0.999931,16.9978952408,0.000329949,0.00204897,0.000349354
471,0.999935,15.9988832474,0.000330268,0.00228369,0.000345174
472,0.999931,16.9978952408,0.000330284,0.00249404,0.000341045
473,0.999931,16.9978952408,0.000330434,0.0026904,0.000336965
474,0.999935,15.9988832474,0.000330152,0.00227037,0.000332933
475,0.999935,15.9988832474,0.000330245,0.0020469,0.00032895
476,0.999935,15.9988832474,0.000329731,0.00204572,0.000325015
477,0.999931,16.9978952408,0.000330038,0.00216467,0.000321126
478,0.999931,16.9978952408,0.000329862,0.00211837,0.000317285
479,0.999935,15.9988832474,0.000329852,0.00228818,0.000313489
480,0.999931,16.9978952408,0.000330174,0.00231458,0.000309738
481,0.999935,15.9988832474,0.000330086,0.00238158,0.000306032
482,0.999935,15.9988832474,0.000329865,0.00258013,0.000302371
483,0.999935,15.9988832474,0.000330272,0.00252318,0.000298754
484,0.999931,16.9978952408,0.000329824,0.00187946,0.000295179
485,0.999935,15.9988832474,0.000329773,0.0022798,0.000291648
486,0.999935,15.9988832474,0.000329873,0.00223364,0.000288159
487,0.999935,15.9988832474,0.000329725,0.0020164,0.000284711
488,0.999935,15.9988832474,0.000329808,0.00234918,0.000281305
489,0.999935,15.9988832474,0.000329485,0.00199683,0.00027794
490,0.999935,15.9988832474,0.000329845,0.00203058,0.000274615
491,0.999935,15.9988832474,0.000329527,0.00195441,0.000271329
492,0.999935,15.9988832474,0.00032938,0.00220145,0.000268083
493,0.999935,15.9988832474,0.000329309,0.00201443,0.000264876
494,0.999935,15.9988832474,0.000329257,0.00200689,0.000261707
495,0.999935,15.9988832474,0.000329478,0.00222068,0.000258576
496,0.999935,15.9988832474,0.000329267,0.00208355,0.000255483
497,0.999935,15.9988832474,0.000329416,0.0024372,0.000252426
498,0.999935,15.9988832474,0.000329658,0.00245731,0.000249406
499,0.999935,15.9988832474,0.000329604,0.00214957,0.000246422
500,0.999935,15.9988832474,0.00032936,0.0018851,0.000243474
501,0.999935,15.9988832474,0.000329141,0.00201977,0.000240561
502,0.999935,15.9988832474,0.000329382,0.00233915,0.000237683
503,0.999935,15.9988832474,0.000329267,0.00206839,0.00023484
504,0.999935,15.9988832474,0.000329237,0.00216437,0.00023203
505,0.999935,15.9988832474,0.000329235,0.00230967,0.000229254
506,0.999935,15.9988832474,0.000329207,0.00219352,0.000226512
507,0.999935,15.9988832474,0.00032917,0.00214987,0.000223802
508,0.999935,15.9988832474,0.000329244,0.0021026,0.000221124
509,0.999935,15.9988832474,0.000329098,0.00239794,0.000218479
510,0.999935,15.9988832474,0.000329262,0.00231289,0.000215865
511,0.999935,15.9988832474,0.000328967,0.00204427,0.000213282
512,0.999935,15.9988832474,0.000329085,0.00221697,0.000210731
513,0.999935,15.9988832474,0.000329082,0.00193364,0.00020821
514,0.999935,15.9988832474,0.000329028,0.00233869,0.000205719
515,0.999935,15.9988832474,0.000329152,0.00226021,0.000203257
516,0.999935,15.9988832474,0.000328928,0.00219324,0.000200826
517,0.999935,15.9988832474,0.000328834,0.00183191,0.000198423
518,0.999935,15.9988832474,0.000328894,0.0017627,0.000196049
519,0.999935,15.9988832474,0.000328707,0.00220241,0.000193704
520,0.999935,15.9988832474,0.000328815,0.00226414,0.000191386
521,0.999935,15.9988832474,0.000328971,0.002256,0.000189097
522,0.999935,15.9988832474,0.000329065,0.00269952,0.000186834
523,0.999935,15.9988832474,0.000328895,0.00242041,0.000184599
524,0.999935,15.9988832474,0.000328884,0.00215178,0.000182391
525,0.999935,15.9988832474,0.000328884,0.00227361,0.000180209
526,0.999935,15.9988832474,0.000328714,0.00199667,0.000178053
527,0.999935,15.9988832474,0.000328828,0.00226206,0.000175923
528,0.999935,15.9988832474,0.000328676,0.00210799,0.000173818
529,0.999935,15.9988832474,0.000328749,0.00211759,0.000171738
530,0.999935,15.9988832474,0.000328736,0.00203116,0.000169684
531,0.999935,15.9988832474,0.000328584,0.00215353,0.000167654
532,0.999935,15.9988832474,0.000328757,0.00229103,0.000165648
533,0.999935,15.9988832474,0.000328774,0.00256326,0.000163666
534,0.999935,15.9988832474,0.00032888,0.0022877,0.000161708
535,0.999935,15.9988832474,0.000328611,0.00203318,0.000159773
536,0.999935,15.9988832474,0.000328673,0.00213202,0.000157862
537,0.999935,15.9988832474,0.000328742,0.00253543,0.000155973
538,0.999935,15.9988832474,0.000328615,0.00229482,0.000154107
539,0.999935,15.9988832474,0.000328615,0.00212152,0.000152264
540,0.999935,15.9988832474,0.000328534,0.0020331,0.000150442
541,0.999935,15.9988832474,0.000328481,0.0020258,0.000148642
542,0.999935,15.9988832474,0.000328745,0.00251438,0.000146864
543,0.999935,15.9988832474,0.000328439,0.00191977,0.000145107
544,0.999935,15.9988832474,0.000328429,0.00203901,0.000143371
545,0.999935,15.9988832474,0.000328521,0.00243677,0.000141656
546,0.999935,15.9988832474,0.000328377,0.001916,0.000139961
547,0.999935,15.9988832474,0.000328505,0.0022287,0.000138286
548,0.999935,15.9988832474,0.000328425,0.00219266,0.000136632
549,0.999935,15.9988832474,0.000328538,0.00253,0.000134997
550,0.999935,15.9988832474,0.000328564,0.00248108,0.000133382
551,0.999935,15.9988832474,0.000328449,0.00188787,0.000131787
552,0.999935,15.9988832474,0.000328477,0.00213963,0.00013021
553,0.999935,15.9988832474,0.000328403,0.00215445,0.000128652
554,0.999935,15.9988832474,0.000328414,0.00228489,0.000127113
555,0.999935,15.9988832474,0.000328462,0.00255999,0.000125592
556,0.999935,15.9988832474,0.000328308,0.00204739,0.00012409
557,0.999935,15.9988832474,0.000328407,0.00217175,0.000122605
558,0.999935,15.9988832474,0.000328387,0.00215522,0.000121138
559,0.999935,15.9988832474,0.000328292,0.00176743,0.000119689
560,0.999935,15.9988832474,0.000328203,0.00200289,0.000118257
561,0.999935,15.9988832474,0.000328223,0.00209347,0.000116842
562,0.999935,15.9988832474,0.000328297,0.00224363,0.000115445
563,0.999935,15.9988832474,0.000328253,0.00228707,0.000114063
564,0.999935,15.9988832474,0.000328254,0.00230413,0.000112699
565,0.999935,15.9988832474,0.000328213,0.0021686,0.00011135
566,0.999935,15.9988832474,0.000328169,0.00219847,0.000110018
567,0.999935,15.9988832474,0.000328118,0.00211541,0.000108702
568,0.999935,15.9988832474,0.000328206,0.00250907,0.000107402
569,0.999935,15.9988832474,0.000328142,0.0020636,0.000106117
570,0.999935,15.9988832474,0.000328169,0.0023601,0.000104847
571,0.999935,15.9988832474,0.000328164,0.00209102,0.000103593
572,0.999935,15.9988832474,0.00032823,0.00206965,0.000102353
573,0.999935,15.9988832474,0.000328094,0.00180316,0.000101129
574,0.999935,15.9988832474,0.000328132,0.00209453,9.9919e-05
575,0.999935,15.9988832474,0.000328139,0.00216798,9.87236e-05
576,0.999935,15.9988832474,0.000328153,0.00182561,9.75425e-05
577,0.999935,15.9988832474,0.000328065,0.00198599,9.63756e-05
578,0.999935,15.9988832474,0.000328166,0.002461,9.52225e-05
579,0.999935,15.9988832474,0.000328045,0.00197915,9.40834e-05
580,0.999935,15.9988832474,0.000328035,0.00214489,9.29578e-05
581,0.999935,15.9988832474,0.000328049,0.00203412,9.18456e-05
582,0.999935,15.9988832474,0.000328107,0.00203974,9.07468e-05
583,0.999935,15.9988832474,0.000328017,0.0020758,8.96612e-05
584,0.999935,15.9988832474,0.000328025,0.002046,8.85885e-05
585,0.999935,15.9988832474,0.000328015,0.00215306,8.75286e-05
586,0.999935,15.9988832474,0.000327938,0.00223768,8.64815e-05
587,0.999935,15.9988832474,0.000328081,0.00235179,8.54468e-05
588,0.999935,15.9988832474,0.000328096,0.00249101,8.44246e-05
589,0.999935,15.9988832474,0.000328033,0.00208997,8.34145e-05
590,0.999935,15.9988832474,0.000328024,0.00185348,8.24166e-05
591,0.999935,15.9988832474,0.000328079,0.00232493,8.14306e-05
592,0.999935,15.9988832474,0.000327986,0.00209469,8.04564e-05
593,0.999935,15.9988832474,0.000327972,0.00241993,7.94938e-05
594,0.999935,15.9988832474,0.000327964,0.00224814,7.85428e-05
595,0.999935,15.9988832474,0.000327951,0.00201017,7.76031e-05
596,0.999935,15.9988832474,0.000327974,0.00240652,7.66747e-05
597,0.999935,15.9988832474,0.000328001,0.00245613,7.57574e-05
598,0.999935,15.9988832474,0.000328007,0.00221111,7.48511e-05
599,0.999935,15.9988832474,0.000327913,0.00200717,7.39556e-05
600,0.999935,15.9988832474,0.000327955,0.00211885,7.30708e-05
601,0.999935,15.9988832474,0.000327921,0.00235114,7.21966e-05
602,0.999935,15.9988832474,0.000327892,0.00188668,7.13328e-05
603,0.999935,15.9988832474,0.000327892,0.00197387,7.04794e-05
604,0.999935,15.9988832474,0.000327873,0.00234279,6.96363e-05
605,0.999935,15.9988832474,0.000327888,0.00197856,6.88032e-05
606,0.999935,15.9988832474,0.000327857,0.00235236,6.798e-05
607,0.999935,15.9988832474,0.000327887,0.00216848,6.71667e-05
608,0.999935,15.9988832474,0.000327928,0.00239572,6.63632e-05
609,0.999935,15.9988832474,0.000327871,0.00191072,6.55692e-05
610,0.999935,15.9988832474,0.000327892,0.00206582,6.47847e-05
611,0.999935,15.9988832474,0.0003278,0.00189584,6.40097e-05
612,0.999935,15.9988832474,0.000327925,0.00234309,6.32439e-05
613,0.999935,15.9988832474,0.000327897,0.0024851,6.24873e-05
614,0.999935,15.9988832474,0.000327844,0.0020718,6.17397e-05
615,0.999935,15.9988832474,0.000327882,0.00197212,6.10011e-05
616,0.999935,15.9988832474,0.000327821,0.00192414,6.02713e-05
617,0.999935,15.9988832474,0.000327812,0.00187946,5.95502e-05
618,0.999935,15.9988832474,0.00032782,0.00185887,5.88378e-05
619,0.999935,15.9988832474,0.000327773,0.00187482,5.81338e-05
620,0.999935,15.9988832474,0.000327775,0.00228925,5.74383e-05
621,0.999935,15.9988832474,0.000327782,0.00194802,5.67512e-05
622,0.999935,15.9988832474,0.00032784,0.00217269,5.60722e-05
623,0.999935,15.9988832474,0.000327823,0.00217983,5.54014e-05
624,0.999935,15.9988832474,0.000327763,0.00195955,5.47386e-05
625,0.999935,15.9988832474,0.000327815,0.00258382,5.40837e-05
626,0.999935,15.9988832474,0.000327787,0.00224889,5.34367e-05
627,0.999935,15.9988832474,0.000327763,0.0019238,5.27974e-05
628,0.999935,15.9988832474,0.000327791,0.00202464,5.21657e-05
629,0.999935,15.9988832474,0.000327772,0.00229069,5.15416e-05
630,0.999935,15.9988832474,0.000327774,0.00208499,5.0925e-05
631,0.999935,15.9988832474,0.000327734,0.00195888,5.03157e-05
632,0.999935,15.9988832474,0.000327755,0.00202932,4.97138e-05
633,0.999935,15.9988832474,0.000327737,0.00214164,4.9119e-05
634,0.999935,15.9988832474,0.000327716,0.00168294,4.85314e-05
635,0.999935,15.9988832474,0.000327813,0.00256329,4.79508e-05
636,0.999935,15.9988832474,0.000327705,0.00205568,4.73771e-05
637,0.999935,15.9988832474,0.000327752,0.00205368,4.68103e-05
638,0.999935,15.9988832474,0.000327768,0.0021302,4.62503e-05
639,0.999935,15.9988832474,0.00032774,0.00254287,4.5697e-05
640,0.999935,15.9988832474,0.000327776,0.00208076,4.51503e-05
641,0.999935,15.9988832474,0.000327709,0.00190337,4.46101e-05
642,0.999935,15.9988832474,0.000327704,0.0020002,4.40764e-05
643,0.999935,15.9988832474,0.000327728,0.00231447,4.35491e-05
644,0.999935,15.9988832474,0.000327698,0.00220317,4.30281e-05
645,0.999935,15.9988832474,0.000327768,0.00219507,4.25133e-05
646,0.999935,15.9988832474,0.000327693,0.00181252,4.20047e-05
647,0.999935,15.9988832474,0.000327716,0.00194108,4.15021e-05
648,0.999935,15.9988832474,0.000327703,0.00181525,4.10056e-05
649,0.999935,15.9988832474,0.00032773,0.00195517,4.05151e-05
650,0.999935,15.9988832474,0.000327692,0.001941,4.00303e-05
651,0.999935,15.9988832474,0.000327704,0.00191266,3.95514e-05
652,0.999935,15.9988832474,0.000327729,0.00199298,3.90782e-05
653,0.999935,15.9988832474,0.000327685,0.00216357,3.86107e-05
654,0.999935,15.9988832474,0.000327645,0.00169991,3.81488e-05
655,0.999935,15.9988832474,0.000327653,0.00208849,3.76924e-05
656,0.999935,15.9988832474,0.000327653,0.00174468,3.72415e-05
657,0.999935,15.9988832474,0.000327702,0.0023094,3.67959e-05
658,0.999935,15.9988832474,0.000327684,0.0025094,3.63557e-05
659,0.999935,15.9988832474,0.000327667,0.00193645,3.59207e-05
660,0.999935,15.9988832474,0.000327674,0.00203243,3.5491e-05
661,0.999935,15.9988832474,0.000327668,0.00209054,3.50664e-05
662,0.999935,15.9988832474,0.000327682,0.00203116,3.46469e-05
663,0.999935,15.9988832474,0.000327683,0.00191634,3.42324e-05
664,0.999935,15.9988832474,0.000327639,0.00203044,3.38228e-05
665,0.999935,15.9988832474,0.000327656,0.00203163,3.34182e-05
666,0.999935,15.9988832474,0.000327649,0.0018686,3.30184e-05
667,0.999935,15.9988832474,0.000327664,0.00202011,3.26234e-05
668,0.999935,15.9988832474,0.000327672,0.00221967,3.22331e-05
669,0.999935,15.9988832474,0.000327672,0.00226696,3.18474e-05
670,0.999935,15.9988832474,0.000327648,0.00198464,3.14664e-05
671,0.999935,15.9988832474,0.000327642,0.00182452,3.109e-05
672,0.999935,15.9988832474,0.000327649,0.00213275,3.0718e-05
673,0.999935,15.9988832474,0.000327644,0.0019751,3.03505e-05
674,0.999935,15.9988832474,0.000327649,0.00217487,2.99874e-05
675,0.999935,15.9988832474,0.000327657,0.00189599,2.96287e-05
676,0.999935,15.9988832474,0.000327635,0.00193885,2.92742e-05
677,0.999935,15.9988832474,0.000327624,0.00197523,2.8924e-05
678,0.999935,15.9988832474,0.00032763,0.00186543,2.85779e-05
679,0.999935,15.9988832474,0.000327622,0.00182813,2.8236e-05
680,0.999935,15.9988832474,0.000327612,0.0019552,2.78982e-05
681,0.999935,15.9988832474,0.00032761,0.00211714,2.75645e-05
682,0.999935,15.9988832474,0.000327617,0.00207966,2.72347e-05
683,0.999935,15.9988832474,0.000327598,0.00197646,2.69089e-05
684,0.999935,15.9988832474,0.000327602,0.00183595,2.65869e-05
685,0.999935,15.9988832474,0.000327622,0.00182864,2.62689e-05
686,0.999935,15.9988832474,0.000327609,0.00194553,2.59546e-05
687,0.999935,15.9988832474,0.000327626,0.00213331,2.56441e-05
688,0.999935,15.9988832474,0.000327625,0.00205066,2.53373e-05
689,0.999935,15.9988832474,0.000327646,0.00215937,2.50341e-05
690,0.999935,15.9988832474,0.000327634,0.00194864,2.47346e-05
691,0.999935,15.9988832474,0.000327624,0.00173121,2.44387e-05
692,0.999935,15.9988832474,0.000327646,0.00203831,2.41463e-05
693,0.999935,15.9988832474,0.000327652,0.00233229,2.38575e-05
694,0.999935,15.9988832474,0.000327671,0.00229554,2.3572e-05
695,0.999935,15.9988832474,0.000327675,0.00222202,2.329e-05
696,0.999935,15.9988832474,0.000327663,0.00224236,2.30114e-05
697,0.999935,15.9988832474,0.000327645,0.00190966,2.27361e-05
698,0.999935,15.9988832474,0.000327681,0.00220937,2.24641e-05
699,0.999935,15.9988832474,0.00032767,0.00221419,2.21953e-05
700,0.999935,15.9988832474,0.000327664,0.00224914,2.19298e-05
701,0.999935,15.9988832474,0.000327681,0.00238369,2.16674e-05
702,0.999935,15.9988832474,0.000327685,0.00199842,2.14082e-05
703,0.999935,15.9988832474,0.000327672,0.00178846,2.11521e-05
704,0.999935,15.9988832474,0.000327654,0.00192717,2.0899e-05
705,0.999935,15.9988832474,0.000327677,0.00212261,2.0649e-05
706,0.999935,15.9988832474,0.000327654,0.00172488,2.0402e-05
707,0.999935,15.9988832474,0.000327672,0.00197499,2.01579e-05
708,0.999935,15.9988832474,0.000327687,0.0019335,1.99167e-05
709,0.999935,15.9988832474,0.000327708,0.00224886,1.96785e-05
710,0.999935,15.9988832474,0.000327694,0.00212928,1.9443e-05
711,0.999935,15.9988832474,0.000327718,0.00228377,1.92104e-05
712,0.999935,15.9988832474,0.000327697,0.00202358,1.89806e-05
713,0.999935,15.9988832474,0.000327717,0.00209669,1.87535e-05
714,0.999935,15.9988832474,0.000327741,0.0023137,1.85291e-05
715,0.999935,15.9988832474,0.000327753,0.00223435,1.83075e-05
716,0.999935,15.9988832474,0.000327747,0.0021684,1.80885e-05
717,0.999935,15.9988832474,0.000327762,0.00210511,1.7872e-05
718,0.999935,15.9988832474,0.000327776,0.00198046,1.76582e-05
719,0.999935,15.9988832474,0.00032774,0.00145034,1.7447e-05
720,0.999935,15.9988832474,0.000327757,0.00215543,1.72382e-05
721,0.999935,15.9988832474,0.000327746,0.00187875,1.7032e-05
722,0.999935,15.9988832474,0.000327777,0.00232931,1.68282e-05
723,0.999935,15.9988832474,0.000327754,0.00234909,1.66269e-05
724,0.999935,15.9988832474,0.000327758,0.00218372,1.6428e-05
725,0.999935,15.9988832474,0.000327776,0.00212251,1.62315e-05
726,0.999935,15.9988832474,0.000327765,0.00190616,1.60373e-05
727,0.999935,15.9988832474,0.000327771,0.00227892,1.58454e-05
728,0.999935,15.9988832474,0.000327753,0.00193465,1.56558e-05
729,0.999935,15.9988832474,0.000327785,0.00225834,1.54685e-05
730,0.999935,15.9988832474,0.000327771,0.00220127,1.52835e-05
731,0.999935,15.9988832474,0.00032779,0.00218415,1.51006e-05
732,0.999935,15.9988832474,0.000327785,0.00197601,1.492e-05
733,0.999935,15.9988832474,0.000327784,0.00204509,1.47415e-05
734,0.999935,15.9988832474,0.000327803,0.00247905,1.45651e-05
735,0.999935,15.9988832474,0.000327788,0.00189068,1.43909e-05
736,0.999935,15.9988832474,0.000327807,0.0021092,1.42187e-05
737,0.999935,15.9988832474,0.000327809,0.00210947,1.40486e-05
738,0.999935,15.9988832474,0.000327806,0.0020951,1.38805e-05
739,0.999935,15.9988832474,0.000327822,0.00216962,1.37144e-05
740,0.999935,15.9988832474,0.000327816,0.00202153,1.35504e-05
741,0.999935,15.9988832474,0.000327851,0.00249612,1.33883e-05
742,0.999935,15.9988832474,0.00032783,0.00214509,1.32281e-05
743,0.999935,15.9988832474,0.000327851,0.00213255,1.30698e-05
744,0.999935,15.9988832474,0.000327852,0.00198573,1.29135e-05
745,0.999935,15.9988832474,0.000327853,0.00195929,1.2759e-05
746,0.999935,15.9988832474,0.000327873,0.00227494,1.26063e-05
747,0.999935,15.9988832474,0.000327877,0.00196611,1.24555e-05
748,0.999935,15.9988832474,0.00032788,0.00211328,1.23065e-05
749,0.999935,15.9988832474,0.000327891,0.00201825,1.21593e-05
750,0.999935,15.9988832474,0.000327879,0.00191753,1.20138e-05
751,0.999935,15.9988832474,0.000327901,0.00196644,1.18701e-05
752,0.999935,15.9988832474,0.000327911,0.00185151,1.17281e-05
753,0.999935,15.9988832474,0.000327937,0.00196944,1.15877e-05
754,0.999935,15.9988832474,0.000327927,0.00176665,1.14491e-05
755,0.999935,15.9988832474,0.000327952,0.00196585,1.13121e-05
756,0.999935,15.9988832474,0.000327945,0.00173776,1.11768e-05
757,0.999935,15.9988832474,0.000327953,0.00189086,1.10431e-05
758,0.999935,15.9988832474,0.000327972,0.00202807,1.0911e-05
759,0.999935,15.9988832474,0.000327969,0.00192056,1.07804e-05
760,0.999935,15.9988832474,0.000327974,0.00186524,1.06515e-05
761,0.999935,15.9988832474,0.000327995,0.0017392,1.0524e-05
762,0.999935,15.9988832474,0.000328015,0.00218254,1.03981e-05
763,0.999935,15.9988832474,0.000328018,0.00179901,1.02737e-05
764,0.999935,15.9988832474,0.000328037,0.00210831,1.01508e-05
765,0.999935,15.9988832474,0.000328044,0.00198248,1.00294e-05
766,0.999935,15.9988832474,0.000328043,0.00184773,9.90939e-06
767,0.999935,15.9988832474,0.000328056,0.00187356,9.79083e-06
768,0.999935,15.9988832474,0.00032807,0.00221371,9.6737e-06
769,0.999935,15.9988832474,0.000328064,0.00183401,9.55797e-06
770,0.999935,15.9988832474,0.00032807,0.00165356,9.44362e-06
771,0.999935,15.9988832474,0.000328094,0.0019394,9.33064e-06
772,0.999935,15.9988832474,0.000328093,0.0020903,9.21901e-06
773,0.999935,15.9988832474,0.000328113,0.00211788,9.10872e-06
774,0.999935,15.9988832474,0.000328121,0.00179804,8.99974e-06
775,0.999935,15.9988832474,0.000328129,0.00195839,8.89207e-06
776,0.999935,15.9988832474,0.000328144,0.00181946,8.78569e-06
777,0.999935,15.9988832474,0.000328152,0.00192669,8.68058e-06
778,0.999935,15.9988832474,0.00032816,0.00178735,8.57673e-06
779,0.999935,15.9988832474,0.00032817,0.00208013,8.47412e-06
780,0.999935,15.9988832474,0.000328167,0.00194736,8.37274e-06
781,0.999935,15.9988832474,0.000328182,0.00207859,8.27257e-06
782,0.999935,15.9988832474,0.000328178,0.00183905,8.1736e-06
783,0.999935,15.9988832474,0.000328177,0.00177715,8.07581e-06
784,0.999935,15.9988832474,0.000328189,0.00170769,7.9792e-06
785,0.999935,15.9988832474,0.000328193,0.0021638,7.88374e-06
786,0.999935,15.9988832474,0.000328202,0.00201097,7.78942e-06
787,0.999935,15.9988832474,0.000328208,0.00194605,7.69623e-06
788,0.999935,15.9988832474,0.000328218,0.00167067,7.60415e-06
789,0.999935,15.9988832474,0.00032822,0.00173182,7.51318e-06
790,0.999935,15.9988832474,0.000328226,0.00182062,7.42329e-06
791,0.999935,15.9988832474,0.000328232,0.00182425,7.33448e-06
792,0.999935,15.9988832474,0.000328221,0.0016078,7.24674e-06
793,0.999935,15.9988832474,0.000328231,0.00162597,7.16004e-06
794,0.999935,15.9988832474,0.000328239,0.00172348,7.07438e-06
795,0.999935,15.9988832474,0.000328243,0.00199641,6.98974e-06
796,0.999935,15.9988832474,0.000328241,0.00173322,6.90612e-06
797,0.999935,15.9988832474,0.000328244,0.00166648,6.8235e-06
798,0.999935,15.9988832474,0.000328251,0.001659,6.74186e-06
799,0.999935,15.9988832474,0.000328243,0.00162925,6.66121e-06
800,0.999935,15.9988832474,0.000328255,0.00168663,6.58151e-06
801,0.999935,15.9988832474,0.000328252,0.00169638,6.50277e-06
802,0.999935,15.9988832474,0.00032825,0.00169391,6.42498e-06
803,0.999935,15.9988832474,0.000328256,0.00174337,6.34811e-06
804,0.999935,15.9988832474,0.000328257,0.00170443,6.27216e-06
805,0.999935,15.9988832474,0.000328258,0.00168686,6.19713e-06
806,0.999935,15.9988832474,0.000328263,0.0015757,6.12298e-06
807,0.999935,15.9988832474,0.00032827,0.00165706,6.04973e-06
808,0.999935,15.9988832474,0.000328267,0.00161248,5.97736e-06
809,0.999935,15.9988832474,0.000328271,0.00164015,5.90584e-06
810,0.999935,15.9988832474,0.000328263,0.00159586,5.83519e-06
811,0.999935,15.9988832474,0.000328271,0.00160516,5.76538e-06
812,0.999935,15.9988832474,0.000328264,0.00169886,5.6964e-06
813,0.999935,15.9988832474,0.000328265,0.00175035,5.62825e-06
814,0.999935,15.9988832474,0.000328267,0.00171418,5.56091e-06
815,0.999935,15.9988832474,0.000328267,0.00174034,5.49439e-06
816,0.999935,15.9988832474,0.000328269,0.00165925,5.42866e-06
817,0.999935,15.9988832474,0.000328274,0.00175006,5.36371e-06
818,0.999935,15.9988832474,0.00032828,0.00166007,5.29954e-06
819,0.999935,15.9988832474,0.000328277,0.0017884,5.23614e-06
820,0.999935,15.9988832474,0.00032828,0.00172579,5.17349e-06
821,0.999935,15.9988832474,0.000328282,0.00169972,5.1116e-06
822,0.999935,15.9988832474,0.000328287,0.00167119,5.05045e-06
823,0.999935,15.9988832474,0.000328287,0.00168925,4.99002e-06
824,0.999935,15.9988832474,0.000328293,0.00180009,4.93033e-06
825,0.999935,15.9988832474,0.000328297,0.00193467,4.87134e-06
826,0.999935,15.9988832474,0.0003283,0.00187551,4.81306e-06
827,0.999935,15.9988832474,0.000328305,0.00186035,4.75548e-06
828,0.999935,15.9988832474,0.000328303,0.00179625,4.69858e-06
829,0.999935,15.9988832474,0.000328305,0.00184205,4.64237e-06
830,0.999935,15.9988832474,0.000328313,0.00192107,4.58684e-06
831,0.999935,15.9988832474,0.000328315,0.00191122,4.53196e-06
832,0.999935,15.9988832474,0.000328326,0.0019088,4.47774e-06
833,0.999935,15.9988832474,0.000328323,0.00192012,4.42417e-06
834,0.999935,15.9988832474,0.000328328,0.00191421,4.37124e-06
835,0.999935,15.9988832474,0.000328334,0.0019284,4.31894e-06
836,0.999935,15.9988832474,0.000328333,0.00189652,4.26728e-06
837,0.999935,15.9988832474,0.000328334,0.00189807,4.21622e-06
838,0.999935,15.9988832474,0.00032834,0.00186928,4.16578e-06
839,0.999935,15.9988832474,0.000328347,0.00184469,4.11594e-06
840,0.999935,15.9988832474,0.000328358,0.00204186,4.0667e-06
841,0.999935,15.9988832474,0.000328359,0.00203363,4.01805e-06
842,0.999935,15.9988832474,0.000328359,0.00192512,3.96997e-06
843,0.999935,15.9988832474,0.000328362,0.00195401,3.92248e-06
844,0.999935,15.9988832474,0.000328367,0.00192144,3.87555e-06
845,0.999935,15.9988832474,0.000328363,0.00182108,3.82919e-06
846,0.999935,15.9988832474,0.000328364,0.00185937,3.78338e-06
847,0.999935,15.9988832474,0.000328362,0.00185593,3.73811e-06
848,0.999935,15.9988832474,0.000328364,0.00187764,3.69339e-06
849,0.999935,15.9988832474,0.000328368,0.00202153,3.64921e-06
850,0.999935,15.9988832474,0.000328368,0.00181478,3.60555e-06
851,0.999935,15.9988832474,0.000328372,0.00200043,3.56241e-06
852,0.999935,15.9988832474,0.000328372,0.00200568,3.51979e-06
853,0.999935,15.9988832474,0.000328376,0.00200043,3.47768e-06
854,0.999935,15.9988832474,0.000328379,0.00192677,3.43608e-06
855,0.999935,15.9988832474,0.000328383,0.00206795,3.39497e-06
856,0.999935,15.9988832474,0.000328386,0.00184096,3.35435e-06
857,0.999935,15.9988832474,0.000328383,0.00203894,3.31422e-06
858,0.999935,15.9988832474,0.000328381,0.00194614,3.27457e-06
859,0.999935,15.9988832474,0.000328385,0.00196929,3.23539e-06
860,0.999935,15.9988832474,0.000328381,0.00195541,3.19669e-06
861,0.999935,15.9988832474,0.000328384,0.00210465,3.15845e-06
862,0.999935,15.9988832474,0.000328382,0.0020272,3.12066e-06
863,0.999935,15.9988832474,0.000328383,0.00207668,3.08332e-06
864,0.999935,15.9988832474,0.000328377,0.00192464,3.04644e-06
865,0.999935,15.9988832474,0.000328375,0.00207141,3.00999e-06
866,0.999935,15.9988832474,0.000328376,0.00179744,2.97398e-06
867,0.999935,15.9988832474,0.000328373,0.00208191,2.9384e-06
868,0.999935,15.9988832474,0.000328367,0.00194916,2.90324e-06
869,0.999935,15.9988832474,0.000328367,0.00212476,2.86851e-06
870,0.999935,15.9988832474,0.000328366,0.00206202,2.83419e-06
871,0.999935,15.9988832474,0.000328366,0.00207754,2.80029e-06
872,0.999935,15.9988832474,0.000328363,0.00207754,2.76678e-06
873,0.999935,15.9988832474,0.000328362,0.00207754,2.73368e-06
874,0.999935,15.9988832474,0.000328357,0.00209224,2.70098e-06
875,0.999935,15.9988832474,0.000328358,0.00210344,2.66867e-06
876,0.999935,15.9988832474,0.000328358,0.0021772,2.63674e-06
877,0.999935,15.9988832474,0.000328356,0.0021772,2.60519e-06
878,0.999935,15.9988832474,0.000328358,0.00219093,2.57403e-06
879,0.999935,15.9988832474,0.000328358,0.00215597,2.54323e-06
880,0.999935,15.9988832474,0.000328357,0.00213412,2.5128e-06
881,0.999935,15.9988832474,0.000328357,0.00213412,2.48274e-06
882,0.999935,15.9988832474,0.000328357,0.00219016,2.45304e-06
883,0.999935,15.9988832474,0.000328355,0.00213412,2.42369e-06
884,0.999935,15.9988832474,0.000328356,0.00213412,2.39469e-06
885,0.999935,15.9988832474,0.000328356,0.00213412,2.36605e-06
0.999935,0.000328356,2970.0713953971863,0.00954819,0.0125492767434,0.000926046908739
