22,80,0.3,2,1000, .1 
0,0.49419,124672.00289,1.61069e+06,286.084,0.0999995
1,0.876538,30431.0071707,1086.61,5.16167,0.0988032
2,0.99432,1399.99777794,3.02583,0.266565,0.0976211
3,0.998483,373.997769356,0.110001,0.0657504,0.0964532
4,0.998832,287.994589806,0.0546789,0.0566466,0.0952993
5,0.998949,258.993859291,0.0484056,0.0537693,0.0941591
6,0.999006,244.993000031,0.0404489,0.0492331,0.0930326
7,0.99901,243.993988037,0.0376418,0.0497785,0.0919196
8,0.998945,259.992871284,0.0468983,0.0541276,0.0908199
9,0.99888,276.006445885,0.0460263,0.0559067,0.0897334
10,0.99884,285.996565819,0.0435395,0.0556156,0.0886598
11,0.999128,214.993257523,0.0333587,0.0457436,0.0875992
12,0.999099,222.001032829,0.0320416,0.0445841,0.0865511
13,0.998994,248.004727364,0.0449121,0.0539047,0.0855157
14,0.999128,214.993257523,0.0334708,0.0452771,0.0844926
15,0.999087,224.99806881,0.0319015,0.0501205,0.0834818
16,0.999172,204.004125595,0.0268936,0.0412789,0.082483
17,0.999148,209.998197556,0.0309907,0.0448219,0.0814962
18,0.999116,218.004984856,0.0323398,0.0478911,0.0805212
19,0.999217,193.000302315,0.0283644,0.0432593,0.0795579
20,0.999043,236.00189209,0.0331767,0.0465484,0.0786061
21,0.999079,226.996092796,0.0311977,0.0496383,0.0776656
22,0.999018,241.99596405,0.0349712,0.0510391,0.0767365
23,0.999091,223.999056816,0.0304046,0.0448338,0.0758184
24,0.999168,205.003137589,0.0260967,0.0417675,0.0749114
25,0.999221,192.001290321,0.0261696,0.0409133,0.0740152
26,0.99918,202.006101608,0.0308611,0.0456507,0.0731297
27,0.999298,173.005371094,0.0219678,0.0390891,0.0722548
28,0.999213,193.999314308,0.0257022,0.0411111,0.0713903
29,0.999367,155.9927845,0.0164082,0.0332386,0.0705362
30,0.999184,201.007089615,0.0284929,0.0440262,0.0696924
31,0.999197,197.995362282,0.0254599,0.045515,0.0688586
32,0.999278,178.000431061,0.0263329,0.0415576,0.0680348
33,0.999298,173.005371094,0.0206568,0.0396275,0.0672208
34,0.999298,173.005371094,0.0218167,0.0397644,0.0664166
35,0.999347,161.00253582,0.0193676,0.0366963,0.065622
36,0.999322,166.99660778,0.0197886,0.0378834,0.064837
37,0.999294,174.004383087,0.0205485,0.0392176,0.0640613
38,0.99931,169.993643761,0.0198001,0.0368894,0.0632949
39,0.999229,190.003266335,0.0202045,0.0408919,0.0625376
40,0.999322,166.99660778,0.0176669,0.036614,0.0617894
41,0.999363,157.006487846,0.0153768,0.0330302,0.0610502
42,0.999335,163.9995718,0.0157391,0.037901,0.0603198
43,0.999404,147.001676559,0.014902,0.0328289,0.0595982
44,0.999477,129.004769325,0.0140651,0.030027,0.0588852
45,0.999363,157.006487846,0.0157354,0.0343308,0.0581807
46,0.999477,129.004769325,0.0118704,0.028408,0.0574846
47,0.99931,169.993643761,0.0201805,0.0404195,0.0567969
48,0.999335,163.9995718,0.0170896,0.0358749,0.0561174
49,0.999343,162.001547813,0.0145528,0.0360511,0.055446
50,0.999493,124.994029999,0.012804,0.028986,0.0547827
51,0.99946,133.000817299,0.0124378,0.0318921,0.0541273
52,0.999416,144.004640579,0.0124464,0.0321525,0.0534797
53,0.999367,155.9927845,0.0167398,0.0374208,0.0528399
54,0.999432,139.993901253,0.0118649,0.0334208,0.0522078
55,0.999566,106.997122765,0.0102129,0.028041,0.0515832
56,0.999493,124.994029999,0.0103849,0.0302005,0.050966
57,0.999416,144.004640579,0.0126739,0.0337741,0.0503563
58,0.999529,116.002922058,0.00946226,0.0293369,0.0497538
59,0.999537,114.004898071,0.00917705,0.02911,0.0491586
60,0.999493,124.994029999,0.0115968,0.0313033,0.0485705
61,0.999469,131.002793312,0.0110452,0.0301347,0.0479894
62,0.999671,80.9934282303,0.00457055,0.0191658,0.0474153
63,0.999497,123.995018005,0.0096109,0.0321538,0.046848
64,0.999537,114.004898071,0.00848078,0.0279268,0.0462875
65,0.999558,108.995146751,0.00755901,0.0254811,0.0457338
66,0.999525,117.001934052,0.00922242,0.0285332,0.0451866
67,0.999615,94.9942874908,0.00632545,0.0232598,0.044646
68,0.999594,100.004038811,0.00631856,0.0221692,0.0441119
69,0.999675,79.9944162369,0.00564182,0.0239128,0.0435842
70,0.999586,102.002062798,0.00663256,0.0278591,0.0430627
71,0.99955,110.993170738,0.00812597,0.030265,0.0425475
72,0.999566,106.997122765,0.00779065,0.0265291,0.0420385
73,0.999692,75.9983682632,0.00608235,0.0236371,0.0415356
74,0.999611,95.9932994843,0.00486147,0.0246313,0.0410387
75,0.999659,84.0051555634,0.00461212,0.0196795,0.0405477
76,0.999566,106.997122765,0.00787616,0.0275989,0.0400626
77,0.999598,99.0050268173,0.00529876,0.0237118,0.0395833
78,0.999708,72.0023202896,0.00384657,0.0182221,0.0391097
79,0.999623,92.996263504,0.00472196,0.0219266,0.0386418
80,0.999623,92.996263504,0.00668627,0.0246667,0.0381795
81,0.999635,89.9992275238,0.00604017,0.0249661,0.0377228
82,0.999647,87.0021915436,0.0051102,0.0237965,0.0372715
83,0.999659,84.0051555634,0.0047693,0.0209547,0.0368256
84,0.999667,82.0071315765,0.00445442,0.0201985,0.036385
85,0.99974,63.9955329895,0.00307134,0.016606,0.0359497
86,0.999712,71.0033082962,0.00353866,0.0205627,0.0355196
87,0.999692,75.9983682632,0.00345114,0.0176588,0.0350947
88,0.999704,73.001332283,0.0041532,0.0205745,0.0346748
89,0.999716,70.0042963028,0.00357004,0.0200737,0.03426
90,0.999728,67.0072603226,0.0029096,0.0201164,0.0338501
91,0.999765,58.0014610291,0.00271072,0.0149871,0.0334451
92,0.999724,68.006272316,0.00312559,0.019265,0.033045
93,0.999801,48.9956617355,0.00263356,0.0139652,0.0326496
94,0.999712,71.0033082962,0.00291848,0.0191137,0.032259
95,0.999801,48.9956617355,0.00198499,0.0125248,0.0318731
96,0.999765,58.0014610291,0.00268017,0.0162142,0.0314918
97,0.999785,53.006401062,0.00196841,0.013709,0.031115
98,0.999834,41.0035657883,0.00175575,0.0124461,0.0307428
99,0.999821,44.0006017685,0.00163125,0.0117229,0.030375
100,0.999805,47.9966497421,0.00208561,0.0153085,0.0300116
101,0.999838,40.0045537949,0.00139491,0.0119344,0.0296525
102,0.999911,21.9929552078,0.000919825,0.00852033,0.0292978
103,0.999842,39.0055418015,0.00116993,0.0114649,0.0289473
104,0.999842,39.0055418015,0.00134114,0.0135228,0.028601
105,0.999886,28.0017185211,0.000813709,0.00972893,0.0282588
106,0.999866,32.9967784882,0.00126929,0.0112931,0.0279207
107,0.999874,30.9987545013,0.00143262,0.0110476,0.0275867
108,0.999854,35.9938144684,0.00117206,0.0130452,0.0272566
109,0.999838,40.0045537949,0.00137612,0.0143395,0.0269305
110,0.999878,29.9997425079,0.000965015,0.0104117,0.0266084
111,0.99983,42.0025777817,0.0015083,0.0141768,0.02629
112,0.999907,23.0066585541,0.000666867,0.00965664,0.0259755
113,0.99983,42.0025777817,0.00150573,0.0135068,0.0256647
114,0.999866,32.9967784882,0.00136157,0.011729,0.0253577
115,0.999866,32.9967784882,0.000981367,0.0123837,0.0250543
116,0.999894,26.0036945343,0.000828576,0.0100498,0.0247546
117,0.999886,28.0017185211,0.000765695,0.009595,0.0244584
118,0.999927,17.9969072342,0.000572136,0.00797707,0.0241658
119,0.999943,14.0008592606,0.00056626,0.00655998,0.0238767
120,0.999923,18.9959192276,0.000679976,0.00887413,0.023591
121,0.999919,19.994931221,0.000681835,0.00863246,0.0233088
122,0.999943,14.0008592606,0.000444575,0.00645473,0.0230299
123,0.999939,14.999871254,0.000329777,0.0068994,0.0227544
124,0.999939,14.999871254,0.000469652,0.00695646,0.0224822
125,0.999923,18.9959192276,0.000467713,0.0100431,0.0222132
126,0.999947,13.0018472672,0.000269077,0.00715419,0.0219475
127,0.999947,13.0018472672,0.000402203,0.0062227,0.0216849
128,0.999903,24.0056705475,0.000590657,0.00924818,0.0214255
129,0.999935,15.9988832474,0.000441607,0.00714903,0.0211691
130,0.999959,10.0048112869,0.00015151,0.00598539,0.0209159
131,0.999951,12.0028352737,0.000220798,0.00671834,0.0206656
132,0.999919,19.994931221,0.000610152,0.00794934,0.0204184
133,0.999951,12.0028352737,0.000256494,0.00543034,0.0201741
134,0.999972,6.99308395386,9.36903e-05,0.00406529,0.0199328
135,0.99998,4.99505996704,0.000103324,0.00353068,0.0196943
136,0.999992,1.99802398682,5.7085e-05,0.00307477,0.0194587
137,0.999988,2.99703598022,6.22812e-05,0.00391506,0.0192259
138,0.99998,4.99505996704,5.08265e-05,0.00439035,0.0189959
139,0.99998,4.99505996704,0.000157667,0.00413652,0.0187686
140,0.99998,4.99505996704,6.34343e-05,0.00386823,0.0185441
141,0.999984,3.99604797363,5.55735e-05,0.00296956,0.0183222
142,0.999972,6.99308395386,0.000115371,0.00538508,0.018103
143,0.999939,14.999871254,0.000257789,0.00662024,0.0178864
144,0.999968,8.00678730011,0.000128501,0.00379541,0.0176725
145,0.999976,5.99407196045,0.000113578,0.00484923,0.017461
146,0.999951,12.0028352737,0.000212669,0.00540812,0.0172521
147,0.999988,2.99703598022,4.92329e-05,0.00357405,0.0170457
148,0.999992,1.99802398682,3.61819e-05,0.00321974,0.0168418
149,0.999992,1.99802398682,6.70265e-05,0.00310458,0.0166403
150,0.99998,4.99505996704,6.78081e-05,0.00434653,0.0164412
151,0.99998,4.99505996704,7.57967e-05,0.00331285,0.0162445
152,0.999996,0.999011993408,3.02818e-05,0.00207904,0.0160502
153,1.0,0.0,2.28808e-07,0.000679674,0.0158582
1.0,2.28808e-07,566.451516866684,0.943604,0.00792956136563,0.000741782468919
