69,80,0.1,2,1000, .1 
0,0.505011,122005.000806,1.65785e+06,292.515,0.0999991
1,0.934425,16163.00035,2076.52,6.10659,0.0977235
2,0.99503,1224.99438286,12.2259,0.528463,0.0954998
3,0.998649,332.994203568,0.362591,0.138147,0.0933267
4,0.99888,276.006445885,0.213807,0.121109,0.091203
5,0.999026,239.997940063,0.15156,0.119782,0.0891276
6,0.999087,224.99806881,0.159369,0.100837,0.0870995
7,0.999156,208.000173569,0.150211,0.0936546,0.0851175
8,0.999002,246.006703377,0.181033,0.105876,0.0831806
9,0.999176,203.005113602,0.129545,0.089941,0.0812878
10,0.999128,214.993257523,0.142786,0.0985469,0.079438
11,0.999103,221.002020836,0.12076,0.110752,0.0776304
12,0.999128,214.993257523,0.142069,0.0954263,0.0758639
13,0.999184,201.007089615,0.107637,0.086858,0.0741375
14,0.999209,194.998326302,0.105009,0.0941263,0.0724505
15,0.99929,175.003395081,0.098533,0.0806278,0.0708019
16,0.999266,180.997467041,0.103108,0.0814416,0.0691907
17,0.999189,199.993386269,0.125713,0.10313,0.0676163
18,0.999339,163.000559807,0.0811661,0.0732388,0.0660776
19,0.999306,170.992655754,0.0806023,0.0775904,0.064574
20,0.999322,166.99660778,0.0851594,0.0852798,0.0631046
21,0.999391,149.99871254,0.0802217,0.0785019,0.0616686
22,0.999379,152.99574852,0.0688935,0.0683238,0.0602653
23,0.999428,140.992913246,0.0565858,0.0777991,0.0588939
24,0.999318,167.995619774,0.0690068,0.0885555,0.0575538
25,0.999558,108.995146751,0.0458642,0.0592441,0.0562441
26,0.999509,120.997982025,0.0574905,0.0680152,0.0549643
27,0.99944,137.995877266,0.0620275,0.0746177,0.0537135
28,0.999452,134.998841286,0.0522504,0.0673402,0.0524912
29,0.999456,133.999829292,0.0605543,0.0736057,0.0512968
30,0.99946,133.000817299,0.050991,0.0689709,0.0501295
31,0.999533,115.003910065,0.0566665,0.0617708,0.0489888
32,0.999481,128.005757332,0.0471633,0.0777542,0.047874
33,0.999537,114.004898071,0.0497324,0.0667439,0.0467846
34,0.999529,116.002922058,0.0546119,0.0640071,0.04572
35,0.999481,128.005757332,0.0426481,0.0702558,0.0446796
36,0.999521,118.000946045,0.0467712,0.0600596,0.0436629
37,0.999631,90.9982395172,0.0352439,0.0519446,0.0426694
38,0.999602,98.0060148239,0.0299242,0.048403,0.0416984
39,0.999619,93.9952754974,0.0302757,0.0567818,0.0407495
40,0.999578,104.000086784,0.0369639,0.055413,0.0398222
41,0.999663,83.0061435699,0.0269491,0.0545411,0.0389161
42,0.999716,70.0042963028,0.0249747,0.0436051,0.0380305
43,0.999704,73.001332283,0.0210232,0.0464322,0.0371651
44,0.999643,88.001203537,0.0240741,0.0447967,0.0363194
45,0.999675,79.9944162369,0.0267587,0.0585571,0.0354929
46,0.999675,79.9944162369,0.0272877,0.0588177,0.0346853
47,0.999728,67.0072603226,0.0200352,0.0418567,0.033896
48,0.999732,65.9935569763,0.0214289,0.0467721,0.0331247
49,0.99972,69.0052843094,0.0237397,0.0489631,0.0323709
50,0.999813,45.9986257553,0.0123923,0.0390495,0.0316343
51,0.999785,53.006401062,0.0150953,0.04254,0.0309144
52,0.999696,74.9993562698,0.0241991,0.0482114,0.030211
53,0.999777,55.0044250488,0.0184103,0.0390061,0.0295235
54,0.999765,58.0014610291,0.0117754,0.0359018,0.0288517
55,0.999769,57.0024490356,0.0145393,0.0427301,0.0281952
56,0.999748,61.9975090027,0.0205206,0.045456,0.0275536
57,0.999757,59.9994850159,0.0166255,0.0459819,0.0269266
58,0.999809,46.9976377487,0.00910395,0.0340178,0.0263138
59,0.999801,48.9956617355,0.00936291,0.040635,0.0257151
60,0.999793,50.9936857224,0.0139703,0.0407747,0.0251299
61,0.999793,50.9936857224,0.0100259,0.0381223,0.0245581
62,0.99983,42.0025777817,0.0100778,0.0327964,0.0239992
63,0.999809,46.9976377487,0.0128198,0.0422763,0.0234531
64,0.999866,32.9967784882,0.00679493,0.0357249,0.0229194
65,0.99987,31.9977664948,0.00590695,0.0275566,0.0223979
66,0.999858,34.994802475,0.00494849,0.0266488,0.0218882
67,0.999878,29.9997425079,0.00762369,0.0318877,0.0213901
68,0.999886,28.0017185211,0.00292274,0.0242371,0.0209034
69,0.999874,30.9987545013,0.00768756,0.0321876,0.0204277
70,0.999919,19.994931221,0.0022236,0.0240102,0.0199629
71,0.999907,23.0066585541,0.00467297,0.0264829,0.0195086
72,0.99989,27.0027065277,0.00580216,0.0331869,0.0190647
73,0.999894,26.0036945343,0.00317168,0.025013,0.0186309
74,0.999915,20.9939432144,0.00406419,0.0278011,0.0182069
75,0.999927,17.9969072342,0.00519483,0.0315292,0.0177926
76,0.999935,15.9988832474,0.0023938,0.0205077,0.0173877
77,0.999947,13.0018472672,0.00130853,0.021484,0.0169921
78,0.999927,17.9969072342,0.00163693,0.0255662,0.0166054
79,0.999931,16.9978952408,0.00319953,0.0242839,0.0162275
80,0.999951,12.0028352737,0.00335412,0.0219834,0.0158583
81,0.999939,14.999871254,0.00355609,0.024811,0.0154974
82,0.999947,13.0018472672,0.0016185,0.0163873,0.0151447
83,0.999959,10.0048112869,0.00203425,0.0204557,0.0148001
84,0.999968,8.00678730011,0.00178598,0.0211071,0.0144633
85,0.999976,5.99407196045,0.000507521,0.0111658,0.0141342
86,0.999968,8.00678730011,0.00238278,0.0214105,0.0138126
87,0.999963,9.00579929352,0.00120162,0.0203338,0.0134983
88,0.999968,8.00678730011,0.00230006,0.0210424,0.0131911
89,0.999972,6.99308395386,0.00190347,0.0181879,0.0128909
90,0.99998,4.99505996704,0.000269482,0.0106636,0.0125976
91,0.99998,4.99505996704,0.000453558,0.0129051,0.0123109
92,0.999976,5.99407196045,0.00209062,0.0196177,0.0120308
93,0.99998,4.99505996704,0.000397139,0.0184037,0.011757
94,1.0,0.0,0.0,0.0,0.0114895
1.0,0.0,320.5927646160126,1.26562,0.00858274172126,0.000653050863856
