99,80,0.6,2,1000, .1 
0,0.509534,120890.000582,1.53423e+06,275.216,0.0999998
1,0.946438,13202.0022583,889.104,4.37618,0.0994904
2,0.995087,1210.9935236,10.4846,0.444104,0.0989837
3,0.998284,422.993431091,0.432893,0.121217,0.0984795
4,0.998702,320.007047653,0.167835,0.0956286,0.0979779
5,0.998775,301.995449066,0.146163,0.0931766,0.0974788
6,0.998848,283.998541832,0.15356,0.0913649,0.0969823
7,0.998819,291.006317139,0.151318,0.0918409,0.0964883
8,0.99875,308.004212379,0.143584,0.0943298,0.0959968
9,0.998901,270.996694565,0.0989569,0.0819554,0.0955079
10,0.998649,332.994203568,0.178547,0.105085,0.0950214
11,0.998965,254.997811317,0.123856,0.0810579,0.0945374
12,0.998799,296.001377106,0.147084,0.0906245,0.0940559
13,0.998763,305.007176399,0.183954,0.102622,0.0935768
14,0.998965,254.997811317,0.114158,0.0806805,0.0931001
15,0.998828,288.993601799,0.154385,0.0940427,0.0926259
16,0.998815,292.005329132,0.147043,0.0878925,0.0921541
17,0.998933,263.004598618,0.116668,0.0827281,0.0916847
18,0.998742,310.002236366,0.163675,0.103493,0.0912177
19,0.998856,282.000517845,0.134937,0.0911025,0.0907531
20,0.998828,288.993601799,0.138645,0.0906948,0.0902909
21,0.999002,246.006703377,0.0933142,0.0741429,0.0898309
22,0.998876,277.005457878,0.130409,0.0882395,0.0893734
23,0.99886,281.001505852,0.148452,0.0939552,0.0889182
24,0.998949,258.993859291,0.116332,0.0860438,0.0884652
25,0.998823,290.007305145,0.146144,0.095439,0.0880146
26,0.998998,247.00571537,0.100086,0.0797838,0.0875663
27,0.999051,234.003868103,0.0979064,0.0738733,0.0871203
28,0.998901,270.996694565,0.12285,0.086826,0.0866766
29,0.998844,284.997553825,0.133163,0.0913165,0.0862351
30,0.999116,218.004984856,0.0865305,0.0728745,0.0857958
31,0.998909,268.998670578,0.109317,0.083158,0.0853588
32,0.998905,269.997682571,0.124624,0.0851136,0.084924
33,0.998961,255.996823311,0.128842,0.0910054,0.0844915
34,0.998896,271.995706558,0.129564,0.0875155,0.0840611
35,0.998937,262.005586624,0.125309,0.0861821,0.0836329
36,0.998872,278.004469872,0.127252,0.0879206,0.0832069
37,0.998921,266.001634598,0.129586,0.0918589,0.0827831
38,0.998921,266.001634598,0.124579,0.0895115,0.0823614
39,0.998884,274.992742538,0.127169,0.0875467,0.0819419
40,0.998994,248.004727364,0.114032,0.0857239,0.0815246
41,0.999091,223.999056816,0.0856806,0.0739659,0.0811093
42,0.998982,251.001763344,0.115735,0.0842594,0.0806962
43,0.999103,221.002020836,0.0821323,0.0727901,0.0802851
44,0.999006,244.993000031,0.0945908,0.0747879,0.0798762
45,0.999083,225.997080803,0.0830213,0.0720389,0.0794693
46,0.998969,253.998799324,0.0970678,0.0814981,0.0790645
47,0.999063,231.006832123,0.102361,0.0840721,0.0786618
48,0.999022,240.996952057,0.0905391,0.0787329,0.0782612
49,0.999059,232.005844116,0.107921,0.0810314,0.0778625
50,0.998986,250.00275135,0.096465,0.0781813,0.0774659
51,0.999059,232.005844116,0.087275,0.0775329,0.0770714
52,0.999051,234.003868103,0.0901685,0.0729758,0.0766788
53,0.998896,271.995706558,0.116716,0.0865468,0.0762882
54,0.999148,209.998197556,0.0821863,0.0718375,0.0758996
55,0.999014,242.994976044,0.101944,0.0790079,0.075513
56,0.999047,235.002880096,0.098221,0.0754767,0.0751284
57,0.999205,195.997338295,0.0734162,0.069341,0.0747457
58,0.99912,217.005972862,0.0809227,0.0731091,0.074365
59,0.999103,221.002020836,0.07731,0.0733134,0.0739862
60,0.99903,238.99892807,0.0965414,0.0740647,0.0736094
61,0.999083,225.997080803,0.101358,0.0726855,0.0732344
62,0.999168,205.003137589,0.0758752,0.0730696,0.0728614
63,0.999103,221.002020836,0.0797724,0.0701279,0.0724903
64,0.999091,223.999056816,0.0761303,0.0704008,0.072121
65,0.999237,188.005242348,0.0632173,0.0640196,0.0717537
66,0.999197,197.995362282,0.0735698,0.064721,0.0713882
67,0.999193,198.994374275,0.0678576,0.0644635,0.0710246
68,0.999148,209.998197556,0.0695085,0.0679504,0.0706628
69,0.999132,213.994245529,0.0826281,0.0714755,0.0703029
70,0.999172,204.004125595,0.0754551,0.0727931,0.0699448
71,0.999152,208.999185562,0.0784236,0.0659764,0.0695885
72,0.999128,214.993257523,0.0748237,0.0700235,0.0692341
73,0.999176,203.005113602,0.0690378,0.0643906,0.0688814
74,0.999335,163.9995718,0.0484251,0.0530954,0.0685306
75,0.999144,210.997209549,0.0742432,0.0694307,0.0681815
76,0.999229,190.003266335,0.0641856,0.0638049,0.0678342
77,0.999099,222.001032829,0.0817087,0.0697399,0.0674887
78,0.99918,202.006101608,0.0627264,0.0650966,0.0671449
79,0.999294,174.004383087,0.0557973,0.057194,0.0668029
80,0.999217,193.000302315,0.0614232,0.0664911,0.0664627
81,0.99918,202.006101608,0.0684068,0.0649138,0.0661241
82,0.999111,219.003996849,0.0676734,0.0717095,0.0657873
83,0.99931,169.993643761,0.0554199,0.055724,0.0654522
84,0.999254,183.994503021,0.0590953,0.0606968,0.0651188
85,0.999298,173.005371094,0.0539559,0.0586069,0.0647871
86,0.999298,173.005371094,0.0540772,0.0588451,0.0644572
87,0.999359,158.00549984,0.0480647,0.0545244,0.0641288
88,0.999249,184.993515015,0.0571983,0.0602899,0.0638022
89,0.999302,172.0063591,0.0566269,0.0618909,0.0634772
90,0.999274,178.999443054,0.0614264,0.0684256,0.0631539
91,0.999225,191.002278328,0.0571513,0.0606684,0.0628322
92,0.999209,194.998326302,0.0542442,0.0654601,0.0625122
93,0.999351,160.003523827,0.0446524,0.053008,0.0621938
94,0.999298,173.005371094,0.05065,0.0567035,0.061877
95,0.999282,177.001419067,0.0576699,0.061313,0.0615618
96,0.999355,159.004511833,0.0410598,0.0552738,0.0612482
97,0.999302,172.0063591,0.0549317,0.0563158,0.0609362
98,0.999314,168.994631767,0.045126,0.0570357,0.0606259
99,0.999322,166.99660778,0.0409279,0.0542928,0.0603171
100,0.999245,186.007218361,0.055364,0.0666712,0.0600098
101,0.999359,158.00549984,0.0488273,0.0609813,0.0597042
102,0.999448,135.997853279,0.041462,0.048815,0.0594001
103,0.999335,163.9995718,0.0492307,0.0621443,0.0590975
104,0.999274,178.999443054,0.0595599,0.0622373,0.0587965
105,0.999387,150.997724533,0.0368712,0.0533252,0.058497
106,0.999335,163.9995718,0.0520754,0.0583385,0.058199
107,0.999363,157.006487846,0.0443394,0.0581271,0.0579026
108,0.999343,162.001547813,0.041954,0.0553597,0.0576077
109,0.999274,178.999443054,0.0537443,0.0590806,0.0573142
110,0.999367,155.9927845,0.0414509,0.056467,0.0570223
111,0.999245,186.007218361,0.0550548,0.0664527,0.0567318
112,0.999379,152.99574852,0.0370233,0.0523707,0.0564429
113,0.999408,146.002664566,0.0440032,0.0528686,0.0561554
114,0.99931,169.993643761,0.0502848,0.0577381,0.0558694
115,0.999343,162.001547813,0.0442893,0.0562877,0.0555848
116,0.999359,158.00549984,0.0452215,0.0540673,0.0553016
117,0.999347,161.00253582,0.0450668,0.0577047,0.05502
118,0.999428,140.992913246,0.0372126,0.0477987,0.0547397
119,0.99927,179.998455048,0.0492954,0.0601565,0.0544609
120,0.99944,137.995877266,0.0340132,0.049439,0.0541835
121,0.999339,163.000559807,0.048257,0.0604154,0.0539075
122,0.999477,129.004769325,0.0334453,0.049311,0.0536329
123,0.999404,147.001676559,0.0333246,0.0529039,0.0533597
124,0.99944,137.995877266,0.0353299,0.0485084,0.0530879
125,0.999318,167.995619774,0.0406621,0.0569645,0.0528175
126,0.999493,124.994029999,0.0299467,0.0456265,0.0525485
127,0.99942,143.005628586,0.0364869,0.0476265,0.0522809
128,0.999456,133.999829292,0.0324223,0.0484481,0.0520146
129,0.999432,139.993901253,0.0355531,0.0531101,0.0517496
130,0.999408,146.002664566,0.0378639,0.0503216,0.051486
131,0.999448,135.997853279,0.0327309,0.0480028,0.0512238
132,0.999383,151.996736526,0.0356464,0.0488822,0.0509629
133,0.999436,138.994889259,0.0356343,0.0445851,0.0507033
134,0.999412,145.003652573,0.032163,0.0499541,0.050445
135,0.999452,134.998841286,0.0330421,0.0496016,0.0501881
136,0.999444,136.996865273,0.0306592,0.0492963,0.0499324
137,0.999485,127.006745338,0.030488,0.0449366,0.0496781
138,0.9994,148.000688553,0.0392986,0.0512726,0.0494251
139,0.999456,133.999829292,0.0344188,0.0512949,0.0491733
140,0.999525,117.001934052,0.0276399,0.040987,0.0489228
141,0.999485,127.006745338,0.0290027,0.0454161,0.0486737
142,0.999456,133.999829292,0.0297736,0.0471617,0.0484257
143,0.999412,145.003652573,0.0347837,0.047861,0.0481791
144,0.999432,139.993901253,0.0261492,0.0465607,0.0479337
145,0.999525,117.001934052,0.0281824,0.0438112,0.0476895
146,0.999501,122.996006012,0.0268603,0.0406002,0.0474466
147,0.999493,124.994029999,0.0281786,0.0424496,0.0472049
148,0.999481,128.005757332,0.0283554,0.046773,0.0469645
149,0.999546,112.006874084,0.0232286,0.0445742,0.0467253
150,0.999554,109.994158745,0.0214157,0.0378194,0.0464873
151,0.999509,120.997982025,0.0255747,0.0435136,0.0462505
152,0.999509,120.997982025,0.0339581,0.04565,0.0460149
153,0.999497,123.995018005,0.0298859,0.0433667,0.0457805
154,0.999521,118.000946045,0.0200261,0.0393128,0.0455473
155,0.999391,149.99871254,0.037329,0.0548742,0.0453153
156,0.999521,118.000946045,0.025719,0.0451109,0.0450845
157,0.999477,129.004769325,0.0289345,0.0475987,0.0448549
158,0.999537,114.004898071,0.0251426,0.0432373,0.0446264
159,0.999537,114.004898071,0.0230937,0.0440221,0.0443991
160,0.999477,129.004769325,0.0322653,0.0507538,0.0441729
161,0.999485,127.006745338,0.029429,0.0474321,0.0439479
162,0.999456,133.999829292,0.0272356,0.0476539,0.0437241
163,0.99946,133.000817299,0.0289812,0.0475087,0.0435014
164,0.999501,122.996006012,0.022414,0.0424521,0.0432798
165,0.99955,110.993170738,0.0194026,0.0375526,0.0430594
166,0.999521,118.000946045,0.0237705,0.0422237,0.04284
167,0.999554,109.994158745,0.0209429,0.036945,0.0426218
168,0.999505,121.996994019,0.0240305,0.0451758,0.0424047
169,0.99959,101.003050804,0.0186612,0.0349049,0.0421887
170,0.999606,97.0070028305,0.0192403,0.039328,0.0419738
171,0.999525,117.001934052,0.0234231,0.0450226,0.04176
172,0.99955,110.993170738,0.0211801,0.0389376,0.0415473
173,0.999485,127.006745338,0.022127,0.0443177,0.0413357
174,0.999566,106.997122765,0.0197543,0.0368492,0.0411252
175,0.999533,115.003910065,0.0199707,0.0404025,0.0409157
176,0.999574,104.999098778,0.0227985,0.0384089,0.0407073
177,0.999615,94.9942874908,0.0174234,0.0364149,0.0404999
178,0.999542,113.005886078,0.0240111,0.0390798,0.0402936
179,0.999578,104.000086784,0.0189727,0.0414773,0.0400884
180,0.999598,99.0050268173,0.0176464,0.0383281,0.0398842
181,0.999635,89.9992275238,0.0172724,0.0341785,0.0396811
182,0.999582,103.001074791,0.0180072,0.0354961,0.0394789
183,0.999651,86.0031795502,0.0153728,0.0320446,0.0392778
184,0.999619,93.9952754974,0.0160514,0.034104,0.0390778
185,0.999554,109.994158745,0.0176392,0.0405161,0.0388787
186,0.999606,97.0070028305,0.0166834,0.0364716,0.0386807
187,0.999631,90.9982395172,0.0185203,0.0383536,0.0384837
188,0.999635,89.9992275238,0.0144323,0.033032,0.0382877
189,0.999602,98.0060148239,0.0191054,0.0398532,0.0380926
190,0.99959,101.003050804,0.0169189,0.0377314,0.0378986
191,0.999602,98.0060148239,0.0189637,0.0391182,0.0377056
192,0.999578,104.000086784,0.0180676,0.0399489,0.0375135
193,0.999582,103.001074791,0.0205578,0.0410418,0.0373224
194,0.999594,100.004038811,0.0172689,0.0368222,0.0371323
195,0.999627,91.9972515106,0.0144933,0.0338783,0.0369432
196,0.99959,101.003050804,0.0155403,0.0386624,0.036755
197,0.999667,82.0071315765,0.0142244,0.0357831,0.0365678
198,0.999635,89.9992275238,0.0129739,0.0310679,0.0363816
199,0.999574,104.999098778,0.0175552,0.0389684,0.0361962
200,0.99968,78.9954042435,0.0106718,0.0321134,0.0360119
201,0.999594,100.004038811,0.0172754,0.0413649,0.0358284
202,0.999696,74.9993562698,0.0127919,0.0285355,0.0356459
203,0.999651,86.0031795502,0.0139038,0.0350518,0.0354644
204,0.999696,74.9993562698,0.0136859,0.0326021,0.0352837
205,0.99968,78.9954042435,0.0119851,0.0308852,0.035104
206,0.999667,82.0071315765,0.0139748,0.0313058,0.0349252
207,0.999704,73.001332283,0.0108511,0.0310441,0.0347473
208,0.999639,89.0002155304,0.0144272,0.0359164,0.0345703
209,0.99972,69.0052843094,0.00925071,0.0287788,0.0343942
210,0.99968,78.9954042435,0.0104627,0.0291698,0.0342191
211,0.999647,87.0021915436,0.0129098,0.0354702,0.0340448
212,0.99972,69.0052843094,0.00918741,0.0287944,0.0338713
213,0.999667,82.0071315765,0.0135128,0.032991,0.0336988
214,0.999627,91.9972515106,0.0148184,0.0364033,0.0335272
215,0.999663,83.0061435699,0.0116615,0.031031,0.0333564
216,0.999696,74.9993562698,0.0110206,0.0302656,0.0331865
217,0.999692,75.9983682632,0.00858299,0.0276054,0.0330175
218,0.999659,84.0051555634,0.0119171,0.0315206,0.0328493
219,0.999667,82.0071315765,0.00970298,0.0295666,0.032682
220,0.999684,77.9963922501,0.00856904,0.0301079,0.0325155
221,0.999688,76.9973802567,0.0107835,0.0314245,0.0323499
222,0.999651,86.0031795502,0.0130195,0.0349162,0.0321851
223,0.999684,77.9963922501,0.0131246,0.0351805,0.0320212
224,0.99968,78.9954042435,0.0106049,0.0318926,0.0318581
225,0.999724,68.006272316,0.00817746,0.0286597,0.0316958
226,0.999659,84.0051555634,0.0133283,0.0345554,0.0315343
227,0.9997,74.0003442764,0.010119,0.0294674,0.0313737
228,0.99974,63.9955329895,0.00898592,0.024035,0.0312139
229,0.99974,63.9955329895,0.006373,0.0245949,0.0310549
230,0.999712,71.0033082962,0.0116854,0.0317466,0.0308967
231,0.999639,89.0002155304,0.0115552,0.0377188,0.0307394
232,0.999688,76.9973802567,0.0110941,0.0289732,0.0305828
233,0.999769,57.0024490356,0.00644169,0.0218523,0.030427
234,0.999724,68.006272316,0.00831694,0.028475,0.030272
235,0.999724,68.006272316,0.00990369,0.0290194,0.0301178
236,0.9997,74.0003442764,0.010011,0.0275297,0.0299644
237,0.999732,65.9935569763,0.00936081,0.0325192,0.0298118
238,0.999724,68.006272316,0.0082321,0.0282892,0.02966
239,0.999728,67.0072603226,0.00880855,0.0267748,0.0295089
240,0.99972,69.0052843094,0.00857998,0.0264759,0.0293586
241,0.999769,57.0024490356,0.00721685,0.0258046,0.029209
242,0.999712,71.0033082962,0.00965333,0.0296679,0.0290603
243,0.999761,59.0004730225,0.00775543,0.0269546,0.0289122
244,0.999765,58.0014610291,0.00663394,0.0231353,0.028765
245,0.999761,59.0004730225,0.00710174,0.0229898,0.0286184
246,0.999761,59.0004730225,0.00861325,0.0280212,0.0284727
247,0.999773,56.0034370422,0.00643242,0.022746,0.0283277
248,0.999732,65.9935569763,0.00703728,0.0247732,0.0281834
249,0.999757,59.9994850159,0.00672679,0.0216509,0.0280398
250,0.999809,46.9976377487,0.00454113,0.0221049,0.027897
251,0.999781,54.0054130554,0.00548396,0.0244277,0.0277549
252,0.999781,54.0054130554,0.00849866,0.0239005,0.0276135
253,0.999732,65.9935569763,0.00723328,0.0261492,0.0274729
254,0.99974,63.9955329895,0.00733738,0.0253174,0.0273329
255,0.999777,55.0044250488,0.00697942,0.0253505,0.0271937
256,0.999769,57.0024490356,0.00592981,0.0229515,0.0270552
257,0.999789,51.9926977158,0.00523158,0.0215668,0.0269174
258,0.999748,61.9975090027,0.00591058,0.0241326,0.0267803
259,0.999789,51.9926977158,0.00408236,0.0207588,0.0266439
260,0.999793,50.9936857224,0.00461558,0.0210851,0.0265082
261,0.999777,55.0044250488,0.00527245,0.0229925,0.0263731
262,0.999789,51.9926977158,0.00634224,0.0253671,0.0262388
263,0.999821,44.0006017685,0.00354125,0.0185079,0.0261052
264,0.999789,51.9926977158,0.0055503,0.0217355,0.0259722
265,0.999769,57.0024490356,0.00570585,0.0254949,0.0258399
266,0.999773,56.0034370422,0.00572398,0.0242943,0.0257083
267,0.999765,58.0014610291,0.00670252,0.0265005,0.0255773
268,0.999826,43.0015897751,0.00308248,0.0193032,0.0254471
269,0.999789,51.9926977158,0.00707105,0.0248808,0.0253174
270,0.999817,44.9996137619,0.0053942,0.0230543,0.0251885
271,0.999793,50.9936857224,0.0050313,0.0243582,0.0250602
272,0.999761,59.0004730225,0.00458023,0.0230833,0.0249325
273,0.999797,49.9946737289,0.00497253,0.0229513,0.0248055
274,0.999761,59.0004730225,0.0068093,0.0260331,0.0246792
275,0.999765,58.0014610291,0.00552466,0.0245295,0.0245535
276,0.999773,56.0034370422,0.00427072,0.0244753,0.0244284
277,0.99983,42.0025777817,0.00397698,0.0199127,0.024304
278,0.999817,44.9996137619,0.00305043,0.0213507,0.0241802
279,0.999761,59.0004730225,0.00572375,0.024665,0.024057
280,0.999797,49.9946737289,0.00455538,0.0207663,0.0239345
281,0.999797,49.9946737289,0.00518072,0.0244173,0.0238126
282,0.99983,42.0025777817,0.00315861,0.019337,0.0236913
283,0.999826,43.0015897751,0.00448687,0.0172144,0.0235706
284,0.999834,41.0035657883,0.00357917,0.0190498,0.0234506
285,0.999826,43.0015897751,0.00383321,0.0200297,0.0233311
286,0.999834,41.0035657883,0.00283382,0.0170741,0.0232123
287,0.999826,43.0015897751,0.00338502,0.0189847,0.023094
288,0.999834,41.0035657883,0.00402313,0.021317,0.0229764
289,0.999793,50.9936857224,0.0037175,0.0228178,0.0228594
290,0.999842,39.0055418015,0.00182267,0.0166478,0.0227429
291,0.99987,31.9977664948,0.00297403,0.0177488,0.0226271
292,0.99983,42.0025777817,0.00316591,0.0212054,0.0225118
293,0.999826,43.0015897751,0.00418809,0.0236617,0.0223972
294,0.999797,49.9946737289,0.00445228,0.0208134,0.0222831
295,0.999838,40.0045537949,0.00278743,0.0185608,0.0221696
296,0.999866,32.9967784882,0.00235102,0.0178394,0.0220567
297,0.999858,34.994802475,0.00339246,0.0176177,0.0219443
298,0.999862,33.9957904816,0.00248941,0.0168355,0.0218325
299,0.999793,50.9936857224,0.00353086,0.0225071,0.0217213
300,0.999854,35.9938144684,0.00237449,0.0170655,0.0216107
301,0.999834,41.0035657883,0.00411826,0.020906,0.0215006
302,0.999882,29.0007305145,0.00196634,0.016787,0.0213911
303,0.999894,26.0036945343,0.00155951,0.0151702,0.0212822
304,0.999882,29.0007305145,0.00238255,0.0180043,0.0211738
305,0.999769,57.0024490356,0.00471143,0.0268209,0.0210659
306,0.999838,40.0045537949,0.00307795,0.0213053,0.0209586
307,0.999809,46.9976377487,0.00345363,0.0209601,0.0208518
308,0.999882,29.0007305145,0.00230754,0.0155199,0.0207456
309,0.99985,36.9928264618,0.00304108,0.0197595,0.02064
310,0.999842,39.0055418015,0.00274872,0.0187405,0.0205348
311,0.999882,29.0007305145,0.00166156,0.01645,0.0204302
312,0.999858,34.994802475,0.00277594,0.0177257,0.0203262
313,0.999899,25.0046825409,0.00171461,0.0169102,0.0202226
314,0.999886,28.0017185211,0.00153553,0.0147278,0.0201196
315,0.999882,29.0007305145,0.00180134,0.0168019,0.0200172
316,0.999911,21.9929552078,0.00217615,0.017325,0.0199152
317,0.999834,41.0035657883,0.0037711,0.0185569,0.0198138
318,0.99987,31.9977664948,0.00204519,0.0167249,0.0197128
319,0.999886,28.0017185211,0.00194892,0.0133649,0.0196124
320,0.999935,15.9988832474,0.00100587,0.00968888,0.0195125
321,0.999919,19.994931221,0.00131382,0.0151576,0.0194131
322,0.999874,30.9987545013,0.00197195,0.0176689,0.0193143
323,0.999899,25.0046825409,0.0017204,0.0164667,0.0192159
324,0.999899,25.0046825409,0.00156869,0.0141739,0.019118
325,0.99987,31.9977664948,0.00221726,0.0180053,0.0190206
326,0.999878,29.9997425079,0.00248381,0.016141,0.0189237
327,0.999907,23.0066585541,0.00100388,0.0123538,0.0188274
328,0.999899,25.0046825409,0.00138573,0.0138549,0.0187315
329,0.999907,23.0066585541,0.00130892,0.0145026,0.018636
330,0.999882,29.0007305145,0.00196885,0.0162383,0.0185411
331,0.999907,23.0066585541,0.00187008,0.0181773,0.0184467
332,0.999882,29.0007305145,0.00209657,0.014079,0.0183527
333,0.999943,14.0008592606,0.000588097,0.00935485,0.0182592
334,0.999915,20.9939432144,0.00127389,0.0164858,0.0181662
335,0.999866,32.9967784882,0.00284577,0.0185533,0.0180737
336,0.999846,38.006529808,0.0025318,0.0193849,0.0179816
337,0.999907,23.0066585541,0.000856383,0.0137181,0.01789
338,0.999923,18.9959192276,0.000797767,0.0113775,0.0177989
339,0.999955,11.0038232803,0.00044169,0.00904114,0.0177083
340,0.999939,14.999871254,0.000580618,0.0111081,0.0176181
341,0.999943,14.0008592606,0.000533304,0.0132871,0.0175283
342,0.999943,14.0008592606,0.000776137,0.0113635,0.017439
343,0.999959,10.0048112869,0.000622608,0.0102715,0.0173502
344,0.999927,17.9969072342,0.000899164,0.0124491,0.0172618
345,0.999943,14.0008592606,0.000679908,0.0118209,0.0171739
346,0.999927,17.9969072342,0.000568892,0.0121199,0.0170864
347,0.999927,17.9969072342,0.00116083,0.0146586,0.0169994
348,0.999915,20.9939432144,0.0014994,0.0128097,0.0169128
349,0.999943,14.0008592606,0.000649729,0.0123875,0.0168267
350,0.999943,14.0008592606,0.000944934,0.0140489,0.016741
351,0.999923,18.9959192276,0.00116082,0.0127802,0.0166557
352,0.999935,15.9988832474,0.000437451,0.0125565,0.0165709
353,0.999935,15.9988832474,0.00044311,0.00919641,0.0164865
354,0.999939,14.999871254,0.000724526,0.0116245,0.0164025
355,0.999923,18.9959192276,0.00083842,0.012901,0.0163189
356,0.999947,13.0018472672,0.000678687,0.0128461,0.0162358
357,0.999972,6.99308395386,0.000215488,0.00723577,0.0161531
358,0.999988,2.99703598022,8.48995e-05,0.00498618,0.0160708
359,0.999984,3.99604797363,0.00011473,0.00473967,0.015989
360,0.99998,4.99505996704,6.98319e-05,0.00640681,0.0159075
361,0.999963,9.00579929352,0.000222572,0.009032,0.0158265
362,0.999939,14.999871254,0.000751255,0.0141515,0.0157459
363,0.999947,13.0018472672,0.000699146,0.0116102,0.0156657
364,0.999951,12.0028352737,0.000655137,0.00960803,0.0155859
365,0.999943,14.0008592606,0.000448275,0.00900204,0.0155065
366,0.999951,12.0028352737,0.000426787,0.00917662,0.0154275
367,0.999955,11.0038232803,0.000869972,0.0131886,0.0153489
368,0.999927,17.9969072342,0.00072329,0.0136422,0.0152708
369,0.999931,16.9978952408,0.000648416,0.0119046,0.015193
370,0.999976,5.99407196045,0.000247239,0.0075557,0.0151156
371,0.999972,6.99308395386,0.000218219,0.00918279,0.0150386
372,0.999963,9.00579929352,0.000352018,0.00741515,0.014962
373,0.999955,11.0038232803,0.000242053,0.00824869,0.0148858
374,0.999972,6.99308395386,0.000457072,0.0108927,0.01481
375,0.999955,11.0038232803,0.000586968,0.00954078,0.0147345
376,0.999968,8.00678730011,0.000200386,0.00804541,0.0146595
377,0.999968,8.00678730011,0.000394851,0.00890662,0.0145848
378,0.999984,3.99604797363,0.000109252,0.00456956,0.0145105
379,0.99998,4.99505996704,0.000115723,0.00717514,0.0144366
380,0.999992,1.99802398682,2.15961e-05,0.00346038,0.0143631
381,1.0,0.0,7.29015e-07,0.00266023,0.0142899
1.0,7.29015e-07,1388.8473947048187,0.876953,0.00818145517544,0.000670728302066
