13,80,0.3,2,1000, .1 
0,0.513056,120022.006073,1.51402e+06,270.088,0.0999995
1,0.803067,48539.9947357,2099.93,5.12354,0.0988032
2,0.970294,7321.99396133,40.2415,0.989937,0.0976211
3,0.99671,811.00675106,0.329949,0.090929,0.0964532
4,0.998649,332.994203568,0.032766,0.0419213,0.0952993
5,0.998945,259.992871284,0.0206944,0.0346236,0.0941591
6,0.998994,248.004727364,0.0162683,0.0298712,0.0930326
7,0.998978,252.000775337,0.0158432,0.0313546,0.0919196
8,0.999038,237.000904083,0.0193555,0.0321641,0.0908199
9,0.998811,293.004341125,0.0210923,0.0352402,0.0897334
10,0.998884,274.992742538,0.0209637,0.0352887,0.0886598
11,0.998937,262.005586624,0.0192144,0.0337784,0.0875992
12,0.998998,247.00571537,0.0193121,0.0321819,0.0865511
13,0.999136,212.995233536,0.0140229,0.0290835,0.0855157
14,0.998905,269.997682571,0.0181334,0.0336136,0.0844926
15,0.999047,235.002880096,0.0148104,0.0297849,0.0834818
16,0.998978,252.000775337,0.0188146,0.0338792,0.082483
17,0.999095,223.000044823,0.0143182,0.029334,0.0814962
18,0.999176,203.005113602,0.0129439,0.0259487,0.0805212
19,0.998957,256.995835304,0.0202768,0.0335853,0.0795579
20,0.999026,239.997940063,0.0162182,0.0331962,0.0786061
21,0.999282,177.001419067,0.00994452,0.0238946,0.0776656
22,0.999128,214.993257523,0.014734,0.0298145,0.0767365
23,0.999095,223.000044823,0.0120461,0.0278449,0.0758184
24,0.999063,231.006832123,0.0132627,0.0301206,0.0749114
25,0.999266,180.997467041,0.00975159,0.02495,0.0740152
26,0.999051,234.003868103,0.0137317,0.0316739,0.0731297
27,0.99912,217.005972862,0.0117026,0.027386,0.0722548
28,0.999327,165.997595787,0.00901966,0.0226529,0.0713903
29,0.999371,154.993772507,0.00787592,0.0216541,0.0705362
30,0.999164,206.002149582,0.0102646,0.027174,0.0696924
31,0.999278,178.000431061,0.00880113,0.0241654,0.0688586
32,0.999168,205.003137589,0.0122943,0.0272976,0.0680348
33,0.99927,179.998455048,0.0103672,0.0268243,0.0672208
34,0.999322,166.99660778,0.00690068,0.0215231,0.0664166
35,0.999229,190.003266335,0.0102776,0.0268805,0.065622
36,0.999262,181.996479034,0.0100339,0.0260177,0.064837
37,0.999241,187.006230354,0.00838873,0.025504,0.0640613
38,0.999408,146.002664566,0.00660009,0.0218412,0.0632949
39,0.999343,162.001547813,0.00663749,0.0214748,0.0625376
40,0.999355,159.004511833,0.00772671,0.0231551,0.0617894
41,0.999266,180.997467041,0.007966,0.0241267,0.0610502
42,0.999383,151.996736526,0.00708787,0.0221031,0.0603198
43,0.999339,163.000559807,0.00807461,0.024416,0.0595982
44,0.99942,143.005628586,0.00588094,0.0208778,0.0588852
45,0.999448,135.997853279,0.0057478,0.0199896,0.0581807
46,0.999347,161.00253582,0.00631067,0.0233108,0.0574846
47,0.999456,133.999829292,0.00623676,0.0212665,0.0567969
48,0.999432,139.993901253,0.00613746,0.0203222,0.0561174
49,0.999537,114.004898071,0.00452872,0.019178,0.055446
50,0.99946,133.000817299,0.00548516,0.0210519,0.0547827
51,0.999464,132.001805305,0.00482678,0.0195364,0.0541273
52,0.999493,124.994029999,0.00485383,0.0189028,0.0534797
53,0.999464,132.001805305,0.00511068,0.0197258,0.0528399
54,0.999517,118.999958038,0.00395695,0.017848,0.0522078
55,0.999582,103.001074791,0.003442,0.0161153,0.0515832
56,0.999456,133.999829292,0.00451794,0.0201031,0.050966
57,0.999558,108.995146751,0.00316714,0.0167244,0.0503563
58,0.999481,128.005757332,0.0048879,0.019598,0.0497538
59,0.999566,106.997122765,0.00379231,0.0183576,0.0491586
60,0.999505,121.996994019,0.00415607,0.0185088,0.0485705
61,0.999611,95.9932994843,0.00270385,0.0145399,0.0479894
62,0.999529,116.002922058,0.00412231,0.0169011,0.0474153
63,0.99955,110.993170738,0.00419305,0.0190346,0.046848
64,0.999606,97.0070028305,0.00310993,0.0161838,0.0462875
65,0.999566,106.997122765,0.00404751,0.0186774,0.0457338
66,0.999517,118.999958038,0.00431475,0.0189029,0.0451866
67,0.999623,92.996263504,0.00274178,0.0138249,0.044646
68,0.99959,101.003050804,0.00339386,0.016917,0.0441119
69,0.999493,124.994029999,0.00427781,0.0181144,0.0435842
70,0.999655,85.0041675568,0.00248763,0.0148041,0.0430627
71,0.999566,106.997122765,0.00322462,0.0164131,0.0425475
72,0.999615,94.9942874908,0.00336033,0.0161298,0.0420385
73,0.99959,101.003050804,0.00285185,0.0161072,0.0415356
74,0.999631,90.9982395172,0.00255469,0.0147358,0.0410387
75,0.999619,93.9952754974,0.00290477,0.0149353,0.0405477
76,0.999716,70.0042963028,0.0019987,0.0130604,0.0400626
77,0.999651,86.0031795502,0.00218942,0.0139482,0.0395833
78,0.999659,84.0051555634,0.00237081,0.0140979,0.0391097
79,0.999684,77.9963922501,0.00241747,0.012591,0.0386418
80,0.999663,83.0061435699,0.00224589,0.0142511,0.0381795
81,0.999724,68.006272316,0.00168973,0.0113349,0.0377228
82,0.999732,65.9935569763,0.00175434,0.0112822,0.0372715
83,0.999671,80.9934282303,0.00242857,0.0146081,0.0368256
84,0.99974,63.9955329895,0.00152724,0.0113073,0.036385
85,0.999651,86.0031795502,0.00239489,0.0143673,0.0359497
86,0.999675,79.9944162369,0.00214681,0.0152396,0.0355196
87,0.999684,77.9963922501,0.00182868,0.0125499,0.0350947
88,0.999757,59.9994850159,0.00114299,0.0119673,0.0346748
89,0.999724,68.006272316,0.00161236,0.0124408,0.03426
90,0.999736,64.9945449829,0.00148487,0.0126767,0.0338501
91,0.999753,60.9984970093,0.00152002,0.0122883,0.0334451
92,0.99974,63.9955329895,0.00148124,0.013077,0.033045
93,0.999753,60.9984970093,0.00156997,0.0118785,0.0326496
94,0.999781,54.0054130554,0.00103426,0.0097325,0.032259
95,0.999777,55.0044250488,0.00108225,0.0104467,0.0318731
96,0.999821,44.0006017685,0.000902625,0.0101391,0.0314918
97,0.99974,63.9955329895,0.00126022,0.0124235,0.031115
98,0.999744,62.9965209961,0.00121082,0.011299,0.0307428
99,0.999765,58.0014610291,0.00111809,0.0119701,0.030375
100,0.999805,47.9966497421,0.000871089,0.0101077,0.0300116
101,0.999809,46.9976377487,0.000858033,0.0106575,0.0296525
102,0.999789,51.9926977158,0.00100609,0.01015,0.0292978
103,0.999789,51.9926977158,0.000972753,0.010468,0.0289473
104,0.999801,48.9956617355,0.000856969,0.00943532,0.028601
105,0.999793,50.9936857224,0.000970639,0.0105791,0.0282588
106,0.999842,39.0055418015,0.000585231,0.00794155,0.0279207
107,0.999842,39.0055418015,0.000672861,0.0101068,0.0275867
108,0.999854,35.9938144684,0.000595703,0.00793791,0.0272566
109,0.999797,49.9946737289,0.0009621,0.0110656,0.0269305
110,0.999842,39.0055418015,0.000640314,0.00967986,0.0266084
111,0.99985,36.9928264618,0.000575414,0.00823839,0.02629
112,0.99983,42.0025777817,0.000698152,0.00991832,0.0259755
113,0.99985,36.9928264618,0.000618676,0.00942937,0.0256647
114,0.999866,32.9967784882,0.000465501,0.00867606,0.0253577
115,0.999862,33.9957904816,0.000497187,0.00874585,0.0250543
116,0.999809,46.9976377487,0.000872742,0.0111246,0.0247546
117,0.999903,24.0056705475,0.000329406,0.00711974,0.0244584
118,0.999907,23.0066585541,0.000330141,0.00680868,0.0241658
119,0.999894,26.0036945343,0.00031008,0.00826229,0.0238767
120,0.99989,27.0027065277,0.000364132,0.00663227,0.023591
121,0.999821,44.0006017685,0.00068671,0.00957242,0.0233088
122,0.999866,32.9967784882,0.000501843,0.00786963,0.0230299
123,0.999886,28.0017185211,0.000473326,0.00700019,0.0227544
124,0.999882,29.0007305145,0.00043601,0.00734142,0.0224822
125,0.999915,20.9939432144,0.00031302,0.00596156,0.0222132
126,0.999907,23.0066585541,0.000265374,0.00626865,0.0219475
127,0.999903,24.0056705475,0.000403468,0.00825252,0.0216849
128,0.999899,25.0046825409,0.000284034,0.00615823,0.0214255
129,0.999947,13.0018472672,0.000173546,0.00665456,0.0211691
130,0.999927,17.9969072342,0.000295269,0.00668086,0.0209159
131,0.999923,18.9959192276,0.000242577,0.00609326,0.0206656
132,0.999939,14.999871254,0.000226255,0.00679152,0.0204184
133,0.999939,14.999871254,0.000211414,0.00651385,0.0201741
134,0.999935,15.9988832474,0.000201451,0.00688532,0.0199328
135,0.999907,23.0066585541,0.000247345,0.00586242,0.0196943
136,0.999943,14.0008592606,0.000118055,0.00484661,0.0194587
137,0.999972,6.99308395386,6.69289e-05,0.00335582,0.0192259
138,0.999911,21.9929552078,0.000214157,0.00672217,0.0189959
139,0.999963,9.00579929352,7.77152e-05,0.0045122,0.0187686
140,0.999947,13.0018472672,0.00013313,0.0049135,0.0185441
141,0.999959,10.0048112869,0.000121579,0.00504205,0.0183222
142,0.999955,11.0038232803,0.000124568,0.00460015,0.018103
143,0.999955,11.0038232803,0.000191007,0.0051714,0.0178864
144,0.999951,12.0028352737,0.000158374,0.0061712,0.0176725
145,0.999984,3.99604797363,3.99005e-05,0.00194912,0.017461
146,0.999992,1.99802398682,2.64583e-05,0.00251034,0.0172521
147,0.999959,10.0048112869,9.51758e-05,0.00492933,0.0170457
148,0.99998,4.99505996704,6.32352e-05,0.00355243,0.0168418
149,0.999976,5.99407196045,5.45018e-05,0.00314032,0.0166403
150,0.99998,4.99505996704,5.82258e-05,0.00397751,0.0164412
151,0.999972,6.99308395386,7.36265e-05,0.0031632,0.0162445
152,0.999984,3.99604797363,5.36024e-05,0.00280454,0.0160502
153,0.999963,9.00579929352,9.95786e-05,0.00476163,0.0158582
154,0.99998,4.99505996704,5.07913e-05,0.00308881,0.0156684
155,0.999984,3.99604797363,3.55564e-05,0.00228053,0.015481
156,0.999988,2.99703598022,3.52803e-05,0.00250092,0.0152958
157,0.999972,6.99308395386,8.95252e-05,0.00382405,0.0151128
158,0.999988,2.99703598022,2.5461e-05,0.00192036,0.014932
159,0.999976,5.99407196045,8.13501e-05,0.0030797,0.0147533
160,0.999984,3.99604797363,3.36004e-05,0.0031231,0.0145768
161,0.999976,5.99407196045,5.28752e-05,0.00218489,0.0144025
162,0.999996,0.999011993408,2.2739e-05,0.0033729,0.0142301
163,0.999996,0.999011993408,1.52796e-05,0.00120491,0.0140599
164,0.999984,3.99604797363,2.42577e-05,0.00160686,0.0138917
165,0.999992,1.99802398682,1.71325e-05,0.00145839,0.0137255
166,0.999992,1.99802398682,2.20643e-05,0.00178163,0.0135613
167,0.999992,1.99802398682,1.78439e-05,0.00162773,0.013399
168,0.999992,1.99802398682,1.22026e-05,0.000996511,0.0132387
169,0.999992,1.99802398682,1.22226e-05,0.000996514,0.0130804
170,0.999992,1.99802398682,1.22422e-05,0.000996518,0.0129239
171,0.999992,1.99802398682,1.25595e-05,0.00103461,0.0127693
172,0.999992,1.99802398682,1.29186e-05,0.00103461,0.0126165
173,0.999992,1.99802398682,1.23058e-05,0.000909235,0.0124655
174,0.999992,1.99802398682,1.21996e-05,0.000996516,0.0123164
175,0.999992,1.99802398682,1.22184e-05,0.000996519,0.0121691
176,0.999992,1.99802398682,1.2447e-05,0.0010346,0.0120235
177,0.999992,1.99802398682,1.27892e-05,0.00103461,0.0118796
178,0.999992,1.99802398682,1.24916e-05,0.000909232,0.0117375
179,0.999992,1.99802398682,1.13455e-05,0.000903212,0.0115971
180,0.999992,1.99802398682,1.16705e-05,0.000949067,0.0114583
181,0.999988,2.99703598022,2.18167e-05,0.00153868,0.0113213
182,0.999996,0.999011993408,9.4107e-06,0.000909225,0.0111858
183,0.999996,0.999011993408,9.47521e-06,0.000903224,0.011052
184,0.999996,0.999011993408,9.69213e-06,0.00101381,0.0109198
185,0.999996,0.999011993408,9.88503e-06,0.000909223,0.0107891
186,0.999996,0.999011993408,9.74351e-06,0.000909223,0.01066
187,0.999996,0.999011993408,9.60212e-06,0.000909222,0.0105325
188,0.999996,0.999011993408,9.72061e-06,0.00104028,0.0104065
189,0.999996,0.999011993408,1.00417e-05,0.00104028,0.010282
190,0.999996,0.999011993408,1.03518e-05,0.00104028,0.010159
191,0.999996,0.999011993408,9.9556e-06,0.0010159,0.0100375
192,0.999996,0.999011993408,9.99163e-06,0.0010159,0.00991737
193,0.999996,0.999011993408,1.01288e-05,0.00104027,0.00979872
194,0.999996,0.999011993408,1.04302e-05,0.00104027,0.00968149
195,0.999992,1.99802398682,1.07266e-05,0.00104027,0.00956567
196,0.999996,0.999011993408,9.57872e-06,0.00090322,0.00945123
197,0.999996,0.999011993408,9.7081e-06,0.000903221,0.00933816
198,0.999996,0.999011993408,9.83464e-06,0.000903223,0.00922644
199,0.999996,0.999011993408,9.9504e-06,0.00090922,0.00911606
200,0.999996,0.999011993408,9.83055e-06,0.000909219,0.00900699
201,0.999996,0.999011993408,9.71243e-06,0.000909219,0.00889924
202,0.999996,0.999011993408,9.68346e-06,0.000903216,0.00879277
203,0.999996,0.999011993408,9.8022e-06,0.000903218,0.00868757
204,0.999992,1.99802398682,9.92242e-06,0.000903219,0.00858364
205,0.999992,1.99802398682,1.00365e-05,0.00090322,0.00848095
206,0.999996,0.999011993408,9.9566e-06,0.000909217,0.00837948
207,0.999996,0.999011993408,9.849e-06,0.000909216,0.00827924
208,0.999996,0.999011993408,9.7866e-06,0.000903213,0.00818019
209,0.999996,0.999011993408,9.89778e-06,0.000903214,0.00808232
210,0.999992,1.99802398682,1.00061e-05,0.000903216,0.00798562
211,0.999992,1.99802398682,1.01169e-05,0.000903217,0.00789009
212,0.999996,0.999011993408,1.00779e-05,0.000909215,0.00779569
213,0.999996,0.999011993408,9.97405e-06,0.000909214,0.00770243
214,0.999996,0.999011993408,9.88355e-06,0.00090321,0.00761028
215,0.999992,1.99802398682,9.98371e-06,0.000903212,0.00751923
216,0.999992,1.99802398682,1.00883e-05,0.000903213,0.00742928
217,0.999992,1.99802398682,1.01904e-05,0.000903214,0.00734039
218,0.999996,0.999011993408,1.019e-05,0.000909213,0.00725257
219,0.999996,0.999011993408,1.0095e-05,0.000909213,0.00716581
220,0.999992,1.99802398682,9.99968e-06,0.000909212,0.00708008
221,0.999992,1.99802398682,1.00683e-05,0.000903209,0.00699537
222,0.999992,1.99802398682,1.01645e-05,0.00090321,0.00691168
223,0.999992,1.99802398682,1.02604e-05,0.000903211,0.00682899
224,0.999996,0.999011993408,1.02914e-05,0.000909211,0.00674729
225,0.999992,1.99802398682,1.0201e-05,0.000909211,0.00666657
226,0.999992,1.99802398682,1.01141e-05,0.00090921,0.00658682
227,0.999992,1.99802398682,1.01515e-05,0.000903206,0.00650801
228,0.999992,1.99802398682,1.0242e-05,0.000903207,0.00643015
229,0.999992,1.99802398682,1.03283e-05,0.000903208,0.00635322
230,0.999992,1.99802398682,1.03925e-05,0.000909209,0.00627722
231,0.999992,1.99802398682,1.03093e-05,0.000909209,0.00620212
232,0.999992,1.99802398682,1.02271e-05,0.000909209,0.00612792
233,0.999992,1.99802398682,1.02263e-05,0.000903204,0.00605461
234,0.999992,1.99802398682,1.0308e-05,0.000903205,0.00598217
235,0.999992,1.99802398682,1.03904e-05,0.000903206,0.0059106
236,0.999992,1.99802398682,1.04712e-05,0.000903207,0.00583989
237,0.999992,1.99802398682,1.0401e-05,0.000909207,0.00577002
238,0.999992,1.99802398682,1.03252e-05,0.000909207,0.00570099
239,0.999992,1.99802398682,1.02988e-05,0.000903202,0.00563279
240,0.999992,1.99802398682,1.03727e-05,0.000903203,0.0055654
241,0.999992,1.99802398682,1.04485e-05,0.000903203,0.00549882
242,0.999992,1.99802398682,1.05243e-05,0.000903204,0.00543303
243,0.999996,0.999011993408,9.15738e-06,0.000903204,0.00536803
244,0.999996,0.999011993408,9.2469e-06,0.00087259,0.00530381
245,0.999996,0.999011993408,9.4081e-06,0.000950335,0.00524036
246,0.999996,0.999011993408,9.37343e-06,0.000903207,0.00517766
247,0.999996,0.999011993408,9.44537e-06,0.000903208,0.00511572
248,0.999996,0.999011993408,9.51545e-06,0.000903208,0.00505451
249,0.999996,0.999011993408,9.56621e-06,0.000909216,0.00499405
250,0.999996,0.999011993408,9.49848e-06,0.000909216,0.0049343
251,0.999996,0.999011993408,9.4346e-06,0.000909216,0.00487527
252,0.999996,0.999011993408,9.43348e-06,0.000903205,0.00481694
253,0.999996,0.999011993408,9.50133e-06,0.000903206,0.00475931
254,0.999996,0.999011993408,9.56497e-06,0.000903206,0.00470237
255,0.999996,0.999011993408,9.62713e-06,0.000903207,0.00464611
256,0.999996,0.999011993408,1.10756e-05,0.0012465,0.00459053
257,0.999996,0.999011993408,9.43385e-06,0.000909217,0.00453561
258,0.999996,0.999011993408,9.41058e-06,0.000903208,0.00448135
259,0.999996,0.999011993408,9.47187e-06,0.000903209,0.00442773
260,0.999996,0.999011993408,9.53315e-06,0.00090321,0.00437476
261,0.999996,0.999011993408,9.59258e-06,0.000903211,0.00432242
262,0.999996,0.999011993408,9.562e-06,0.000909216,0.00427071
263,0.999996,0.999011993408,9.5069e-06,0.000909215,0.00421962
264,0.999996,0.999011993408,9.46481e-06,0.000903207,0.00416914
265,0.999996,0.999011993408,9.52065e-06,0.000903207,0.00411926
266,0.999996,0.999011993408,9.57587e-06,0.000903208,0.00406998
267,0.999996,0.999011993408,9.62948e-06,0.000903209,0.00402128
268,0.999996,0.999011993408,9.62428e-06,0.000909215,0.00397318
269,0.999996,0.999011993408,9.57475e-06,0.000909214,0.00392564
270,0.999996,0.999011993408,9.5209e-06,0.000909214,0.00387868
271,0.999996,0.999011993408,9.56844e-06,0.000903206,0.00383227
272,0.999996,0.999011993408,9.62069e-06,0.000903207,0.00378642
273,0.999996,0.999011993408,9.64397e-06,0.00090321,0.00374113
274,0.999996,0.999011993408,9.69461e-06,0.00090321,0.00369637
275,0.999996,0.999011993408,9.65288e-06,0.000909216,0.00365215
276,0.999996,0.999011993408,9.60534e-06,0.000909216,0.00360845
277,0.999996,0.999011993408,9.58144e-06,0.000903207,0.00356528
278,0.999996,0.999011993408,9.62861e-06,0.000903208,0.00352263
279,0.999996,0.999011993408,9.67541e-06,0.000903208,0.00348048
280,0.999996,0.999011993408,9.72296e-06,0.000903209,0.00343885
281,0.999996,0.999011993408,9.70699e-06,0.000909215,0.0033977
282,0.999996,0.999011993408,9.66291e-06,0.000909215,0.00335706
283,0.999996,0.999011993408,9.61871e-06,0.000909215,0.00331689
284,0.999996,0.999011993408,9.66241e-06,0.000903206,0.00327721
285,0.999996,0.999011993408,9.70674e-06,0.000903207,0.003238
286,0.999996,0.999011993408,9.75032e-06,0.000903207,0.00319926
287,0.999996,0.999011993408,9.70562e-06,0.000909216,0.00316099
288,0.999996,0.999011993408,9.66452e-06,0.000909215,0.00312317
289,0.999996,0.999011993408,9.62279e-06,0.000909215,0.00308581
290,0.999996,0.999011993408,9.64842e-06,0.000903209,0.00304889
291,0.999996,0.999011993408,9.69201e-06,0.000903209,0.00301241
292,0.999996,0.999011993408,9.73497e-06,0.00090321,0.00297637
293,0.999996,0.999011993408,9.75144e-06,0.000909215,0.00294077
294,0.999996,0.999011993408,9.71107e-06,0.000909215,0.00290558
295,0.999996,0.999011993408,9.67257e-06,0.000909215,0.00287082
296,0.999996,0.999011993408,9.68928e-06,0.000903207,0.00283648
297,0.999996,0.999011993408,9.73026e-06,0.000903208,0.00280254
298,0.999996,0.999011993408,9.77038e-06,0.000903208,0.00276901
299,0.999996,0.999011993408,9.07294e-06,0.000903208,0.00273589
300,0.999996,0.999011993408,9.11045e-06,0.000903209,0.00270315
301,0.999996,0.999011993408,9.14871e-06,0.000903209,0.00267081
302,0.999996,0.999011993408,9.18709e-06,0.00090321,0.00263886
303,0.999996,0.999011993408,9.17459e-06,0.000909217,0.00260729
304,0.999996,0.999011993408,9.14252e-06,0.000909217,0.0025761
305,0.999996,0.999011993408,9.10835e-06,0.000909217,0.00254528
306,0.999996,0.999011993408,9.14463e-06,0.000903208,0.00251483
307,0.999996,0.999011993408,9.17966e-06,0.000903208,0.00248474
308,0.999996,0.999011993408,9.21483e-06,0.000903209,0.00245501
309,0.999996,0.999011993408,9.21396e-06,0.000909216,0.00242564
310,0.999996,0.999011993408,9.18326e-06,0.000909216,0.00239662
311,0.999996,0.999011993408,9.1502e-06,0.000909216,0.00236795
312,0.999996,0.999011993408,9.17001e-06,0.000903207,0.00233962
313,0.999996,0.999011993408,9.20207e-06,0.000903207,0.00231163
314,0.999996,0.999011993408,9.23278e-06,0.000903208,0.00228398
315,0.999996,0.999011993408,9.24677e-06,0.000909216,0.00225665
316,0.999996,0.999011993408,9.21532e-06,0.000909216,0.00222965
317,0.999996,0.999011993408,9.18784e-06,0.000909215,0.00220298
318,0.999996,0.999011993408,9.19972e-06,0.000903206,0.00217662
319,0.999996,0.999011993408,9.22808e-06,0.000903206,0.00215058
320,0.999996,0.999011993408,9.25692e-06,0.000903207,0.00212485
321,0.999996,0.999011993408,9.27822e-06,0.000909215,0.00209943
322,0.999996,0.999011993408,9.25346e-06,0.000909215,0.00207432
323,0.999996,0.999011993408,9.22721e-06,0.000909215,0.0020495
324,0.999996,0.999011993408,9.22337e-06,0.000903205,0.00202498
325,0.999996,0.999011993408,9.24999e-06,0.000903205,0.00200075
326,0.999996,0.999011993408,9.2781e-06,0.000903206,0.00197682
327,0.999996,0.999011993408,9.30496e-06,0.000903206,0.00195317
328,0.999996,0.999011993408,9.28255e-06,0.000909215,0.0019298
329,0.999996,0.999011993408,9.25655e-06,0.000909214,0.00190671
330,0.999996,0.999011993408,9.24813e-06,0.000903205,0.0018839
331,0.999996,0.999011993408,9.27339e-06,0.000903205,0.00186136
332,0.999996,0.999011993408,9.2989e-06,0.000903205,0.00183909
333,0.999996,0.999011993408,9.32279e-06,0.000903205,0.00181709
334,0.999996,0.999011993408,9.30781e-06,0.000909214,0.00179535
335,0.999996,0.999011993408,9.28206e-06,0.000909214,0.00177387
336,0.999996,0.999011993408,9.26695e-06,0.000903204,0.00175265
337,0.999996,0.999011993408,9.29085e-06,0.000903204,0.00173168
338,0.999996,0.999011993408,9.3145e-06,0.000903204,0.00171097
339,0.999996,0.999011993408,9.33802e-06,0.000903205,0.0016905
340,0.999996,0.999011993408,9.33555e-06,0.000909214,0.00167027
341,0.999996,0.999011993408,9.31388e-06,0.000909214,0.00165029
342,0.999996,0.999011993408,9.29394e-06,0.000909213,0.00163055
343,0.999996,0.999011993408,9.30794e-06,0.000903203,0.00161104
344,0.999996,0.999011993408,9.33307e-06,0.000903204,0.00159176
345,0.999996,0.999011993408,9.35387e-06,0.000903204,0.00157272
346,0.999996,0.999011993408,8.95903e-06,0.000903204,0.00155391
347,0.999996,0.999011993408,8.97983e-06,0.000903204,0.00153532
348,0.999996,0.999011993408,9.00261e-06,0.000903204,0.00151695
349,0.999996,0.999011993408,9.02329e-06,0.000903205,0.0014988
350,0.999996,0.999011993408,9.01078e-06,0.000909215,0.00148087
351,0.999996,0.999011993408,8.99134e-06,0.000909215,0.00146315
352,0.999996,0.999011993408,8.97909e-06,0.000903203,0.00144565
353,0.999996,0.999011993408,8.99853e-06,0.000903204,0.00142835
354,0.999996,0.999011993408,9.01945e-06,0.000903204,0.00141126
355,0.999996,0.999011993408,9.03889e-06,0.000903204,0.00139438
356,0.999996,0.999011993408,9.03022e-06,0.000909215,0.0013777
357,0.999996,0.999011993408,9.01202e-06,0.000909214,0.00136121
358,0.999996,0.999011993408,8.99766e-06,0.000903203,0.00134493
359,0.999996,0.999011993408,9.01499e-06,0.000903203,0.00132884
360,0.999996,0.999011993408,9.03307e-06,0.000903203,0.00131294
361,0.999996,0.999011993408,9.04954e-06,0.000903204,0.00129723
362,0.999996,0.999011993408,9.05276e-06,0.000909214,0.00128171
363,0.999996,0.999011993408,9.03641e-06,0.000909214,0.00126638
364,0.999996,0.999011993408,9.01635e-06,0.000909214,0.00125123
365,0.999996,0.999011993408,9.02886e-06,0.000903203,0.00123626
366,0.999996,0.999011993408,9.04397e-06,0.000903203,0.00122147
367,0.999996,0.999011993408,9.05957e-06,0.000903203,0.00120686
368,0.999996,0.999011993408,9.06538e-06,0.000909214,0.00119242
369,0.999996,0.999011993408,9.04793e-06,0.000909214,0.00117815
370,0.999996,0.999011993408,9.03022e-06,0.000909214,0.00116406
371,0.999996,0.999011993408,9.0348e-06,0.000903202,0.00115013
372,0.999996,0.999011993408,9.05016e-06,0.000903202,0.00113637
373,0.999996,0.999011993408,9.06576e-06,0.000903203,0.00112278
374,0.999996,0.999011993408,9.07492e-06,0.000909214,0.00110934
375,0.999996,0.999011993408,9.06018e-06,0.000909214,0.00109607
376,0.999996,0.999011993408,9.04557e-06,0.000909213,0.00108296
377,0.999996,0.999011993408,9.04545e-06,0.000903202,0.00107
378,0.999996,0.999011993408,9.06217e-06,0.000903202,0.0010572
379,0.999996,0.999011993408,9.07603e-06,0.000903202,0.00104455
380,0.999996,0.999011993408,9.0899e-06,0.000903202,0.00103206
381,0.999996,0.999011993408,9.0764e-06,0.000909213,0.00101971
382,0.999996,0.999011993408,9.06278e-06,0.000909213,0.00100751
383,0.999996,0.999011993408,9.05919e-06,0.000903201,0.000995457
384,0.999996,0.999011993408,9.07368e-06,0.000903202,0.000983547
385,0.999996,0.999011993408,9.08779e-06,0.000903202,0.000971781
386,0.999996,0.999011993408,9.10191e-06,0.000903202,0.000960154
387,0.999996,0.999011993408,9.09386e-06,0.000909213,0.000948667
388,0.999996,0.999011993408,9.08123e-06,0.000909213,0.000937318
389,0.999996,0.999011993408,9.07108e-06,0.000903201,0.000926104
390,0.999996,0.999011993408,9.08519e-06,0.000903201,0.000915025
391,0.999996,0.999011993408,9.09733e-06,0.000903201,0.000904077
392,0.999996,0.999011993408,9.10897e-06,0.000903201,0.000893261
393,0.999996,0.999011993408,9.1107e-06,0.000909213,0.000882575
394,0.999996,0.999011993408,9.09869e-06,0.000909213,0.000872016
395,0.999996,0.999011993408,9.08767e-06,0.000909213,0.000861583
396,0.999996,0.999011993408,9.09436e-06,0.000903201,0.000851276
397,0.999996,0.999011993408,9.09956e-06,0.000903201,0.000841091
398,0.999996,0.999011993408,9.11082e-06,0.000903202,0.000831029
399,0.999996,0.999011993408,9.12023e-06,0.000903202,0.000821087
400,0.999996,0.999011993408,8.91433e-06,0.000903202,0.000811263
401,0.999996,0.999011993408,8.93513e-06,0.000949078,0.000801557
402,0.999996,0.999011993408,8.94504e-06,0.000909215,0.000791968
403,0.999996,0.999011993408,8.94999e-06,0.000903202,0.000782493
404,0.999996,0.999011993408,8.96089e-06,0.000903202,0.000773131
405,0.999996,0.999011993408,8.97017e-06,0.000903202,0.000763882
406,0.999996,0.999011993408,8.97797e-06,0.000909214,0.000754743
407,0.999996,0.999011993408,8.96906e-06,0.000909214,0.000745714
408,0.999996,0.999011993408,8.95928e-06,0.000909214,0.000736792
409,0.999996,0.999011993408,8.9563e-06,0.000903202,0.000727978
410,0.999996,0.999011993408,8.96757e-06,0.000903202,0.000719268
411,0.999996,0.999011993408,8.97673e-06,0.000903202,0.000710663
412,0.999996,0.999011993408,8.98825e-06,0.000903202,0.000702161
413,0.999996,0.999011993408,8.97785e-06,0.000909214,0.000693761
414,0.999996,0.999011993408,8.96881e-06,0.000909214,0.000685461
415,0.999996,0.999011993408,8.96732e-06,0.000903202,0.00067726
416,0.999996,0.999011993408,8.97711e-06,0.000903202,0.000669158
417,0.999996,0.999011993408,8.98763e-06,0.000903202,0.000661152
418,0.999996,0.999011993408,8.99469e-06,0.000903202,0.000653242
419,0.999996,0.999011993408,8.99048e-06,0.000909214,0.000645427
420,0.999996,0.999011993408,8.98292e-06,0.000909214,0.000637705
421,0.999996,0.999011993408,8.97995e-06,0.000903201,0.000630076
422,0.999996,0.999011993408,8.98738e-06,0.000903201,0.000622538
423,0.999996,0.999011993408,8.99345e-06,0.000903201,0.00061509
424,0.999996,0.999011993408,9.00063e-06,0.000903202,0.000607731
425,0.999996,0.999011993408,8.99952e-06,0.000909214,0.000600461
426,0.999996,0.999011993408,8.98949e-06,0.000909214,0.000593277
427,0.999996,0.999011993408,8.98305e-06,0.000903201,0.000586179
428,0.999996,0.999011993408,8.98912e-06,0.000903201,0.000579166
429,0.999996,0.999011993408,8.99531e-06,0.000903201,0.000572237
430,0.999996,0.999011993408,9.00236e-06,0.000903201,0.000565391
431,0.999996,0.999011993408,9.00311e-06,0.000909214,0.000558627
432,0.999996,0.999011993408,8.99382e-06,0.000909214,0.000551944
433,0.999996,0.999011993408,8.9859e-06,0.000903201,0.000545341
434,0.999996,0.999011993408,8.99271e-06,0.000903201,0.000538816
435,0.999996,0.999011993408,9.00088e-06,0.000903201,0.00053237
436,0.999996,0.999011993408,9.00707e-06,0.000903201,0.000526001
437,0.999996,0.999011993408,8.87744e-06,0.000903201,0.000519708
438,0.999996,0.999011993408,8.88301e-06,0.000903201,0.00051349
439,0.999996,0.999011993408,8.89365e-06,0.000872591,0.000507347
440,0.999996,0.999011993408,8.90455e-06,0.000872591,0.000501278
441,0.999996,0.999011993408,8.8918e-06,0.000909214,0.00049528
442,0.999996,0.999011993408,8.88697e-06,0.000909214,0.000489355
443,0.999996,0.999011993408,8.88177e-06,0.000903201,0.000483501
444,0.999996,0.999011993408,8.8887e-06,0.000903201,0.000477716
445,0.999996,0.999011993408,8.89502e-06,0.000903201,0.000472001
446,0.999996,0.999011993408,8.90158e-06,0.000903201,0.000466354
447,0.999996,0.999011993408,8.90257e-06,0.000909214,0.000460775
448,0.999996,0.999011993408,8.89588e-06,0.000909214,0.000455262
449,0.999996,0.999011993408,8.88969e-06,0.000909214,0.000449815
450,0.999996,0.999011993408,8.89279e-06,0.000903201,0.000444434
451,0.999996,0.999011993408,8.89687e-06,0.000903201,0.000439117
452,0.999996,0.999011993408,8.9048e-06,0.000903201,0.000433863
453,0.999996,0.999011993408,8.90864e-06,0.000909214,0.000428673
454,0.999996,0.999011993408,8.9022e-06,0.000909214,0.000423544
455,0.999996,0.999011993408,8.89725e-06,0.000909214,0.000418477
456,0.999996,0.999011993408,8.90022e-06,0.000903201,0.000413471
457,0.999996,0.999011993408,8.9043e-06,0.000903201,0.000408524
458,0.999996,0.999011993408,8.90963e-06,0.000903201,0.000403637
459,0.999996,0.999011993408,8.91322e-06,0.000909214,0.000398808
460,0.999996,0.999011993408,8.90901e-06,0.000909214,0.000394036
461,0.999996,0.999011993408,8.90393e-06,0.000909214,0.000389322
462,0.999996,0.999011993408,8.90517e-06,0.0009032,0.000384665
463,0.999996,0.999011993408,8.91099e-06,0.0009032,0.000380063
464,0.999996,0.999011993408,8.91842e-06,0.000903201,0.000375516
465,0.999996,0.999011993408,8.91706e-06,0.000909214,0.000371023
466,0.999996,0.999011993408,8.91285e-06,0.000909214,0.000366584
467,0.999996,0.999011993408,8.91148e-06,0.000909214,0.000362199
468,0.999996,0.999011993408,8.9095e-06,0.0009032,0.000357865
469,0.999996,0.999011993408,8.91545e-06,0.0009032,0.000353584
470,0.999996,0.999011993408,8.92312e-06,0.0009032,0.000349354
471,0.999996,0.999011993408,8.92808e-06,0.0009032,0.000345174
472,0.999996,0.999011993408,8.92139e-06,0.000909214,0.000341045
473,0.999996,0.999011993408,8.91532e-06,0.000909214,0.000336965
474,0.999996,0.999011993408,8.9173e-06,0.0009032,0.000332933
475,0.999996,0.999011993408,8.9204e-06,0.0009032,0.00032895
476,0.999996,0.999011993408,8.92436e-06,0.0009032,0.000325015
477,0.999996,0.999011993408,8.92956e-06,0.0009032,0.000321126
478,0.999996,0.999011993408,8.93167e-06,0.000909214,0.000317285
479,0.999996,0.999011993408,8.9277e-06,0.000909214,0.000313489
480,0.999996,0.999011993408,8.92374e-06,0.000909214,0.000309738
481,0.999996,0.999011993408,8.92609e-06,0.0009032,0.000306032
482,0.999996,0.999011993408,8.92993e-06,0.0009032,0.000302371
483,0.999996,0.999011993408,8.93315e-06,0.0009032,0.000298754
484,0.999996,0.999011993408,8.9303e-06,0.000909214,0.000295179
485,0.999996,0.999011993408,8.92857e-06,0.000909214,0.000291648
486,0.999996,0.999011993408,8.9256e-06,0.000909213,0.000288159
487,0.999996,0.999011993408,8.92783e-06,0.0009032,0.000284711
488,0.999996,0.999011993408,8.93043e-06,0.0009032,0.000281305
489,0.999996,0.999011993408,8.93513e-06,0.0009032,0.00027794
490,0.999996,0.999011993408,8.9391e-06,0.0009032,0.000274615
491,0.999996,0.999011993408,8.86889e-06,0.0009032,0.000271329
492,0.999996,0.999011993408,8.87397e-06,0.0009032,0.000268083
493,0.999996,0.999011993408,8.87744e-06,0.0009032,0.000264876
494,0.999996,0.999011993408,8.87409e-06,0.000909214,0.000261707
495,0.999996,0.999011993408,8.87087e-06,0.000909214,0.000258576
496,0.999996,0.999011993408,8.87124e-06,0.0009032,0.000255483
497,0.999996,0.999011993408,8.87422e-06,0.0009032,0.000252426
498,0.999996,0.999011993408,8.87867e-06,0.0009032,0.000249406
499,0.999996,0.999011993408,8.88189e-06,0.0009032,0.000246422
500,0.999996,0.999011993408,8.87867e-06,0.000909214,0.000243474
501,0.999996,0.999011993408,8.8757e-06,0.000909214,0.000240561
502,0.999996,0.999011993408,8.8731e-06,0.0009032,0.000237683
503,0.999996,0.999011993408,8.87805e-06,0.0009032,0.00023484
504,0.999996,0.999011993408,8.88127e-06,0.0009032,0.00023203
505,0.999996,0.999011993408,8.88226e-06,0.0009032,0.000229254
506,0.999996,0.999011993408,8.88363e-06,0.000909214,0.000226512
507,0.999996,0.999011993408,8.88065e-06,0.000909214,0.000223802
508,0.999996,0.999011993408,8.87917e-06,0.000909214,0.000221124
509,0.999996,0.999011993408,8.88041e-06,0.0009032,0.000218479
510,0.999996,0.999011993408,8.88363e-06,0.0009032,0.000215865
511,0.999996,0.999011993408,8.88623e-06,0.0009032,0.000213282
512,0.999996,0.999011993408,8.88511e-06,0.000909214,0.000210731
513,0.999996,0.999011993408,8.88264e-06,0.000909214,0.00020821
514,0.999996,0.999011993408,8.88251e-06,0.0009032,0.000205719
515,0.999996,0.999011993408,8.88474e-06,0.0009032,0.000203257
516,0.999996,0.999011993408,8.88771e-06,0.0009032,0.000200826
517,0.999996,0.999011993408,8.89081e-06,0.0009032,0.000198423
518,0.999996,0.999011993408,8.88846e-06,0.000909214,0.000196049
519,0.999996,0.999011993408,8.88548e-06,0.000909214,0.000193704
520,0.999996,0.999011993408,8.88709e-06,0.000909214,0.000191386
521,0.999996,0.999011993408,8.88672e-06,0.000909214,0.000189097
522,0.999996,0.999011993408,8.88623e-06,0.000909214,0.000186834
523,0.999996,0.999011993408,8.8887e-06,0.0009032,0.000184599
524,0.999996,0.999011993408,8.89106e-06,0.0009032,0.000182391
525,0.999996,0.999011993408,8.89254e-06,0.000909214,0.000180209
526,0.999996,0.999011993408,8.89242e-06,0.000909214,0.000178053
527,0.999996,0.999011993408,8.8887e-06,0.0009032,0.000175923
528,0.999996,0.999011993408,8.8913e-06,0.0009032,0.000173818
529,0.999996,0.999011993408,8.89427e-06,0.0009032,0.000171738
530,0.999996,0.999011993408,8.89576e-06,0.000909214,0.000169684
531,0.999996,0.999011993408,8.89242e-06,0.000909214,0.000167654
532,0.999996,0.999011993408,8.89044e-06,0.0009032,0.000165648
533,0.999996,0.999011993408,8.89514e-06,0.0009032,0.000163666
534,0.999996,0.999011993408,8.89836e-06,0.0009032,0.000161708
535,0.999996,0.999011993408,8.85701e-06,0.0009032,0.000159773
536,0.999996,0.999011993408,8.85998e-06,0.000949078,0.000157862
537,0.999996,0.999011993408,8.86406e-06,0.000909214,0.000155973
538,0.999996,0.999011993408,8.86345e-06,0.000909214,0.000154107
539,0.999996,0.999011993408,8.86345e-06,0.000909214,0.000152264
0.999996,8.86345e-06,1814.2911529541016,0.259674,0.00926492080239,0.00071714171323
