83,80,0.4,2,1000, .1 
0,0.488526,126067.997274,1.89207e+06,307.104,0.0999996
1,0.858187,34954.0045881,1159.59,5.10069,0.0990878
2,0.990685,2295.9940052,12.2907,0.415023,0.0981843
3,0.996835,779.993305206,0.755107,0.113381,0.0972891
4,0.998353,405.995535851,0.0895409,0.0626784,0.096402
5,0.998929,264.003610611,0.0385328,0.0435652,0.095523
6,0.99899,249.003739357,0.0247862,0.0377084,0.094652
7,0.998836,286.995577812,0.0318172,0.0449348,0.0937889
8,0.998978,252.000775337,0.026308,0.0403951,0.0929338
9,0.998933,263.004598618,0.0256067,0.0415791,0.0920864
10,0.998941,261.006574631,0.0267626,0.0416863,0.0912467
11,0.999095,223.000044823,0.0224722,0.0360328,0.0904147
12,0.998888,273.993730545,0.0311628,0.0405455,0.0895903
13,0.999132,213.994245529,0.0202974,0.0342316,0.0887734
14,0.998937,262.005586624,0.0255072,0.0407423,0.087964
15,0.999043,236.00189209,0.0240259,0.0374645,0.0871619
16,0.998978,252.000775337,0.0267426,0.0411349,0.0863672
17,0.998998,247.00571537,0.0235771,0.0366195,0.0855797
18,0.998901,270.996694565,0.0262535,0.0400131,0.0847993
19,0.99914,211.996221542,0.0207161,0.0359307,0.0840261
20,0.999111,219.003996849,0.0193433,0.036695,0.08326
21,0.999099,222.001032829,0.0217728,0.0357239,0.0825008
22,0.99901,243.993988037,0.02548,0.0398194,0.0817485
23,0.999059,232.005844116,0.0231386,0.0359648,0.0810032
24,0.999075,227.99510479,0.0214775,0.0381178,0.0802646
25,0.999229,190.003266335,0.0167836,0.0311869,0.0795327
26,0.99912,217.005972862,0.0210063,0.0340392,0.0788075
27,0.99912,217.005972862,0.0169388,0.034602,0.0780889
28,0.999107,220.003008842,0.0218848,0.0381861,0.0773769
29,0.999124,216.006960869,0.0198304,0.0349046,0.0766714
30,0.999184,201.007089615,0.0174495,0.0338406,0.0759723
31,0.999172,204.004125595,0.0167917,0.0330588,0.0752796
32,0.999152,208.999185562,0.0160907,0.0332695,0.0745931
33,0.999221,192.001290321,0.0165209,0.0339215,0.073913
34,0.999258,182.995491028,0.0148153,0.0307377,0.0732391
35,0.999237,188.005242348,0.0160397,0.0306836,0.0725712
36,0.999136,212.995233536,0.0167419,0.0343895,0.0719095
37,0.999205,195.997338295,0.0160738,0.0323715,0.0712539
38,0.999237,188.005242348,0.0159035,0.0329178,0.0706042
39,0.999286,176.002407074,0.0116711,0.0306892,0.0699604
40,0.999237,188.005242348,0.0159328,0.0290571,0.0693225
41,0.999314,168.994631767,0.0141706,0.0311637,0.0686904
42,0.999286,176.002407074,0.0126085,0.0297479,0.0680641
43,0.999286,176.002407074,0.0134764,0.0294603,0.0674434
44,0.999201,196.996350288,0.0156565,0.030627,0.0668285
45,0.999318,167.995619774,0.011638,0.0299582,0.0662191
46,0.999286,176.002407074,0.01268,0.0290941,0.0656153
47,0.999351,160.003523827,0.0116745,0.02854,0.0650171
48,0.999339,163.000559807,0.0125856,0.0294035,0.0644242
49,0.999375,153.994760513,0.0102575,0.0264604,0.0638368
50,0.999412,145.003652573,0.010182,0.0248539,0.0632547
51,0.999343,162.001547813,0.011043,0.0274857,0.062678
52,0.999347,161.00253582,0.0106426,0.0279857,0.0621065
53,0.999412,145.003652573,0.00861478,0.0248397,0.0615402
54,0.999383,151.996736526,0.0104629,0.0277259,0.060979
55,0.999469,131.002793312,0.00777347,0.025526,0.060423
56,0.999412,145.003652573,0.00877355,0.025418,0.0598721
57,0.999477,129.004769325,0.00782242,0.0217365,0.0593262
58,0.999355,159.004511833,0.0115913,0.0263631,0.0587852
59,0.999387,150.997724533,0.00911812,0.0252341,0.0582492
60,0.999436,138.994889259,0.00910937,0.0264794,0.0577181
61,0.999375,153.994760513,0.00823123,0.026061,0.0571918
62,0.999416,144.004640579,0.0101015,0.0274106,0.0566703
63,0.999497,123.995018005,0.00785296,0.022859,0.0561536
64,0.999444,136.996865273,0.00785105,0.0245003,0.0556416
65,0.999513,119.998970032,0.00700404,0.0238505,0.0551342
66,0.999408,146.002664566,0.00872084,0.0264678,0.0546315
67,0.999497,123.995018005,0.00733893,0.0232393,0.0541334
68,0.999448,135.997853279,0.00802854,0.0246426,0.0536398
69,0.999529,116.002922058,0.00721149,0.0235524,0.0531507
70,0.999497,123.995018005,0.00694638,0.0225063,0.0526661
71,0.999521,118.000946045,0.00676743,0.0219527,0.0521858
72,0.999509,120.997982025,0.00606846,0.0225987,0.05171
73,0.999485,127.006745338,0.00705187,0.0235785,0.0512385
74,0.999497,123.995018005,0.00681966,0.0228165,0.0507713
75,0.999542,113.005886078,0.00665179,0.0223637,0.0503084
76,0.999436,138.994889259,0.00755459,0.0255066,0.0498497
77,0.999493,124.994029999,0.00705971,0.0233139,0.0493951
78,0.999469,131.002793312,0.0076114,0.026938,0.0489447
79,0.999509,120.997982025,0.00684559,0.0220637,0.0484984
80,0.999513,119.998970032,0.00533608,0.0219152,0.0480562
81,0.999574,104.999098778,0.00539915,0.0200803,0.0476181
82,0.999473,130.003781319,0.00841093,0.024754,0.0471839
83,0.999509,120.997982025,0.00537202,0.0227291,0.0467536
84,0.999602,98.0060148239,0.00510622,0.0201322,0.0463273
85,0.999469,131.002793312,0.00764029,0.0240441,0.0459049
86,0.99959,101.003050804,0.00549287,0.0200464,0.0454863
87,0.99955,110.993170738,0.00474189,0.0202617,0.0450716
88,0.999606,97.0070028305,0.00532517,0.0185344,0.0446606
89,0.999554,109.994158745,0.00482457,0.0208953,0.0442534
90,0.999578,104.000086784,0.00494313,0.0200467,0.0438499
91,0.999558,108.995146751,0.00520981,0.0203013,0.0434501
92,0.99955,110.993170738,0.0048158,0.0203786,0.0430539
93,0.999606,97.0070028305,0.00403515,0.0187544,0.0426613
94,0.999578,104.000086784,0.00459082,0.0204405,0.0422723
95,0.999582,103.001074791,0.00482501,0.0212564,0.0418869
96,0.999619,93.9952754974,0.00485211,0.0187911,0.041505
97,0.999558,108.995146751,0.0053753,0.0197042,0.0411265
98,0.9997,74.0003442764,0.00306342,0.0154877,0.0407515
99,0.999602,98.0060148239,0.00456653,0.0195071,0.0403799
100,0.999671,80.9934282303,0.00324335,0.0172031,0.0400117
101,0.999655,85.0041675568,0.00354486,0.0169864,0.0396469
102,0.99968,78.9954042435,0.00321067,0.0165479,0.0392854
103,0.999651,86.0031795502,0.00308356,0.0172596,0.0389272
104,0.999663,83.0061435699,0.00348457,0.0182371,0.0385723
105,0.999688,76.9973802567,0.00302952,0.0173221,0.0382206
106,0.999639,89.0002155304,0.0035502,0.0190942,0.0378721
107,0.999611,95.9932994843,0.00394541,0.0206395,0.0375267
108,0.999675,79.9944162369,0.00317431,0.0186806,0.0371846
109,0.999659,84.0051555634,0.00288791,0.0182825,0.0368455
110,0.999769,57.0024490356,0.00188601,0.0123157,0.0365096
111,0.99972,69.0052843094,0.00204046,0.016043,0.0361766
112,0.999765,58.0014610291,0.00211512,0.0135016,0.0358468
113,0.999732,65.9935569763,0.00238033,0.0153954,0.0355199
114,0.999724,68.006272316,0.00332709,0.0165167,0.0351961
115,0.999748,61.9975090027,0.00201305,0.0153921,0.0348751
116,0.999704,73.001332283,0.00215055,0.0152994,0.0345571
117,0.999651,86.0031795502,0.00297338,0.0163471,0.034242
118,0.999724,68.006272316,0.00230701,0.0154037,0.0339298
119,0.999708,72.0023202896,0.00213306,0.0145718,0.0336204
120,0.9997,74.0003442764,0.00240679,0.0156908,0.0333139
121,0.99968,78.9954042435,0.00251219,0.0166415,0.0330101
122,0.999708,72.0023202896,0.00211394,0.0159622,0.0327091
123,0.999757,59.9994850159,0.00219126,0.0155961,0.0324109
124,0.999708,72.0023202896,0.00231284,0.0155215,0.0321154
125,0.999793,50.9936857224,0.00147059,0.0115838,0.0318225
126,0.999757,59.9994850159,0.00198118,0.013161,0.0315324
127,0.999789,51.9926977158,0.00147958,0.0123147,0.0312449
128,0.999761,59.0004730225,0.00190194,0.0154249,0.03096
129,0.999809,46.9976377487,0.00134118,0.0115628,0.0306777
130,0.999769,57.0024490356,0.00167573,0.0142863,0.0303979
131,0.999846,38.006529808,0.00120286,0.0103301,0.0301208
132,0.999765,58.0014610291,0.00176465,0.013907,0.0298461
133,0.999805,47.9966497421,0.00139172,0.0117067,0.029574
134,0.99985,36.9928264618,0.00134319,0.0115,0.0293043
135,0.999842,39.0055418015,0.00111034,0.0117035,0.0290371
136,0.999813,45.9986257553,0.0015128,0.0112719,0.0287724
137,0.999761,59.0004730225,0.0015347,0.0134479,0.02851
138,0.999748,61.9975090027,0.00168225,0.0144607,0.0282501
139,0.999866,32.9967784882,0.000796975,0.00952915,0.0279925
140,0.999793,50.9936857224,0.00123251,0.0120335,0.0277372
141,0.999838,40.0045537949,0.000968679,0.0106009,0.0274843
142,0.999813,45.9986257553,0.00105548,0.0118091,0.0272337
143,0.999797,49.9946737289,0.00138373,0.0136588,0.0269854
144,0.999777,55.0044250488,0.00120687,0.0129021,0.0267393
145,0.999858,34.994802475,0.000771736,0.0101231,0.0264955
146,0.999793,50.9936857224,0.00120096,0.0138646,0.0262539
147,0.99987,31.9977664948,0.000699352,0.00977772,0.0260146
148,0.999866,32.9967784882,0.00081725,0.00891591,0.0257774
149,0.999894,26.0036945343,0.000539671,0.00777373,0.0255423
150,0.999838,40.0045537949,0.00106937,0.0124012,0.0253094
151,0.999813,45.9986257553,0.00125141,0.0118849,0.0250786
152,0.999842,39.0055418015,0.00097296,0.0115301,0.02485
153,0.999838,40.0045537949,0.0009075,0.0103857,0.0246234
154,0.99987,31.9977664948,0.000755977,0.0088825,0.0243989
155,0.999846,38.006529808,0.00107601,0.0112654,0.0241764
156,0.99985,36.9928264618,0.000832228,0.0103023,0.023956
157,0.999878,29.9997425079,0.000690448,0.0089569,0.0237375
158,0.999911,21.9929552078,0.000510455,0.00798104,0.0235211
159,0.999874,30.9987545013,0.000486086,0.009843,0.0233066
160,0.999894,26.0036945343,0.000570707,0.00927122,0.0230941
161,0.999882,29.0007305145,0.000802101,0.00909646,0.0228835
162,0.999894,26.0036945343,0.000688143,0.00878441,0.0226749
163,0.999894,26.0036945343,0.000526749,0.00868019,0.0224681
164,0.999911,21.9929552078,0.000514069,0.00814253,0.0222633
165,0.999882,29.0007305145,0.000621629,0.0101345,0.0220603
166,0.999899,25.0046825409,0.00064495,0.00818167,0.0218591
167,0.999923,18.9959192276,0.000359639,0.00660237,0.0216598
168,0.999927,17.9969072342,0.000273951,0.00720429,0.0214623
169,0.999931,16.9978952408,0.00034229,0.00666111,0.0212666
170,0.999931,16.9978952408,0.000298496,0.00646584,0.0210727
171,0.999943,14.0008592606,0.000257556,0.00670767,0.0208805
172,0.999959,10.0048112869,0.000299098,0.00584413,0.0206902
173,0.999951,12.0028352737,0.000176434,0.00540518,0.0205015
174,0.999939,14.999871254,0.000283464,0.00642009,0.0203146
175,0.999931,16.9978952408,0.000338351,0.00804866,0.0201293
176,0.999911,21.9929552078,0.000374328,0.00878387,0.0199458
177,0.999903,24.0056705475,0.000451302,0.00925544,0.0197639
178,0.999894,26.0036945343,0.000352346,0.00767078,0.0195837
179,0.999935,15.9988832474,0.000324815,0.00695641,0.0194051
180,0.999935,15.9988832474,0.000255665,0.00772286,0.0192282
181,0.999931,16.9978952408,0.0002898,0.00630166,0.0190529
182,0.999931,16.9978952408,0.000177977,0.00465352,0.0188792
183,0.999955,11.0038232803,0.000158256,0.00494653,0.018707
184,0.999951,12.0028352737,0.000175748,0.00487026,0.0185364
185,0.999976,5.99407196045,0.000104408,0.00312944,0.0183674
186,0.999959,10.0048112869,0.000188132,0.00575469,0.0182
187,0.999947,13.0018472672,0.000183506,0.00503397,0.018034
188,0.999959,10.0048112869,0.000155776,0.00547068,0.0178696
189,0.999972,6.99308395386,6.66657e-05,0.003209,0.0177066
190,0.999963,9.00579929352,0.000158037,0.00575376,0.0175452
191,0.999943,14.0008592606,0.000265691,0.00577807,0.0173852
192,0.99998,4.99505996704,5.66268e-05,0.00360357,0.0172267
193,0.99998,4.99505996704,5.58648e-05,0.00325904,0.0170696
194,0.999984,3.99604797363,6.53378e-05,0.00273173,0.016914
195,0.999984,3.99604797363,5.38094e-05,0.00198918,0.0167597
196,0.999996,0.999011993408,2.91326e-05,0.00121473,0.0166069
197,0.999996,0.999011993408,2.85185e-05,0.00121473,0.0164555
198,0.999996,0.999011993408,2.79081e-05,0.00121473,0.0163055
199,0.999996,0.999011993408,3.01915e-05,0.00117464,0.0161568
200,0.999996,0.999011993408,2.92091e-05,0.00117464,0.0160095
201,0.999996,0.999011993408,2.85502e-05,0.00121475,0.0158635
202,0.999996,0.999011993408,2.79626e-05,0.00121475,0.0157188
203,0.999996,0.999011993408,2.73707e-05,0.00121475,0.0155755
204,0.999996,0.999011993408,2.68745e-05,0.00116467,0.0154335
205,0.999996,0.999011993408,2.68032e-05,0.00116467,0.0152928
206,0.999996,0.999011993408,2.67556e-05,0.00116467,0.0151533
207,0.999996,0.999011993408,2.66922e-05,0.00116467,0.0150152
208,0.999996,0.999011993408,2.66288e-05,0.00116467,0.0148782
209,0.999996,0.999011993408,2.52342e-05,0.00116468,0.0147426
210,0.999996,0.999011993408,2.51787e-05,0.00116468,0.0146082
211,0.999996,0.999011993408,2.51233e-05,0.00116468,0.014475
212,0.999996,0.999011993408,2.50678e-05,0.00116468,0.014343
213,0.999996,0.999011993408,2.49965e-05,0.00116468,0.0142122
214,0.999996,0.999011993408,2.49371e-05,0.00116468,0.0140826
215,0.999996,0.999011993408,2.48895e-05,0.00116468,0.0139542
216,0.999996,0.999011993408,2.48301e-05,0.00116468,0.013827
217,0.999996,0.999011993408,2.47786e-05,0.00116468,0.0137009
218,0.999996,0.999011993408,2.47191e-05,0.00116468,0.013576
219,0.999996,0.999011993408,2.46439e-05,0.00116468,0.0134522
220,0.999996,0.999011993408,2.46003e-05,0.00116468,0.0133295
221,0.999996,0.999011993408,2.45567e-05,0.00116468,0.013208
222,0.999996,0.999011993408,2.44933e-05,0.00116468,0.0130875
223,0.999996,0.999011993408,2.44378e-05,0.00116468,0.0129682
224,0.999996,0.999011993408,2.43863e-05,0.00116468,0.01285
225,0.999996,0.999011993408,2.43467e-05,0.00116468,0.0127328
226,0.999996,0.999011993408,2.42912e-05,0.00116468,0.0126167
227,0.999996,0.999011993408,2.42278e-05,0.00116468,0.0125017
228,0.999996,0.999011993408,2.41882e-05,0.00116468,0.0123877
229,0.999996,0.999011993408,2.41486e-05,0.00116468,0.0122747
230,0.999996,0.999011993408,2.40931e-05,0.00116468,0.0121628
231,0.999996,0.999011993408,2.40416e-05,0.00116468,0.0120519
232,0.999996,0.999011993408,2.3998e-05,0.00116468,0.011942
233,0.999996,0.999011993408,2.39465e-05,0.00116468,0.0118331
234,0.999996,0.999011993408,2.3895e-05,0.00116468,0.0117252
235,1.0,0.0,0.0,0.0,0.0116183
1.0,0.0,819.659791469574,1.0213,0.00870143801556,0.000707980293264
