42,80,0.5,2,1000, .1 
0,0.50344,122392.000422,1.41555e+06,265.522,0.0999997
1,0.918415,20108.9948845,1192.73,4.7178,0.0993092
2,0.994726,1299.99373913,8.33764,0.412949,0.0986234
3,0.998247,431.999230385,0.351643,0.116721,0.0979424
4,0.998969,253.998799324,0.0771794,0.0652284,0.0972661
5,0.998791,297.999401093,0.115631,0.0780946,0.0965944
6,0.998787,298.998413086,0.0970659,0.0799564,0.0959274
7,0.999014,242.994976044,0.0680147,0.067566,0.095265
8,0.99901,243.993988037,0.0677278,0.0643766,0.0946072
9,0.998982,251.001763344,0.0755344,0.0666652,0.0939539
10,0.999002,246.006703377,0.0795783,0.0686343,0.0933051
11,0.998888,273.993730545,0.0848965,0.0777008,0.0926608
12,0.999002,246.006703377,0.0705507,0.0633094,0.092021
13,0.998974,252.999787331,0.0692737,0.0673674,0.0913856
14,0.998978,252.000775337,0.0722044,0.0674481,0.0907545
15,0.999051,234.003868103,0.0691761,0.0616991,0.0901278
16,0.998933,263.004598618,0.0796628,0.0720735,0.0895055
17,0.999107,220.003008842,0.0648121,0.0634428,0.0888874
18,0.998969,253.998799324,0.0701031,0.0711092,0.0882736
19,0.999043,236.00189209,0.0673372,0.0674367,0.0876641
20,0.999034,237.999916077,0.0772712,0.0699054,0.0870587
21,0.999083,225.997080803,0.0567912,0.0601782,0.0864576
22,0.999026,239.997940063,0.0741338,0.0692119,0.0858606
23,0.998969,253.998799324,0.0804787,0.0687423,0.0852677
24,0.999087,224.99806881,0.0569686,0.0581138,0.0846789
25,0.998953,257.994847298,0.0812701,0.0712222,0.0840941
26,0.999217,193.000302315,0.0464633,0.0517174,0.0835134
27,0.999128,214.993257523,0.05988,0.0573933,0.0829368
28,0.999176,203.005113602,0.0546421,0.0601646,0.0823641
29,0.999124,216.006960869,0.0517874,0.0590543,0.0817953
30,0.999168,205.003137589,0.0531374,0.0554741,0.0812305
31,0.999128,214.993257523,0.0531502,0.0559904,0.0806696
32,0.999018,241.99596405,0.0615592,0.0648318,0.0801125
33,0.999144,210.997209549,0.0550051,0.0582235,0.0795593
34,0.999079,226.996092796,0.0595441,0.0611137,0.07901
35,0.999079,226.996092796,0.0602092,0.0619437,0.0784644
36,0.999095,223.000044823,0.0514958,0.0600479,0.0779225
37,0.999193,198.994374275,0.0472964,0.055084,0.0773845
38,0.999233,189.004254341,0.0448567,0.0514803,0.0768501
39,0.99918,202.006101608,0.0499974,0.0548794,0.0763194
40,0.99916,207.001161575,0.0519473,0.0590594,0.0757924
41,0.999201,196.996350288,0.0467484,0.0523928,0.0752691
42,0.999209,194.998326302,0.0456176,0.0552836,0.0747493
43,0.999225,191.002278328,0.0386527,0.0563093,0.0742332
44,0.999237,188.005242348,0.0461463,0.0522505,0.0737206
45,0.999318,167.995619774,0.0323412,0.0485617,0.0732115
46,0.999314,168.994631767,0.0330858,0.0471529,0.0727059
47,0.999229,190.003266335,0.0438586,0.0545189,0.0722039
48,0.999197,197.995362282,0.0426633,0.055009,0.0717053
49,0.999221,192.001290321,0.0396728,0.054011,0.0712102
50,0.999286,176.002407074,0.0358084,0.0494857,0.0707184
51,0.999258,182.995491028,0.040367,0.0533014,0.0702301
52,0.99927,179.998455048,0.0390351,0.0492222,0.0697451
53,0.999209,194.998326302,0.0486536,0.057189,0.0692635
54,0.99927,179.998455048,0.0395575,0.0516479,0.0687853
55,0.999249,184.993515015,0.0379803,0.0499342,0.0683103
56,0.999306,170.992655754,0.0370502,0.0477185,0.0678386
57,0.999347,161.00253582,0.0372273,0.0464728,0.0673701
58,0.999359,158.00549984,0.0291992,0.0442683,0.0669049
59,0.999322,166.99660778,0.0395676,0.0501336,0.0664429
60,0.999359,158.00549984,0.0291214,0.0451548,0.0659841
61,0.999322,166.99660778,0.0321669,0.0480384,0.0655285
62,0.999387,150.997724533,0.0316213,0.0466227,0.065076
63,0.999343,162.001547813,0.0331005,0.0463555,0.0646266
64,0.999318,167.995619774,0.031154,0.0480635,0.0641804
65,0.999351,160.003523827,0.0334627,0.0459412,0.0637372
66,0.999412,145.003652573,0.0306152,0.0425619,0.063297
67,0.999408,146.002664566,0.0307116,0.0428033,0.06286
68,0.999335,163.9995718,0.0320567,0.0507145,0.0624259
69,0.999371,154.993772507,0.0340702,0.0446363,0.0619948
70,0.999359,158.00549984,0.0321936,0.0462067,0.0615667
71,0.999294,174.004383087,0.0423896,0.050199,0.0611416
72,0.999274,178.999443054,0.0330597,0.0491927,0.0607194
73,0.999367,155.9927845,0.0301254,0.04532,0.0603001
74,0.999387,150.997724533,0.0307837,0.0440269,0.0598837
75,0.999408,146.002664566,0.0253765,0.0402305,0.0594702
76,0.9994,148.000688553,0.0290666,0.0433882,0.0590596
77,0.99942,143.005628586,0.0273195,0.0455922,0.0586517
78,0.9994,148.000688553,0.0238186,0.0438562,0.0582467
79,0.999448,135.997853279,0.0235639,0.0404977,0.0578445
80,0.999379,152.99574852,0.0281035,0.0454381,0.0574451
81,0.999428,140.992913246,0.0235507,0.0412188,0.0570484
82,0.999432,139.993901253,0.022192,0.0409154,0.0566545
83,0.999477,129.004769325,0.0221844,0.03741,0.0562633
84,0.999444,136.996865273,0.0248195,0.0413878,0.0558748
85,0.999371,154.993772507,0.0273579,0.0462786,0.0554889
86,0.999395,148.999700546,0.025852,0.0417397,0.0551058
87,0.999412,145.003652573,0.0237215,0.0424659,0.0547252
88,0.99942,143.005628586,0.0221973,0.0431409,0.0543473
89,0.999436,138.994889259,0.0243039,0.0424086,0.0539721
90,0.99942,143.005628586,0.0274032,0.045293,0.0535994
91,0.999521,118.000946045,0.0204065,0.0374169,0.0532293
92,0.999513,119.998970032,0.0206897,0.0379057,0.0528617
93,0.999489,125.993041992,0.0233759,0.0403944,0.0524967
94,0.99955,110.993170738,0.0170356,0.0347632,0.0521342
95,0.99944,137.995877266,0.0241283,0.0403438,0.0517742
96,0.999586,102.002062798,0.0153479,0.0322527,0.0514166
97,0.99944,137.995877266,0.0176503,0.0404663,0.0510616
98,0.99946,133.000817299,0.023958,0.0390689,0.050709
99,0.999517,118.999958038,0.019349,0.0390164,0.0503589
100,0.999639,89.0002155304,0.0138053,0.0301756,0.0500111
101,0.999489,125.993041992,0.017076,0.0370084,0.0496658
102,0.99946,133.000817299,0.0197885,0.0373336,0.0493228
103,0.999501,122.996006012,0.0182117,0.0382091,0.0489822
104,0.999501,122.996006012,0.0165866,0.0345862,0.048644
105,0.999542,113.005886078,0.0185793,0.0381228,0.0483081
106,0.999533,115.003910065,0.0160384,0.0365337,0.0479745
107,0.999582,103.001074791,0.0126878,0.0316736,0.0476432
108,0.999643,88.001203537,0.0124572,0.0274147,0.0473142
109,0.999537,114.004898071,0.0170236,0.0366116,0.0469875
110,0.99957,105.998110771,0.0192291,0.0361917,0.0466631
111,0.999562,107.996134758,0.0153626,0.037097,0.0463408
112,0.999627,91.9972515106,0.0124175,0.0289414,0.0460208
113,0.999639,89.0002155304,0.0134302,0.0323261,0.0457031
114,0.999525,117.001934052,0.0161444,0.0377176,0.0453875
115,0.99957,105.998110771,0.0176542,0.0333406,0.0450741
116,0.999444,136.996865273,0.0203728,0.040255,0.0447628
117,0.999643,88.001203537,0.0139916,0.0288642,0.0444537
118,0.999651,86.0031795502,0.0101296,0.0283779,0.0441467
119,0.999623,92.996263504,0.010791,0.0288988,0.0438419
120,0.999643,88.001203537,0.00905208,0.0277938,0.0435392
121,0.999655,85.0041675568,0.0123949,0.0303415,0.0432385
122,0.999623,92.996263504,0.0109419,0.031241,0.0429399
123,0.999655,85.0041675568,0.0099083,0.0269683,0.0426434
124,0.999631,90.9982395172,0.01183,0.0322588,0.042349
125,0.999688,76.9973802567,0.0131672,0.0322966,0.0420565
126,0.999611,95.9932994843,0.0130088,0.033234,0.0417661
127,0.99968,78.9954042435,0.00928677,0.0262711,0.0414777
128,0.999675,79.9944162369,0.00900092,0.0269905,0.0411913
129,0.999671,80.9934282303,0.00957009,0.0283486,0.0409069
130,0.999684,77.9963922501,0.00843173,0.0250109,0.0406244
131,0.999635,89.9992275238,0.00944673,0.0280376,0.0403439
132,0.99959,101.003050804,0.00954034,0.0322897,0.0400653
133,0.999602,98.0060148239,0.0098544,0.0306355,0.0397886
134,0.99968,78.9954042435,0.0104971,0.0295713,0.0395139
135,0.999728,67.0072603226,0.00905549,0.023832,0.039241
136,0.999684,77.9963922501,0.0104741,0.0316394,0.03897
137,0.999655,85.0041675568,0.0100513,0.0295753,0.0387009
138,0.999586,102.002062798,0.00978997,0.0302016,0.0384337
139,0.999663,83.0061435699,0.00896272,0.0306332,0.0381683
140,0.999659,84.0051555634,0.00878786,0.0289371,0.0379047
141,0.999684,77.9963922501,0.00736175,0.0287777,0.037643
142,0.999651,86.0031795502,0.00896074,0.0299979,0.0373831
143,0.9997,74.0003442764,0.00857277,0.0270713,0.0371249
144,0.999712,71.0033082962,0.0077826,0.0257258,0.0368686
145,0.999736,64.9945449829,0.0061941,0.02572,0.036614
146,0.999716,70.0042963028,0.00660679,0.0255078,0.0363612
147,0.99968,78.9954042435,0.00777105,0.0271165,0.0361101
148,0.999732,65.9935569763,0.00623553,0.0227376,0.0358607
149,0.999684,77.9963922501,0.00859774,0.0296195,0.0356131
150,0.999744,62.9965209961,0.00793679,0.0266736,0.0353672
151,0.999765,58.0014610291,0.00528709,0.0201828,0.035123
152,0.999761,59.0004730225,0.00535738,0.0242048,0.0348804
153,0.999732,65.9935569763,0.0089627,0.025354,0.0346396
154,0.999744,62.9965209961,0.00810668,0.0238549,0.0344004
155,0.999692,75.9983682632,0.00845211,0.0286581,0.0341628
156,0.999744,62.9965209961,0.00738727,0.0241375,0.0339269
157,0.999712,71.0033082962,0.00755798,0.0262592,0.0336926
158,0.999688,76.9973802567,0.00922528,0.0281487,0.03346
159,0.999655,85.0041675568,0.0083124,0.0274327,0.0332289
160,0.999753,60.9984970093,0.00561422,0.0228757,0.0329995
161,0.999748,61.9975090027,0.00529745,0.0221706,0.0327716
162,0.999777,55.0044250488,0.00538164,0.0222368,0.0325453
163,0.999753,60.9984970093,0.00629456,0.0250438,0.0323206
164,0.999728,67.0072603226,0.00784888,0.0238738,0.0320974
165,0.999785,53.006401062,0.00486049,0.0227971,0.0318758
166,0.999805,47.9966497421,0.00360448,0.0180208,0.0316556
167,0.999781,54.0054130554,0.00684376,0.0217082,0.0314371
168,0.999781,54.0054130554,0.0055769,0.0231342,0.03122
169,0.999736,64.9945449829,0.00536271,0.024636,0.0310044
170,0.999728,67.0072603226,0.00622316,0.0231188,0.0307903
171,0.999761,59.0004730225,0.00589988,0.0240632,0.0305777
172,0.999805,47.9966497421,0.00518065,0.0188995,0.0303665
173,0.999777,55.0044250488,0.0040314,0.0234428,0.0301568
174,0.999773,56.0034370422,0.00464395,0.0207481,0.0299486
175,0.999842,39.0055418015,0.00265465,0.0191658,0.0297418
176,0.999821,44.0006017685,0.00391222,0.0183584,0.0295364
177,0.999765,58.0014610291,0.00457446,0.0227472,0.0293325
178,0.999842,39.0055418015,0.00251414,0.0177576,0.0291299
179,0.999732,65.9935569763,0.00464003,0.0221039,0.0289288
180,0.999805,47.9966497421,0.00569806,0.0213934,0.028729
181,0.999773,56.0034370422,0.00561252,0.0231241,0.0285306
182,0.999821,44.0006017685,0.00341573,0.0194154,0.0283336
183,0.999809,46.9976377487,0.003783,0.0212567,0.028138
184,0.999838,40.0045537949,0.00322063,0.017494,0.0279437
185,0.999761,59.0004730225,0.00673525,0.0234354,0.0277507
186,0.999842,39.0055418015,0.00260007,0.0162734,0.0275591
187,0.999797,49.9946737289,0.00371334,0.0186345,0.0273688
188,0.999805,47.9966497421,0.00403697,0.0219309,0.0271798
189,0.999826,43.0015897751,0.00502488,0.0225637,0.0269921
190,0.999789,51.9926977158,0.00324561,0.0227561,0.0268057
191,0.999805,47.9966497421,0.0043463,0.0205084,0.0266206
192,0.999862,33.9957904816,0.00251701,0.0160081,0.0264368
193,0.999858,34.994802475,0.0023365,0.0166712,0.0262542
194,0.999797,49.9946737289,0.00410644,0.0215112,0.0260729
195,0.99985,36.9928264618,0.00316322,0.0154534,0.0258929
196,0.999834,41.0035657883,0.00231329,0.0164844,0.0257141
197,0.999805,47.9966497421,0.00259591,0.0196588,0.0255365
198,0.999862,33.9957904816,0.00206208,0.0142924,0.0253602
199,0.99989,27.0027065277,0.00126958,0.0128924,0.0251851
200,0.999826,43.0015897751,0.00312245,0.0204833,0.0250112
201,0.99983,42.0025777817,0.00346814,0.0201225,0.0248385
202,0.99987,31.9977664948,0.00253467,0.0162518,0.024667
203,0.999842,39.0055418015,0.00233202,0.0175988,0.0244966
204,0.999866,32.9967784882,0.00188615,0.0155098,0.0243275
205,0.999878,29.9997425079,0.00130892,0.0138565,0.0241595
206,0.999842,39.0055418015,0.00276633,0.0162524,0.0239927
207,0.999854,35.9938144684,0.00323931,0.0194953,0.023827
208,0.999842,39.0055418015,0.00210292,0.0148497,0.0236624
209,0.99985,36.9928264618,0.0029727,0.0168063,0.023499
210,0.999862,33.9957904816,0.00216807,0.0182437,0.0233368
211,0.999907,23.0066585541,0.001231,0.0116136,0.0231756
212,0.999878,29.9997425079,0.00239932,0.0195978,0.0230156
213,0.999854,35.9938144684,0.00187737,0.0175794,0.0228567
214,0.999894,26.0036945343,0.00136522,0.0130325,0.0226988
215,0.99987,31.9977664948,0.00160091,0.0157977,0.0225421
216,0.999907,23.0066585541,0.0010827,0.0134435,0.0223864
217,0.999878,29.9997425079,0.00118551,0.0143275,0.0222319
218,0.999899,25.0046825409,0.00179417,0.0142021,0.0220783
219,0.99989,27.0027065277,0.00116538,0.0139399,0.0219259
220,0.999854,35.9938144684,0.00226699,0.0178439,0.0217745
221,0.999866,32.9967784882,0.00124884,0.0136321,0.0216241
222,0.999858,34.994802475,0.00210358,0.0159018,0.0214748
223,0.999874,30.9987545013,0.00189439,0.0149109,0.0213265
224,0.999931,16.9978952408,0.00106318,0.0109834,0.0211792
225,0.999915,20.9939432144,0.00125272,0.0108841,0.021033
226,0.999911,21.9929552078,0.000906662,0.0122745,0.0208878
227,0.999935,15.9988832474,0.000950609,0.0106565,0.0207435
228,0.999907,23.0066585541,0.00110892,0.0133623,0.0206003
229,0.999923,18.9959192276,0.000671082,0.0105126,0.020458
230,0.999935,15.9988832474,0.000705966,0.0101286,0.0203168
231,0.999963,9.00579929352,0.00023134,0.00844409,0.0201765
232,0.999968,8.00678730011,0.000243236,0.00551955,0.0200371
233,0.999939,14.999871254,0.000548063,0.00834353,0.0198988
234,0.999931,16.9978952408,0.000920708,0.0113996,0.0197614
235,0.99998,4.99505996704,9.1737e-05,0.00478338,0.0196249
236,0.999996,0.999011993408,9.50963e-06,0.00130605,0.0194894
237,0.999984,3.99604797363,7.50395e-05,0.00320328,0.0193548
238,1.0,0.0,0.0,0.0,0.0192212
1.0,0.0,806.8878743648529,1.11621,0.00891035540647,0.000708450490132
