85,80,0.4,2,1000, .1 
0,0.475613,129250.996399,1.50756e+06,291.982,0.0999996
1,0.931329,16925.99576,779.091,3.83414,0.0990878
2,0.993135,1692.00310707,7.4389,0.397195,0.0981843
3,0.998211,441.005029678,0.238817,0.109428,0.0972891
4,0.998641,335.006918907,0.115646,0.0951733,0.096402
5,0.99873,312.999272346,0.0997519,0.0932924,0.095523
6,0.998901,270.996694565,0.0833402,0.0768707,0.094652
7,0.998775,301.995449066,0.102017,0.100289,0.0937889
8,0.998742,310.002236366,0.0901742,0.0941881,0.0929338
9,0.998888,273.993730545,0.0709235,0.0794232,0.0920864
10,0.998779,300.996437073,0.0902642,0.0884993,0.0912467
11,0.998965,254.997811317,0.0791263,0.0683827,0.0904147
12,0.998852,282.999529839,0.0938334,0.0876941,0.0895903
13,0.998909,268.998670578,0.0703392,0.0812301,0.0887734
14,0.998909,268.998670578,0.0945232,0.0761079,0.087964
15,0.998848,283.998541832,0.0797975,0.0796421,0.0871619
16,0.998941,261.006574631,0.0729742,0.0729912,0.0863672
17,0.998767,303.993473053,0.0927542,0.0903682,0.0855797
18,0.998945,259.992871284,0.0691192,0.0694641,0.0847993
19,0.998961,255.996823311,0.0704501,0.0734697,0.0840261
20,0.998965,254.997811317,0.0836238,0.0691523,0.08326
21,0.998848,283.998541832,0.079659,0.083513,0.0825008
22,0.999111,219.003996849,0.0482024,0.0587376,0.0817485
23,0.999022,240.996952057,0.0546074,0.0686215,0.0810032
24,0.99901,243.993988037,0.065166,0.0748217,0.0802646
25,0.998945,259.992871284,0.063545,0.075073,0.0795327
26,0.999018,241.99596405,0.0598899,0.0666364,0.0788075
27,0.999022,240.996952057,0.0624468,0.0763203,0.0780889
28,0.99914,211.996221542,0.05094,0.0569493,0.0773769
29,0.999209,194.998326302,0.0461288,0.0546032,0.0766714
30,0.999038,237.000904083,0.0592124,0.0694848,0.0759723
31,0.999091,223.999056816,0.0555386,0.0644296,0.0752796
32,0.999047,235.002880096,0.0596683,0.0690031,0.0745931
33,0.998957,256.995835304,0.0574076,0.0832027,0.073913
34,0.999055,233.00485611,0.056083,0.0646276,0.0732391
35,0.999026,239.997940063,0.0680386,0.0741158,0.0725712
36,0.99914,211.996221542,0.0508709,0.0584633,0.0719095
37,0.999124,216.006960869,0.0511508,0.065233,0.0712539
38,0.999067,229.993128777,0.0566441,0.0732725,0.0706042
39,0.999116,218.004984856,0.0469305,0.0693463,0.0699604
40,0.999099,222.001032829,0.0489668,0.0589948,0.0693225
41,0.999197,197.995362282,0.0403408,0.0624017,0.0686904
42,0.999095,223.000044823,0.0461694,0.0583551,0.0680641
43,0.999205,195.997338295,0.0382902,0.0667147,0.0674434
44,0.999172,204.004125595,0.0459707,0.0604409,0.0668285
45,0.999282,177.001419067,0.0389367,0.0540792,0.0662191
46,0.999136,212.995233536,0.0528241,0.063064,0.0656153
47,0.999412,145.003652573,0.0315283,0.0456125,0.0650171
48,0.999298,173.005371094,0.0304707,0.0522868,0.0644242
49,0.999172,204.004125595,0.0472857,0.0674403,0.0638368
50,0.999184,201.007089615,0.046467,0.0609212,0.0632547
51,0.999213,193.999314308,0.042597,0.0617811,0.062678
52,0.999387,150.997724533,0.0273569,0.0472405,0.0621065
53,0.999331,164.998583794,0.0295117,0.0444061,0.0615402
54,0.999404,147.001676559,0.0247634,0.0409621,0.060979
55,0.999355,159.004511833,0.0309304,0.0469349,0.060423
56,0.999302,172.0063591,0.0327883,0.0522508,0.0598721
57,0.999274,178.999443054,0.0299276,0.0533033,0.0593262
58,0.99929,175.003395081,0.037728,0.0540266,0.0587852
59,0.999335,163.9995718,0.0303505,0.0526407,0.0582492
60,0.999274,178.999443054,0.0330718,0.0569127,0.0577181
61,0.999339,163.000559807,0.0278136,0.0442163,0.0571918
62,0.999448,135.997853279,0.0231012,0.0416826,0.0566703
63,0.999335,163.9995718,0.027705,0.0511218,0.0561536
64,0.99944,137.995877266,0.0205749,0.0406812,0.0556416
65,0.999448,135.997853279,0.0236631,0.0396297,0.0551342
66,0.999367,155.9927845,0.0266619,0.049686,0.0546315
67,0.999286,176.002407074,0.0287497,0.0632677,0.0541334
68,0.999351,160.003523827,0.0277352,0.0520195,0.0536398
69,0.999371,154.993772507,0.0246782,0.0455006,0.0531507
70,0.999367,155.9927845,0.0269559,0.0517343,0.0526661
71,0.999469,131.002793312,0.01787,0.0365669,0.0521858
72,0.999383,151.996736526,0.021483,0.0482566,0.05171
73,0.99944,137.995877266,0.0194428,0.0410798,0.0512385
74,0.999448,135.997853279,0.0177922,0.0442493,0.0507713
75,0.999436,138.994889259,0.0184926,0.041404,0.0503084
76,0.999351,160.003523827,0.0276532,0.0512334,0.0498497
77,0.999505,121.996994019,0.0209496,0.0405339,0.0493951
78,0.99946,133.000817299,0.0175059,0.0415818,0.0489447
79,0.99946,133.000817299,0.0202697,0.0395913,0.0484984
80,0.999473,130.003781319,0.0230615,0.0421724,0.0480562
81,0.999505,121.996994019,0.0166701,0.0356133,0.0476181
82,0.999424,142.006616592,0.0239362,0.0478703,0.0471839
83,0.999485,127.006745338,0.0168471,0.0365359,0.0467536
84,0.999363,157.006487846,0.0240495,0.0525584,0.0463273
85,0.9994,148.000688553,0.0218361,0.0495819,0.0459049
86,0.999509,120.997982025,0.0162514,0.0365004,0.0454863
87,0.999493,124.994029999,0.015622,0.0384725,0.0450716
88,0.999537,114.004898071,0.0178712,0.0365435,0.0446606
89,0.999521,118.000946045,0.0182035,0.0392337,0.0442534
90,0.999501,122.996006012,0.0146843,0.0385243,0.0438499
91,0.999586,102.002062798,0.0127913,0.0393343,0.0434501
92,0.999469,131.002793312,0.0186804,0.0408465,0.0430539
93,0.999489,125.993041992,0.0155396,0.0387099,0.0426613
94,0.999493,124.994029999,0.0163573,0.0416459,0.0422723
95,0.999537,114.004898071,0.0151999,0.0380508,0.0418869
96,0.999639,89.0002155304,0.00902282,0.0295799,0.041505
97,0.999574,104.999098778,0.0121211,0.0351116,0.0411265
98,0.999586,102.002062798,0.0131378,0.0381622,0.0407515
99,0.999542,113.005886078,0.0132183,0.0383166,0.0403799
100,0.999493,124.994029999,0.0151986,0.0423735,0.0400117
101,0.999566,106.997122765,0.0119805,0.0328068,0.0396469
102,0.999554,109.994158745,0.0121908,0.0344074,0.0392854
103,0.999667,82.0071315765,0.0075318,0.025141,0.0389272
104,0.999647,87.0021915436,0.00887442,0.0259519,0.0385723
105,0.999675,79.9944162369,0.00958047,0.0289274,0.0382206
106,0.999659,84.0051555634,0.00820356,0.0284581,0.0378721
107,0.999619,93.9952754974,0.0113338,0.0375244,0.0375267
108,0.999554,109.994158745,0.012782,0.0404735,0.0371846
109,0.999615,94.9942874908,0.0106753,0.035896,0.0368455
110,0.99972,69.0052843094,0.00651945,0.0221984,0.0365096
111,0.999525,117.001934052,0.0127058,0.0430721,0.0361766
112,0.999606,97.0070028305,0.00900758,0.0293815,0.0358468
113,0.999558,108.995146751,0.0109534,0.0342293,0.0355199
114,0.999582,103.001074791,0.0102784,0.0361405,0.0351961
115,0.999586,102.002062798,0.0107187,0.0367157,0.0348751
116,0.999663,83.0061435699,0.00805948,0.0316935,0.0345571
117,0.999692,75.9983682632,0.00749128,0.0316292,0.034242
118,0.999566,106.997122765,0.00992117,0.0385643,0.0339298
119,0.999631,90.9982395172,0.00737041,0.0310257,0.0336204
120,0.99968,78.9954042435,0.00629972,0.0249474,0.0333139
121,0.999716,70.0042963028,0.00713058,0.0249455,0.0330101
122,0.999773,56.0034370422,0.00411799,0.0200226,0.0327091
123,0.999639,89.0002155304,0.00796764,0.0345173,0.0324109
124,0.999663,83.0061435699,0.00664532,0.0307689,0.0321154
125,0.999736,64.9945449829,0.00543037,0.0227882,0.0318225
126,0.99968,78.9954042435,0.0075597,0.0307111,0.0315324
127,0.999704,73.001332283,0.00596905,0.0313749,0.0312449
128,0.999769,57.0024490356,0.00389514,0.0218391,0.03096
129,0.999748,61.9975090027,0.00435211,0.0240211,0.0306777
130,0.999663,83.0061435699,0.00737979,0.0297239,0.0303979
131,0.999744,62.9965209961,0.0068057,0.0229676,0.0301208
132,0.999708,72.0023202896,0.00581743,0.0291222,0.0298461
133,0.9997,74.0003442764,0.00655514,0.0299702,0.029574
134,0.999744,62.9965209961,0.00401625,0.0230609,0.0293043
135,0.999761,59.0004730225,0.00608409,0.0226203,0.0290371
136,0.999761,59.0004730225,0.00368826,0.0196884,0.0287724
137,0.999736,64.9945449829,0.00562283,0.027633,0.02851
138,0.999724,68.006272316,0.006871,0.0311917,0.0282501
139,0.999757,59.9994850159,0.00440126,0.0253981,0.0279925
140,0.999773,56.0034370422,0.00387232,0.0212779,0.0277372
141,0.999765,58.0014610291,0.0049068,0.0278302,0.0274843
142,0.999801,48.9956617355,0.0025048,0.0169073,0.0272337
143,0.999736,64.9945449829,0.00517705,0.0302114,0.0269854
144,0.999748,61.9975090027,0.00399168,0.0238539,0.0267393
145,0.999748,61.9975090027,0.00486629,0.0278191,0.0264955
146,0.999801,48.9956617355,0.0032175,0.0189644,0.0262539
147,0.999696,74.9993562698,0.00512648,0.0302031,0.0260146
148,0.999813,45.9986257553,0.00244392,0.0201462,0.0257774
149,0.999753,60.9984970093,0.00465817,0.0258002,0.0255423
150,0.999773,56.0034370422,0.00457107,0.0265441,0.0253094
151,0.999781,54.0054130554,0.00310359,0.0233916,0.0250786
152,0.999813,45.9986257553,0.0033292,0.0206097,0.02485
153,0.999744,62.9965209961,0.0036263,0.0272455,0.0246234
154,0.999781,54.0054130554,0.00401136,0.0268814,0.0243989
155,0.99987,31.9977664948,0.00145366,0.0135531,0.0241764
156,0.99974,63.9955329895,0.0048598,0.0300538,0.023956
157,0.999858,34.994802475,0.00182365,0.0164692,0.0237375
158,0.999797,49.9946737289,0.00317485,0.0246376,0.0235211
159,0.999866,32.9967784882,0.00199827,0.0152181,0.0233066
160,0.999801,48.9956617355,0.00368733,0.0274414,0.0230941
161,0.999793,50.9936857224,0.00322549,0.0263657,0.0228835
162,0.999805,47.9966497421,0.00228495,0.0264366,0.0226749
163,0.999923,18.9959192276,0.00136226,0.00983121,0.0224681
164,0.99987,31.9977664948,0.00158525,0.0188251,0.0222633
165,0.999821,44.0006017685,0.00267239,0.0251475,0.0220603
166,0.999911,21.9929552078,0.000927856,0.0113645,0.0218591
167,0.999817,44.9996137619,0.00251595,0.0219841,0.0216598
168,0.999858,34.994802475,0.00219353,0.015358,0.0214623
169,0.999907,23.0066585541,0.000905733,0.0120339,0.0212666
170,0.999874,30.9987545013,0.00153099,0.0150281,0.0210727
171,0.999797,49.9946737289,0.00228353,0.0219091,0.0208805
172,0.999826,43.0015897751,0.00270817,0.0207149,0.0206902
173,0.999826,43.0015897751,0.00228281,0.0234689,0.0205015
174,0.999911,21.9929552078,0.0007835,0.0111265,0.0203146
175,0.999947,13.0018472672,0.000596429,0.0100003,0.0201293
176,0.999919,19.994931221,0.000600268,0.0120323,0.0199458
177,0.999874,30.9987545013,0.00195034,0.0231595,0.0197639
178,0.999866,32.9967784882,0.00184898,0.0244525,0.0195837
179,0.999854,35.9938144684,0.00174345,0.0239317,0.0194051
180,0.999907,23.0066585541,0.00118825,0.0192835,0.0192282
181,0.999874,30.9987545013,0.00145559,0.018489,0.0190529
182,0.999939,14.999871254,0.000496188,0.00874721,0.0188792
183,0.999886,28.0017185211,0.00138563,0.0200748,0.018707
184,0.999915,20.9939432144,0.00121567,0.012927,0.0185364
185,0.999939,14.999871254,0.000547649,0.00833785,0.0183674
186,0.999862,33.9957904816,0.00164769,0.019922,0.0182
187,0.999838,40.0045537949,0.00187046,0.0197286,0.018034
188,0.999907,23.0066585541,0.00134355,0.0192638,0.0178696
189,0.999915,20.9939432144,0.000909497,0.0169358,0.0177066
190,0.999911,21.9929552078,0.000968324,0.0182163,0.0175452
191,0.999874,30.9987545013,0.00116932,0.0181001,0.0173852
192,0.999935,15.9988832474,0.00071216,0.0108659,0.0172267
193,0.999923,18.9959192276,0.000622549,0.00954763,0.0170696
194,0.999911,21.9929552078,0.00134184,0.0176138,0.016914
195,0.999935,15.9988832474,0.000835453,0.0100294,0.0167597
196,0.999951,12.0028352737,0.000234051,0.00829375,0.0166069
197,0.999947,13.0018472672,0.000660454,0.00910266,0.0164555
198,0.999919,19.994931221,0.000861201,0.0108964,0.0163055
199,0.99989,27.0027065277,0.00135193,0.0196986,0.0161568
200,0.999907,23.0066585541,0.00107439,0.0188835,0.0160095
201,0.999976,5.99407196045,0.000236266,0.00612173,0.0158635
202,0.999968,8.00678730011,0.000369543,0.00693273,0.0157188
203,0.999972,6.99308395386,0.000141222,0.00547985,0.0155755
204,0.999951,12.0028352737,0.000453893,0.00943198,0.0154335
205,0.999976,5.99407196045,0.00016297,0.00624602,0.0152928
206,0.999976,5.99407196045,0.000351435,0.00770489,0.0151533
207,0.999968,8.00678730011,0.000294207,0.00811319,0.0150152
208,0.999907,23.0066585541,0.000987383,0.0184985,0.0148782
209,0.999931,16.9978952408,0.000732974,0.016551,0.0147426
210,0.999947,13.0018472672,0.000580976,0.00900986,0.0146082
211,0.999963,9.00579929352,0.000221348,0.00685748,0.014475
212,0.999976,5.99407196045,0.000183515,0.00501761,0.014343
213,0.999972,6.99308395386,0.000283692,0.0062067,0.0142122
214,0.999963,9.00579929352,0.000219232,0.00706477,0.0140826
215,0.999931,16.9978952408,0.000823804,0.0170078,0.0139542
216,0.999947,13.0018472672,0.000561172,0.0163621,0.013827
217,0.999992,1.99802398682,9.71491e-05,0.00327886,0.0137009
218,0.999992,1.99802398682,0.000109066,0.00343966,0.013576
219,0.999984,3.99604797363,0.000197438,0.00445656,0.0134522
220,0.99998,4.99505996704,0.000153202,0.00486596,0.0133295
221,0.999984,3.99604797363,0.000128218,0.00401549,0.013208
222,0.999992,1.99802398682,0.000122082,0.00351213,0.0130875
223,0.999992,1.99802398682,0.000108164,0.00327904,0.0129682
224,0.999992,1.99802398682,4.7584e-05,0.00295802,0.01285
225,0.999988,2.99703598022,6.82094e-05,0.00361893,0.0127328
226,0.999988,2.99703598022,8.92191e-05,0.00325203,0.0126167
227,0.999996,0.999011993408,1.93427e-05,0.00190096,0.0125017
228,0.999996,0.999011993408,2.89387e-05,0.00190096,0.0123877
229,0.999996,0.999011993408,3.95253e-05,0.00227955,0.0122747
230,0.999996,0.999011993408,2.61653e-05,0.00190096,0.0121628
231,0.999992,1.99802398682,3.78691e-05,0.00317021,0.0120519
232,0.999984,3.99604797363,0.000133781,0.00494735,0.011942
233,0.999992,1.99802398682,9.47679e-05,0.00551158,0.0118331
234,0.999996,0.999011993408,3.42082e-05,0.00190093,0.0117252
235,0.999996,0.999011993408,4.43337e-05,0.0022795,0.0116183
236,0.999996,0.999011993408,3.1522e-05,0.00190093,0.0115124
237,0.999996,0.999011993408,4.03811e-05,0.00190093,0.0114074
238,0.999996,0.999011993408,5.01812e-05,0.0022795,0.0113034
239,0.999996,0.999011993408,3.7774e-05,0.00190093,0.0112003
240,0.999984,3.99604797363,0.00013454,0.00564481,0.0110982
241,1.0,0.0,3.70847e-06,0.00190093,0.010997
1.0,3.70847e-06,854.1445820331573,0.0859375,0.0111214859917,0.000901229928681
