89,80,0.5,2,1000, .1 
0,0.521693,117892.993984,1.52072e+06,262.727,0.0999997
1,0.917222,20402.9982376,1066.86,5.13706,0.0993092
2,0.995209,1180.99378109,6.06534,0.369188,0.0986234
3,0.998361,403.997511864,0.362923,0.115711,0.0979424
4,0.998694,322.00507164,0.154446,0.0986054,0.0972661
5,0.998714,316.99532032,0.138664,0.100084,0.0965944
6,0.998669,327.9991436,0.121008,0.0991759,0.0959274
7,0.99871,317.994332314,0.128815,0.0958321,0.095265
8,0.998896,271.995706558,0.107572,0.08454,0.0946072
9,0.998872,278.004469872,0.11281,0.0879511,0.0939539
10,0.998852,282.999529839,0.102241,0.0864326,0.0933051
11,0.998941,261.006574631,0.104683,0.0861148,0.0926608
12,0.998653,331.995191574,0.120625,0.0980737,0.092021
13,0.998807,294.003353119,0.123565,0.0897989,0.0913856
14,0.998933,263.004598618,0.106451,0.0846831,0.0907545
15,0.998669,327.9991436,0.132413,0.09227,0.0901278
16,0.998844,284.997553825,0.117379,0.091782,0.0895055
17,0.998917,267.000646591,0.114404,0.0865563,0.0888874
18,0.99886,281.001505852,0.108622,0.0837308,0.0882736
19,0.998965,254.997811317,0.0913681,0.077179,0.0876641
20,0.998892,272.994718552,0.0985792,0.084468,0.0870587
21,0.998913,267.999658585,0.0939877,0.083164,0.0864576
22,0.999022,240.996952057,0.0878614,0.0809725,0.0858606
23,0.998969,253.998799324,0.0955081,0.0825159,0.0852677
24,0.998933,263.004598618,0.104247,0.0819243,0.0846789
25,0.998994,248.004727364,0.0902409,0.0821489,0.0840941
26,0.998909,268.998670578,0.107182,0.0870754,0.0835134
27,0.99888,276.006445885,0.100523,0.0824457,0.0829368
28,0.998969,253.998799324,0.0947496,0.0879022,0.0823641
29,0.998913,267.999658585,0.0976989,0.0854242,0.0817953
30,0.999083,225.997080803,0.069611,0.07307,0.0812305
31,0.999018,241.99596405,0.0842376,0.079735,0.0806696
32,0.999103,221.002020836,0.0799047,0.0715104,0.0801125
33,0.998957,256.995835304,0.0873889,0.086843,0.0795593
34,0.998949,258.993859291,0.084222,0.0805242,0.07901
35,0.999014,242.994976044,0.0890951,0.0763124,0.0784644
36,0.999047,235.002880096,0.0783903,0.0782604,0.0779225
37,0.999055,233.00485611,0.0714861,0.0741351,0.0773845
38,0.999107,220.003008842,0.0750323,0.0716342,0.0768501
39,0.998974,252.999787331,0.092542,0.0828493,0.0763194
40,0.999116,218.004984856,0.0589051,0.0717052,0.0757924
41,0.999213,193.999314308,0.0618182,0.0684882,0.0752691
42,0.999136,212.995233536,0.0670534,0.0662596,0.0747493
43,0.999197,197.995362282,0.0502082,0.0610179,0.0742332
44,0.999095,223.000044823,0.0681325,0.0733683,0.0737206
45,0.999034,237.999916077,0.0780362,0.0719101,0.0732115
46,0.999051,234.003868103,0.0818096,0.0777216,0.0727059
47,0.999067,229.993128777,0.0764493,0.0722787,0.0722039
48,0.999103,221.002020836,0.0570114,0.0670233,0.0717053
49,0.999193,198.994374275,0.0589094,0.0643246,0.0712102
50,0.999209,194.998326302,0.0543896,0.0664312,0.0707184
51,0.999213,193.999314308,0.0546322,0.0593426,0.0702301
52,0.99903,238.99892807,0.0722158,0.0762998,0.0697451
53,0.999189,199.993386269,0.0558896,0.0654076,0.0692635
54,0.999164,206.002149582,0.0593762,0.069915,0.0687853
55,0.999189,199.993386269,0.0583798,0.0693316,0.0683103
56,0.999209,194.998326302,0.0479499,0.0607129,0.0678386
57,0.999107,220.003008842,0.0671666,0.0746571,0.0673701
58,0.999103,221.002020836,0.0609193,0.0671329,0.0669049
59,0.999205,195.997338295,0.0485775,0.0622267,0.0664429
60,0.999189,199.993386269,0.0577098,0.0638609,0.0659841
61,0.999258,182.995491028,0.0468228,0.0614623,0.0655285
62,0.999225,191.002278328,0.0546084,0.0643186,0.065076
63,0.99927,179.998455048,0.0422465,0.0571121,0.0646266
64,0.999298,173.005371094,0.0451405,0.057689,0.0641804
65,0.999189,199.993386269,0.0569838,0.0673255,0.0637372
66,0.999233,189.004254341,0.0478645,0.0590677,0.063297
67,0.999258,182.995491028,0.0498586,0.0645285,0.06286
68,0.999278,178.000431061,0.0407748,0.0523819,0.0624259
69,0.999408,146.002664566,0.0330098,0.0472092,0.0619948
70,0.999298,173.005371094,0.0401497,0.0584461,0.0615667
71,0.999168,205.003137589,0.0538118,0.0616201,0.0611416
72,0.999233,189.004254341,0.0464106,0.0587637,0.0607194
73,0.999306,170.992655754,0.0389236,0.0568287,0.0603001
74,0.999343,162.001547813,0.0368246,0.0574193,0.0598837
75,0.999347,161.00253582,0.0350871,0.0503831,0.0594702
76,0.999339,163.000559807,0.0354494,0.0539355,0.0590596
77,0.99931,169.993643761,0.037957,0.0581315,0.0586517
78,0.999343,162.001547813,0.0344439,0.0522588,0.0582467
79,0.999395,148.999700546,0.0353647,0.0489334,0.0578445
80,0.999241,187.006230354,0.041408,0.060969,0.0574451
81,0.999339,163.000559807,0.0405213,0.0569007,0.0570484
82,0.999404,147.001676559,0.0342298,0.0520509,0.0566545
83,0.999363,157.006487846,0.0341378,0.0535477,0.0562633
84,0.999424,142.006616592,0.0296899,0.0453472,0.0558748
85,0.99946,133.000817299,0.0261817,0.0435138,0.0554889
86,0.999351,160.003523827,0.0347631,0.0551368,0.0551058
87,0.999444,136.996865273,0.0292047,0.047558,0.0547252
88,0.999391,149.99871254,0.0298515,0.0491856,0.0543473
89,0.999294,174.004383087,0.0395924,0.0585271,0.0539721
90,0.999395,148.999700546,0.0312722,0.048339,0.0535994
91,0.999404,147.001676559,0.030693,0.0501451,0.0532293
92,0.999469,131.002793312,0.0271947,0.0463086,0.0528617
93,0.9994,148.000688553,0.0256628,0.0469867,0.0524967
94,0.999428,140.992913246,0.027294,0.0461076,0.0521342
95,0.999481,128.005757332,0.0215501,0.0463884,0.0517742
96,0.999493,124.994029999,0.0250023,0.0441853,0.0514166
97,0.999408,146.002664566,0.0272677,0.0520366,0.0510616
98,0.99946,133.000817299,0.0238812,0.0484776,0.050709
99,0.999464,132.001805305,0.026839,0.0465966,0.0503589
100,0.999428,140.992913246,0.0247153,0.049657,0.0500111
101,0.999517,118.999958038,0.0211735,0.0389513,0.0496658
102,0.999505,121.996994019,0.0186982,0.0405535,0.0493228
103,0.999481,128.005757332,0.024943,0.0441891,0.0489822
104,0.999501,122.996006012,0.0211136,0.041757,0.048644
105,0.999428,140.992913246,0.0240547,0.0463874,0.0483081
106,0.999529,116.002922058,0.0185537,0.0386583,0.0479745
107,0.99944,137.995877266,0.0255663,0.0464302,0.0476432
108,0.999477,129.004769325,0.0232616,0.0440055,0.0473142
109,0.999481,128.005757332,0.023522,0.0438933,0.0469875
110,0.999529,116.002922058,0.0231712,0.0420684,0.0466631
111,0.999574,104.999098778,0.0160239,0.0343733,0.0463408
112,0.999432,139.993901253,0.0253474,0.0482652,0.0460208
113,0.999509,120.997982025,0.0218248,0.0421855,0.0457031
114,0.999469,131.002793312,0.0261692,0.0469316,0.0453875
115,0.999501,122.996006012,0.0203553,0.0437498,0.0450741
116,0.999517,118.999958038,0.0212678,0.0445921,0.0447628
117,0.999493,124.994029999,0.0182122,0.0417307,0.0444537
118,0.99957,105.998110771,0.0194715,0.0401182,0.0441467
119,0.999537,114.004898071,0.0197786,0.0449452,0.0438419
120,0.99957,105.998110771,0.0162201,0.0381565,0.0435392
121,0.999529,116.002922058,0.0181748,0.0371061,0.0432385
122,0.999546,112.006874084,0.0163859,0.041904,0.0429399
123,0.99955,110.993170738,0.018793,0.0432419,0.0426434
124,0.999651,86.0031795502,0.014207,0.0351044,0.042349
125,0.999533,115.003910065,0.0186362,0.0442448,0.0420565
126,0.99955,110.993170738,0.0163051,0.0402845,0.0417661
127,0.999582,103.001074791,0.0168219,0.0389144,0.0414777
128,0.99957,105.998110771,0.0157689,0.0376971,0.0411913
129,0.999619,93.9952754974,0.01586,0.0347018,0.0409069
130,0.999558,108.995146751,0.0155269,0.0372946,0.0406244
131,0.999635,89.9992275238,0.0131223,0.0326975,0.0403439
132,0.999594,100.004038811,0.0125401,0.0336536,0.0400653
133,0.999639,89.0002155304,0.0130712,0.0346911,0.0397886
134,0.999643,88.001203537,0.014682,0.0329547,0.0395139
135,0.999546,112.006874084,0.0167786,0.0403062,0.039241
136,0.999546,112.006874084,0.0192083,0.0403206,0.03897
137,0.999635,89.9992275238,0.0109234,0.032317,0.0387009
138,0.999619,93.9952754974,0.0121242,0.0356979,0.0384337
139,0.999627,91.9972515106,0.0110199,0.032996,0.0381683
140,0.999606,97.0070028305,0.0117508,0.0337548,0.0379047
141,0.999663,83.0061435699,0.00901631,0.0321882,0.037643
142,0.999724,68.006272316,0.00779526,0.0252161,0.0373831
143,0.999659,84.0051555634,0.0115596,0.0339598,0.0371249
144,0.999671,80.9934282303,0.00986798,0.0321401,0.0368686
145,0.999692,75.9983682632,0.00763673,0.0287639,0.036614
146,0.999708,72.0023202896,0.00833331,0.0284379,0.0363612
147,0.999744,62.9965209961,0.00698899,0.0251802,0.0361101
148,0.999635,89.9992275238,0.00948406,0.0340492,0.0358607
149,0.999643,88.001203537,0.0112549,0.0347572,0.0356131
150,0.999675,79.9944162369,0.00919535,0.0308783,0.0353672
151,0.999667,82.0071315765,0.0105064,0.0311094,0.035123
152,0.999704,73.001332283,0.00848697,0.0285934,0.0348804
153,0.99968,78.9954042435,0.00943458,0.0297921,0.0346396
154,0.999692,75.9983682632,0.00753133,0.0289229,0.0344004
155,0.99968,78.9954042435,0.00819519,0.0307015,0.0341628
156,0.999675,79.9944162369,0.00771213,0.0313196,0.0339269
157,0.999635,89.9992275238,0.0117688,0.0339903,0.0336926
158,0.999692,75.9983682632,0.00635845,0.0267889,0.03346
159,0.999716,70.0042963028,0.0066215,0.0266971,0.0332289
160,0.9997,74.0003442764,0.00768771,0.0248229,0.0329995
161,0.999757,59.9994850159,0.00574226,0.023486,0.0327716
162,0.999704,73.001332283,0.00873571,0.0290516,0.0325453
163,0.999623,92.996263504,0.00980644,0.0353073,0.0323206
164,0.9997,74.0003442764,0.00696457,0.0264946,0.0320974
165,0.99972,69.0052843094,0.00790818,0.0271977,0.0318758
166,0.99974,63.9955329895,0.00617738,0.0244324,0.0316556
167,0.999696,74.9993562698,0.0082262,0.0295112,0.0314371
168,0.9997,74.0003442764,0.00846513,0.0278954,0.03122
169,0.999757,59.9994850159,0.00539207,0.024899,0.0310044
170,0.999667,82.0071315765,0.00921191,0.0355588,0.0307903
171,0.999809,46.9976377487,0.00391572,0.0230809,0.0305777
172,0.999797,49.9946737289,0.00461011,0.0216306,0.0303665
173,0.999724,68.006272316,0.00782276,0.0283212,0.0301568
174,0.999757,59.9994850159,0.005129,0.0264798,0.0299486
175,0.999671,80.9934282303,0.00820182,0.0296003,0.0297418
176,0.999753,60.9984970093,0.0055055,0.0250326,0.0295364
177,0.999716,70.0042963028,0.00628824,0.0265594,0.0293325
178,0.999736,64.9945449829,0.00610286,0.0274186,0.0291299
179,0.999696,74.9993562698,0.00644616,0.0290953,0.0289288
180,0.999761,59.0004730225,0.00492563,0.0231965,0.028729
181,0.999805,47.9966497421,0.00437225,0.0210759,0.0285306
182,0.999765,58.0014610291,0.00444063,0.0228936,0.0283336
183,0.999732,65.9935569763,0.00644341,0.025066,0.028138
184,0.999757,59.9994850159,0.00479916,0.0248153,0.0279437
185,0.999781,54.0054130554,0.00390131,0.020944,0.0277507
186,0.999757,59.9994850159,0.00396733,0.0252063,0.0275591
187,0.999753,60.9984970093,0.00570298,0.023266,0.0273688
188,0.999801,48.9956617355,0.00400756,0.0232567,0.0271798
189,0.999866,32.9967784882,0.00225786,0.017636,0.0269921
190,0.999785,53.006401062,0.00435947,0.0232143,0.0268057
191,0.999821,44.0006017685,0.0027681,0.0201505,0.0266206
192,0.999826,43.0015897751,0.00276557,0.0196356,0.0264368
193,0.99985,36.9928264618,0.00353579,0.0188152,0.0262542
194,0.999801,48.9956617355,0.00409791,0.0194205,0.0260729
195,0.999834,41.0035657883,0.00288801,0.0214917,0.0258929
196,0.999801,48.9956617355,0.00341729,0.0231415,0.0257141
197,0.99983,42.0025777817,0.00278819,0.0205651,0.0255365
198,0.999785,53.006401062,0.00435792,0.0238747,0.0253602
199,0.999781,54.0054130554,0.00365583,0.0242245,0.0251851
200,0.999821,44.0006017685,0.0038701,0.0222379,0.0250112
201,0.999826,43.0015897751,0.00257568,0.0206429,0.0248385
202,0.99983,42.0025777817,0.003124,0.0177352,0.024667
203,0.99985,36.9928264618,0.00251006,0.0211351,0.0244966
204,0.999834,41.0035657883,0.00285185,0.0187744,0.0243275
205,0.99985,36.9928264618,0.0022396,0.0201769,0.0241595
206,0.999793,50.9936857224,0.00341272,0.0237902,0.0239927
207,0.999785,53.006401062,0.00404844,0.0225568,0.023827
208,0.999846,38.006529808,0.00231842,0.020146,0.0236624
209,0.999842,39.0055418015,0.00344458,0.0197069,0.023499
210,0.99985,36.9928264618,0.00229422,0.0169673,0.0233368
211,0.99985,36.9928264618,0.00266868,0.0200521,0.0231756
212,0.999866,32.9967784882,0.0023349,0.0163475,0.0230156
213,0.999805,47.9966497421,0.00257904,0.0209753,0.0228567
214,0.999903,24.0056705475,0.00153025,0.0156682,0.0226988
215,0.999886,28.0017185211,0.00137712,0.0145739,0.0225421
216,0.999846,38.006529808,0.00261298,0.0197641,0.0223864
217,0.999809,46.9976377487,0.00289375,0.0225942,0.0222319
218,0.99987,31.9977664948,0.00147272,0.0141834,0.0220783
219,0.999886,28.0017185211,0.001179,0.0135942,0.0219259
220,0.999874,30.9987545013,0.00171877,0.0174633,0.0217745
221,0.999907,23.0066585541,0.00155297,0.0140259,0.0216241
222,0.999907,23.0066585541,0.00131924,0.0154265,0.0214748
223,0.999878,29.9997425079,0.00168565,0.0144817,0.0213265
224,0.999899,25.0046825409,0.00114481,0.0135716,0.0211792
225,0.999899,25.0046825409,0.00156535,0.0161723,0.021033
226,0.999919,19.994931221,0.00127104,0.0126562,0.0208878
227,0.999899,25.0046825409,0.00122825,0.0162395,0.0207435
228,0.999907,23.0066585541,0.0014359,0.0130824,0.0206003
229,0.999903,24.0056705475,0.00105515,0.0151201,0.020458
230,0.999858,34.994802475,0.00196303,0.0174017,0.0203168
231,0.999862,33.9957904816,0.00178956,0.0170541,0.0201765
232,0.999846,38.006529808,0.00209315,0.0222211,0.0200371
233,0.999927,17.9969072342,0.000952458,0.0135289,0.0198988
234,0.99989,27.0027065277,0.00111325,0.0146167,0.0197614
235,0.999907,23.0066585541,0.000926776,0.0151628,0.0196249
236,0.999907,23.0066585541,0.000957572,0.0136052,0.0194894
237,0.999959,10.0048112869,0.000273698,0.00824236,0.0193548
238,0.999923,18.9959192276,0.000979522,0.0146131,0.0192212
239,0.999931,16.9978952408,0.000825533,0.0119024,0.0190884
240,0.999923,18.9959192276,0.000983224,0.0147628,0.0189566
241,0.999907,23.0066585541,0.000601637,0.0128306,0.0188257
242,0.999959,10.0048112869,0.000615417,0.00970462,0.0186957
243,0.999951,12.0028352737,0.000416024,0.00977014,0.0185666
244,0.999963,9.00579929352,0.000234091,0.00752759,0.0184384
245,0.999939,14.999871254,0.000315862,0.0107164,0.0183111
246,0.999943,14.0008592606,0.000366667,0.0109214,0.0181847
247,0.999947,13.0018472672,0.000490967,0.0108665,0.0180591
248,0.999935,15.9988832474,0.000403372,0.0100426,0.0179344
249,0.999959,10.0048112869,0.000256001,0.00727933,0.0178106
250,0.999955,11.0038232803,0.000422994,0.0091375,0.0176876
251,0.999951,12.0028352737,0.000589762,0.0109731,0.0175654
252,0.999959,10.0048112869,0.000200614,0.00980144,0.0174441
253,0.999968,8.00678730011,0.000167613,0.00570349,0.0173237
254,0.999955,11.0038232803,0.00038293,0.00969282,0.0172041
255,0.999947,13.0018472672,0.000421756,0.010866,0.0170853
256,0.999939,14.999871254,0.000708817,0.00987102,0.0169673
257,0.999976,5.99407196045,0.000176054,0.00522225,0.0168501
258,0.999959,10.0048112869,0.000354855,0.00755112,0.0167338
259,0.999968,8.00678730011,0.000176742,0.0056345,0.0166182
260,0.999972,6.99308395386,0.000163035,0.00614972,0.0165035
261,0.999988,2.99703598022,8.39511e-05,0.00358648,0.0163895
262,0.999988,2.99703598022,0.000200441,0.00421823,0.0162763
263,0.999988,2.99703598022,0.000209106,0.00520632,0.0161639
264,0.999984,3.99604797363,0.000164789,0.0050052,0.0160523
265,0.99998,4.99505996704,0.000205055,0.00533126,0.0159415
266,0.999996,0.999011993408,0.000136785,0.00277429,0.0158314
267,0.999996,0.999011993408,0.00011352,0.0027743,0.0157221
268,0.999996,0.999011993408,0.000130399,0.0027743,0.0156135
269,0.999996,0.999011993408,0.000107514,0.0027743,0.0155057
270,0.999996,0.999011993408,0.000124123,0.0027743,0.0153986
271,0.999996,0.999011993408,0.000101571,0.0027743,0.0152923
272,0.999996,0.999011993408,0.000117926,0.0027743,0.0151867
273,0.999996,0.999011993408,0.000134234,0.0027743,0.0150818
274,1.0,0.0,0.0,0.0,0.0149777
1.0,0.0,922.2473497390747,1.01111,0.00843431125684,0.000666554653888
