72,80,0.2,2,1000, .1 
0,0.504816,122052.997456,1.76127e+06,297.806,0.0999993
1,0.929414,17397.9995441,2127.61,7.1632,0.0984033
2,0.996328,905.002026558,4.53007,0.383864,0.0968328
3,0.999059,232.005844116,0.228228,0.107913,0.0952873
4,0.998961,255.996823311,0.241991,0.1178,0.0937664
5,0.999071,228.994116783,0.196929,0.100768,0.0922699
6,0.999107,220.003008842,0.16647,0.0914843,0.0907972
7,0.999051,234.003868103,0.204169,0.106995,0.0893481
8,0.99899,249.003739357,0.206587,0.106553,0.087922
9,0.999034,237.999916077,0.175673,0.10717,0.0865188
10,0.998978,252.000775337,0.214034,0.108796,0.0851379
11,0.999152,208.999185562,0.160072,0.0977123,0.0837791
12,0.999071,228.994116783,0.171103,0.105287,0.0824419
13,0.998969,253.998799324,0.211213,0.112128,0.0811261
14,0.999201,196.996350288,0.156581,0.0918656,0.0798313
15,0.999205,195.997338295,0.127546,0.0937599,0.0785571
16,0.999189,199.993386269,0.12989,0.0902752,0.0773033
17,0.999176,203.005113602,0.150821,0.0902032,0.0760695
18,0.999322,166.99660778,0.101057,0.068446,0.0748554
19,0.999201,196.996350288,0.107159,0.0837282,0.0736607
20,0.999245,186.007218361,0.122955,0.0864802,0.0724851
21,0.999217,193.000302315,0.121201,0.089276,0.0713282
22,0.999213,193.999314308,0.124585,0.0929189,0.0701898
23,0.999363,157.006487846,0.0913708,0.0756591,0.0690695
24,0.999335,163.9995718,0.0838675,0.0784412,0.0679671
25,0.999282,177.001419067,0.106511,0.0845329,0.0668823
26,0.999258,182.995491028,0.107633,0.0898363,0.0658149
27,0.999245,186.007218361,0.109991,0.0901498,0.0647644
28,0.999404,147.001676559,0.0753188,0.0737284,0.0637308
29,0.999371,154.993772507,0.092764,0.0721049,0.0627136
30,0.999371,154.993772507,0.0852549,0.0815597,0.0617127
31,0.999428,140.992913246,0.0712226,0.0718094,0.0607277
32,0.999444,136.996865273,0.068523,0.0709443,0.0597585
33,0.999509,120.997982025,0.0545883,0.0642454,0.0588047
34,0.999493,124.994029999,0.0577364,0.0626369,0.0578661
35,0.999448,135.997853279,0.0616032,0.0678873,0.0569426
36,0.999452,134.998841286,0.0726927,0.0696339,0.0560337
37,0.999501,122.996006012,0.0592851,0.061471,0.0551394
38,0.999525,117.001934052,0.0518402,0.0567155,0.0542594
39,0.999546,112.006874084,0.0518077,0.0578147,0.0533934
40,0.999566,106.997122765,0.0473621,0.0577018,0.0525412
41,0.999525,117.001934052,0.0512059,0.0597836,0.0517026
42,0.999489,125.993041992,0.0428899,0.0642894,0.0508774
43,0.999574,104.999098778,0.0480943,0.0559058,0.0500654
44,0.999497,123.995018005,0.0525478,0.0606168,0.0492663
45,0.99955,110.993170738,0.0436734,0.0587944,0.04848
46,0.999517,118.999958038,0.0405758,0.0554798,0.0477063
47,0.999582,103.001074791,0.0332187,0.0491306,0.0469448
48,0.999505,121.996994019,0.0483728,0.0566087,0.0461956
49,0.999566,106.997122765,0.0335979,0.0497015,0.0454583
50,0.999651,86.0031795502,0.0277276,0.0460672,0.0447327
51,0.999631,90.9982395172,0.0315374,0.0470741,0.0440188
52,0.999635,89.9992275238,0.0227309,0.0481771,0.0433162
53,0.999619,93.9952754974,0.0253808,0.0474176,0.0426249
54,0.99959,101.003050804,0.035231,0.0519825,0.0419446
55,0.999655,85.0041675568,0.0226872,0.0441736,0.0412751
56,0.999615,94.9942874908,0.0271036,0.0503546,0.0406164
57,0.9997,74.0003442764,0.0207579,0.0386033,0.0399681
58,0.999651,86.0031795502,0.0241593,0.0459551,0.0393302
59,0.999667,82.0071315765,0.0189819,0.0403824,0.0387025
60,0.999688,76.9973802567,0.0221282,0.0429546,0.0380848
61,0.999635,89.9992275238,0.026109,0.048029,0.0374769
62,0.999708,72.0023202896,0.024371,0.0428519,0.0368788
63,0.999712,71.0033082962,0.0197321,0.0375596,0.0362902
64,0.999692,75.9983682632,0.0200267,0.0388704,0.035711
65,0.999696,74.9993562698,0.0201181,0.042818,0.035141
66,0.999728,67.0072603226,0.0188304,0.0383525,0.0345801
67,0.99972,69.0052843094,0.0185628,0.043117,0.0340282
68,0.999728,67.0072603226,0.013211,0.0343628,0.0334851
69,0.999732,65.9935569763,0.0184372,0.0371804,0.0329507
70,0.999789,51.9926977158,0.0104565,0.0281412,0.0324248
71,0.999757,59.9994850159,0.0119999,0.0362561,0.0319073
72,0.999712,71.0033082962,0.0152134,0.0406647,0.031398
73,0.999716,70.0042963028,0.013981,0.0367332,0.0308969
74,0.999736,64.9945449829,0.0146739,0.0343699,0.0304038
75,0.999773,56.0034370422,0.00876855,0.0328267,0.0299185
76,0.999797,49.9946737289,0.0112929,0.0299064,0.029441
77,0.999809,46.9976377487,0.00974993,0.0323145,0.0289711
78,0.999813,45.9986257553,0.00658398,0.0274289,0.0285087
79,0.999769,57.0024490356,0.00889277,0.0302676,0.0280537
80,0.999793,50.9936857224,0.00805361,0.0291198,0.0276059
81,0.999813,45.9986257553,0.00656691,0.0293737,0.0271653
82,0.999866,32.9967784882,0.00584698,0.0206428,0.0267318
83,0.999813,45.9986257553,0.00651181,0.0258642,0.0263051
84,0.999838,40.0045537949,0.00564453,0.0251657,0.0258853
85,0.999907,23.0066585541,0.00223074,0.0144039,0.0254721
86,0.999874,30.9987545013,0.00429819,0.0236672,0.0250656
87,0.99985,36.9928264618,0.00604136,0.0231898,0.0246655
88,0.999878,29.9997425079,0.0033284,0.0207529,0.0242719
89,0.999862,33.9957904816,0.0045689,0.0237841,0.0238845
90,0.99987,31.9977664948,0.00527485,0.0252777,0.0235033
91,0.999882,29.0007305145,0.00358118,0.0218253,0.0231282
92,0.999878,29.9997425079,0.00362928,0.0190327,0.022759
93,0.999923,18.9959192276,0.00150024,0.015711,0.0223958
94,0.999943,14.0008592606,0.00158264,0.0149419,0.0220383
95,0.999903,24.0056705475,0.00264318,0.0208127,0.0216866
96,0.999907,23.0066585541,0.00231314,0.020012,0.0213405
97,0.999911,21.9929552078,0.00192278,0.0180283,0.0209999
98,0.999911,21.9929552078,0.00162337,0.0124896,0.0206647
99,0.999939,14.999871254,0.000941884,0.014198,0.0203349
100,0.999984,3.99604797363,5.00445e-05,0.00602388,0.0200103
101,0.999947,13.0018472672,0.00146783,0.0136202,0.0196909
102,0.999931,16.9978952408,0.00113112,0.0124093,0.0193767
103,0.999955,11.0038232803,0.000791711,0.0133415,0.0190674
104,0.999931,16.9978952408,0.00126428,0.0161794,0.0187631
105,0.999955,11.0038232803,0.000670548,0.0105083,0.0184636
106,0.99998,4.99505996704,0.000214881,0.00714111,0.0181689
107,0.999988,2.99703598022,0.000200683,0.00390226,0.017879
108,0.999972,6.99308395386,0.000290409,0.00694937,0.0175936
109,1.0,0.0,5.27941e-07,0.000663213,0.0173128
1.0,5.27941e-07,362.9898543357849,0.869873,0.0085017376164,0.000673359878302
