97,80,0.7,2,1000, .1 
0,0.516289,119225.000181,1.39012e+06,259.083,0.0999999
1,0.862553,33877.9952145,2158.55,6.29401,0.0996439
2,0.983694,4018.99586678,39.3129,0.813361,0.0992893
3,0.996499,862.999448776,1.28228,0.156724,0.0989359
4,0.998426,387.998628616,0.117334,0.0689921,0.0985838
5,0.998961,255.996823311,0.0535442,0.0548952,0.0982329
6,0.999018,241.99596405,0.0554253,0.0548992,0.0978832
7,0.999063,231.006832123,0.0457671,0.0516968,0.0975348
8,0.998949,258.993859291,0.0577975,0.0588971,0.0971877
9,0.998921,266.001634598,0.0490168,0.0546223,0.0968418
10,0.999043,236.00189209,0.0508247,0.0527342,0.0964971
11,0.998949,258.993859291,0.0501968,0.058019,0.0961536
12,0.999006,244.993000031,0.0482852,0.058189,0.0958114
13,0.998803,295.002365112,0.062814,0.0650638,0.0954704
14,0.998953,257.994847298,0.0526348,0.0573245,0.0951306
15,0.998852,282.999529839,0.0564561,0.0617293,0.094792
16,0.999006,244.993000031,0.0482923,0.0548999,0.0944546
17,0.998978,252.000775337,0.0503919,0.0556714,0.0941184
18,0.999026,239.997940063,0.0483645,0.0523491,0.0937834
19,0.999026,239.997940063,0.0519445,0.0577659,0.0934496
20,0.999059,232.005844116,0.0480636,0.0559048,0.093117
21,0.998876,277.005457878,0.0513091,0.0572018,0.0927856
22,0.999002,246.006703377,0.045546,0.054946,0.0924553
23,0.999103,221.002020836,0.0411854,0.0502475,0.0921263
24,0.999034,237.999916077,0.044167,0.0544485,0.0917984
25,0.99888,276.006445885,0.0564388,0.0599077,0.0914716
26,0.998945,259.992871284,0.0583659,0.0602363,0.0911461
27,0.998982,251.001763344,0.0563243,0.0588653,0.0908217
28,0.99912,217.005972862,0.044698,0.0513182,0.0904984
29,0.999034,237.999916077,0.0480522,0.0554033,0.0901763
30,0.998949,258.993859291,0.0478644,0.0565668,0.0898553
31,0.999063,231.006832123,0.0458673,0.0540836,0.0895355
32,0.999091,223.999056816,0.0390143,0.0535026,0.0892168
33,0.999026,239.997940063,0.0457647,0.0513406,0.0888993
34,0.998933,263.004598618,0.0463197,0.0552805,0.0885829
35,0.999148,209.998197556,0.0387053,0.0491016,0.0882676
36,0.999124,216.006960869,0.0358459,0.0472308,0.0879534
37,0.998986,250.00275135,0.0510915,0.0569092,0.0876404
38,0.999136,212.995233536,0.0406847,0.0510969,0.0873284
39,0.999091,223.999056816,0.0425548,0.0511243,0.0870176
40,0.999189,199.993386269,0.0344823,0.0408565,0.0867079
41,0.999006,244.993000031,0.0461811,0.0566288,0.0863993
42,0.999067,229.993128777,0.045044,0.0518134,0.0860918
43,0.999116,218.004984856,0.0409198,0.0508398,0.0857854
44,0.999172,204.004125595,0.0465028,0.053178,0.08548
45,0.999099,222.001032829,0.0414162,0.0473448,0.0851758
46,0.999002,246.006703377,0.0476722,0.0542046,0.0848726
47,0.99912,217.005972862,0.0350028,0.0488091,0.0845705
48,0.999071,228.994116783,0.0379335,0.0501359,0.0842695
49,0.99918,202.006101608,0.039699,0.0489875,0.0839696
50,0.999107,220.003008842,0.0372204,0.0485437,0.0836707
51,0.999055,233.00485611,0.0456769,0.0553722,0.0833729
52,0.999201,196.996350288,0.030207,0.0440808,0.0830762
53,0.999209,194.998326302,0.0357917,0.0436836,0.0827805
54,0.999059,232.005844116,0.0417665,0.0514922,0.0824859
55,0.999067,229.993128777,0.0380065,0.0504098,0.0821923
56,0.999172,204.004125595,0.0338304,0.0462473,0.0818997
57,0.999099,222.001032829,0.0423674,0.0527826,0.0816082
58,0.999083,225.997080803,0.0404332,0.0523789,0.0813178
59,0.999249,184.993515015,0.0330569,0.0429383,0.0810283
60,0.999197,197.995362282,0.0295332,0.0421668,0.0807399
61,0.999201,196.996350288,0.0290454,0.0425711,0.0804526
62,0.999197,197.995362282,0.0325192,0.046499,0.0801662
63,0.999176,203.005113602,0.0301319,0.0436379,0.0798809
64,0.999156,208.000173569,0.0355566,0.0488667,0.0795966
65,0.999128,214.993257523,0.0345923,0.0512365,0.0793133
66,0.999091,223.999056816,0.0390334,0.0500298,0.079031
67,0.999249,184.993515015,0.0301993,0.043382,0.0787497
68,0.99916,207.001161575,0.0376893,0.0484936,0.0784694
69,0.999221,192.001290321,0.035896,0.0468104,0.0781901
70,0.999148,209.998197556,0.0377645,0.0524959,0.0779118
71,0.999225,191.002278328,0.0333839,0.0455063,0.0776345
72,0.999128,214.993257523,0.0326131,0.0493157,0.0773582
73,0.999286,176.002407074,0.0287573,0.0417459,0.0770828
74,0.99929,175.003395081,0.028027,0.039301,0.0768085
75,0.999221,192.001290321,0.0328514,0.0472008,0.0765351
76,0.999172,204.004125595,0.0325609,0.0485003,0.0762627
77,0.999286,176.002407074,0.0244623,0.0397894,0.0759913
78,0.99931,169.993643761,0.025,0.0419862,0.0757208
79,0.999193,198.994374275,0.0289002,0.0469148,0.0754513
80,0.999217,193.000302315,0.0335373,0.049559,0.0751827
81,0.999314,168.994631767,0.0229876,0.0407038,0.0749151
82,0.999302,172.0063591,0.0232563,0.0396953,0.0746485
83,0.99927,179.998455048,0.0236494,0.040533,0.0743828
84,0.99916,207.001161575,0.0340118,0.0491598,0.074118
85,0.999221,192.001290321,0.0350839,0.0470441,0.0738542
86,0.999286,176.002407074,0.0238658,0.0415815,0.0735914
87,0.999172,204.004125595,0.0287566,0.046431,0.0733294
88,0.999245,186.007218361,0.0242593,0.0414487,0.0730684
89,0.999306,170.992655754,0.0221774,0.0398704,0.0728084
90,0.999254,183.994503021,0.0270223,0.0442537,0.0725492
91,0.999335,163.9995718,0.0256333,0.0417935,0.072291
92,0.999164,206.002149582,0.0315299,0.044523,0.0720337
93,0.999225,191.002278328,0.0289776,0.0426577,0.0717773
94,0.999327,165.997595787,0.0238292,0.0359476,0.0715219
95,0.99927,179.998455048,0.0302911,0.0445507,0.0712673
96,0.999306,170.992655754,0.0270066,0.0435791,0.0710136
97,0.999339,163.000559807,0.0229975,0.0430357,0.0707609
98,0.999294,174.004383087,0.0232761,0.0409636,0.070509
99,0.999379,152.99574852,0.0184419,0.0350467,0.0702581
100,0.999249,184.993515015,0.025397,0.0425263,0.070008
101,0.999278,178.000431061,0.0214547,0.0397845,0.0697588
102,0.999278,178.000431061,0.0260254,0.0415411,0.0695105
103,0.999436,138.994889259,0.0232988,0.0378735,0.0692631
104,0.999351,160.003523827,0.0237941,0.0395397,0.0690166
105,0.999258,182.995491028,0.0280346,0.0440636,0.068771
106,0.999294,174.004383087,0.027719,0.0410231,0.0685262
107,0.999367,155.9927845,0.0243793,0.0400721,0.0682823
108,0.999274,178.999443054,0.0292221,0.0445714,0.0680393
109,0.999318,167.995619774,0.0299214,0.0405288,0.0677971
110,0.999432,139.993901253,0.0209894,0.0381914,0.0675558
111,0.99942,143.005628586,0.0188055,0.0358697,0.0673153
112,0.999412,145.003652573,0.0188524,0.0366687,0.0670757
113,0.999456,133.999829292,0.0175924,0.0354527,0.066837
114,0.999395,148.999700546,0.0188252,0.0361774,0.0665991
115,0.999408,146.002664566,0.023049,0.0387485,0.0663621
116,0.999359,158.00549984,0.0223676,0.0374116,0.0661259
117,0.999343,162.001547813,0.021669,0.0414741,0.0658905
118,0.999391,149.99871254,0.0237743,0.0398486,0.065656
119,0.99942,143.005628586,0.0157197,0.0358459,0.0654223
120,0.999164,206.002149582,0.0305556,0.0481593,0.0651895
121,0.999379,152.99574852,0.0217764,0.0387447,0.0649574
122,0.999355,159.004511833,0.0188637,0.0375038,0.0647262
123,0.999314,168.994631767,0.0267887,0.0415964,0.0644959
124,0.999424,142.006616592,0.0159426,0.03285,0.0642663
125,0.999485,127.006745338,0.0166656,0.0336709,0.0640376
126,0.999395,148.999700546,0.0203299,0.0390771,0.0638096
127,0.999335,163.9995718,0.0228881,0.0400716,0.0635825
128,0.999383,151.996736526,0.0181887,0.036454,0.0633562
129,0.999424,142.006616592,0.0196892,0.0369879,0.0631307
130,0.999351,160.003523827,0.021243,0.0382872,0.062906
131,0.999383,151.996736526,0.0228659,0.0359251,0.0626821
132,0.99944,137.995877266,0.020413,0.0364707,0.062459
133,0.9994,148.000688553,0.0181246,0.0380676,0.0622367
134,0.999469,131.002793312,0.0170795,0.0329719,0.0620152
135,0.999424,142.006616592,0.0176471,0.036256,0.0617945
136,0.999327,165.997595787,0.0222445,0.0383652,0.0615745
137,0.99946,133.000817299,0.0139354,0.0320158,0.0613554
138,0.99929,175.003395081,0.0241357,0.045193,0.061137
139,0.999379,152.99574852,0.0269428,0.0395193,0.0609194
140,0.999452,134.998841286,0.0125193,0.0341579,0.0607026
141,0.99942,143.005628586,0.0150005,0.0331867,0.0604865
142,0.999481,128.005757332,0.016066,0.0312339,0.0602712
143,0.999517,118.999958038,0.0167539,0.0348942,0.0600567
144,0.999452,134.998841286,0.017847,0.0325999,0.0598429
145,0.999387,150.997724533,0.0208474,0.0392669,0.0596299
146,0.999404,147.001676559,0.0167243,0.0356624,0.0594177
147,0.999432,139.993901253,0.017705,0.0357184,0.0592062
148,0.999477,129.004769325,0.0167815,0.0320648,0.0589955
149,0.999456,133.999829292,0.0139437,0.0318257,0.0587855
150,0.999537,114.004898071,0.0131673,0.0302222,0.0585763
151,0.999505,121.996994019,0.0137736,0.031114,0.0583678
152,0.999525,117.001934052,0.0134474,0.0316652,0.0581601
153,0.999493,124.994029999,0.0116634,0.0306268,0.057953
154,0.999444,136.996865273,0.0167108,0.0323386,0.0577468
155,0.999525,117.001934052,0.013217,0.0328993,0.0575412
156,0.999513,119.998970032,0.0151707,0.0318053,0.0573364
157,0.99944,137.995877266,0.0166504,0.0355934,0.0571324
158,0.999473,130.003781319,0.0140677,0.0326885,0.056929
159,0.999432,139.993901253,0.0173191,0.0315616,0.0567264
160,0.999542,113.005886078,0.0130978,0.0292536,0.0565245
161,0.999554,109.994158745,0.011832,0.0274505,0.0563233
162,0.999493,124.994029999,0.0140498,0.0292165,0.0561228
163,0.999501,122.996006012,0.0132551,0.0314552,0.0559231
164,0.999473,130.003781319,0.0172812,0.0338152,0.055724
165,0.99957,105.998110771,0.0108689,0.0270631,0.0555257
166,0.999485,127.006745338,0.0137425,0.0304256,0.0553281
167,0.999529,116.002922058,0.0134718,0.0318325,0.0551311
168,0.99955,110.993170738,0.0120449,0.029018,0.0549349
169,0.99942,143.005628586,0.0189809,0.0366626,0.0547394
170,0.999456,133.999829292,0.013846,0.0347152,0.0545446
171,0.999481,128.005757332,0.0136765,0.0309523,0.0543504
172,0.99946,133.000817299,0.0161408,0.0351692,0.054157
173,0.999533,115.003910065,0.0115297,0.032087,0.0539642
174,0.999383,151.996736526,0.0166414,0.0371943,0.0537722
175,0.999456,133.999829292,0.015257,0.0347576,0.0535808
176,0.999562,107.996134758,0.0119454,0.0277689,0.0533901
177,0.999509,120.997982025,0.0148614,0.0323569,0.0532
178,0.999586,102.002062798,0.0112179,0.0274994,0.0530107
179,0.999594,100.004038811,0.00892126,0.0248736,0.052822
180,0.999606,97.0070028305,0.011547,0.0266224,0.052634
181,0.999525,117.001934052,0.0109581,0.0297058,0.0524467
182,0.999537,114.004898071,0.0121814,0.0301986,0.05226
183,0.999558,108.995146751,0.0111982,0.0286638,0.052074
184,0.999615,94.9942874908,0.0102604,0.0261364,0.0518886
185,0.999481,128.005757332,0.0139763,0.0324769,0.051704
186,0.999485,127.006745338,0.0131183,0.0298383,0.0515199
187,0.999489,125.993041992,0.0140771,0.0330568,0.0513366
188,0.999481,128.005757332,0.0143065,0.031513,0.0511538
189,0.999546,112.006874084,0.0117472,0.0285203,0.0509718
190,0.999558,108.995146751,0.0103423,0.0288652,0.0507903
191,0.99957,105.998110771,0.00952581,0.0284592,0.0506096
192,0.999469,131.002793312,0.0133081,0.0307776,0.0504294
193,0.999574,104.999098778,0.0115298,0.0307394,0.0502499
194,0.999521,118.000946045,0.0134265,0.031452,0.0500711
195,0.999615,94.9942874908,0.00730815,0.0267978,0.0498929
196,0.999566,106.997122765,0.0103249,0.0275808,0.0497153
197,0.999655,85.0041675568,0.00761094,0.0260542,0.0495384
198,0.999667,82.0071315765,0.00652753,0.0205777,0.049362
199,0.999562,107.996134758,0.011466,0.0282176,0.0491863
200,0.999529,116.002922058,0.012209,0.0304765,0.0490113
201,0.999562,107.996134758,0.01102,0.0295367,0.0488368
202,0.999619,93.9952754974,0.00836371,0.0277994,0.048663
203,0.999594,100.004038811,0.0108095,0.0275624,0.0484898
204,0.999615,94.9942874908,0.00909347,0.0250614,0.0483172
205,0.999578,104.000086784,0.0080362,0.0250123,0.0481452
206,0.999574,104.999098778,0.0114436,0.0308542,0.0479739
207,0.999619,93.9952754974,0.00909871,0.0236684,0.0478031
208,0.999513,119.998970032,0.0111258,0.0295401,0.047633
209,0.999533,115.003910065,0.0106318,0.0311884,0.0474635
210,0.999537,114.004898071,0.0105063,0.0291699,0.0472945
211,0.999655,85.0041675568,0.00831829,0.0248826,0.0471262
212,0.999606,97.0070028305,0.00892088,0.0254135,0.0469585
213,0.99959,101.003050804,0.00912955,0.0284546,0.0467913
214,0.999615,94.9942874908,0.00931062,0.0260834,0.0466248
215,0.999558,108.995146751,0.00842987,0.0268573,0.0464588
216,0.999728,67.0072603226,0.00473295,0.0183288,0.0462935
217,0.999631,90.9982395172,0.00714976,0.0236687,0.0461287
218,0.999643,88.001203537,0.00759177,0.0252689,0.0459645
219,0.999635,89.9992275238,0.00816594,0.0266966,0.0458009
220,0.999598,99.0050268173,0.00982132,0.0292368,0.0456379
221,0.999578,104.000086784,0.00872202,0.0284091,0.0454755
222,0.999635,89.9992275238,0.00831685,0.0259457,0.0453136
223,0.99959,101.003050804,0.010459,0.0278767,0.0451523
224,0.999546,112.006874084,0.0114638,0.0285141,0.0449916
225,0.999732,65.9935569763,0.00598664,0.0230778,0.0448315
226,0.999602,98.0060148239,0.00919953,0.0286715,0.0446719
227,0.999631,90.9982395172,0.00934897,0.0301775,0.0445129
228,0.999631,90.9982395172,0.0077121,0.026646,0.0443545
229,0.999663,83.0061435699,0.00773124,0.0249824,0.0441966
230,0.999684,77.9963922501,0.00540423,0.021401,0.0440393
231,0.9997,74.0003442764,0.00723246,0.0224806,0.0438826
232,0.999631,90.9982395172,0.00801248,0.0264249,0.0437264
233,0.999611,95.9932994843,0.00757475,0.0242484,0.0435707
234,0.999647,87.0021915436,0.00652256,0.0242955,0.0434157
235,0.999623,92.996263504,0.00832302,0.0276261,0.0432611
236,0.999611,95.9932994843,0.00823115,0.0264656,0.0431072
237,0.999659,84.0051555634,0.00800494,0.0248963,0.0429537
238,0.999675,79.9944162369,0.00644166,0.0229049,0.0428008
239,0.999574,104.999098778,0.0103086,0.0288868,0.0426485
240,0.999611,95.9932994843,0.00853086,0.0256929,0.0424967
241,0.99968,78.9954042435,0.00869044,0.023947,0.0423455
242,0.999574,104.999098778,0.00699872,0.0276964,0.0421947
243,0.999643,88.001203537,0.00688877,0.0224375,0.0420446
244,0.999675,79.9944162369,0.00622698,0.0217193,0.0418949
245,0.999659,84.0051555634,0.00599517,0.0228745,0.0417458
246,0.999684,77.9963922501,0.00639268,0.0242933,0.0415972
247,0.999692,75.9983682632,0.00626243,0.0217477,0.0414492
248,0.999635,89.9992275238,0.00694037,0.0253301,0.0413016
249,0.9997,74.0003442764,0.00575517,0.0229716,0.0411546
250,0.999684,77.9963922501,0.00608162,0.0225357,0.0410081
251,0.999688,76.9973802567,0.00554519,0.0228459,0.0408622
252,0.999704,73.001332283,0.00506451,0.0229043,0.0407167
253,0.999773,56.0034370422,0.00482686,0.0161742,0.0405718
254,0.999712,71.0033082962,0.00439512,0.0181374,0.0404274
255,0.999744,62.9965209961,0.00357783,0.0184874,0.0402835
256,0.999659,84.0051555634,0.00600901,0.0237411,0.0401402
257,0.99972,69.0052843094,0.00680567,0.0202208,0.0399973
258,0.999692,75.9983682632,0.00603649,0.021153,0.0398549
259,0.999708,72.0023202896,0.00506273,0.0216721,0.0397131
260,0.99974,63.9955329895,0.00510833,0.0205183,0.0395717
261,0.999675,79.9944162369,0.00602464,0.0248152,0.0394309
262,0.999675,79.9944162369,0.00766558,0.0242752,0.0392905
263,0.999716,70.0042963028,0.00554006,0.0225811,0.0391507
264,0.999712,71.0033082962,0.00640983,0.0213989,0.0390113
265,0.999667,82.0071315765,0.00762059,0.0254611,0.0388725
266,0.999692,75.9983682632,0.00585192,0.019971,0.0387341
267,0.999765,58.0014610291,0.00380198,0.0192484,0.0385963
268,0.999736,64.9945449829,0.00474827,0.019624,0.0384589
269,0.999712,71.0033082962,0.00504585,0.0198562,0.038322
270,0.999708,72.0023202896,0.0049596,0.0213107,0.0381856
271,0.99974,63.9955329895,0.00421538,0.0185775,0.0380497
272,0.999744,62.9965209961,0.00506456,0.0214573,0.0379143
273,0.999765,58.0014610291,0.00387907,0.0174552,0.0377793
274,0.999744,62.9965209961,0.00537652,0.0198086,0.0376449
275,0.99968,78.9954042435,0.00588392,0.0219299,0.0375109
276,0.999736,64.9945449829,0.0066074,0.0231203,0.0373774
277,0.999631,90.9982395172,0.00543147,0.0246241,0.0372443
278,0.999801,48.9956617355,0.00315612,0.0154751,0.0371118
279,0.99972,69.0052843094,0.00443024,0.0211096,0.0369797
280,0.999688,76.9973802567,0.00581329,0.0235836,0.0368481
281,0.999753,60.9984970093,0.00394866,0.0196878,0.0367169
282,0.999716,70.0042963028,0.00428978,0.0202037,0.0365862
283,0.999781,54.0054130554,0.00366931,0.0177635,0.036456
284,0.999773,56.0034370422,0.00320404,0.01664,0.0363263
285,0.99972,69.0052843094,0.00470498,0.0227592,0.036197
286,0.999765,58.0014610291,0.00411402,0.0185902,0.0360681
287,0.999732,65.9935569763,0.0040334,0.0177623,0.0359397
288,0.999708,72.0023202896,0.00426773,0.022419,0.0358118
289,0.999757,59.9994850159,0.00477179,0.0212772,0.0356844
290,0.999704,73.001332283,0.0051768,0.02226,0.0355574
291,0.999773,56.0034370422,0.00402502,0.0218945,0.0354308
292,0.999785,53.006401062,0.0045117,0.0206556,0.0353047
293,0.999716,70.0042963028,0.00545427,0.0226273,0.035179
294,0.99974,63.9955329895,0.00531036,0.0231156,0.0350538
295,0.999753,60.9984970093,0.00372948,0.0205041,0.0349291
296,0.999744,62.9965209961,0.00355068,0.019055,0.0348047
297,0.999732,65.9935569763,0.005077,0.0231577,0.0346809
298,0.999757,59.9994850159,0.00362979,0.01863,0.0345574
299,0.999801,48.9956617355,0.0033082,0.0157075,0.0344344
300,0.999744,62.9965209961,0.00430286,0.0199938,0.0343119
301,0.999793,50.9936857224,0.00391439,0.019044,0.0341897
302,0.999753,60.9984970093,0.00380121,0.0205759,0.034068
303,0.999769,57.0024490356,0.00367968,0.0184964,0.0339468
304,0.999793,50.9936857224,0.00256072,0.0168144,0.033826
305,0.999813,45.9986257553,0.00302791,0.0169858,0.0337056
306,0.99974,63.9955329895,0.00279411,0.0190057,0.0335856
307,0.999805,47.9966497421,0.00270626,0.0164603,0.0334661
308,0.999761,59.0004730225,0.00406394,0.0192822,0.033347
309,0.999769,57.0024490356,0.00306717,0.018152,0.0332283
310,0.999744,62.9965209961,0.00284735,0.0185513,0.03311
311,0.999809,46.9976377487,0.00329896,0.0180506,0.0329922
312,0.999736,64.9945449829,0.00439405,0.0202013,0.0328747
313,0.999773,56.0034370422,0.00285399,0.0168745,0.0327577
314,0.99983,42.0025777817,0.00227677,0.0142518,0.0326411
315,0.999817,44.9996137619,0.0024626,0.0144465,0.0325249
316,0.999753,60.9984970093,0.00359795,0.0191992,0.0324092
317,0.999809,46.9976377487,0.00281833,0.0171968,0.0322938
318,0.999801,48.9956617355,0.00342794,0.0176326,0.0321789
319,0.999834,41.0035657883,0.00241849,0.0153953,0.0320644
320,0.999797,49.9946737289,0.00320556,0.0187954,0.0319502
321,0.999801,48.9956617355,0.00327502,0.0169254,0.0318365
322,0.999842,39.0055418015,0.00214142,0.0162214,0.0317232
323,0.999826,43.0015897751,0.00281431,0.0169359,0.0316103
324,0.999838,40.0045537949,0.00273737,0.0173464,0.0314978
325,0.999834,41.0035657883,0.00262443,0.0151468,0.0313857
326,0.99983,42.0025777817,0.00210238,0.0149382,0.031274
327,0.999834,41.0035657883,0.00223337,0.0152428,0.0311626
328,0.99983,42.0025777817,0.00239028,0.0155227,0.0310517
329,0.999838,40.0045537949,0.00127322,0.0127872,0.0309412
330,0.999842,39.0055418015,0.00178473,0.0149738,0.0308311
331,0.999797,49.9946737289,0.00240452,0.0168007,0.0307213
332,0.999813,45.9986257553,0.00268355,0.0159662,0.030612
333,0.999834,41.0035657883,0.00162958,0.0140598,0.030503
334,0.99987,31.9977664948,0.00101746,0.01211,0.0303945
335,0.999838,40.0045537949,0.00201767,0.0141588,0.0302863
336,0.999797,49.9946737289,0.00327287,0.0169545,0.0301785
337,0.999826,43.0015897751,0.00220738,0.0157981,0.0300711
338,0.999789,51.9926977158,0.00334921,0.0198994,0.0299641
339,0.999842,39.0055418015,0.00225809,0.0141021,0.0298574
340,0.999826,43.0015897751,0.00287005,0.0183036,0.0297511
341,0.999797,49.9946737289,0.00227997,0.0176996,0.0296453
342,0.999805,47.9966497421,0.00274313,0.016072,0.0295397
343,0.999781,54.0054130554,0.00286735,0.0175065,0.0294346
344,0.999854,35.9938144684,0.00173021,0.0137819,0.0293298
345,0.999821,44.0006017685,0.00233511,0.0142331,0.0292254
346,0.999821,44.0006017685,0.00207528,0.0139265,0.0291214
347,0.99983,42.0025777817,0.00217035,0.0157897,0.0290178
348,0.999886,28.0017185211,0.00172471,0.0113111,0.0289145
349,0.99989,27.0027065277,0.00153205,0.0105254,0.0288116
350,0.999797,49.9946737289,0.00274502,0.0188871,0.028709
351,0.999809,46.9976377487,0.00197456,0.0144456,0.0286068
352,0.999826,43.0015897751,0.00236759,0.0152394,0.028505
353,0.999813,45.9986257553,0.00250116,0.0169966,0.0284036
354,0.99983,42.0025777817,0.00244035,0.0171779,0.0283025
355,0.999854,35.9938144684,0.0022656,0.0144688,0.0282017
356,0.999882,29.0007305145,0.00110478,0.0104657,0.0281014
357,0.999858,34.994802475,0.00158415,0.0129605,0.0280013
358,0.99987,31.9977664948,0.0014539,0.0109023,0.0279017
359,0.99985,36.9928264618,0.0015158,0.0145804,0.0278024
360,0.999866,32.9967784882,0.0018441,0.0146332,0.0277034
361,0.999834,41.0035657883,0.00179512,0.0139306,0.0276048
362,0.999874,30.9987545013,0.00166217,0.0129101,0.0275066
363,0.999878,29.9997425079,0.00183603,0.0121504,0.0274087
364,0.999874,30.9987545013,0.00143871,0.0115109,0.0273111
365,0.999838,40.0045537949,0.00213933,0.0142527,0.0272139
366,0.999826,43.0015897751,0.00174652,0.014117,0.027117
367,0.999826,43.0015897751,0.0017534,0.0131529,0.0270205
368,0.999903,24.0056705475,0.00105168,0.0090681,0.0269243
369,0.99989,27.0027065277,0.00131911,0.0126791,0.0268285
370,0.99987,31.9977664948,0.00180184,0.0144279,0.026733
371,0.999874,30.9987545013,0.00137997,0.0112715,0.0266379
372,0.999854,35.9938144684,0.00149983,0.0126267,0.0265431
373,0.99987,31.9977664948,0.0016651,0.0136582,0.0264486
374,0.999882,29.0007305145,0.00131087,0.0115755,0.0263545
375,0.99985,36.9928264618,0.00184649,0.0126402,0.0262607
376,0.999903,24.0056705475,0.000869529,0.010537,0.0261672
377,0.999801,48.9956617355,0.00250242,0.0180576,0.026074
378,0.999919,19.994931221,0.000619304,0.00942292,0.0259812
379,0.999858,34.994802475,0.0015561,0.0133649,0.0258888
380,0.999882,29.0007305145,0.00144831,0.0101257,0.0257966
381,0.999907,23.0066585541,0.00108445,0.0112159,0.0257048
382,0.999927,17.9969072342,0.000536568,0.00979656,0.0256133
383,0.99983,42.0025777817,0.00157489,0.0173434,0.0255222
384,0.999862,33.9957904816,0.00173333,0.0125146,0.0254313
385,0.999886,28.0017185211,0.00165609,0.0130702,0.0253408
386,0.999854,35.9938144684,0.00123962,0.0140143,0.0252506
387,0.99989,27.0027065277,0.00103683,0.0120782,0.0251607
388,0.999878,29.9997425079,0.00128674,0.0120992,0.0250712
389,0.999907,23.0066585541,0.000911885,0.0101527,0.0249819
390,0.99989,27.0027065277,0.0010772,0.0124864,0.024893
391,0.999878,29.9997425079,0.00159739,0.0123669,0.0248044
392,0.999882,29.0007305145,0.00141105,0.0134883,0.0247161
393,0.999923,18.9959192276,0.000798575,0.00905356,0.0246282
394,0.999911,21.9929552078,0.00109212,0.0114046,0.0245405
395,0.99989,27.0027065277,0.00140475,0.0126177,0.0244532
396,0.999834,41.0035657883,0.0017348,0.0146799,0.0243661
397,0.99987,31.9977664948,0.0013631,0.0136078,0.0242794
398,0.999866,32.9967784882,0.00113147,0.0110865,0.024193
399,0.999886,28.0017185211,0.00126531,0.0120324,0.0241069
400,0.999899,25.0046825409,0.00132366,0.0119527,0.0240211
401,0.999907,23.0066585541,0.00101627,0.00937639,0.0239356
402,0.999923,18.9959192276,0.000569257,0.00845937,0.0238504
403,0.999923,18.9959192276,0.000725462,0.00793062,0.0237655
404,0.999919,19.994931221,0.000649163,0.00954712,0.0236809
405,0.999915,20.9939432144,0.000883071,0.0101672,0.0235966
406,0.999911,21.9929552078,0.00096146,0.00959116,0.0235126
407,0.999927,17.9969072342,0.000736792,0.00994166,0.023429
408,0.999915,20.9939432144,0.000854667,0.00953862,0.0233456
409,0.999947,13.0018472672,0.000664441,0.00727739,0.0232625
410,0.999943,14.0008592606,0.000752337,0.0078751,0.0231797
411,0.999919,19.994931221,0.00066706,0.0115479,0.0230972
412,0.999874,30.9987545013,0.0010054,0.0109716,0.023015
413,0.999931,16.9978952408,0.000564223,0.00818949,0.0229331
414,0.999947,13.0018472672,0.000555087,0.00815182,0.0228514
415,0.999947,13.0018472672,0.000453121,0.00714586,0.0227701
416,0.999915,20.9939432144,0.00120585,0.0102828,0.0226891
417,0.999951,12.0028352737,0.000549955,0.00770282,0.0226083
418,0.999903,24.0056705475,0.00086339,0.00919366,0.0225278
419,0.999907,23.0066585541,0.00088885,0.0106813,0.0224476
420,0.999919,19.994931221,0.000660441,0.00986835,0.0223677
421,0.999935,15.9988832474,0.000563524,0.00902989,0.0222881
422,0.999915,20.9939432144,0.000727197,0.0106811,0.0222088
423,0.999935,15.9988832474,0.000551168,0.00891377,0.0221298
424,0.999955,11.0038232803,0.000359735,0.00858649,0.022051
425,0.999903,24.0056705475,0.000867423,0.0112787,0.0219725
426,0.999907,23.0066585541,0.000706167,0.0109419,0.0218943
427,0.999931,16.9978952408,0.00102641,0.0104478,0.0218164
428,0.999927,17.9969072342,0.00054801,0.00809943,0.0217387
429,0.999947,13.0018472672,0.000506415,0.00795812,0.0216614
430,0.999951,12.0028352737,0.000396816,0.00608957,0.0215843
431,0.999951,12.0028352737,0.000733012,0.00946982,0.0215074
432,0.999939,14.999871254,0.000617745,0.007144,0.0214309
433,0.999943,14.0008592606,0.000590949,0.0086738,0.0213546
434,0.999955,11.0038232803,0.000452271,0.00802691,0.0212786
435,0.999939,14.999871254,0.000690685,0.00907681,0.0212029
436,0.999915,20.9939432144,0.000907722,0.00991603,0.0211274
437,0.999951,12.0028352737,0.000334382,0.00643339,0.0210522
438,0.999931,16.9978952408,0.000704474,0.0115176,0.0209773
439,0.999947,13.0018472672,0.000535267,0.00599967,0.0209026
440,0.999963,9.00579929352,0.000431974,0.00672223,0.0208282
441,0.999923,18.9959192276,0.000926075,0.00908809,0.0207541
442,0.999931,16.9978952408,0.000614495,0.0108279,0.0206802
443,0.999907,23.0066585541,0.000769165,0.00986509,0.0206066
444,0.999931,16.9978952408,0.000545054,0.00728806,0.0205333
445,0.999963,9.00579929352,0.00035203,0.00546562,0.0204602
446,0.999939,14.999871254,0.000553521,0.00636497,0.0203874
447,0.999976,5.99407196045,0.000255434,0.00582661,0.0203148
448,0.999976,5.99407196045,0.0002247,0.00387581,0.0202425
449,0.999968,8.00678730011,0.000311696,0.00676131,0.0201704
450,0.999919,19.994931221,0.000460429,0.00993987,0.0200986
451,0.999943,14.0008592606,0.000382767,0.00838439,0.0200271
452,0.999955,11.0038232803,0.00053175,0.00653347,0.0199558
453,0.999963,9.00579929352,0.000428306,0.00682157,0.0198848
454,0.999947,13.0018472672,0.000475509,0.00719243,0.019814
455,0.999955,11.0038232803,0.000226438,0.00781097,0.0197435
456,0.999972,6.99308395386,0.000351872,0.00596368,0.0196732
457,0.999963,9.00579929352,0.000187208,0.00630401,0.0196032
458,0.999951,12.0028352737,0.000581173,0.00739636,0.0195334
459,0.999951,12.0028352737,0.000544606,0.00826866,0.0194639
460,0.999955,11.0038232803,0.000354423,0.00595346,0.0193946
461,0.999972,6.99308395386,0.00033558,0.00630706,0.0193256
462,0.999972,6.99308395386,0.000400032,0.00477271,0.0192568
463,0.999963,9.00579929352,0.00051607,0.00644851,0.0191883
464,0.999996,0.999011993408,2.16882e-05,0.00124751,0.01912
465,0.999992,1.99802398682,1.86458e-05,0.00309868,0.0190519
466,0.999976,5.99407196045,0.000179511,0.00612408,0.0189841
467,0.999984,3.99604797363,0.000174175,0.00482625,0.0189166
468,0.999968,8.00678730011,0.000505003,0.00616087,0.0188492
469,0.999955,11.0038232803,0.000436168,0.00631615,0.0187821
470,0.999963,9.00579929352,0.000173993,0.00654645,0.0187153
471,0.999976,5.99407196045,0.000275197,0.00484548,0.0186487
472,0.99998,4.99505996704,0.000276049,0.00351931,0.0185823
473,0.999988,2.99703598022,0.000156165,0.00449847,0.0185162
474,0.999988,2.99703598022,0.000250623,0.00355139,0.0184503
475,0.99998,4.99505996704,0.000150486,0.0046812,0.0183846
476,0.999972,6.99308395386,0.000286865,0.00397732,0.0183192
477,0.999984,3.99604797363,8.6357e-05,0.00479089,0.0182539
478,0.999984,3.99604797363,0.00010564,0.00482227,0.018189
479,0.999992,1.99802398682,0.000153162,0.00445514,0.0181242
480,0.999988,2.99703598022,0.000222313,0.00306345,0.0180597
481,0.999988,2.99703598022,0.00011912,0.00343713,0.0179955
482,0.999992,1.99802398682,0.00015658,0.00305906,0.0179314
483,0.999984,3.99604797363,6.4702e-05,0.00386552,0.0178676
484,0.999976,5.99407196045,0.000157358,0.00389071,0.017804
485,0.999963,9.00579929352,0.0001335,0.00540062,0.0177406
486,0.999992,1.99802398682,3.28007e-05,0.0033374,0.0176775
487,0.999996,0.999011993408,0.000101028,0.00337205,0.0176146
488,0.999959,10.0048112869,0.00036905,0.00832552,0.0175519
489,0.999959,10.0048112869,0.000484541,0.00613586,0.0174894
490,0.999984,3.99604797363,6.26294e-05,0.00490379,0.0174271
491,0.999988,2.99703598022,0.000125874,0.00494249,0.0173651
492,0.999976,5.99407196045,0.000330204,0.00555657,0.0173033
493,0.999984,3.99604797363,0.000171273,0.00710965,0.0172417
494,0.999968,8.00678730011,0.000156288,0.00590477,0.0171804
495,0.999976,5.99407196045,0.000322287,0.0049457,0.0171192
496,0.999988,2.99703598022,0.000123101,0.00441212,0.0170583
497,0.999976,5.99407196045,0.000210012,0.00473691,0.0169976
498,0.999984,3.99604797363,0.000223308,0.00466044,0.0169371
499,0.99998,4.99505996704,0.000298904,0.00600633,0.0168768
500,0.999984,3.99604797363,0.000105259,0.00446301,0.0168167
501,1.0,0.0,0.0,0.0,0.0167569
1.0,0.0,1686.8699023723602,1.05786,0.011202751229,0.000977711208477
