72,80,0.7,2,1000, .1 
0,0.497988,123736.002109,1.56472e+06,285.786,0.0999999
1,0.794482,50656.0049772,1348.88,4.07305,0.0996439
2,0.971953,6913.0013895,29.7779,0.856012,0.0992893
3,0.997412,638.001379967,0.157361,0.0650875,0.0989359
4,0.998803,295.002365112,0.0178847,0.0306022,0.0985838
5,0.998823,290.007305145,0.0127418,0.0279383,0.0982329
6,0.998965,254.997811317,0.0115315,0.0266894,0.0978832
7,0.99901,243.993988037,0.00996865,0.0251162,0.0975348
8,0.998965,254.997811317,0.0128999,0.0278559,0.0971877
9,0.998909,268.998670578,0.0131022,0.0280217,0.0968418
10,0.999002,246.006703377,0.0105525,0.0246933,0.0964971
11,0.998929,264.003610611,0.0137168,0.0287105,0.0961536
12,0.999022,240.996952057,0.00956937,0.0236634,0.0958114
13,0.999111,219.003996849,0.00836807,0.0238645,0.0954704
14,0.999116,218.004984856,0.0091007,0.0237766,0.0951306
15,0.998945,259.992871284,0.013065,0.0284228,0.094792
16,0.99901,243.993988037,0.0117263,0.0266671,0.0944546
17,0.998872,278.004469872,0.013538,0.0287515,0.0941184
18,0.999136,212.995233536,0.00962712,0.0233548,0.0937834
19,0.998925,265.002622604,0.0129559,0.0273493,0.0934496
20,0.998994,248.004727364,0.011847,0.0290396,0.093117
21,0.999087,224.99806881,0.00830708,0.0221088,0.0927856
22,0.998921,266.001634598,0.0130906,0.0284282,0.0924553
23,0.999111,219.003996849,0.00914434,0.0229348,0.0921263
24,0.99903,238.99892807,0.0113068,0.0258924,0.0917984
25,0.999083,225.997080803,0.0109882,0.0254657,0.0914716
26,0.999006,244.993000031,0.0105571,0.0248588,0.0911461
27,0.998982,251.001763344,0.0125438,0.026972,0.0908217
28,0.999055,233.00485611,0.00996535,0.0244071,0.0904984
29,0.998929,264.003610611,0.0113264,0.0276788,0.0901763
30,0.998905,269.997682571,0.0135588,0.0284028,0.0898553
31,0.999103,221.002020836,0.0099025,0.0237437,0.0895355
32,0.999103,221.002020836,0.0103612,0.0242436,0.0892168
33,0.999038,237.000904083,0.0104617,0.0243827,0.0888993
34,0.998982,251.001763344,0.0109067,0.0267262,0.0885829
35,0.999087,224.99806881,0.00987754,0.0256363,0.0882676
36,0.999124,216.006960869,0.00926012,0.0231154,0.0879534
37,0.99914,211.996221542,0.00950513,0.024247,0.0876404
38,0.999051,234.003868103,0.00961764,0.0249831,0.0873284
39,0.998941,261.006574631,0.0123,0.0284684,0.0870176
40,0.998998,247.00571537,0.0118456,0.0269909,0.0867079
41,0.999059,232.005844116,0.00934856,0.0240988,0.0863993
42,0.999018,241.99596405,0.0100639,0.0260501,0.0860918
43,0.999091,223.999056816,0.00983114,0.0235335,0.0857854
44,0.999059,232.005844116,0.011134,0.0260034,0.08548
45,0.999047,235.002880096,0.0107828,0.0257122,0.0851758
46,0.999038,237.000904083,0.00949413,0.0241488,0.0848726
47,0.999164,206.002149582,0.00853717,0.0231966,0.0845705
48,0.999059,232.005844116,0.00968359,0.0261313,0.0842695
49,0.999217,193.000302315,0.00761799,0.0207725,0.0839696
50,0.999091,223.999056816,0.00984883,0.0247207,0.0836707
51,0.99916,207.001161575,0.00821357,0.022433,0.0833729
52,0.999164,206.002149582,0.00778583,0.0230745,0.0830762
53,0.999152,208.999185562,0.00817184,0.0240599,0.0827805
54,0.999156,208.000173569,0.00851696,0.0219472,0.0824859
55,0.999116,218.004984856,0.00941067,0.0248658,0.0821923
56,0.999063,231.006832123,0.0101702,0.0258219,0.0818997
57,0.999087,224.99806881,0.00909405,0.0234876,0.0816082
58,0.999136,212.995233536,0.00812083,0.0225048,0.0813178
59,0.999213,193.999314308,0.00772112,0.0216302,0.0810283
60,0.999168,205.003137589,0.00828793,0.0224869,0.0807399
61,0.999274,178.999443054,0.00751843,0.0215647,0.0804526
62,0.999225,191.002278328,0.00792583,0.0223003,0.0801662
63,0.999043,236.00189209,0.0101687,0.0260906,0.0798809
64,0.999148,209.998197556,0.00810323,0.0231332,0.0795966
65,0.999148,209.998197556,0.00899312,0.0228189,0.0793133
66,0.999233,189.004254341,0.00764191,0.0210546,0.079031
67,0.999152,208.999185562,0.00951919,0.0239637,0.0787497
68,0.999083,225.997080803,0.0102746,0.0252454,0.0784694
69,0.999087,224.99806881,0.00899355,0.0243753,0.0781901
70,0.999213,193.999314308,0.00729155,0.0226453,0.0779118
71,0.999209,194.998326302,0.00840858,0.0241943,0.0776345
72,0.999087,224.99806881,0.00939033,0.0241042,0.0773582
73,0.99929,175.003395081,0.00667208,0.0227971,0.0770828
74,0.999249,184.993515015,0.00757903,0.0215643,0.0768085
75,0.999379,152.99574852,0.00522166,0.0183408,0.0765351
76,0.999205,195.997338295,0.00784697,0.0230463,0.0762627
77,0.999302,172.0063591,0.00581168,0.0203576,0.0759913
78,0.999205,195.997338295,0.00759501,0.0229912,0.0757208
79,0.99912,217.005972862,0.00837155,0.0255571,0.0754513
80,0.999148,209.998197556,0.00882265,0.0246093,0.0751827
81,0.999225,191.002278328,0.00734158,0.0221421,0.0749151
82,0.999237,188.005242348,0.00686685,0.0213037,0.0746485
83,0.999229,190.003266335,0.00847978,0.0228975,0.0743828
84,0.999193,198.994374275,0.00745987,0.0216022,0.074118
85,0.999258,182.995491028,0.00587963,0.0194947,0.0738542
86,0.999116,218.004984856,0.00891792,0.0247354,0.0735914
87,0.999359,158.00549984,0.00543043,0.0174952,0.0733294
88,0.999266,180.997467041,0.00643016,0.0206494,0.0730684
89,0.999249,184.993515015,0.00802734,0.0226307,0.0728084
90,0.999335,163.9995718,0.00616528,0.0199264,0.0725492
91,0.999286,176.002407074,0.00570444,0.0195926,0.072291
92,0.999274,178.999443054,0.0068484,0.0204369,0.0720337
93,0.999416,144.004640579,0.00517035,0.0170854,0.0717773
94,0.999237,188.005242348,0.00677996,0.0209039,0.0715219
95,0.999298,173.005371094,0.00596942,0.0188155,0.0712673
96,0.999225,191.002278328,0.00708777,0.0230175,0.0710136
97,0.999225,191.002278328,0.00770658,0.0233317,0.0707609
98,0.999298,173.005371094,0.00736478,0.0210443,0.070509
99,0.999189,199.993386269,0.00783851,0.023188,0.0702581
100,0.999266,180.997467041,0.00655357,0.0201432,0.070008
101,0.999363,157.006487846,0.00539126,0.0186937,0.0697588
102,0.999395,148.999700546,0.00455195,0.0165408,0.0695105
103,0.99927,179.998455048,0.00641034,0.0205088,0.0692631
104,0.999347,161.00253582,0.0055199,0.0178377,0.0690166
105,0.999193,198.994374275,0.00714719,0.0226428,0.068771
106,0.999302,172.0063591,0.00541835,0.0208939,0.0685262
107,0.999448,135.997853279,0.00457515,0.0162675,0.0682823
108,0.999314,168.994631767,0.00622683,0.0201992,0.0680393
109,0.99927,179.998455048,0.00592168,0.0215257,0.0677971
110,0.999258,182.995491028,0.00600295,0.0215619,0.0675558
111,0.999347,161.00253582,0.00512781,0.0180338,0.0673153
112,0.99946,133.000817299,0.00409909,0.0162078,0.0670757
113,0.999294,174.004383087,0.00606384,0.0196398,0.066837
114,0.999404,147.001676559,0.00532406,0.0189308,0.0665991
115,0.999383,151.996736526,0.0044841,0.017306,0.0663621
116,0.999387,150.997724533,0.00552067,0.020242,0.0661259
117,0.999379,152.99574852,0.00509783,0.0195395,0.0658905
118,0.999331,164.998583794,0.00578642,0.0187505,0.065656
119,0.999383,151.996736526,0.00453658,0.0176806,0.0654223
120,0.999355,159.004511833,0.00602373,0.0189124,0.0651895
121,0.99927,179.998455048,0.00671822,0.0207593,0.0649574
122,0.999359,158.00549984,0.00561127,0.0194242,0.0647262
123,0.999473,130.003781319,0.0039623,0.0162866,0.0644959
124,0.999314,168.994631767,0.00585757,0.0197251,0.0642663
125,0.999412,145.003652573,0.00450978,0.017404,0.0640376
126,0.999335,163.9995718,0.00573666,0.0206532,0.0638096
127,0.999436,138.994889259,0.00456369,0.0165661,0.0635825
128,0.99944,137.995877266,0.00482681,0.0170739,0.0633562
129,0.999314,168.994631767,0.00560159,0.0200375,0.0631307
130,0.99944,137.995877266,0.00442094,0.0179896,0.062906
131,0.999416,144.004640579,0.00450412,0.0168502,0.0626821
132,0.999424,142.006616592,0.0050122,0.0183976,0.062459
133,0.999339,163.000559807,0.00511307,0.0180094,0.0622367
134,0.9994,148.000688553,0.00495136,0.0189903,0.0620152
135,0.999444,136.996865273,0.00477608,0.0173755,0.0617945
136,0.999343,162.001547813,0.00558263,0.0182613,0.0615745
137,0.999428,140.992913246,0.00461898,0.0176487,0.0613554
138,0.99942,143.005628586,0.00459885,0.0179226,0.061137
139,0.99942,143.005628586,0.0042228,0.0172905,0.0609194
140,0.999448,135.997853279,0.00493397,0.0170699,0.0607026
141,0.999355,159.004511833,0.00520491,0.0196044,0.0604865
142,0.999387,150.997724533,0.00507221,0.0181675,0.0602712
143,0.999383,151.996736526,0.00504024,0.0185366,0.0600567
144,0.999473,130.003781319,0.00368351,0.0160472,0.0598429
145,0.999436,138.994889259,0.00448784,0.0163506,0.0596299
146,0.999485,127.006745338,0.0040633,0.01639,0.0594177
147,0.999485,127.006745338,0.00411907,0.0173597,0.0592062
148,0.999379,152.99574852,0.00518917,0.0179462,0.0589955
149,0.999412,145.003652573,0.0048193,0.0176863,0.0587855
150,0.999469,131.002793312,0.0038124,0.0161103,0.0585763
151,0.999477,129.004769325,0.00387139,0.0157432,0.0583678
152,0.999383,151.996736526,0.00570334,0.0186192,0.0581601
153,0.999481,128.005757332,0.00464349,0.0168219,0.057953
154,0.999513,119.998970032,0.00338006,0.015521,0.0577468
155,0.999505,121.996994019,0.00324981,0.0146079,0.0575412
156,0.999469,131.002793312,0.00394433,0.0161704,0.0573364
157,0.999489,125.993041992,0.00451408,0.0167169,0.0571324
158,0.999537,114.004898071,0.00313433,0.0154052,0.056929
159,0.99944,137.995877266,0.00429489,0.0174118,0.0567264
160,0.999481,128.005757332,0.00379638,0.0151077,0.0565245
161,0.999408,146.002664566,0.0044705,0.0177802,0.0563233
162,0.999452,134.998841286,0.0039717,0.0172695,0.0561228
163,0.999586,102.002062798,0.00259498,0.0129211,0.0559231
164,0.999448,135.997853279,0.0042766,0.0169098,0.055724
165,0.999383,151.996736526,0.00362819,0.0167528,0.0555257
166,0.999493,124.994029999,0.00373917,0.0158539,0.0553281
167,0.999424,142.006616592,0.00459511,0.01775,0.0551311
168,0.99944,137.995877266,0.00388535,0.0164324,0.0549349
169,0.999493,124.994029999,0.00373073,0.016099,0.0547394
170,0.999533,115.003910065,0.00316592,0.0152552,0.0545446
171,0.999533,115.003910065,0.00376365,0.0150605,0.0543504
172,0.999537,114.004898071,0.00303154,0.0144825,0.054157
173,0.999473,130.003781319,0.00356021,0.0158341,0.0539642
174,0.999485,127.006745338,0.00329056,0.0153807,0.0537722
175,0.999525,117.001934052,0.00280067,0.0142116,0.0535808
176,0.999428,140.992913246,0.00401619,0.0177678,0.0533901
177,0.999521,118.000946045,0.00380627,0.0153174,0.0532
178,0.999509,120.997982025,0.00325843,0.0157891,0.0530107
179,0.999558,108.995146751,0.00309068,0.0140914,0.052822
180,0.999521,118.000946045,0.00312152,0.0143007,0.052634
181,0.999509,120.997982025,0.00417255,0.0165834,0.0524467
182,0.999558,108.995146751,0.00346921,0.0144346,0.05226
183,0.999537,114.004898071,0.00316301,0.0148232,0.052074
184,0.999473,130.003781319,0.00356167,0.0160302,0.0518886
185,0.99955,110.993170738,0.0031145,0.0146266,0.051704
186,0.999485,127.006745338,0.00346437,0.0161859,0.0515199
187,0.999497,123.995018005,0.00340891,0.0152736,0.0513366
188,0.999485,127.006745338,0.0036801,0.0157648,0.0511538
189,0.999521,118.000946045,0.00361975,0.0158728,0.0509718
190,0.999533,115.003910065,0.00288372,0.0153402,0.0507903
191,0.999562,107.996134758,0.00284101,0.0146266,0.0506096
192,0.999623,92.996263504,0.00215715,0.0128802,0.0504294
193,0.999586,102.002062798,0.00267889,0.0139534,0.0502499
194,0.999497,123.995018005,0.00352808,0.0155954,0.0500711
195,0.999611,95.9932994843,0.00241956,0.0127401,0.0498929
196,0.999501,122.996006012,0.00297957,0.0141203,0.0497153
197,0.999578,104.000086784,0.00261949,0.0137378,0.0495384
198,0.999424,142.006616592,0.00447173,0.0169906,0.049362
199,0.999525,117.001934052,0.00309053,0.0139709,0.0491863
200,0.999586,102.002062798,0.00271587,0.0133722,0.0490113
201,0.999635,89.9992275238,0.00231289,0.0112415,0.0488368
202,0.999606,97.0070028305,0.00238238,0.0129232,0.048663
203,0.999542,113.005886078,0.00300955,0.0142115,0.0484898
204,0.999546,112.006874084,0.00307587,0.0161768,0.0483172
205,0.999477,129.004769325,0.00338371,0.0160022,0.0481452
206,0.999542,113.005886078,0.00272382,0.0133005,0.0479739
207,0.999594,100.004038811,0.00269577,0.0122468,0.0478031
208,0.99955,110.993170738,0.00296968,0.0143744,0.047633
209,0.999513,119.998970032,0.00307392,0.0148776,0.0474635
210,0.99957,105.998110771,0.00293993,0.0133893,0.0472945
211,0.999647,87.0021915436,0.00209492,0.0107089,0.0471262
212,0.99957,105.998110771,0.00281752,0.0132749,0.0469585
213,0.999619,93.9952754974,0.00237762,0.0124589,0.0467913
214,0.999631,90.9982395172,0.00204018,0.0116675,0.0466248
215,0.999606,97.0070028305,0.00276933,0.0143829,0.0464588
216,0.999667,82.0071315765,0.0018036,0.0105832,0.0462935
217,0.999586,102.002062798,0.00263279,0.0133424,0.0461287
218,0.999619,93.9952754974,0.00238032,0.0130088,0.0459645
219,0.999643,88.001203537,0.00235864,0.0120941,0.0458009
220,0.999623,92.996263504,0.00235689,0.0125759,0.0456379
221,0.999647,87.0021915436,0.00243508,0.0128097,0.0454755
222,0.999582,103.001074791,0.00236858,0.012491,0.0453136
223,0.999696,74.9993562698,0.00169746,0.0108669,0.0451523
224,0.999631,90.9982395172,0.00215363,0.0121824,0.0449916
225,0.999663,83.0061435699,0.00188873,0.0117356,0.0448315
226,0.999643,88.001203537,0.00187739,0.0113533,0.0446719
227,0.999627,91.9972515106,0.00220173,0.0130753,0.0445129
228,0.999627,91.9972515106,0.00197837,0.0123713,0.0443545
229,0.999659,84.0051555634,0.0020326,0.0128063,0.0441966
230,0.999639,89.0002155304,0.0020276,0.0123228,0.0440393
231,0.999619,93.9952754974,0.00242569,0.0130704,0.0438826
232,0.999594,100.004038811,0.00273382,0.0134317,0.0437264
233,0.999647,87.0021915436,0.00211446,0.0114465,0.0435707
234,0.999623,92.996263504,0.00254426,0.0137181,0.0434157
235,0.999675,79.9944162369,0.00191823,0.0107865,0.0432611
236,0.999675,79.9944162369,0.00173951,0.0107816,0.0431072
237,0.9997,74.0003442764,0.00154458,0.0105373,0.0429537
238,0.999659,84.0051555634,0.00210007,0.0123682,0.0428008
239,0.999696,74.9993562698,0.00221086,0.0117704,0.0426485
240,0.999667,82.0071315765,0.00169946,0.0113156,0.0424967
241,0.999675,79.9944162369,0.00199068,0.0111246,0.0423455
242,0.999671,80.9934282303,0.00194991,0.0118879,0.0421947
243,0.999631,90.9982395172,0.00212327,0.0129452,0.0420446
244,0.999667,82.0071315765,0.00176795,0.0105745,0.0418949
245,0.999651,86.0031795502,0.0020667,0.0122672,0.0417458
246,0.999692,75.9983682632,0.00165999,0.00982641,0.0415972
247,0.999671,80.9934282303,0.00171043,0.0117595,0.0414492
248,0.999688,76.9973802567,0.00178875,0.0113113,0.0413016
249,0.999635,89.9992275238,0.00171546,0.0122027,0.0411546
250,0.9997,74.0003442764,0.00173464,0.0107374,0.0410081
251,0.999627,91.9972515106,0.00202412,0.0115635,0.0408622
252,0.999651,86.0031795502,0.00171944,0.0112038,0.0407167
253,0.999708,72.0023202896,0.00147861,0.00912534,0.0405718
254,0.99968,78.9954042435,0.00175727,0.0111364,0.0404274
255,0.999716,70.0042963028,0.00146517,0.00998536,0.0402835
256,0.999684,77.9963922501,0.00136403,0.00992894,0.0401402
257,0.999716,70.0042963028,0.00161487,0.0108665,0.0399973
258,0.999692,75.9983682632,0.001512,0.00995771,0.0398549
259,0.999675,79.9944162369,0.00153936,0.0105417,0.0397131
260,0.999692,75.9983682632,0.00154714,0.00952767,0.0395717
261,0.999647,87.0021915436,0.00197948,0.0135992,0.0394309
262,0.999716,70.0042963028,0.00130793,0.00992721,0.0392905
263,0.999785,53.006401062,0.00110298,0.00832258,0.0391507
264,0.999692,75.9983682632,0.00164947,0.0105809,0.0390113
265,0.999753,60.9984970093,0.00129831,0.00871381,0.0388725
266,0.999667,82.0071315765,0.00180603,0.0116523,0.0387341
267,0.999765,58.0014610291,0.00112466,0.00844979,0.0385963
268,0.99972,69.0052843094,0.00140484,0.00966633,0.0384589
269,0.999757,59.9994850159,0.00149121,0.00966902,0.038322
270,0.999704,73.001332283,0.00177405,0.0112008,0.0381856
271,0.999732,65.9935569763,0.00132742,0.00943085,0.0380497
272,0.999761,59.0004730225,0.00126778,0.00912304,0.0379143
273,0.999728,67.0072603226,0.00140859,0.010129,0.0377793
274,0.999761,59.0004730225,0.00127742,0.00993156,0.0376449
275,0.999736,64.9945449829,0.00136876,0.00922997,0.0375109
276,0.999704,73.001332283,0.00151668,0.011335,0.0373774
277,0.999712,71.0033082962,0.00152326,0.00950435,0.0372443
278,0.99974,63.9955329895,0.00116963,0.00901301,0.0371118
279,0.999736,64.9945449829,0.00132554,0.00956714,0.0369797
280,0.999712,71.0033082962,0.00133955,0.0110737,0.0368481
281,0.99972,69.0052843094,0.00142338,0.00963173,0.0367169
282,0.999765,58.0014610291,0.00115931,0.00964913,0.0365862
283,0.999753,60.9984970093,0.0010162,0.0089621,0.036456
284,0.999785,53.006401062,0.000942981,0.00787151,0.0363263
285,0.999765,58.0014610291,0.000907969,0.00855823,0.036197
286,0.999793,50.9936857224,0.00096672,0.00943414,0.0360681
287,0.999757,59.9994850159,0.00114066,0.00864489,0.0359397
288,0.999704,73.001332283,0.00140218,0.0095098,0.0358118
289,0.999753,60.9984970093,0.00127775,0.00912091,0.0356844
290,0.999736,64.9945449829,0.0015401,0.0108794,0.0355574
291,0.999781,54.0054130554,0.00109472,0.00773146,0.0354308
292,0.999696,74.9993562698,0.00139977,0.0101107,0.0353047
293,0.999704,73.001332283,0.00138165,0.0101971,0.035179
294,0.99974,63.9955329895,0.00135958,0.0101402,0.0350538
295,0.999736,64.9945449829,0.00124338,0.00994796,0.0349291
296,0.999708,72.0023202896,0.00140178,0.0104179,0.0348047
297,0.999777,55.0044250488,0.00108929,0.00925991,0.0346809
298,0.999744,62.9965209961,0.00118854,0.00987483,0.0345574
299,0.999724,68.006272316,0.00115884,0.00938148,0.0344344
300,0.999708,72.0023202896,0.00133735,0.00976788,0.0343119
301,0.99974,63.9955329895,0.000934807,0.00771127,0.0341897
302,0.999781,54.0054130554,0.00103444,0.00903816,0.034068
303,0.999736,64.9945449829,0.00122501,0.00859555,0.0339468
304,0.999809,46.9976377487,0.00085275,0.00791434,0.033826
305,0.999809,46.9976377487,0.000858315,0.00807324,0.0337056
306,0.999777,55.0044250488,0.000835466,0.00814364,0.0335856
307,0.999781,54.0054130554,0.000993818,0.00812375,0.0334661
308,0.999761,59.0004730225,0.000908574,0.00860423,0.033347
309,0.999777,55.0044250488,0.00106371,0.00819461,0.0332283
310,0.999765,58.0014610291,0.00116081,0.00885627,0.03311
311,0.999821,44.0006017685,0.000740801,0.00736222,0.0329922
312,0.999769,57.0024490356,0.000972777,0.00846161,0.0328747
313,0.999785,53.006401062,0.000983648,0.00834411,0.0327577
314,0.999785,53.006401062,0.000939254,0.00831695,0.0326411
315,0.999826,43.0015897751,0.000880147,0.00806598,0.0325249
316,0.99983,42.0025777817,0.000716879,0.00702592,0.0324092
317,0.999753,60.9984970093,0.00136116,0.00975056,0.0322938
318,0.999789,51.9926977158,0.000805763,0.00791692,0.0321789
319,0.999826,43.0015897751,0.000568531,0.00776386,0.0320644
320,0.999797,49.9946737289,0.000777985,0.00776013,0.0319502
321,0.999821,44.0006017685,0.000723469,0.00795375,0.0318365
322,0.999842,39.0055418015,0.000650775,0.00730468,0.0317232
323,0.999809,46.9976377487,0.000789942,0.00755758,0.0316103
324,0.999834,41.0035657883,0.0007075,0.00731303,0.0314978
325,0.999781,54.0054130554,0.000910712,0.00897468,0.0313857
326,0.999826,43.0015897751,0.000730549,0.00803761,0.031274
327,0.999773,56.0034370422,0.000962776,0.00954671,0.0311626
328,0.999834,41.0035657883,0.000587736,0.00715285,0.0310517
329,0.999866,32.9967784882,0.000580289,0.00651494,0.0309412
330,0.999805,47.9966497421,0.000833329,0.00851371,0.0308311
331,0.999789,51.9926977158,0.000805661,0.00815107,0.0307213
332,0.999773,56.0034370422,0.00106667,0.00937676,0.030612
333,0.999761,59.0004730225,0.000906232,0.00845348,0.030503
334,0.999805,47.9966497421,0.000819781,0.00818928,0.0303945
335,0.999809,46.9976377487,0.000655684,0.00736308,0.0302863
336,0.999834,41.0035657883,0.000635926,0.00781355,0.0301785
337,0.999801,48.9956617355,0.000720547,0.00778965,0.0300711
338,0.999813,45.9986257553,0.000825845,0.0084365,0.0299641
339,0.999838,40.0045537949,0.000618589,0.00810893,0.0298574
340,0.999785,53.006401062,0.000800833,0.00941289,0.0297511
341,0.999842,39.0055418015,0.00056161,0.00726944,0.0296453
342,0.999846,38.006529808,0.000668544,0.00660971,0.0295397
343,0.999813,45.9986257553,0.000771361,0.00844136,0.0294346
344,0.999789,51.9926977158,0.000822816,0.00767562,0.0293298
345,0.999785,53.006401062,0.00090521,0.00878283,0.0292254
346,0.999817,44.9996137619,0.000776599,0.0071828,0.0291214
347,0.999842,39.0055418015,0.000539462,0.00647518,0.0290178
348,0.99985,36.9928264618,0.00052154,0.00672015,0.0289145
349,0.999846,38.006529808,0.000653074,0.00717333,0.0288116
350,0.999882,29.0007305145,0.00046895,0.00543413,0.028709
351,0.999813,45.9986257553,0.000623491,0.00821141,0.0286068
352,0.999862,33.9957904816,0.000555273,0.00707165,0.028505
353,0.999846,38.006529808,0.000629998,0.00675484,0.0284036
354,0.999817,44.9996137619,0.000720487,0.00736306,0.0283025
355,0.999834,41.0035657883,0.000632287,0.0074776,0.0282017
356,0.999862,33.9957904816,0.000476089,0.00674926,0.0281014
357,0.999826,43.0015897751,0.000684119,0.00770137,0.0280013
358,0.999838,40.0045537949,0.000580628,0.00779216,0.0279017
359,0.999821,44.0006017685,0.000729698,0.00687207,0.0278024
360,0.999862,33.9957904816,0.000430345,0.0059278,0.0277034
361,0.999817,44.9996137619,0.000708728,0.00769129,0.0276048
362,0.999846,38.006529808,0.000539616,0.00754235,0.0275066
363,0.999809,46.9976377487,0.000763103,0.00778612,0.0274087
364,0.999846,38.006529808,0.000535891,0.00711332,0.0273111
365,0.999866,32.9967784882,0.000473961,0.00645978,0.0272139
366,0.999809,46.9976377487,0.000675517,0.00786003,0.027117
367,0.999899,25.0046825409,0.000360204,0.0054997,0.0270205
368,0.999874,30.9987545013,0.000574168,0.00658394,0.0269243
369,0.999826,43.0015897751,0.000559789,0.0071639,0.0268285
370,0.999866,32.9967784882,0.000442223,0.00584173,0.026733
371,0.999874,30.9987545013,0.000398166,0.0062715,0.0266379
372,0.999858,34.994802475,0.000529859,0.00664875,0.0265431
373,0.999842,39.0055418015,0.000490276,0.00726292,0.0264486
374,0.99985,36.9928264618,0.000494752,0.00640364,0.0263545
375,0.99987,31.9977664948,0.000453138,0.00667445,0.0262607
376,0.999894,26.0036945343,0.000339681,0.00638684,0.0261672
377,0.999846,38.006529808,0.000608669,0.00717516,0.026074
378,0.999846,38.006529808,0.000501603,0.00693249,0.0259812
379,0.999862,33.9957904816,0.000450085,0.00629502,0.0258888
380,0.999862,33.9957904816,0.000481387,0.0082165,0.0257966
381,0.999862,33.9957904816,0.000605468,0.00725004,0.0257048
382,0.999882,29.0007305145,0.000407094,0.00611973,0.0256133
383,0.999882,29.0007305145,0.000539697,0.00571805,0.0255222
384,0.999878,29.9997425079,0.000408889,0.00555471,0.0254313
385,0.99989,27.0027065277,0.000458758,0.00598163,0.0253408
386,0.999886,28.0017185211,0.000427427,0.00600374,0.0252506
387,0.999886,28.0017185211,0.000414556,0.00549133,0.0251607
388,0.999874,30.9987545013,0.000387603,0.00656528,0.0250712
389,0.999862,33.9957904816,0.000428852,0.00726138,0.0249819
390,0.999911,21.9929552078,0.00028367,0.00508887,0.024893
391,0.999854,35.9938144684,0.000391065,0.006751,0.0248044
392,0.999911,21.9929552078,0.000323875,0.00526981,0.0247161
393,0.999858,34.994802475,0.000554821,0.0062443,0.0246282
394,0.99989,27.0027065277,0.000321232,0.00501643,0.0245405
395,0.999874,30.9987545013,0.000349723,0.00622127,0.0244532
396,0.999894,26.0036945343,0.000289262,0.00561473,0.0243661
397,0.999882,29.0007305145,0.000329108,0.00585868,0.0242794
398,0.999882,29.0007305145,0.000293275,0.00553054,0.024193
399,0.999866,32.9967784882,0.000463428,0.00727509,0.0241069
400,0.999907,23.0066585541,0.000304291,0.0049465,0.0240211
401,0.999886,28.0017185211,0.000405622,0.00496765,0.0239356
402,0.999854,35.9938144684,0.000459217,0.00712359,0.0238504
403,0.99985,36.9928264618,0.000516197,0.00642354,0.0237655
404,0.999903,24.0056705475,0.000307703,0.0052753,0.0236809
405,0.99989,27.0027065277,0.000334544,0.0058613,0.0235966
406,0.99989,27.0027065277,0.000366836,0.00622412,0.0235126
407,0.999874,30.9987545013,0.000421897,0.00662735,0.023429
408,0.999886,28.0017185211,0.000472194,0.00746544,0.0233456
409,0.999903,24.0056705475,0.000321022,0.00606988,0.0232625
410,0.99989,27.0027065277,0.000371926,0.00572589,0.0231797
411,0.999907,23.0066585541,0.000301796,0.00539847,0.0230972
412,0.999907,23.0066585541,0.000294107,0.00533372,0.023015
413,0.999923,18.9959192276,0.000247112,0.00516292,0.0229331
414,0.999878,29.9997425079,0.000346,0.00697882,0.0228514
415,0.999899,25.0046825409,0.000307179,0.00563701,0.0227701
416,0.999854,35.9938144684,0.000463127,0.00629672,0.0226891
417,0.999923,18.9959192276,0.000287177,0.00453347,0.0226083
418,0.999899,25.0046825409,0.000351368,0.00543388,0.0225278
419,0.999899,25.0046825409,0.000228356,0.00518402,0.0224476
420,0.999886,28.0017185211,0.000326532,0.00571888,0.0223677
421,0.999886,28.0017185211,0.000362334,0.0059022,0.0222881
422,0.999907,23.0066585541,0.000264753,0.00620967,0.0222088
423,0.999911,21.9929552078,0.000258862,0.00515869,0.0221298
424,0.999911,21.9929552078,0.000303968,0.00588707,0.022051
425,0.999907,23.0066585541,0.000349994,0.00589992,0.0219725
426,0.999866,32.9967784882,0.000447648,0.00641034,0.0218943
427,0.999874,30.9987545013,0.000313719,0.00631203,0.0218164
428,0.999927,17.9969072342,0.000187609,0.00547236,0.0217387
429,0.999919,19.994931221,0.000254248,0.00550599,0.0216614
430,0.999911,21.9929552078,0.000264689,0.00603465,0.0215843
431,0.999907,23.0066585541,0.000370254,0.00537184,0.0215074
432,0.999899,25.0046825409,0.000321077,0.0059669,0.0214309
433,0.999903,24.0056705475,0.000322187,0.00630898,0.0213546
434,0.999915,20.9939432144,0.000284491,0.00506028,0.0212786
435,0.999931,16.9978952408,0.000173569,0.00471318,0.0212029
436,0.999923,18.9959192276,0.00025959,0.00489285,0.0211274
437,0.999911,21.9929552078,0.000320313,0.00625661,0.0210522
438,0.999947,13.0018472672,0.000183874,0.00407722,0.0209773
439,0.999903,24.0056705475,0.00024296,0.00533024,0.0209026
440,0.999935,15.9988832474,0.00018713,0.00451538,0.0208282
441,0.999915,20.9939432144,0.000279823,0.00453476,0.0207541
442,0.999919,19.994931221,0.000268408,0.0050414,0.0206802
443,0.999935,15.9988832474,0.000228684,0.00465023,0.0206066
444,0.999931,16.9978952408,0.000167457,0.00460861,0.0205333
445,0.999903,24.0056705475,0.000313177,0.00579646,0.0204602
446,0.999907,23.0066585541,0.000269618,0.0054941,0.0203874
447,0.999927,17.9969072342,0.000209016,0.00537699,0.0203148
448,0.999951,12.0028352737,0.000131646,0.00366979,0.0202425
449,0.999935,15.9988832474,0.000180789,0.00534323,0.0201704
450,0.999923,18.9959192276,0.000218252,0.00518643,0.0200986
451,0.999923,18.9959192276,0.000218765,0.00559442,0.0200271
452,0.999947,13.0018472672,0.000188781,0.00470385,0.0199558
453,0.999931,16.9978952408,0.000198819,0.00473653,0.0198848
454,0.999931,16.9978952408,0.00019743,0.00499417,0.019814
455,0.999963,9.00579929352,0.000138373,0.00338806,0.0197435
456,0.999955,11.0038232803,0.000139036,0.00362577,0.0196732
457,0.999927,17.9969072342,0.000288127,0.00608957,0.0196032
458,0.999935,15.9988832474,0.000240291,0.00526574,0.0195334
459,0.999943,14.0008592606,0.000188371,0.00417548,0.0194639
460,0.999939,14.999871254,0.000186159,0.00450093,0.0193946
461,0.999947,13.0018472672,0.000189311,0.00431651,0.0193256
462,0.999947,13.0018472672,0.000150989,0.00506343,0.0192568
463,0.999931,16.9978952408,0.000191253,0.00445512,0.0191883
464,0.999931,16.9978952408,0.000197692,0.00545063,0.01912
465,0.999947,13.0018472672,0.000144604,0.00435394,0.0190519
466,0.999968,8.00678730011,0.000113302,0.00443081,0.0189841
467,0.999972,6.99308395386,0.000114849,0.00404967,0.0189166
468,0.999951,12.0028352737,0.000134491,0.00403057,0.0188492
469,0.999947,13.0018472672,0.000134013,0.00411482,0.0187821
470,0.999959,10.0048112869,0.000169961,0.00515258,0.0187153
471,0.999943,14.0008592606,0.000144113,0.00478877,0.0186487
472,0.999947,13.0018472672,0.000178908,0.00467512,0.0185823
473,0.999951,12.0028352737,0.000157223,0.00494885,0.0185162
474,0.999968,8.00678730011,7.96797e-05,0.00403594,0.0184503
475,0.999927,17.9969072342,0.000187852,0.00522248,0.0183846
476,0.999947,13.0018472672,0.000114724,0.00376356,0.0183192
477,0.999955,11.0038232803,0.000133201,0.00404507,0.0182539
478,0.999955,11.0038232803,0.000120004,0.00430704,0.018189
479,0.999931,16.9978952408,0.000185348,0.00465567,0.0181242
480,0.999963,9.00579929352,0.000103298,0.0032662,0.0180597
481,0.999963,9.00579929352,0.000115341,0.0044549,0.0179955
482,0.999943,14.0008592606,0.000164876,0.00403681,0.0179314
483,0.999947,13.0018472672,0.000154054,0.00483206,0.0178676
484,0.999951,12.0028352737,0.000171549,0.00427305,0.017804
485,0.999943,14.0008592606,0.000133382,0.0043574,0.0177406
486,0.999947,13.0018472672,0.00015682,0.00478694,0.0176775
487,0.999931,16.9978952408,0.000175336,0.00389934,0.0176146
488,0.999959,10.0048112869,0.000128347,0.00411076,0.0175519
489,0.999943,14.0008592606,0.000132422,0.00382518,0.0174894
490,0.99998,4.99505996704,8.45471e-05,0.00392681,0.0174271
491,0.999984,3.99604797363,8.01636e-05,0.00347788,0.0173651
492,0.999972,6.99308395386,0.000108774,0.00399898,0.0173033
493,0.999927,17.9969072342,0.000174459,0.0041646,0.0172417
494,0.999968,8.00678730011,9.73835e-05,0.00339735,0.0171804
495,0.999968,8.00678730011,0.000119253,0.00321791,0.0171192
496,0.999955,11.0038232803,0.000135997,0.00427448,0.0170583
497,0.999968,8.00678730011,6.20429e-05,0.00242332,0.0169976
498,0.999968,8.00678730011,9.80948e-05,0.00411537,0.0169371
499,0.999968,8.00678730011,0.000101087,0.00356526,0.0168768
500,0.99998,4.99505996704,7.28923e-05,0.00372104,0.0168167
501,0.999959,10.0048112869,0.00014372,0.00397154,0.0167569
502,0.999972,6.99308395386,0.00011305,0.00398375,0.0166972
503,0.999976,5.99407196045,7.26184e-05,0.00349905,0.0166378
504,0.999947,13.0018472672,0.00014135,0.00423223,0.0165786
505,0.999968,8.00678730011,0.000119321,0.00405554,0.0165196
506,0.999959,10.0048112869,0.000133341,0.00500161,0.0164608
507,0.999968,8.00678730011,9.75487e-05,0.00354005,0.0164022
508,0.999972,6.99308395386,7.92254e-05,0.00281309,0.0163438
509,0.999972,6.99308395386,7.72866e-05,0.00343908,0.0162856
510,0.999984,3.99604797363,7.7421e-05,0.00343587,0.0162277
511,0.999988,2.99703598022,7.94739e-05,0.00374467,0.0161699
512,0.999963,9.00579929352,8.57098e-05,0.00271838,0.0161123
513,0.999972,6.99308395386,6.32163e-05,0.0035094,0.016055
514,0.99998,4.99505996704,6.00817e-05,0.0029438,0.0159979
515,0.999951,12.0028352737,0.000113601,0.00384851,0.0159409
516,0.999984,3.99604797363,5.66111e-05,0.00395509,0.0158842
517,0.999972,6.99308395386,8.47135e-05,0.00372711,0.0158276
518,0.999972,6.99308395386,0.000101359,0.00414554,0.0157713
519,0.999976,5.99407196045,7.18359e-05,0.00305754,0.0157152
520,0.999976,5.99407196045,8.76868e-05,0.00334163,0.0156592
521,0.99998,4.99505996704,6.06431e-05,0.00373128,0.0156035
522,0.999955,11.0038232803,0.000127082,0.00384479,0.015548
523,0.999968,8.00678730011,7.49741e-05,0.00353116,0.0154926
524,0.999976,5.99407196045,7.61414e-05,0.00376045,0.0154375
525,0.999984,3.99604797363,7.40952e-05,0.00328212,0.0153825
526,0.99998,4.99505996704,6.74862e-05,0.00330925,0.0153278
527,0.999988,2.99703598022,2.67614e-05,0.00250438,0.0152732
528,0.99998,4.99505996704,8.3757e-05,0.00364614,0.0152189
529,0.999976,5.99407196045,6.88124e-05,0.00339658,0.0151647
530,0.999972,6.99308395386,9.41607e-05,0.00402226,0.0151107
531,0.999984,3.99604797363,5.00108e-05,0.00289005,0.0150569
532,0.99998,4.99505996704,3.81432e-05,0.00287899,0.0150034
533,0.999988,2.99703598022,4.10664e-05,0.00239746,0.01495
534,0.999984,3.99604797363,5.30165e-05,0.00298161,0.0148967
535,0.999968,8.00678730011,0.000102822,0.00389057,0.0148437
536,0.999992,1.99802398682,4.99989e-05,0.0027489,0.0147909
537,0.999984,3.99604797363,6.27595e-05,0.00257478,0.0147382
538,0.999968,8.00678730011,7.72558e-05,0.00301184,0.0146858
539,0.999976,5.99407196045,6.7986e-05,0.00296361,0.0146335
540,1.0,0.0,3.05121e-05,0.00275349,0.0145814
1.0,3.05121e-05,2018.3418111801147,0.0441895,0.0101838903416,0.000840278086959
