92,80,0.8,2,1000, .1 
0,0.512557,120145.002079,1.66187e+06,295.255,0.0999999
1,0.865616,33123.0065918,4559.74,7.62581,0.0997771
2,0.988393,2860.99405289,38.1521,0.794642,0.0995548
3,0.996929,757.001338005,2.48069,0.19953,0.0993329
4,0.998641,335.006918907,0.387539,0.0945916,0.0991116
5,0.998694,322.00507164,0.151019,0.0855135,0.0988908
6,0.998836,286.995577812,0.101017,0.0796123,0.0986704
7,0.999103,221.002020836,0.0633528,0.0613419,0.0984505
8,0.998775,301.995449066,0.111394,0.0811294,0.0982312
9,0.998758,306.006188393,0.117798,0.084599,0.0980123
10,0.998986,250.00275135,0.0790622,0.0703319,0.0977939
11,0.998909,268.998670578,0.0877385,0.0722934,0.097576
12,0.998998,247.00571537,0.0913627,0.0688228,0.0973586
13,0.998925,265.002622604,0.0939693,0.0740917,0.0971416
14,0.999018,241.99596405,0.0761867,0.0677877,0.0969252
15,0.998978,252.000775337,0.0850688,0.0700765,0.0967092
16,0.998965,254.997811317,0.0863517,0.0719184,0.0964937
17,0.998852,282.999529839,0.109654,0.0823626,0.0962787
18,0.998969,253.998799324,0.0828597,0.0721595,0.0960642
19,0.998852,282.999529839,0.0930448,0.0713974,0.0958501
20,0.999059,232.005844116,0.0730721,0.0683112,0.0956365
21,0.998844,284.997553825,0.101201,0.0772368,0.0954235
22,0.998961,255.996823311,0.0819023,0.0699483,0.0952108
23,0.998961,255.996823311,0.0836313,0.0715054,0.0949987
24,0.99912,217.005972862,0.0628826,0.0609624,0.094787
25,0.998965,254.997811317,0.0803088,0.067631,0.0945758
26,0.99901,243.993988037,0.0731253,0.0692728,0.0943651
27,0.99899,249.003739357,0.0813672,0.0658465,0.0941548
28,0.999006,244.993000031,0.0707637,0.0717907,0.093945
29,0.998823,290.007305145,0.0981127,0.0738163,0.0937357
30,0.998965,254.997811317,0.0852266,0.070078,0.0935268
31,0.999095,223.000044823,0.059674,0.060546,0.0933184
32,0.999034,237.999916077,0.0705711,0.0683697,0.0931105
33,0.999071,228.994116783,0.0702375,0.0664635,0.092903
34,0.999095,223.000044823,0.0646527,0.0614375,0.092696
35,0.998937,262.005586624,0.0884812,0.0698152,0.0924894
36,0.999111,219.003996849,0.0653197,0.0602768,0.0922833
37,0.998974,252.999787331,0.0947963,0.0709711,0.0920777
38,0.999034,237.999916077,0.0816168,0.0675532,0.0918726
39,0.998892,272.994718552,0.0824473,0.0751579,0.0916678
40,0.999034,237.999916077,0.0820969,0.0694107,0.0914636
41,0.999095,223.000044823,0.0617172,0.0635141,0.0912598
42,0.999201,196.996350288,0.0538216,0.056587,0.0910564
43,0.999091,223.999056816,0.0723926,0.0655518,0.0908535
44,0.999148,209.998197556,0.0569482,0.0573532,0.0906511
45,0.999022,240.996952057,0.0633995,0.0682878,0.0904491
46,0.999087,224.99806881,0.0591248,0.0607395,0.0902476
47,0.999164,206.002149582,0.0545086,0.0584135,0.0900465
48,0.998957,256.995835304,0.0985065,0.0756536,0.0898458
49,0.99918,202.006101608,0.0512314,0.0546886,0.0896456
50,0.999034,237.999916077,0.0846678,0.0697812,0.0894459
51,0.998982,251.001763344,0.0742551,0.0675661,0.0892466
52,0.998961,255.996823311,0.0704962,0.0654539,0.0890477
53,0.999063,231.006832123,0.075033,0.0632704,0.0888493
54,0.999156,208.000173569,0.0560649,0.0579395,0.0886513
55,0.999107,220.003008842,0.0678752,0.0642246,0.0884538
56,0.998969,253.998799324,0.077335,0.0699819,0.0882567
57,0.998998,247.00571537,0.0716044,0.0714822,0.08806
58,0.999128,214.993257523,0.0605421,0.0606304,0.0878638
59,0.998994,248.004727364,0.0749665,0.0723789,0.087668
60,0.999067,229.993128777,0.0669597,0.0619246,0.0874727
61,0.999083,225.997080803,0.0712668,0.0628004,0.0872778
62,0.998957,256.995835304,0.0802972,0.0695502,0.0870833
63,0.999026,239.997940063,0.0784839,0.0690045,0.0868893
64,0.999083,225.997080803,0.0648794,0.0626505,0.0866957
65,0.999152,208.999185562,0.0561325,0.0583843,0.0865025
66,0.998994,248.004727364,0.076573,0.0721219,0.0863097
67,0.99899,249.003739357,0.0763124,0.0683204,0.0861174
68,0.999071,228.994116783,0.0730668,0.0625538,0.0859255
69,0.999168,205.003137589,0.0643537,0.0613091,0.0857341
70,0.999132,213.994245529,0.070651,0.0627126,0.085543
71,0.999043,236.00189209,0.0629412,0.0618983,0.0853524
72,0.999006,244.993000031,0.0706857,0.063598,0.0851622
73,0.999249,184.993515015,0.0544483,0.0526391,0.0849725
74,0.999095,223.000044823,0.0631414,0.0638433,0.0847831
75,0.999071,228.994116783,0.0749426,0.0689185,0.0845942
76,0.999075,227.99510479,0.070104,0.0663824,0.0844057
77,0.999087,224.99806881,0.0680551,0.061854,0.0842177
78,0.999026,239.997940063,0.0748343,0.0671079,0.08403
79,0.999124,216.006960869,0.0689814,0.0610235,0.0838428
80,0.99918,202.006101608,0.0557533,0.0574948,0.0836559
81,0.999116,218.004984856,0.0667404,0.0606772,0.0834695
82,0.999111,219.003996849,0.0599169,0.0627165,0.0832835
83,0.999095,223.000044823,0.0635944,0.0624387,0.083098
84,0.999022,240.996952057,0.0740706,0.0700818,0.0829128
85,0.999083,225.997080803,0.0664922,0.0631732,0.0827281
86,0.999225,191.002278328,0.0514681,0.0552472,0.0825437
87,0.999156,208.000173569,0.0638214,0.0630827,0.0823598
88,0.999164,206.002149582,0.0563573,0.0559316,0.0821763
89,0.999205,195.997338295,0.057935,0.0606326,0.0819932
90,0.999079,226.996092796,0.0602728,0.0659327,0.0818105
91,0.99916,207.001161575,0.0580143,0.0609825,0.0816282
92,0.999124,216.006960869,0.0584806,0.0626396,0.0814463
93,0.999116,218.004984856,0.0673738,0.0621181,0.0812648
94,0.999164,206.002149582,0.0510019,0.0566587,0.0810837
95,0.999294,174.004383087,0.0452571,0.0539017,0.0809031
96,0.999087,224.99806881,0.0618787,0.0596834,0.0807228
97,0.999201,196.996350288,0.0408435,0.0539406,0.0805429
98,0.999245,186.007218361,0.0440561,0.0525354,0.0803635
99,0.999193,198.994374275,0.0473294,0.054851,0.0801844
100,0.998965,254.997811317,0.0731117,0.0741462,0.0800057
101,0.999233,189.004254341,0.0511736,0.0548855,0.0798275
102,0.999144,210.997209549,0.0509252,0.0562482,0.0796496
103,0.999201,196.996350288,0.0553569,0.0617522,0.0794721
104,0.999067,229.993128777,0.068459,0.0665357,0.079295
105,0.999213,193.999314308,0.0516583,0.0586335,0.0791183
106,0.999144,210.997209549,0.0616361,0.0587182,0.078942
107,0.999168,205.003137589,0.0562866,0.0593618,0.0787661
108,0.999063,231.006832123,0.0624473,0.0663191,0.0785906
109,0.999022,240.996952057,0.0735249,0.0671627,0.0784155
110,0.999262,181.996479034,0.0387475,0.0527052,0.0782408
111,0.999111,219.003996849,0.0610108,0.0626297,0.0780664
112,0.999184,201.007089615,0.0494197,0.0578555,0.0778925
113,0.998982,251.001763344,0.0694989,0.0671689,0.0777189
114,0.999189,199.993386269,0.05587,0.0577764,0.0775458
115,0.999144,210.997209549,0.0564805,0.05827,0.077373
116,0.999306,170.992655754,0.0491741,0.0535787,0.0772006
117,0.999136,212.995233536,0.0559643,0.0614818,0.0770285
118,0.999116,218.004984856,0.0614003,0.0640731,0.0768569
119,0.999209,194.998326302,0.0506664,0.0558705,0.0766857
120,0.999209,194.998326302,0.053971,0.0561349,0.0765148
121,0.99914,211.996221542,0.0657438,0.0638941,0.0763443
122,0.999241,187.006230354,0.0513491,0.0572139,0.0761742
123,0.999193,198.994374275,0.049476,0.060451,0.0760044
124,0.999245,186.007218361,0.0423888,0.0541064,0.0758351
125,0.999213,193.999314308,0.0483002,0.0538852,0.0756661
126,0.999241,187.006230354,0.0457452,0.0546893,0.0754975
127,0.999217,193.000302315,0.0489592,0.0523862,0.0753293
128,0.999156,208.000173569,0.0499559,0.0614666,0.0751614
129,0.999107,220.003008842,0.064287,0.0614813,0.074994
130,0.999193,198.994374275,0.0496385,0.0547062,0.0748269
131,0.999189,199.993386269,0.0490564,0.0581281,0.0746601
132,0.999221,192.001290321,0.0506952,0.0549332,0.0744938
133,0.999347,161.00253582,0.040512,0.0527965,0.0743278
134,0.999168,205.003137589,0.0544993,0.0575565,0.0741622
135,0.999172,204.004125595,0.0579162,0.0603752,0.0739969
136,0.999213,193.999314308,0.0428595,0.0558424,0.073832
137,0.999221,192.001290321,0.0480732,0.0558349,0.0736675
138,0.999282,177.001419067,0.036403,0.0497506,0.0735034
139,0.999375,153.994760513,0.0286143,0.0426973,0.0733396
140,0.99916,207.001161575,0.0470783,0.0589857,0.0731762
141,0.999282,177.001419067,0.0390773,0.0495664,0.0730131
142,0.999282,177.001419067,0.0432827,0.0530852,0.0728504
143,0.999136,212.995233536,0.0592109,0.0610156,0.0726881
144,0.999318,167.995619774,0.0361347,0.0498747,0.0725261
145,0.99929,175.003395081,0.0372315,0.0480892,0.0723645
146,0.999254,183.994503021,0.0466576,0.0539097,0.0722033
147,0.999298,173.005371094,0.0429702,0.0516585,0.0720424
148,0.999302,172.0063591,0.0408718,0.0505776,0.0718819
149,0.999363,157.006487846,0.0396128,0.0526685,0.0717217
150,0.999306,170.992655754,0.0405417,0.0492319,0.0715619
151,0.99929,175.003395081,0.0350315,0.0498492,0.0714024
152,0.999184,201.007089615,0.0491152,0.0563496,0.0712433
153,0.999278,178.000431061,0.0473759,0.055575,0.0710846
154,0.999229,190.003266335,0.0447378,0.0545893,0.0709262
155,0.999387,150.997724533,0.0343571,0.0444353,0.0707682
156,0.999184,201.007089615,0.0531914,0.0586625,0.0706105
157,0.999176,203.005113602,0.0550068,0.0580009,0.0704531
158,0.999282,177.001419067,0.043446,0.0517928,0.0702961
159,0.99931,169.993643761,0.0423217,0.0488901,0.0701395
160,0.999481,128.005757332,0.0232304,0.0397014,0.0699832
161,0.999262,181.996479034,0.0449946,0.0531243,0.0698273
162,0.999351,160.003523827,0.0324097,0.0460508,0.0696717
163,0.999278,178.000431061,0.0387295,0.0525613,0.0695164
164,0.999302,172.0063591,0.0358633,0.0497582,0.0693616
165,0.999456,133.999829292,0.026414,0.0391455,0.069207
166,0.999237,188.005242348,0.0409952,0.0532349,0.0690528
167,0.999367,155.9927845,0.0386173,0.0494943,0.0688989
168,0.999229,190.003266335,0.0392377,0.0539392,0.0687454
169,0.99929,175.003395081,0.0406691,0.053748,0.0685922
170,0.999351,160.003523827,0.0381047,0.0482311,0.0684394
171,0.999481,128.005757332,0.0242834,0.0407284,0.0682869
172,0.99927,179.998455048,0.0460417,0.050795,0.0681347
173,0.999331,164.998583794,0.0370297,0.0535921,0.0679829
174,0.999363,157.006487846,0.0284743,0.0457093,0.0678314
175,0.99942,143.005628586,0.0282899,0.0450846,0.0676803
176,0.999262,181.996479034,0.0405287,0.0503187,0.0675295
177,0.999347,161.00253582,0.037886,0.0486871,0.067379
178,0.999306,170.992655754,0.0325947,0.0475111,0.0672289
179,0.999416,144.004640579,0.0343705,0.0423894,0.0670791
180,0.999355,159.004511833,0.0370916,0.0495272,0.0669296
181,0.999347,161.00253582,0.0344538,0.0523505,0.0667805
182,0.999412,145.003652573,0.0368797,0.044778,0.0666317
183,0.999331,164.998583794,0.0375899,0.0506991,0.0664832
184,0.99927,179.998455048,0.046199,0.0581866,0.0663351
185,0.999408,146.002664566,0.0314677,0.0431257,0.0661872
186,0.999282,177.001419067,0.0365359,0.0520624,0.0660398
187,0.999412,145.003652573,0.033094,0.0473668,0.0658926
188,0.999327,165.997595787,0.0321511,0.0463546,0.0657458
189,0.999379,152.99574852,0.031853,0.0489939,0.0655993
190,0.999375,153.994760513,0.0307952,0.043251,0.0654531
191,0.99942,143.005628586,0.0292361,0.0416291,0.0653073
192,0.999241,187.006230354,0.0404835,0.0534801,0.0651618
193,0.999274,178.999443054,0.0343468,0.0498713,0.0650166
194,0.99944,137.995877266,0.0274192,0.043234,0.0648717
195,0.99946,133.000817299,0.0254705,0.0371868,0.0647271
196,0.999355,159.004511833,0.0368642,0.0458994,0.0645829
197,0.999351,160.003523827,0.0308591,0.0468454,0.064439
198,0.99942,143.005628586,0.0297713,0.047096,0.0642954
199,0.999371,154.993772507,0.0317928,0.0467511,0.0641522
200,0.999542,113.005886078,0.0213657,0.0378863,0.0640092
201,0.9994,148.000688553,0.0213483,0.0397606,0.0638666
202,0.999424,142.006616592,0.0296561,0.0425167,0.0637243
203,0.999318,167.995619774,0.0404847,0.049983,0.0635823
204,0.999339,163.000559807,0.0312855,0.046608,0.0634406
205,0.99931,169.993643761,0.0355117,0.0505845,0.0632993
206,0.999351,160.003523827,0.0392995,0.0473016,0.0631582
207,0.999359,158.00549984,0.0324184,0.0469223,0.0630175
208,0.999306,170.992655754,0.0331186,0.0492782,0.0628771
209,0.999428,140.992913246,0.0305906,0.0430528,0.062737
210,0.999412,145.003652573,0.0324806,0.0451635,0.0625972
211,0.999404,147.001676559,0.0223221,0.0427913,0.0624577
212,0.9994,148.000688553,0.0315422,0.0458794,0.0623185
213,0.999452,134.998841286,0.0273224,0.0430898,0.0621797
214,0.999379,152.99574852,0.0279033,0.0470131,0.0620411
215,0.999432,139.993901253,0.0269276,0.0418994,0.0619029
216,0.999367,155.9927845,0.0294489,0.0442641,0.0617649
217,0.999493,124.994029999,0.0239336,0.0402576,0.0616273
218,0.99946,133.000817299,0.0291957,0.043106,0.06149
219,0.999367,155.9927845,0.0327253,0.0494607,0.061353
220,0.999444,136.996865273,0.0217598,0.0421418,0.0612163
221,0.999432,139.993901253,0.0271224,0.043148,0.0610799
222,0.999395,148.999700546,0.0279379,0.0432241,0.0609438
223,0.999481,128.005757332,0.0269734,0.040363,0.060808
224,0.999432,139.993901253,0.0291876,0.0425031,0.0606725
225,0.999493,124.994029999,0.0239179,0.0413417,0.0605373
226,0.99927,179.998455048,0.0364053,0.0508842,0.0604024
227,0.999404,147.001676559,0.0336957,0.0456567,0.0602678
228,0.999383,151.996736526,0.0271507,0.0434124,0.0601335
229,0.999298,173.005371094,0.0346696,0.0536558,0.0599995
230,0.999383,151.996736526,0.0262708,0.0434427,0.0598658
231,0.99946,133.000817299,0.0264219,0.03839,0.0597324
232,0.999521,118.000946045,0.0190037,0.0325425,0.0595993
233,0.999351,160.003523827,0.0329604,0.0468423,0.0594665
234,0.9994,148.000688553,0.033567,0.0446414,0.059334
235,0.999452,134.998841286,0.0255272,0.0407316,0.0592018
236,0.999489,125.993041992,0.0233998,0.0390283,0.0590699
237,0.999404,147.001676559,0.0236359,0.0426943,0.0589383
238,0.999452,134.998841286,0.0274871,0.0423402,0.058807
239,0.999477,129.004769325,0.020679,0.0381426,0.0586759
240,0.999485,127.006745338,0.0220456,0.0379366,0.0585452
241,0.999497,123.995018005,0.0237967,0.0402434,0.0584147
242,0.999477,129.004769325,0.0215753,0.0397882,0.0582846
243,0.999391,149.99871254,0.0279438,0.0436119,0.0581547
244,0.999395,148.999700546,0.0271296,0.0444599,0.0580251
245,0.999497,123.995018005,0.023808,0.0396059,0.0578958
246,0.999525,117.001934052,0.0208079,0.0380402,0.0577668
247,0.999558,108.995146751,0.0156853,0.0316202,0.0576381
248,0.999562,107.996134758,0.0200783,0.0370599,0.0575097
249,0.999444,136.996865273,0.0217374,0.0425364,0.0573815
250,0.999542,113.005886078,0.0184161,0.0345049,0.0572537
251,0.999533,115.003910065,0.0198472,0.03704,0.0571261
252,0.999525,117.001934052,0.0222175,0.0407704,0.0569988
253,0.999331,164.998583794,0.0338831,0.0475382,0.0568718
254,0.9994,148.000688553,0.0266662,0.0445633,0.0567451
255,0.999529,116.002922058,0.0217005,0.0347418,0.0566186
256,0.999497,123.995018005,0.021133,0.0427609,0.0564925
257,0.999521,118.000946045,0.0213319,0.0389816,0.0563666
258,0.999489,125.993041992,0.0181058,0.037923,0.056241
259,0.999469,131.002793312,0.0204515,0.035194,0.0561157
260,0.999497,123.995018005,0.0238318,0.0395106,0.0559906
261,0.999387,150.997724533,0.0310718,0.0483813,0.0558659
262,0.999404,147.001676559,0.0293763,0.0466127,0.0557414
263,0.999525,117.001934052,0.015608,0.0362262,0.0556172
264,0.999464,132.001805305,0.0243703,0.0440887,0.0554933
265,0.999562,107.996134758,0.0178342,0.0366367,0.0553696
266,0.999505,121.996994019,0.0227342,0.0400095,0.0552462
267,0.999529,116.002922058,0.0203574,0.0369212,0.0551231
268,0.999489,125.993041992,0.0217903,0.0389057,0.0550003
269,0.999513,119.998970032,0.0226575,0.0387725,0.0548778
270,0.999513,119.998970032,0.0240838,0.0403536,0.0547555
271,0.999586,102.002062798,0.0144631,0.0352409,0.0546335
272,0.99944,137.995877266,0.0227709,0.0389015,0.0545117
273,0.999497,123.995018005,0.0161255,0.0364741,0.0543903
274,0.99944,137.995877266,0.0241856,0.041809,0.0542691
275,0.999412,145.003652573,0.0256208,0.043723,0.0541481
276,0.99957,105.998110771,0.0184605,0.0349225,0.0540275
277,0.999509,120.997982025,0.0197357,0.0414468,0.0539071
278,0.999529,116.002922058,0.0164282,0.0376313,0.053787
279,0.999489,125.993041992,0.022364,0.0391236,0.0536671
280,0.999546,112.006874084,0.0193534,0.0357468,0.0535476
281,0.999505,121.996994019,0.0189579,0.0382559,0.0534282
282,0.999525,117.001934052,0.0199566,0.0352603,0.0533092
283,0.999525,117.001934052,0.0173759,0.0350182,0.0531904
284,0.999469,131.002793312,0.0248496,0.0414529,0.0530719
285,0.999546,112.006874084,0.0213409,0.0341392,0.0529536
286,0.999452,134.998841286,0.0197185,0.0425613,0.0528356
287,0.999473,130.003781319,0.019452,0.0374086,0.0527179
288,0.999408,146.002664566,0.0248005,0.0444558,0.0526004
289,0.999529,116.002922058,0.0183557,0.0391478,0.0524832
290,0.99946,133.000817299,0.0192931,0.0368244,0.0523663
291,0.999529,116.002922058,0.0159062,0.0339711,0.0522496
292,0.999497,123.995018005,0.0190601,0.0372044,0.0521332
293,0.999529,116.002922058,0.0218299,0.0381838,0.052017
294,0.999529,116.002922058,0.0182091,0.0348797,0.0519011
295,0.999586,102.002062798,0.0160923,0.0330327,0.0517855
296,0.999659,84.0051555634,0.0110174,0.0303855,0.0516701
297,0.999558,108.995146751,0.0144342,0.031246,0.0515549
298,0.999582,103.001074791,0.0151245,0.0315987,0.0514401
299,0.999546,112.006874084,0.0164637,0.0333713,0.0513254
300,0.999566,106.997122765,0.0145858,0.0328373,0.0512111
301,0.999546,112.006874084,0.0185201,0.0347655,0.051097
302,0.999542,113.005886078,0.0163355,0.0345844,0.0509831
303,0.999574,104.999098778,0.0161312,0.0350009,0.0508695
304,0.999602,98.0060148239,0.0153739,0.0323868,0.0507562
305,0.999566,106.997122765,0.0186108,0.0354109,0.0506431
306,0.999489,125.993041992,0.0220757,0.0394817,0.0505302
307,0.999615,94.9942874908,0.0130834,0.0301472,0.0504176
308,0.999675,79.9944162369,0.0110711,0.0269954,0.0503053
309,0.999675,79.9944162369,0.010769,0.0295643,0.0501932
310,0.999521,118.000946045,0.0200449,0.0381592,0.0500814
311,0.999598,99.0050268173,0.013423,0.0306885,0.0499698
312,0.999594,100.004038811,0.0163579,0.0335924,0.0498584
313,0.99957,105.998110771,0.0146923,0.0312095,0.0497473
314,0.99959,101.003050804,0.0129636,0.0310624,0.0496365
315,0.999602,98.0060148239,0.0138056,0.0296576,0.0495259
316,0.999724,68.006272316,0.00771657,0.0234826,0.0494155
317,0.999566,106.997122765,0.0149352,0.0343807,0.0493054
318,0.999619,93.9952754974,0.0122879,0.0284827,0.0491956
319,0.999562,107.996134758,0.0148116,0.0331598,0.0490859
320,0.999615,94.9942874908,0.0126073,0.0329604,0.0489766
321,0.999586,102.002062798,0.0142049,0.0318598,0.0488674
322,0.999578,104.000086784,0.0197971,0.0350139,0.0487585
323,0.99955,110.993170738,0.019769,0.0376275,0.0486499
324,0.999602,98.0060148239,0.0131643,0.0307268,0.0485415
325,0.999473,130.003781319,0.0251571,0.0421394,0.0484333
326,0.999627,91.9972515106,0.0147358,0.031797,0.0483254
327,0.999602,98.0060148239,0.0160496,0.0338724,0.0482177
328,0.999606,97.0070028305,0.0116196,0.0319057,0.0481103
329,0.999606,97.0070028305,0.0143601,0.0298992,0.0480031
330,0.99957,105.998110771,0.015933,0.0334057,0.0478961
331,0.99957,105.998110771,0.0178593,0.0360785,0.0477894
332,0.999517,118.999958038,0.0153155,0.0330304,0.0476829
333,0.999615,94.9942874908,0.0138744,0.0310704,0.0475767
334,0.9997,74.0003442764,0.00794893,0.0254995,0.0474707
335,0.999639,89.0002155304,0.0089863,0.0294327,0.0473649
336,0.999627,91.9972515106,0.0131436,0.0303375,0.0472593
337,0.999659,84.0051555634,0.0110403,0.0303633,0.047154
338,0.999635,89.9992275238,0.0128151,0.0311666,0.047049
339,0.999651,86.0031795502,0.0130033,0.0265732,0.0469441
340,0.9997,74.0003442764,0.00919352,0.0263745,0.0468395
341,0.999651,86.0031795502,0.0138004,0.0291822,0.0467352
342,0.999704,73.001332283,0.00876471,0.0263106,0.046631
343,0.999631,90.9982395172,0.0148694,0.0305575,0.0465271
344,0.999688,76.9973802567,0.011729,0.0265363,0.0464234
345,0.999578,104.000086784,0.0129868,0.03253,0.04632
346,0.999574,104.999098778,0.0158655,0.0357484,0.0462168
347,0.999736,64.9945449829,0.0075578,0.024006,0.0461138
348,0.999639,89.0002155304,0.00999506,0.0292414,0.0460111
349,0.999574,104.999098778,0.0177457,0.0344004,0.0459085
350,0.999623,92.996263504,0.0110386,0.0283108,0.0458062
351,0.999667,82.0071315765,0.0117704,0.029269,0.0457042
352,0.999505,121.996994019,0.0199271,0.0404939,0.0456023
353,0.999635,89.9992275238,0.013359,0.0293449,0.0455007
354,0.999712,71.0033082962,0.0102039,0.0271769,0.0453993
355,0.999627,91.9972515106,0.0132802,0.0288525,0.0452982
356,0.999692,75.9983682632,0.00979432,0.0282783,0.0451972
357,0.999659,84.0051555634,0.0103994,0.0284667,0.0450965
358,0.999631,90.9982395172,0.0141282,0.0334754,0.044996
359,0.999582,103.001074791,0.0177522,0.0356017,0.0448958
360,0.999639,89.0002155304,0.0127547,0.0284304,0.0447957
361,0.999736,64.9945449829,0.00795292,0.0233067,0.0446959
362,0.999594,100.004038811,0.0151651,0.0346492,0.0445963
363,0.999659,84.0051555634,0.0102189,0.0295804,0.044497
364,0.999611,95.9932994843,0.0136385,0.0314003,0.0443978
365,0.999663,83.0061435699,0.011739,0.0295584,0.0442989
366,0.999639,89.0002155304,0.0118536,0.03115,0.0442002
367,0.999663,83.0061435699,0.0123072,0.0284761,0.0441017
368,0.999627,91.9972515106,0.0131913,0.0310486,0.0440034
369,0.999594,100.004038811,0.013303,0.0312284,0.0439054
370,0.999671,80.9934282303,0.0113206,0.0281629,0.0438075
371,0.999692,75.9983682632,0.00975159,0.0256943,0.0437099
372,0.999598,99.0050268173,0.0114489,0.0316195,0.0436125
373,0.999704,73.001332283,0.00720743,0.0238449,0.0435154
374,0.999623,92.996263504,0.0109082,0.0323864,0.0434184
375,0.999663,83.0061435699,0.0124486,0.0309779,0.0433217
376,0.999635,89.9992275238,0.0106773,0.0303667,0.0432251
377,0.9997,74.0003442764,0.00890905,0.0271497,0.0431288
378,0.999667,82.0071315765,0.00849925,0.0273023,0.0430327
379,0.999615,94.9942874908,0.0115687,0.0306711,0.0429368
380,0.99972,69.0052843094,0.00694151,0.0246229,0.0428411
381,0.999671,80.9934282303,0.0105811,0.0258403,0.0427457
382,0.999627,91.9972515106,0.0105052,0.0283358,0.0426504
383,0.999684,77.9963922501,0.00969793,0.026064,0.0425554
384,0.999688,76.9973802567,0.010252,0.0244655,0.0424606
385,0.999704,73.001332283,0.00959717,0.0280268,0.042366
386,0.999675,79.9944162369,0.0115098,0.0287114,0.0422716
387,0.999708,72.0023202896,0.0113067,0.0265348,0.0421774
388,0.999728,67.0072603226,0.0089634,0.0226335,0.0420834
389,0.999635,89.9992275238,0.0101014,0.0310754,0.0419896
390,0.999724,68.006272316,0.00721831,0.0225244,0.0418961
391,0.999667,82.0071315765,0.00941135,0.0287372,0.0418027
392,0.999684,77.9963922501,0.0112091,0.0282347,0.0417096
393,0.999744,62.9965209961,0.00677571,0.024712,0.0416166
394,0.999684,77.9963922501,0.00832159,0.0270008,0.0415239
395,0.999688,76.9973802567,0.00959126,0.027494,0.0414314
396,0.999724,68.006272316,0.00714849,0.0217137,0.0413391
397,0.999748,61.9975090027,0.0066478,0.0217957,0.0412469
398,0.999732,65.9935569763,0.0077654,0.0258694,0.041155
399,0.999635,89.9992275238,0.0106742,0.029534,0.0410633
400,0.99974,63.9955329895,0.00659211,0.0213941,0.0409718
401,0.9997,74.0003442764,0.00765757,0.0253045,0.0408805
402,0.999716,70.0042963028,0.00897035,0.0235137,0.0407895
403,0.999688,76.9973802567,0.00935104,0.0260299,0.0406986
404,0.999712,71.0033082962,0.00763648,0.0271326,0.0406079
405,0.999716,70.0042963028,0.0101636,0.02717,0.0405174
406,0.999712,71.0033082962,0.00919515,0.0244319,0.0404271
407,0.999627,91.9972515106,0.0112303,0.0302667,0.040337
408,0.999809,46.9976377487,0.00521768,0.0202338,0.0402471
409,0.999684,77.9963922501,0.0111918,0.0279612,0.0401575
410,0.999712,71.0033082962,0.0102071,0.0264487,0.040068
411,0.999671,80.9934282303,0.0099546,0.0288317,0.0399787
412,0.999704,73.001332283,0.00871571,0.0253172,0.0398896
413,0.999692,75.9983682632,0.01061,0.027955,0.0398007
414,0.99968,78.9954042435,0.00787066,0.025226,0.0397121
415,0.99972,69.0052843094,0.00927494,0.0276637,0.0396236
416,0.999724,68.006272316,0.00722541,0.021916,0.0395353
417,0.999688,76.9973802567,0.00840576,0.0263493,0.0394472
418,0.999761,59.0004730225,0.00836084,0.0239915,0.0393593
419,0.999748,61.9975090027,0.00614129,0.0237502,0.0392716
420,0.999704,73.001332283,0.00656202,0.0230274,0.0391841
421,0.999704,73.001332283,0.00979191,0.0260593,0.0390968
422,0.9997,74.0003442764,0.0108027,0.0288412,0.0390097
423,0.999631,90.9982395172,0.00969274,0.0309273,0.0389227
424,0.999744,62.9965209961,0.00525732,0.0216732,0.038836
425,0.999805,47.9966497421,0.00620658,0.0206235,0.0387495
426,0.9997,74.0003442764,0.00774757,0.027585,0.0386631
427,0.999793,50.9936857224,0.00637356,0.0210134,0.038577
428,0.999769,57.0024490356,0.00595206,0.0213825,0.038491
429,0.999716,70.0042963028,0.00767362,0.0241928,0.0384053
430,0.999736,64.9945449829,0.00792717,0.0239881,0.0383197
431,0.999785,53.006401062,0.00401866,0.0198906,0.0382343
432,0.999704,73.001332283,0.00695427,0.0244677,0.0381491
433,0.999785,53.006401062,0.00544608,0.0195821,0.0380641
434,0.999627,91.9972515106,0.0101147,0.0298496,0.0379793
435,0.999716,70.0042963028,0.00678044,0.0237023,0.0378946
436,0.999817,44.9996137619,0.00468611,0.0162121,0.0378102
437,0.999789,51.9926977158,0.00519391,0.0198368,0.037726
438,0.9997,74.0003442764,0.00991094,0.0264587,0.0376419
439,0.999769,57.0024490356,0.00534501,0.0203569,0.037558
440,0.999748,61.9975090027,0.00632945,0.0202702,0.0374743
441,0.999736,64.9945449829,0.0067711,0.0245777,0.0373908
442,0.999777,55.0044250488,0.00566195,0.0215491,0.0373075
443,0.999817,44.9996137619,0.00393286,0.0148137,0.0372244
444,0.999801,48.9956617355,0.0050167,0.0188528,0.0371414
445,0.999712,71.0033082962,0.00818204,0.026493,0.0370587
446,0.999753,60.9984970093,0.00647037,0.0213659,0.0369761
447,0.999781,54.0054130554,0.00602118,0.0206731,0.0368937
448,0.999765,58.0014610291,0.00599087,0.0224758,0.0368115
449,0.999801,48.9956617355,0.00465894,0.0195561,0.0367295
450,0.99983,42.0025777817,0.00374387,0.0189411,0.0366477
451,0.999813,45.9986257553,0.00318616,0.0194985,0.036566
452,0.999805,47.9966497421,0.00435686,0.0191137,0.0364845
453,0.999736,64.9945449829,0.00764941,0.0257375,0.0364032
454,0.999748,61.9975090027,0.00639731,0.0259735,0.0363221
455,0.999761,59.0004730225,0.00545998,0.0209203,0.0362412
456,0.999801,48.9956617355,0.00520052,0.0216982,0.0361604
457,0.999777,55.0044250488,0.00516252,0.0200778,0.0360798
458,0.999769,57.0024490356,0.0068453,0.0257809,0.0359994
459,0.999801,48.9956617355,0.00381421,0.0210174,0.0359192
460,0.99972,69.0052843094,0.00783328,0.025116,0.0358392
461,0.999781,54.0054130554,0.00515036,0.0194492,0.0357593
462,0.999793,50.9936857224,0.00415038,0.0193393,0.0356797
463,0.999757,59.9994850159,0.00624643,0.0225866,0.0356002
464,0.999761,59.0004730225,0.00695844,0.0224761,0.0355208
465,0.999736,64.9945449829,0.00700894,0.0237285,0.0354417
466,0.999854,35.9938144684,0.00315235,0.0164637,0.0353627
467,0.999834,41.0035657883,0.00361072,0.0192185,0.0352839
468,0.999748,61.9975090027,0.00790797,0.0255495,0.0352053
469,0.999773,56.0034370422,0.00609311,0.0219912,0.0351268
470,0.999805,47.9966497421,0.00428388,0.0207541,0.0350486
471,0.999777,55.0044250488,0.00438446,0.0214282,0.0349705
472,0.999773,56.0034370422,0.0055859,0.0210427,0.0348926
473,0.999716,70.0042963028,0.007068,0.0252983,0.0348148
474,0.999793,50.9936857224,0.00484472,0.0196954,0.0347372
475,0.999765,58.0014610291,0.00462383,0.0224927,0.0346598
476,0.999805,47.9966497421,0.00502687,0.0185193,0.0345826
477,0.999773,56.0034370422,0.00579379,0.0218262,0.0345055
478,0.999777,55.0044250488,0.00535637,0.0214246,0.0344287
479,0.999793,50.9936857224,0.00575248,0.0218635,0.0343519
480,0.999757,59.9994850159,0.00658937,0.024233,0.0342754
481,0.999781,54.0054130554,0.00503253,0.0181381,0.034199
482,0.999842,39.0055418015,0.00343196,0.0149889,0.0341228
483,0.999858,34.994802475,0.00253008,0.016507,0.0340468
484,0.999813,45.9986257553,0.00255994,0.0144948,0.0339709
485,0.999765,58.0014610291,0.00553766,0.0230582,0.0338952
486,0.999769,57.0024490356,0.00591247,0.0226538,0.0338197
487,0.99985,36.9928264618,0.00220565,0.0158867,0.0337443
488,0.999805,47.9966497421,0.00454436,0.0206042,0.0336692
489,0.999846,38.006529808,0.00275345,0.0167284,0.0335941
490,0.999838,40.0045537949,0.00260453,0.0170822,0.0335193
491,0.999781,54.0054130554,0.00419016,0.0195026,0.0334446
492,0.999732,65.9935569763,0.00690868,0.0241048,0.0333701
493,0.999858,34.994802475,0.00165375,0.014864,0.0332957
494,0.999797,49.9946737289,0.00394855,0.0210421,0.0332215
495,0.999789,51.9926977158,0.00613451,0.0215045,0.0331475
496,0.999777,55.0044250488,0.00560464,0.0221305,0.0330736
497,0.999761,59.0004730225,0.00575478,0.0253576,0.0329999
498,0.999826,43.0015897751,0.00400553,0.0176869,0.0329264
499,0.999838,40.0045537949,0.0042035,0.0185953,0.032853
500,0.99985,36.9928264618,0.00321685,0.0169098,0.0327798
501,0.999805,47.9966497421,0.00415934,0.0196853,0.0327068
502,0.999854,35.9938144684,0.0025635,0.0144074,0.0326339
503,0.999805,47.9966497421,0.00424669,0.0201767,0.0325612
504,0.999821,44.0006017685,0.00387501,0.019534,0.0324887
505,0.999826,43.0015897751,0.00256486,0.0166545,0.0324163
506,0.999817,44.9996137619,0.00254306,0.017302,0.032344
507,0.999736,64.9945449829,0.00643025,0.0226075,0.032272
508,0.999826,43.0015897751,0.00400374,0.0180863,0.0322
509,0.99985,36.9928264618,0.00215852,0.0147032,0.0321283
510,0.999809,46.9976377487,0.00596916,0.022458,0.0320567
511,0.999789,51.9926977158,0.00333154,0.0177419,0.0319853
512,0.999821,44.0006017685,0.00429569,0.0186072,0.031914
513,0.999838,40.0045537949,0.00377791,0.0178768,0.0318429
514,0.999882,29.0007305145,0.00254156,0.0143933,0.031772
515,0.999834,41.0035657883,0.00354965,0.0192281,0.0317012
516,0.999886,28.0017185211,0.00227412,0.0151568,0.0316305
517,0.999805,47.9966497421,0.00344631,0.0199038,0.03156
518,0.999805,47.9966497421,0.00312242,0.0181458,0.0314897
519,0.999821,44.0006017685,0.00332263,0.017835,0.0314195
520,0.999842,39.0055418015,0.00339256,0.0181971,0.0313495
521,0.999866,32.9967784882,0.00326066,0.0130237,0.0312797
522,0.999809,46.9976377487,0.00421904,0.0213269,0.03121
523,0.999834,41.0035657883,0.00404877,0.0183269,0.0311404
524,0.999838,40.0045537949,0.00273533,0.0172441,0.0310711
525,0.999813,45.9986257553,0.00464539,0.021034,0.0310018
526,0.999797,49.9946737289,0.00536969,0.0209776,0.0309327
527,0.999834,41.0035657883,0.00455562,0.0192223,0.0308638
528,0.999854,35.9938144684,0.00347663,0.0172829,0.030795
529,0.999846,38.006529808,0.00357373,0.0185433,0.0307264
530,0.999801,48.9956617355,0.00454296,0.0210139,0.030658
531,0.999781,54.0054130554,0.00411213,0.0207986,0.0305896
532,0.999821,44.0006017685,0.00318072,0.0171327,0.0305215
533,0.999846,38.006529808,0.0026717,0.0154151,0.0304535
534,0.999894,26.0036945343,0.00118571,0.0122277,0.0303856
535,0.999927,17.9969072342,0.00104004,0.0113185,0.0303179
536,0.999777,55.0044250488,0.00609305,0.0232403,0.0302504
537,0.999854,35.9938144684,0.00202471,0.0145512,0.030183
538,0.999866,32.9967784882,0.00218733,0.0154625,0.0301157
539,0.99985,36.9928264618,0.00241642,0.015713,0.0300486
540,0.999854,35.9938144684,0.00281883,0.0157713,0.0299816
541,0.999826,43.0015897751,0.00315015,0.0191354,0.0299148
542,0.999801,48.9956617355,0.00356135,0.0202099,0.0298482
543,0.999838,40.0045537949,0.00412677,0.0198869,0.0297817
544,0.99985,36.9928264618,0.0020771,0.0158552,0.0297153
545,0.999862,33.9957904816,0.00246809,0.0177799,0.0296491
546,0.999801,48.9956617355,0.00428752,0.0193359,0.029583
547,0.999862,33.9957904816,0.00183996,0.0147869,0.0295171
548,0.999874,30.9987545013,0.00183587,0.0142303,0.0294513
549,0.999874,30.9987545013,0.00280229,0.0145778,0.0293857
550,0.999886,28.0017185211,0.00147665,0.0125421,0.0293202
551,0.999821,44.0006017685,0.00511726,0.0191097,0.0292549
552,0.999846,38.006529808,0.0026703,0.0161043,0.0291897
553,0.99989,27.0027065277,0.00177409,0.0118834,0.0291247
554,0.999866,32.9967784882,0.00215917,0.0128541,0.0290598
555,0.999858,34.994802475,0.00213645,0.0156883,0.028995
556,0.999866,32.9967784882,0.00305483,0.0172775,0.0289304
557,0.999846,38.006529808,0.0020112,0.0155225,0.028866
558,0.999846,38.006529808,0.00280882,0.0169724,0.0288016
559,0.999858,34.994802475,0.00265011,0.014563,0.0287375
560,0.999899,25.0046825409,0.000757757,0.00903738,0.0286734
561,0.999862,33.9957904816,0.00168175,0.0160831,0.0286095
562,0.999842,39.0055418015,0.00265638,0.0167456,0.0285458
563,0.999862,33.9957904816,0.00157644,0.0159101,0.0284822
564,0.999866,32.9967784882,0.00239946,0.0159186,0.0284187
565,0.999874,30.9987545013,0.00261457,0.0151934,0.0283554
566,0.99985,36.9928264618,0.00210693,0.0169972,0.0282922
567,0.999886,28.0017185211,0.00194802,0.0135032,0.0282292
568,0.999878,29.9997425079,0.00290926,0.0163044,0.0281663
569,0.99983,42.0025777817,0.00349391,0.0175584,0.0281035
570,0.999907,23.0066585541,0.0010842,0.0104263,0.0280409
571,0.999882,29.0007305145,0.00270075,0.0158167,0.0279784
572,0.999886,28.0017185211,0.00212657,0.0131511,0.0279161
573,0.999874,30.9987545013,0.00181359,0.01609,0.0278539
574,0.999842,39.0055418015,0.00223419,0.0190244,0.0277918
575,0.999907,23.0066585541,0.00113046,0.0103893,0.0277299
576,0.999894,26.0036945343,0.00113696,0.012744,0.0276681
577,0.99987,31.9977664948,0.0025821,0.0154643,0.0276064
578,0.999846,38.006529808,0.00210884,0.0154701,0.0275449
579,0.999882,29.0007305145,0.00156093,0.0122009,0.0274836
580,0.999882,29.0007305145,0.00231824,0.017649,0.0274223
581,0.999838,40.0045537949,0.00230511,0.0174208,0.0273612
582,0.999842,39.0055418015,0.00330129,0.017293,0.0273002
583,0.999842,39.0055418015,0.00339845,0.0170959,0.0272394
584,0.999894,26.0036945343,0.00116489,0.0119226,0.0271787
585,0.999846,38.006529808,0.00266046,0.0181677,0.0271182
586,0.999866,32.9967784882,0.00282363,0.0155533,0.0270577
587,0.99989,27.0027065277,0.00197749,0.013397,0.0269974
588,0.999858,34.994802475,0.00169237,0.0131921,0.0269373
589,0.999866,32.9967784882,0.00168348,0.0152895,0.0268773
590,0.999866,32.9967784882,0.00178558,0.0136997,0.0268174
591,0.999886,28.0017185211,0.00118252,0.0104328,0.0267576
592,0.999874,30.9987545013,0.00178947,0.0146056,0.026698
593,0.999903,24.0056705475,0.0018292,0.0137618,0.0266385
594,0.999878,29.9997425079,0.00202597,0.0139413,0.0265791
595,0.999903,24.0056705475,0.00123745,0.0153955,0.0265199
596,0.999903,24.0056705475,0.00204014,0.0147127,0.0264608
597,0.999907,23.0066585541,0.000836285,0.0117615,0.0264019
598,0.999915,20.9939432144,0.00183902,0.0130945,0.026343
599,0.999894,26.0036945343,0.00192528,0.0147713,0.0262843
600,0.999903,24.0056705475,0.00193145,0.0146501,0.0262258
601,0.999874,30.9987545013,0.00245834,0.0154558,0.0261673
602,0.999927,17.9969072342,0.000658633,0.00932101,0.026109
603,0.999911,21.9929552078,0.00080741,0.00961035,0.0260509
604,0.999903,24.0056705475,0.000846044,0.0108672,0.0259928
605,0.999899,25.0046825409,0.00161691,0.0136059,0.0259349
606,0.999903,24.0056705475,0.00115436,0.012409,0.0258771
607,0.999878,29.9997425079,0.00181956,0.014052,0.0258194
608,0.999854,35.9938144684,0.00204127,0.0156903,0.0257619
609,0.999874,30.9987545013,0.00205179,0.0150815,0.0257045
610,0.999911,21.9929552078,0.00164915,0.0127255,0.0256472
611,0.999943,14.0008592606,0.000675505,0.0079972,0.0255901
612,0.999923,18.9959192276,0.00130164,0.0116014,0.0255331
613,0.999939,14.999871254,0.000787424,0.00954354,0.0254762
614,0.999919,19.994931221,0.000870101,0.0080514,0.0254194
615,0.999943,14.0008592606,0.00083688,0.00919225,0.0253628
616,0.999919,19.994931221,0.000769335,0.0115548,0.0253062
617,0.999919,19.994931221,0.00193961,0.0139536,0.0252499
618,0.999939,14.999871254,0.000824515,0.0110981,0.0251936
619,0.999955,11.0038232803,0.000263782,0.00718491,0.0251375
620,0.999968,8.00678730011,0.00052689,0.00700732,0.0250814
621,0.999923,18.9959192276,0.00118789,0.0108101,0.0250256
622,0.999882,29.0007305145,0.00202883,0.0143343,0.0249698
623,0.999886,28.0017185211,0.00250895,0.0152636,0.0249142
624,0.999903,24.0056705475,0.00188753,0.0141303,0.0248586
625,0.999911,21.9929552078,0.00157047,0.0147234,0.0248033
626,0.999939,14.999871254,0.00036719,0.00852664,0.024748
627,0.999963,9.00579929352,0.000647091,0.00747622,0.0246928
628,0.999927,17.9969072342,0.000583708,0.0120518,0.0246378
629,0.999919,19.994931221,0.00121112,0.0129202,0.0245829
630,0.999882,29.0007305145,0.00215057,0.0152868,0.0245281
631,0.999894,26.0036945343,0.00151486,0.0124127,0.0244735
632,0.999943,14.0008592606,0.000531777,0.0079122,0.024419
633,0.999915,20.9939432144,0.000815087,0.010811,0.0243645
634,0.999931,16.9978952408,0.000616425,0.00816946,0.0243103
635,0.999943,14.0008592606,0.000504357,0.00898681,0.0242561
636,0.999907,23.0066585541,0.000808911,0.00973077,0.024202
637,0.999899,25.0046825409,0.00191377,0.015165,0.0241481
638,0.999862,33.9957904816,0.00281354,0.0168952,0.0240943
639,0.99989,27.0027065277,0.00114334,0.0122205,0.0240406
640,0.999943,14.0008592606,0.000382211,0.00706415,0.0239871
641,0.999915,20.9939432144,0.000626826,0.0100814,0.0239336
642,0.999939,14.999871254,0.000501423,0.0093977,0.0238803
643,0.999919,19.994931221,0.00137948,0.0122782,0.0238271
644,0.999919,19.994931221,0.00133634,0.012776,0.023774
645,0.999976,5.99407196045,0.000450348,0.00568575,0.023721
646,0.999903,24.0056705475,0.00116349,0.0142594,0.0236681
647,0.999903,24.0056705475,0.000405849,0.00929801,0.0236154
648,0.999923,18.9959192276,0.000673192,0.0103274,0.0235628
649,0.999911,21.9929552078,0.00155665,0.0123286,0.0235103
650,0.999927,17.9969072342,0.000683952,0.0112997,0.0234579
651,0.999955,11.0038232803,0.000339771,0.00608313,0.0234056
652,0.999923,18.9959192276,0.00124885,0.0101846,0.0233535
653,0.999939,14.999871254,0.000757837,0.0115986,0.0233014
654,0.999927,17.9969072342,0.0011608,0.00945415,0.0232495
655,0.999951,12.0028352737,0.000324681,0.00763862,0.0231977
656,0.999959,10.0048112869,0.000260665,0.00531991,0.023146
657,0.999959,10.0048112869,0.000462731,0.00936267,0.0230944
658,0.999959,10.0048112869,0.000285876,0.00744834,0.023043
659,0.999943,14.0008592606,0.000380186,0.00765203,0.0229916
660,0.999972,6.99308395386,0.000134093,0.00475278,0.0229404
661,0.999943,14.0008592606,0.000398842,0.00712055,0.0228893
662,0.999972,6.99308395386,0.000173775,0.00581441,0.0228383
663,0.999955,11.0038232803,0.000957795,0.00751055,0.0227874
664,0.999931,16.9978952408,0.000519191,0.00980851,0.0227366
665,0.999915,20.9939432144,0.00199721,0.0127928,0.022686
666,0.999919,19.994931221,0.000798261,0.00882354,0.0226354
667,0.999931,16.9978952408,0.000516742,0.00971034,0.022585
668,0.999931,16.9978952408,0.000463181,0.00921544,0.0225347
669,0.999972,6.99308395386,0.000532627,0.00754966,0.0224844
670,0.999976,5.99407196045,0.000244004,0.00397722,0.0224343
671,0.999963,9.00579929352,0.000193613,0.0085238,0.0223844
672,0.999972,6.99308395386,0.000103444,0.00415354,0.0223345
673,0.999963,9.00579929352,0.00019798,0.00557903,0.0222847
674,0.999984,3.99604797363,6.59378e-05,0.00429106,0.0222351
675,0.999959,10.0048112869,0.000264555,0.00573787,0.0221855
676,0.999939,14.999871254,0.000590177,0.0094865,0.0221361
677,0.999968,8.00678730011,0.000175748,0.00427408,0.0220868
678,0.999939,14.999871254,0.000498071,0.00898761,0.0220375
679,0.999963,9.00579929352,0.000258155,0.00751824,0.0219884
680,0.999963,9.00579929352,0.00034582,0.00753424,0.0219394
681,0.999903,24.0056705475,0.00157819,0.0125681,0.0218906
682,0.999943,14.0008592606,0.00081838,0.0102717,0.0218418
683,0.999947,13.0018472672,0.000791201,0.0113141,0.0217931
684,0.999976,5.99407196045,0.000840966,0.00936644,0.0217445
685,0.999968,8.00678730011,0.00029183,0.00674151,0.0216961
686,0.999931,16.9978952408,0.00103066,0.0127313,0.0216477
687,0.999931,16.9978952408,0.000949296,0.0120369,0.0215995
688,0.999939,14.999871254,0.000569604,0.00930335,0.0215514
689,0.999955,11.0038232803,0.000527138,0.00727319,0.0215034
690,0.999988,2.99703598022,0.000262867,0.004719,0.0214554
691,0.999972,6.99308395386,0.000171223,0.0058064,0.0214076
692,0.999955,11.0038232803,0.000524739,0.00764585,0.0213599
693,0.999963,9.00579929352,0.000279062,0.00798516,0.0213123
694,0.999963,9.00579929352,0.00062801,0.00826583,0.0212649
695,0.999943,14.0008592606,0.001424,0.0119669,0.0212175
696,0.999972,6.99308395386,0.000116384,0.00468572,0.0211702
697,0.999984,3.99604797363,0.000117909,0.0043933,0.021123
698,0.999968,8.00678730011,0.00026761,0.00715562,0.021076
699,0.999943,14.0008592606,0.000975592,0.0112497,0.021029
700,0.999947,13.0018472672,0.000346137,0.00856401,0.0209821
701,0.999943,14.0008592606,0.00078051,0.0090256,0.0209354
702,0.999963,9.00579929352,0.000284055,0.00576192,0.0208887
703,0.999963,9.00579929352,0.000714194,0.00857916,0.0208422
704,0.999931,16.9978952408,0.00113947,0.0133463,0.0207957
705,0.999955,11.0038232803,0.000192667,0.00586131,0.0207494
706,0.999959,10.0048112869,0.000185898,0.00713518,0.0207032
707,0.999984,3.99604797363,8.55188e-05,0.00338681,0.020657
708,0.999955,11.0038232803,0.000297227,0.00796779,0.020611
709,0.999963,9.00579929352,0.00020562,0.00413392,0.0205651
710,0.999996,0.999011993408,1.88216e-05,0.000680646,0.0205193
711,1.0,0.0,4.48397e-06,0.00161225,0.0204735
1.0,4.48397e-06,2555.507016658783,0.386719,0.0115938217143,0.000926410982682
