64,80,0.5,2,1000, .1 
0,0.505668,121842.999258,2.02661e+06,319.295,0.0999997
1,0.910901,21961.0015154,1805.8,5.87191,0.0993092
2,0.994998,1233.00117016,7.08484,0.395299,0.0986234
3,0.998434,386.00060463,0.317832,0.112892,0.0979424
4,0.998763,305.007176399,0.171446,0.104788,0.0972661
5,0.998982,251.001763344,0.106427,0.0865271,0.0965944
6,0.998868,279.003481865,0.144861,0.0962559,0.0959274
7,0.998888,273.993730545,0.138191,0.0908291,0.095265
8,0.998677,326.001119614,0.17313,0.113776,0.0946072
9,0.998779,300.996437073,0.159565,0.100881,0.0939539
10,0.998953,257.994847298,0.11837,0.0910797,0.0933051
11,0.99903,238.99892807,0.0920849,0.0792536,0.0926608
12,0.998982,251.001763344,0.125228,0.0888903,0.092021
13,0.998933,263.004598618,0.127381,0.09246,0.0913856
14,0.998937,262.005586624,0.120571,0.0917177,0.0907545
15,0.998933,263.004598618,0.132502,0.096745,0.0901278
16,0.999014,242.994976044,0.0989015,0.0793487,0.0895055
17,0.998929,264.003610611,0.118819,0.0965431,0.0888874
18,0.998917,267.000646591,0.119784,0.0925246,0.0882736
19,0.999103,221.002020836,0.0943251,0.07655,0.0876641
20,0.998957,256.995835304,0.12016,0.0852113,0.0870587
21,0.998969,253.998799324,0.131826,0.0913546,0.0864576
22,0.99899,249.003739357,0.0980089,0.0864858,0.0858606
23,0.998925,265.002622604,0.106613,0.0899445,0.0852677
24,0.998978,252.000775337,0.115485,0.0867705,0.0846789
25,0.999209,194.998326302,0.0794206,0.0705409,0.0840941
26,0.999026,239.997940063,0.125114,0.0898196,0.0835134
27,0.998982,251.001763344,0.113429,0.0871719,0.0829368
28,0.999095,223.000044823,0.0894589,0.0794699,0.0823641
29,0.999038,237.000904083,0.109466,0.0879272,0.0817953
30,0.998892,272.994718552,0.126757,0.0983659,0.0812305
31,0.998941,261.006574631,0.111166,0.0915757,0.0806696
32,0.999083,225.997080803,0.0948845,0.0809944,0.0801125
33,0.999193,198.994374275,0.076783,0.0728805,0.0795593
34,0.998945,259.992871284,0.118783,0.0955923,0.07901
35,0.999152,208.999185562,0.0801863,0.0743053,0.0784644
36,0.999091,223.999056816,0.0958902,0.0842722,0.0779225
37,0.99914,211.996221542,0.0733361,0.0734128,0.0773845
38,0.99918,202.006101608,0.0792527,0.0754006,0.0768501
39,0.999103,221.002020836,0.0835371,0.0767116,0.0763194
40,0.999095,223.000044823,0.0914058,0.0818008,0.0757924
41,0.999164,206.002149582,0.0879725,0.0821483,0.0752691
42,0.999184,201.007089615,0.0854736,0.0737712,0.0747493
43,0.999152,208.999185562,0.0748819,0.0756086,0.0742332
44,0.99914,211.996221542,0.0851422,0.0758131,0.0737206
45,0.999213,193.999314308,0.07127,0.0755022,0.0732115
46,0.99916,207.001161575,0.0774826,0.0766611,0.0727059
47,0.999318,167.995619774,0.0586271,0.0705724,0.0722039
48,0.999241,187.006230354,0.0663512,0.0658273,0.0717053
49,0.999205,195.997338295,0.0761769,0.0684349,0.0712102
50,0.999213,193.999314308,0.0746549,0.0736492,0.0707184
51,0.999217,193.000302315,0.0675541,0.0664948,0.0702301
52,0.999103,221.002020836,0.0917489,0.0793065,0.0697451
53,0.999156,208.000173569,0.0839323,0.0806556,0.0692635
54,0.999193,198.994374275,0.0603706,0.0690421,0.0687853
55,0.999213,193.999314308,0.0657365,0.0707487,0.0683103
56,0.999201,196.996350288,0.0712804,0.0760758,0.0678386
57,0.999278,178.000431061,0.0591772,0.0668399,0.0673701
58,0.999286,176.002407074,0.0646264,0.0673437,0.0669049
59,0.99927,179.998455048,0.0584885,0.0660983,0.0664429
60,0.999249,184.993515015,0.0731395,0.0741288,0.0659841
61,0.999274,178.999443054,0.058706,0.0627611,0.0655285
62,0.999213,193.999314308,0.0719161,0.0716454,0.065076
63,0.99931,169.993643761,0.0614726,0.0692059,0.0646266
64,0.999262,181.996479034,0.0614686,0.0657769,0.0641804
65,0.999254,183.994503021,0.0607601,0.0699257,0.0637372
66,0.999347,161.00253582,0.0507401,0.0614689,0.063297
67,0.999282,177.001419067,0.0642352,0.0676892,0.06286
68,0.999327,165.997595787,0.0472072,0.0622561,0.0624259
69,0.999286,176.002407074,0.0561056,0.0706531,0.0619948
70,0.999233,189.004254341,0.0599136,0.0696381,0.0615667
71,0.999286,176.002407074,0.0587264,0.063424,0.0611416
72,0.999355,159.004511833,0.0516551,0.0586548,0.0607194
73,0.99927,179.998455048,0.0547704,0.0728959,0.0603001
74,0.999375,153.994760513,0.0468398,0.0610014,0.0598837
75,0.999343,162.001547813,0.0542276,0.0619056,0.0594702
76,0.999473,130.003781319,0.0364003,0.0503819,0.0590596
77,0.999444,136.996865273,0.0373409,0.0551655,0.0586517
78,0.999509,120.997982025,0.0312265,0.0523017,0.0582467
79,0.99944,137.995877266,0.0398078,0.0614769,0.0578445
80,0.999371,154.993772507,0.0405913,0.0568003,0.0574451
81,0.9994,148.000688553,0.0345333,0.053625,0.0570484
82,0.999464,132.001805305,0.0334385,0.0545073,0.0566545
83,0.999473,130.003781319,0.034689,0.0543835,0.0562633
84,0.999452,134.998841286,0.0325806,0.0491161,0.0558748
85,0.999489,125.993041992,0.0406402,0.0524012,0.0554889
86,0.999505,121.996994019,0.0313884,0.0497153,0.0551058
87,0.999529,116.002922058,0.0252007,0.049673,0.0547252
88,0.999554,109.994158745,0.0283891,0.0461422,0.0543473
89,0.99942,143.005628586,0.0393538,0.0517308,0.0539721
90,0.9994,148.000688553,0.0343249,0.0563199,0.0535994
91,0.999424,142.006616592,0.0382264,0.055382,0.0532293
92,0.99946,133.000817299,0.0350399,0.0547773,0.0528617
93,0.999521,118.000946045,0.0329698,0.0499767,0.0524967
94,0.999513,119.998970032,0.0305464,0.043955,0.0521342
95,0.999517,118.999958038,0.0335232,0.0485795,0.0517742
96,0.999546,112.006874084,0.026857,0.0514591,0.0514166
97,0.999509,120.997982025,0.0269414,0.0503889,0.0510616
98,0.999513,119.998970032,0.0270351,0.046548,0.050709
99,0.999562,107.996134758,0.0207041,0.0474151,0.0503589
100,0.999481,128.005757332,0.0310419,0.057749,0.0500111
101,0.999566,106.997122765,0.0185695,0.0423048,0.0496658
102,0.999517,118.999958038,0.0225784,0.0501262,0.0493228
103,0.999615,94.9942874908,0.0177173,0.0380697,0.0489822
104,0.999546,112.006874084,0.0248244,0.0484833,0.048644
105,0.999606,97.0070028305,0.0192915,0.0434552,0.0483081
106,0.999529,116.002922058,0.0274563,0.0526539,0.0479745
107,0.99959,101.003050804,0.02139,0.038667,0.0476432
108,0.999513,119.998970032,0.0263602,0.0490897,0.0473142
109,0.999533,115.003910065,0.0275706,0.047532,0.0469875
110,0.999598,99.0050268173,0.0195788,0.0389794,0.0466631
111,0.999623,92.996263504,0.0220593,0.0419652,0.0463408
112,0.999578,104.000086784,0.0221812,0.0429681,0.0460208
113,0.999671,80.9934282303,0.0158291,0.0362831,0.0457031
114,0.999554,109.994158745,0.0249367,0.0494685,0.0453875
115,0.999542,113.005886078,0.0268948,0.0487449,0.0450741
116,0.999615,94.9942874908,0.0205299,0.0416598,0.0447628
117,0.999651,86.0031795502,0.0167626,0.0357469,0.0444537
118,0.999598,99.0050268173,0.0212341,0.0441256,0.0441467
119,0.999602,98.0060148239,0.0217526,0.0439855,0.0438419
120,0.999566,106.997122765,0.0253589,0.0453277,0.0435392
121,0.999667,82.0071315765,0.0152795,0.0393173,0.0432385
122,0.999655,85.0041675568,0.0139119,0.0357823,0.0429399
123,0.999566,106.997122765,0.0213758,0.044515,0.0426434
124,0.999688,76.9973802567,0.0149176,0.0374915,0.042349
125,0.999594,100.004038811,0.0176234,0.0407284,0.0420565
126,0.999631,90.9982395172,0.0180913,0.0408418,0.0417661
127,0.999631,90.9982395172,0.0163129,0.0345102,0.0414777
128,0.99955,110.993170738,0.0237998,0.0544726,0.0411913
129,0.999663,83.0061435699,0.0126405,0.0340361,0.0409069
130,0.999736,64.9945449829,0.00972082,0.0305948,0.0406244
131,0.999611,95.9932994843,0.0176026,0.0413081,0.0403439
132,0.999724,68.006272316,0.0117946,0.0312755,0.0400653
133,0.999615,94.9942874908,0.0183119,0.0384145,0.0397886
134,0.999651,86.0031795502,0.0134161,0.0377046,0.0395139
135,0.99968,78.9954042435,0.012015,0.033413,0.039241
136,0.999639,89.0002155304,0.0158555,0.0400352,0.03897
137,0.999708,72.0023202896,0.0112845,0.0348308,0.0387009
138,0.999684,77.9963922501,0.0145986,0.039979,0.0384337
139,0.999663,83.0061435699,0.011803,0.0347534,0.0381683
140,0.999671,80.9934282303,0.0128745,0.0378513,0.0379047
141,0.999781,54.0054130554,0.0067243,0.0262729,0.037643
142,0.999659,84.0051555634,0.0156397,0.038622,0.0373831
143,0.999696,74.9993562698,0.0113875,0.0304328,0.0371249
144,0.999748,61.9975090027,0.0124572,0.0349022,0.0368686
145,0.999606,97.0070028305,0.0168521,0.0469976,0.036614
146,0.999753,60.9984970093,0.00884669,0.0274638,0.0363612
147,0.9997,74.0003442764,0.0140861,0.041041,0.0361101
148,0.999704,73.001332283,0.0120599,0.0369837,0.0358607
149,0.999671,80.9934282303,0.012574,0.0405571,0.0356131
150,0.999748,61.9975090027,0.0091069,0.0292385,0.0353672
151,0.9997,74.0003442764,0.00920524,0.0358885,0.035123
152,0.999724,68.006272316,0.0106451,0.0356477,0.0348804
153,0.99974,63.9955329895,0.00863295,0.0277853,0.0346396
154,0.99972,69.0052843094,0.0100643,0.0416745,0.0344004
155,0.999769,57.0024490356,0.00884938,0.0319054,0.0341628
156,0.999712,71.0033082962,0.00998273,0.0395876,0.0339269
157,0.999769,57.0024490356,0.0103016,0.034409,0.0336926
158,0.999732,65.9935569763,0.00833693,0.0348175,0.03346
159,0.999813,45.9986257553,0.00588672,0.0214038,0.0332289
160,0.999724,68.006272316,0.00804325,0.0309966,0.0329995
161,0.999785,53.006401062,0.00741656,0.024657,0.0327716
162,0.999769,57.0024490356,0.00776804,0.0299176,0.0325453
163,0.999753,60.9984970093,0.00987798,0.037569,0.0323206
164,0.999834,41.0035657883,0.00527531,0.024597,0.0320974
165,0.999813,45.9986257553,0.00684029,0.026796,0.0318758
166,0.999765,58.0014610291,0.00779177,0.0289906,0.0316556
167,0.99985,36.9928264618,0.00365464,0.0201543,0.0314371
168,0.999801,48.9956617355,0.00606605,0.023142,0.03122
169,0.999781,54.0054130554,0.00544341,0.0289313,0.0310044
170,0.999781,54.0054130554,0.00765126,0.0352304,0.0307903
171,0.999801,48.9956617355,0.0066516,0.0283796,0.0305777
172,0.999744,62.9965209961,0.00864726,0.0360615,0.0303665
173,0.999805,47.9966497421,0.00800287,0.0286999,0.0301568
174,0.999789,51.9926977158,0.00751105,0.0294011,0.0299486
175,0.999809,46.9976377487,0.00673204,0.0328525,0.0297418
176,0.999813,45.9986257553,0.00670222,0.0241981,0.0295364
177,0.999826,43.0015897751,0.00540612,0.0218219,0.0293325
178,0.999817,44.9996137619,0.00621975,0.0215021,0.0291299
179,0.99983,42.0025777817,0.005484,0.0239509,0.0289288
180,0.999821,44.0006017685,0.00580478,0.0251488,0.028729
181,0.999809,46.9976377487,0.00580993,0.0279299,0.0285306
182,0.999793,50.9936857224,0.00643753,0.0260411,0.0283336
183,0.999821,44.0006017685,0.00374523,0.0199524,0.028138
184,0.999858,34.994802475,0.00415981,0.0186191,0.0279437
185,0.999797,49.9946737289,0.00541537,0.0297752,0.0277507
186,0.999817,44.9996137619,0.00584827,0.0230759,0.0275591
187,0.999862,33.9957904816,0.00358525,0.0170638,0.0273688
188,0.999842,39.0055418015,0.00477066,0.0284527,0.0271798
189,0.999886,28.0017185211,0.00346773,0.020475,0.0269921
190,0.999813,45.9986257553,0.00477282,0.0301925,0.0268057
191,0.999858,34.994802475,0.00357153,0.0227021,0.0266206
192,0.99987,31.9977664948,0.00264153,0.0166529,0.0264368
193,0.999886,28.0017185211,0.00311803,0.019172,0.0262542
194,0.999862,33.9957904816,0.00273904,0.021148,0.0260729
195,0.999882,29.0007305145,0.00193193,0.0182016,0.0258929
196,0.999846,38.006529808,0.00453229,0.0240576,0.0257141
197,0.999838,40.0045537949,0.00435144,0.0229907,0.0255365
198,0.999862,33.9957904816,0.00377535,0.0243062,0.0253602
199,0.999858,34.994802475,0.00285577,0.0182818,0.0251851
200,0.999846,38.006529808,0.00366773,0.0234098,0.0250112
201,0.999866,32.9967784882,0.00339645,0.0177666,0.0248385
202,0.999935,15.9988832474,0.00169476,0.0120246,0.024667
203,0.99985,36.9928264618,0.00290125,0.0242138,0.0244966
204,0.999907,23.0066585541,0.00194396,0.0158963,0.0243275
205,0.999923,18.9959192276,0.00159487,0.012054,0.0241595
206,0.999882,29.0007305145,0.00236546,0.0181929,0.0239927
207,0.999899,25.0046825409,0.00200507,0.0160997,0.023827
208,0.999894,26.0036945343,0.00167015,0.0169725,0.0236624
209,0.999899,25.0046825409,0.00199666,0.0202313,0.023499
210,0.999935,15.9988832474,0.00136305,0.01255,0.0233368
211,0.999919,19.994931221,0.00184253,0.0191719,0.0231756
212,0.999939,14.999871254,0.00105429,0.0098372,0.0230156
213,0.999854,35.9938144684,0.00256718,0.0232539,0.0228567
214,0.999947,13.0018472672,0.00134171,0.00994738,0.0226988
215,0.999963,9.00579929352,0.00074559,0.0086428,0.0225421
216,0.999915,20.9939432144,0.00127095,0.0150834,0.0223864
217,0.999915,20.9939432144,0.00152693,0.0183052,0.0222319
218,0.999931,16.9978952408,0.00125989,0.0104477,0.0220783
219,0.999935,15.9988832474,0.00205133,0.019721,0.0219259
220,0.999943,14.0008592606,0.00092267,0.0113804,0.0217745
221,0.999943,14.0008592606,0.00119909,0.0145786,0.0216241
222,0.999911,21.9929552078,0.00163957,0.0161823,0.0214748
223,0.999911,21.9929552078,0.00173066,0.0134773,0.0213265
224,0.999903,24.0056705475,0.00203396,0.017342,0.0211792
225,0.999951,12.0028352737,0.00119676,0.0101134,0.021033
226,0.999911,21.9929552078,0.00159843,0.0165449,0.0208878
227,0.999931,16.9978952408,0.0013715,0.0140572,0.0207435
228,0.999947,13.0018472672,0.00147639,0.0121178,0.0206003
229,0.999939,14.999871254,0.0014071,0.0192285,0.020458
230,0.999939,14.999871254,0.000949931,0.0129488,0.0203168
231,0.999955,11.0038232803,0.000681402,0.00859378,0.0201765
232,0.999886,28.0017185211,0.00236019,0.0213757,0.0200371
233,0.999968,8.00678730011,0.000471957,0.00865541,0.0198988
234,0.999959,10.0048112869,0.000749773,0.00877389,0.0197614
235,0.999963,9.00579929352,0.000605631,0.00918677,0.0196249
236,0.999968,8.00678730011,0.000695262,0.00740968,0.0194894
237,0.999984,3.99604797363,0.000447489,0.0059494,0.0193548
238,0.999968,8.00678730011,0.000556297,0.00782438,0.0192212
239,0.999972,6.99308395386,0.000659948,0.00812075,0.0190884
240,0.999935,15.9988832474,0.00109297,0.0196269,0.0189566
241,0.999955,11.0038232803,0.000869905,0.0183437,0.0188257
242,0.999955,11.0038232803,0.000806258,0.0182513,0.0186957
243,0.999984,3.99604797363,0.000154924,0.00712724,0.0185666
244,0.999951,12.0028352737,0.000401232,0.00994063,0.0184384
245,0.999935,15.9988832474,0.00113811,0.0146731,0.0183111
246,0.999935,15.9988832474,0.000745247,0.0142052,0.0181847
247,0.999947,13.0018472672,0.00088043,0.0156383,0.0180591
248,0.999963,9.00579929352,0.000618636,0.0115535,0.0179344
249,0.99998,4.99505996704,0.000278801,0.00611041,0.0178106
250,0.99998,4.99505996704,0.000362855,0.00730996,0.0176876
251,0.99998,4.99505996704,0.000347906,0.00740436,0.0175654
252,0.999963,9.00579929352,0.000448309,0.00941953,0.0174441
253,0.999972,6.99308395386,0.000845449,0.0103337,0.0173237
254,0.999988,2.99703598022,0.00047466,0.00582366,0.0172041
255,0.999988,2.99703598022,0.000361766,0.00582356,0.0170853
256,0.999988,2.99703598022,0.000249846,0.00582346,0.0169673
257,0.999992,1.99802398682,0.000172277,0.00511367,0.0168501
258,0.999992,1.99802398682,0.000107569,0.00511356,0.0167338
259,0.999992,1.99802398682,4.35032e-05,0.00511344,0.0166182
260,1.0,0.0,2.54363e-06,0.00278985,0.0165035
1.0,2.54363e-06,868.9490177631378,0.373047,0.0108047794613,0.000864402110366
