45,80,0.3,2,1000, .1 
0,0.49165,125298.001435,1.84441e+06,320.887,0.0999995
1,0.84247,38827.9968023,3000.32,6.64885,0.0988032
2,0.988648,2797.99753189,24.9033,0.686696,0.0976211
3,0.997322,659.994335175,0.893726,0.140547,0.0964532
4,0.998665,328.998155594,0.104825,0.0722038,0.0952993
5,0.99884,285.996565819,0.0732963,0.0668286,0.0941591
6,0.999006,244.993000031,0.0601435,0.0547187,0.0930326
7,0.999022,240.996952057,0.0550003,0.0588081,0.0919196
8,0.999079,226.996092796,0.0480368,0.0547167,0.0908199
9,0.999071,228.994116783,0.0541386,0.0539519,0.0897334
10,0.99901,243.993988037,0.0492587,0.0544551,0.0886598
11,0.998848,283.998541832,0.0641697,0.0637466,0.0875992
12,0.99914,211.996221542,0.0468805,0.048762,0.0865511
13,0.999083,225.997080803,0.0435567,0.0503278,0.0855157
14,0.999014,242.994976044,0.0532816,0.0601231,0.0844926
15,0.99903,238.99892807,0.0460698,0.0542213,0.0834818
16,0.999189,199.993386269,0.0432024,0.047827,0.082483
17,0.999193,198.994374275,0.0357028,0.0457181,0.0814962
18,0.999034,237.999916077,0.046177,0.0522071,0.0805212
19,0.999099,222.001032829,0.0452316,0.0539699,0.0795579
20,0.999079,226.996092796,0.0420104,0.050752,0.0786061
21,0.999116,218.004984856,0.0413599,0.0495335,0.0776656
22,0.999128,214.993257523,0.0381735,0.048145,0.0767365
23,0.999116,218.004984856,0.0383799,0.0519676,0.0758184
24,0.99916,207.001161575,0.0395381,0.0503649,0.0749114
25,0.999233,189.004254341,0.0314258,0.0434895,0.0740152
26,0.999327,165.997595787,0.0277,0.0393832,0.0731297
27,0.999245,186.007218361,0.0379498,0.0459022,0.0722548
28,0.999258,182.995491028,0.0298224,0.0436664,0.0713903
29,0.999302,172.0063591,0.0292815,0.0433403,0.0705362
30,0.999322,166.99660778,0.0249469,0.041319,0.0696924
31,0.999262,181.996479034,0.0263264,0.0410894,0.0688586
32,0.999302,172.0063591,0.0278415,0.0464285,0.0680348
33,0.999249,184.993515015,0.0292273,0.04552,0.0672208
34,0.999322,166.99660778,0.0299946,0.0457785,0.0664166
35,0.999176,203.005113602,0.0329829,0.0456824,0.065622
36,0.999379,152.99574852,0.0197256,0.0362993,0.064837
37,0.999347,161.00253582,0.0232301,0.0361773,0.0640613
38,0.999266,180.997467041,0.0266101,0.0423549,0.0632949
39,0.999408,146.002664566,0.0211531,0.0366615,0.0625376
40,0.999298,173.005371094,0.0266149,0.0442994,0.0617894
41,0.999444,136.996865273,0.0183492,0.0342233,0.0610502
42,0.999408,146.002664566,0.0208277,0.0392866,0.0603198
43,0.999355,159.004511833,0.0233669,0.0390573,0.0595982
44,0.999416,144.004640579,0.0209619,0.0369619,0.0588852
45,0.99942,143.005628586,0.0202866,0.0386054,0.0581807
46,0.99944,137.995877266,0.0182472,0.037105,0.0574846
47,0.999469,131.002793312,0.0161211,0.0358867,0.0567969
48,0.999485,127.006745338,0.0174655,0.0346486,0.0561174
49,0.999525,117.001934052,0.0151468,0.0307534,0.055446
50,0.99955,110.993170738,0.0123825,0.0314045,0.0547827
51,0.999456,133.999829292,0.0186801,0.035496,0.0541273
52,0.999477,129.004769325,0.0160732,0.0336345,0.0534797
53,0.999464,132.001805305,0.014462,0.0342069,0.0528399
54,0.999533,115.003910065,0.0117868,0.026161,0.0522078
55,0.999542,113.005886078,0.0127969,0.029636,0.0515832
56,0.999542,113.005886078,0.0124904,0.0303569,0.050966
57,0.999586,102.002062798,0.0135927,0.0273386,0.0503563
58,0.999436,138.994889259,0.0163762,0.0366139,0.0497538
59,0.999586,102.002062798,0.0102741,0.0263382,0.0491586
60,0.999574,104.999098778,0.011575,0.0285053,0.0485705
61,0.999578,104.000086784,0.0108723,0.0286289,0.0479894
62,0.999533,115.003910065,0.0121249,0.0318212,0.0474153
63,0.999558,108.995146751,0.0108821,0.0313611,0.046848
64,0.999594,100.004038811,0.0103457,0.0276272,0.0462875
65,0.999554,109.994158745,0.0133623,0.0306205,0.0457338
66,0.999611,95.9932994843,0.00967388,0.022492,0.0451866
67,0.999586,102.002062798,0.0102719,0.0291365,0.044646
68,0.999578,104.000086784,0.00957295,0.0280867,0.0441119
69,0.999542,113.005886078,0.010877,0.0333965,0.0435842
70,0.999615,94.9942874908,0.00952755,0.0261792,0.0430627
71,0.99957,105.998110771,0.0103196,0.0300005,0.0425475
72,0.999663,83.0061435699,0.00792621,0.0251391,0.0420385
73,0.999631,90.9982395172,0.00936838,0.0243658,0.0415356
74,0.999631,90.9982395172,0.00974392,0.0280223,0.0410387
75,0.999659,84.0051555634,0.00811435,0.0257341,0.0405477
76,0.999647,87.0021915436,0.00719532,0.0243955,0.0400626
77,0.999578,104.000086784,0.0104217,0.0297467,0.0395833
78,0.99959,101.003050804,0.00741476,0.0255859,0.0391097
79,0.999675,79.9944162369,0.00591177,0.0246022,0.0386418
80,0.999659,84.0051555634,0.00816266,0.0245063,0.0381795
81,0.999651,86.0031795502,0.0082381,0.0249845,0.0377228
82,0.999688,76.9973802567,0.00665585,0.0240183,0.0372715
83,0.999716,70.0042963028,0.00552717,0.0219729,0.0368256
84,0.999663,83.0061435699,0.00715128,0.0233843,0.036385
85,0.999712,71.0033082962,0.00485501,0.0203478,0.0359497
86,0.999736,64.9945449829,0.00523482,0.0210819,0.0355196
87,0.999688,76.9973802567,0.00455703,0.0224738,0.0350947
88,0.999688,76.9973802567,0.00654308,0.024336,0.0346748
89,0.999732,65.9935569763,0.00564047,0.0180545,0.03426
90,0.99972,69.0052843094,0.00405066,0.0192461,0.0338501
91,0.999708,72.0023202896,0.00671668,0.023135,0.0334451
92,0.999692,75.9983682632,0.00511187,0.0217299,0.033045
93,0.999696,74.9993562698,0.00553322,0.022744,0.0326496
94,0.999724,68.006272316,0.00426936,0.0198292,0.032259
95,0.999744,62.9965209961,0.00403454,0.0193691,0.0318731
96,0.999785,53.006401062,0.00303525,0.0176577,0.0314918
97,0.999765,58.0014610291,0.00333613,0.0187401,0.031115
98,0.999757,59.9994850159,0.00414127,0.0193755,0.0307428
99,0.999757,59.9994850159,0.00320948,0.0158407,0.030375
100,0.999789,51.9926977158,0.00386628,0.0181911,0.0300116
101,0.999821,44.0006017685,0.00313339,0.0155785,0.0296525
102,0.999769,57.0024490356,0.00356966,0.0198681,0.0292978
103,0.999769,57.0024490356,0.00322575,0.0184187,0.0289473
104,0.99972,69.0052843094,0.0045421,0.0216693,0.028601
105,0.999805,47.9966497421,0.00264136,0.0177634,0.0282588
106,0.999777,55.0044250488,0.00369963,0.0193114,0.0279207
107,0.999821,44.0006017685,0.00252679,0.0164648,0.0275867
108,0.999846,38.006529808,0.00209327,0.0134091,0.0272566
109,0.999817,44.9996137619,0.00293975,0.0163604,0.0269305
110,0.999809,46.9976377487,0.00245314,0.0168061,0.0266084
111,0.99985,36.9928264618,0.00170285,0.0128177,0.02629
112,0.999813,45.9986257553,0.00255438,0.0152535,0.0259755
113,0.999846,38.006529808,0.00214272,0.0144418,0.0256647
114,0.999821,44.0006017685,0.00189118,0.0144324,0.0253577
115,0.999886,28.0017185211,0.00185937,0.0111111,0.0250543
116,0.99985,36.9928264618,0.0018477,0.0135944,0.0247546
117,0.999834,41.0035657883,0.00177976,0.0144286,0.0244584
118,0.999821,44.0006017685,0.00256891,0.0177625,0.0241658
119,0.999858,34.994802475,0.00134903,0.0129073,0.0238767
120,0.999862,33.9957904816,0.00162144,0.0145407,0.023591
121,0.999842,39.0055418015,0.00181895,0.014023,0.0233088
122,0.999878,29.9997425079,0.00178673,0.0146159,0.0230299
123,0.999894,26.0036945343,0.00147819,0.0135758,0.0227544
124,0.99985,36.9928264618,0.00153195,0.013179,0.0224822
125,0.999894,26.0036945343,0.00111438,0.0120034,0.0222132
126,0.999854,35.9938144684,0.00139688,0.0131433,0.0219475
127,0.999882,29.0007305145,0.00111883,0.0132052,0.0216849
128,0.999858,34.994802475,0.00135166,0.0123414,0.0214255
129,0.99987,31.9977664948,0.00116079,0.0132756,0.0211691
130,0.999899,25.0046825409,0.00098093,0.0120324,0.0209159
131,0.999894,26.0036945343,0.000774745,0.011055,0.0206656
132,0.99987,31.9977664948,0.00112471,0.0137289,0.0204184
133,0.999894,26.0036945343,0.0008504,0.0125844,0.0201741
134,0.999874,30.9987545013,0.00109767,0.0150768,0.0199328
135,0.999915,20.9939432144,0.000770017,0.00895847,0.0196943
136,0.999923,18.9959192276,0.000470908,0.0106064,0.0194587
137,0.999915,20.9939432144,0.000559616,0.00899373,0.0192259
138,0.999951,12.0028352737,0.000341966,0.00774883,0.0189959
139,0.999915,20.9939432144,0.000464287,0.0111179,0.0187686
140,0.999894,26.0036945343,0.000855177,0.0110269,0.0185441
141,0.999923,18.9959192276,0.00047202,0.0118862,0.0183222
142,0.999951,12.0028352737,0.000320096,0.00886502,0.018103
143,0.999911,21.9929552078,0.000741529,0.0112542,0.0178864
144,0.999899,25.0046825409,0.00103934,0.0137531,0.0176725
145,0.999935,15.9988832474,0.000471456,0.0103179,0.017461
146,0.999911,21.9929552078,0.000606048,0.0110583,0.0172521
147,0.999955,11.0038232803,0.000282369,0.00719849,0.0170457
148,0.999935,15.9988832474,0.000335407,0.00702101,0.0168418
149,0.999972,6.99308395386,0.000189715,0.00487851,0.0166403
150,0.999972,6.99308395386,0.000148412,0.00573617,0.0164412
151,0.999959,10.0048112869,0.000491223,0.00669612,0.0162445
152,0.999959,10.0048112869,0.000159532,0.0061053,0.0160502
153,0.99998,4.99505996704,0.00014466,0.00596688,0.0158582
154,0.999976,5.99407196045,0.000204124,0.00596524,0.0156684
155,0.999959,10.0048112869,0.000290998,0.00638531,0.015481
156,0.999968,8.00678730011,0.000172874,0.00691225,0.0152958
157,0.99998,4.99505996704,7.48225e-05,0.00546456,0.0151128
158,0.999988,2.99703598022,6.18766e-05,0.00455186,0.014932
159,0.999984,3.99604797363,6.70129e-05,0.00511065,0.0147533
160,0.999988,2.99703598022,3.21613e-05,0.00278392,0.0145768
161,0.999992,1.99802398682,2.06266e-05,0.00304982,0.0144025
162,1.0,0.0,0.0,0.0,0.0142301
1.0,0.0,555.8984909057617,1.02393,0.0118316417728,0.000891371964028
