95,80,0.4,2,1000, .1 
0,0.504406,122154.000506,1.44991e+06,270.02,0.0999996
1,0.900722,24470.0054455,1013.96,4.78977,0.0990878
2,0.993294,1652.99756527,8.53512,0.403599,0.0981843
3,0.998101,467.993044853,0.299528,0.102463,0.0972891
4,0.998901,270.996694565,0.0716375,0.0590019,0.096402
5,0.999107,220.003008842,0.0403813,0.0500633,0.095523
6,0.999055,233.00485611,0.0466048,0.0532443,0.094652
7,0.999075,227.99510479,0.0497814,0.0497879,0.0937889
8,0.998937,262.005586624,0.0533463,0.0569902,0.0929338
9,0.998965,254.997811317,0.0495598,0.0534438,0.0920864
10,0.999087,224.99806881,0.0446576,0.0483135,0.0912467
11,0.99903,238.99892807,0.0483615,0.0553315,0.0904147
12,0.999213,193.999314308,0.0368338,0.0450591,0.0895903
13,0.999043,236.00189209,0.0489695,0.0575045,0.0887734
14,0.999083,225.997080803,0.0489552,0.0514297,0.087964
15,0.999237,188.005242348,0.0382417,0.043625,0.0871619
16,0.999168,205.003137589,0.0410603,0.0484538,0.0863672
17,0.999099,222.001032829,0.045706,0.0538542,0.0855797
18,0.99912,217.005972862,0.04142,0.0511853,0.0847993
19,0.999079,226.996092796,0.0392777,0.0501691,0.0840261
20,0.999249,184.993515015,0.0326271,0.0441969,0.08326
21,0.999233,189.004254341,0.0361355,0.045172,0.0825008
22,0.999172,204.004125595,0.0375902,0.0452176,0.0817485
23,0.999201,196.996350288,0.035863,0.0500802,0.0810032
24,0.999201,196.996350288,0.0356788,0.0508062,0.0802646
25,0.999217,193.000302315,0.0389573,0.0493923,0.0795327
26,0.999124,216.006960869,0.0382632,0.0509242,0.0788075
27,0.999237,188.005242348,0.0313456,0.0427628,0.0780889
28,0.999249,184.993515015,0.0290895,0.0407564,0.0773769
29,0.999282,177.001419067,0.0291117,0.0401538,0.0766714
30,0.999318,167.995619774,0.0237136,0.0392833,0.0759723
31,0.999298,173.005371094,0.0279118,0.0425702,0.0752796
32,0.999331,164.998583794,0.0230688,0.0373188,0.0745931
33,0.999302,172.0063591,0.0261653,0.0420857,0.073913
34,0.999152,208.999185562,0.0331357,0.0439573,0.0732391
35,0.999363,157.006487846,0.0251036,0.0385965,0.0725712
36,0.999306,170.992655754,0.0245064,0.0381779,0.0719095
37,0.999306,170.992655754,0.0238909,0.0413704,0.0712539
38,0.999241,187.006230354,0.031759,0.0467237,0.0706042
39,0.999456,133.999829292,0.0197944,0.0345554,0.0699604
40,0.999383,151.996736526,0.0234727,0.0362335,0.0693225
41,0.999249,184.993515015,0.0272029,0.0468888,0.0686904
42,0.999331,164.998583794,0.0210465,0.0401321,0.0680641
43,0.999412,145.003652573,0.0206902,0.0369051,0.0674434
44,0.99942,143.005628586,0.0180253,0.0333043,0.0668285
45,0.999477,129.004769325,0.015912,0.0328326,0.0662191
46,0.99929,175.003395081,0.0216253,0.0404529,0.0656153
47,0.999327,165.997595787,0.0249285,0.0394864,0.0650171
48,0.999444,136.996865273,0.017126,0.034033,0.0644242
49,0.999416,144.004640579,0.0181865,0.0359647,0.0638368
50,0.999395,148.999700546,0.0184418,0.0375436,0.0632547
51,0.999436,138.994889259,0.0198979,0.0356575,0.062678
52,0.999432,139.993901253,0.0169889,0.034028,0.0621065
53,0.999331,164.998583794,0.0189926,0.0376649,0.0615402
54,0.99942,143.005628586,0.0182444,0.0353626,0.060979
55,0.999493,124.994029999,0.0154368,0.0335631,0.060423
56,0.999424,142.006616592,0.0161843,0.0342473,0.0598721
57,0.99946,133.000817299,0.0178264,0.0356827,0.0593262
58,0.999517,118.999958038,0.0160129,0.0350632,0.0587852
59,0.999408,146.002664566,0.0183766,0.0381249,0.0582492
60,0.999456,133.999829292,0.0158464,0.0333526,0.0577181
61,0.999444,136.996865273,0.0165606,0.035229,0.0571918
62,0.999501,122.996006012,0.0169705,0.0312525,0.0566703
63,0.99944,137.995877266,0.0160345,0.0315678,0.0561536
64,0.999533,115.003910065,0.0128434,0.0334005,0.0556416
65,0.999505,121.996994019,0.0134252,0.0304283,0.0551342
66,0.999432,139.993901253,0.0169663,0.0358558,0.0546315
67,0.999546,112.006874084,0.0108098,0.028563,0.0541334
68,0.999546,112.006874084,0.0128975,0.0318264,0.0536398
69,0.99957,105.998110771,0.0115688,0.0281095,0.0531507
70,0.999533,115.003910065,0.0131734,0.0308078,0.0526661
71,0.99955,110.993170738,0.0116581,0.0296193,0.0521858
72,0.999615,94.9942874908,0.00792784,0.0231659,0.05171
73,0.99955,110.993170738,0.0119433,0.0300952,0.0512385
74,0.999533,115.003910065,0.00965312,0.0288143,0.0507713
75,0.999667,82.0071315765,0.0071431,0.0220677,0.0503084
76,0.999635,89.9992275238,0.00783387,0.024935,0.0498497
77,0.999586,102.002062798,0.010737,0.0278644,0.0493951
78,0.999602,98.0060148239,0.00846849,0.0254395,0.0489447
79,0.999554,109.994158745,0.0109478,0.0307807,0.0484984
80,0.999615,94.9942874908,0.00839591,0.0243721,0.0480562
81,0.99959,101.003050804,0.00949266,0.0247499,0.0476181
82,0.999639,89.0002155304,0.00798459,0.0257753,0.0471839
83,0.999619,93.9952754974,0.00892485,0.0257972,0.0467536
84,0.999688,76.9973802567,0.00557977,0.0218735,0.0463273
85,0.999692,75.9983682632,0.00602817,0.0233239,0.0459049
86,0.999643,88.001203537,0.00716815,0.02246,0.0454863
87,0.999615,94.9942874908,0.00729151,0.0256396,0.0450716
88,0.999692,75.9983682632,0.00577392,0.0218051,0.0446606
89,0.999671,80.9934282303,0.00687514,0.0228071,0.0442534
90,0.999659,84.0051555634,0.00799776,0.023656,0.0438499
91,0.99968,78.9954042435,0.00559381,0.0192839,0.0434501
92,0.999643,88.001203537,0.00690742,0.0272987,0.0430539
93,0.999688,76.9973802567,0.00642179,0.022645,0.0426613
94,0.99972,69.0052843094,0.00473186,0.0200995,0.0422723
95,0.999688,76.9973802567,0.00531934,0.0205061,0.0418869
96,0.999627,91.9972515106,0.00875248,0.0265265,0.041505
97,0.999708,72.0023202896,0.00561958,0.0235622,0.0411265
98,0.999724,68.006272316,0.00567234,0.0246251,0.0407515
99,0.999696,74.9993562698,0.005508,0.021902,0.0403799
100,0.999757,59.9994850159,0.00394763,0.0176149,0.0400117
101,0.999712,71.0033082962,0.00489816,0.0196883,0.0396469
102,0.999716,70.0042963028,0.00512998,0.0227662,0.0392854
103,0.999753,60.9984970093,0.00479983,0.0178794,0.0389272
104,0.99972,69.0052843094,0.0053301,0.0226599,0.0385723
105,0.999732,65.9935569763,0.00439718,0.0198803,0.0382206
106,0.999724,68.006272316,0.00495222,0.0201099,0.0378721
107,0.999712,71.0033082962,0.0040498,0.0202695,0.0375267
108,0.999753,60.9984970093,0.00419647,0.0179531,0.0371846
109,0.999757,59.9994850159,0.00347597,0.0174383,0.0368455
110,0.999826,43.0015897751,0.00283151,0.0144764,0.0365096
111,0.999744,62.9965209961,0.00458714,0.0189794,0.0361766
112,0.999712,71.0033082962,0.00361716,0.0216197,0.0358468
113,0.999744,62.9965209961,0.00457746,0.0220579,0.0355199
114,0.999748,61.9975090027,0.00410642,0.0207522,0.0351961
115,0.999765,58.0014610291,0.00340755,0.0197291,0.0348751
116,0.999736,64.9945449829,0.00357478,0.0192127,0.0345571
117,0.999846,38.006529808,0.0016381,0.0128132,0.034242
118,0.999781,54.0054130554,0.00288104,0.0166858,0.0339298
119,0.999805,47.9966497421,0.00253121,0.0152397,0.0336204
120,0.999793,50.9936857224,0.00374752,0.018894,0.0333139
121,0.999773,56.0034370422,0.00301357,0.0157742,0.0330101
122,0.999858,34.994802475,0.0019678,0.0128599,0.0327091
123,0.999846,38.006529808,0.00184875,0.0133872,0.0324109
124,0.99983,42.0025777817,0.00249312,0.0154748,0.0321154
125,0.999813,45.9986257553,0.00236692,0.0151224,0.0318225
126,0.999813,45.9986257553,0.00202944,0.0132539,0.0315324
127,0.999817,44.9996137619,0.00299279,0.0169243,0.0312449
128,0.999866,32.9967784882,0.00175229,0.0118219,0.03096
129,0.99989,27.0027065277,0.00143118,0.0109655,0.0306777
130,0.999882,29.0007305145,0.00114041,0.010078,0.0303979
131,0.999817,44.9996137619,0.00215335,0.0156693,0.0301208
132,0.999838,40.0045537949,0.00205293,0.015449,0.0298461
133,0.999846,38.006529808,0.00183053,0.0128928,0.029574
134,0.999826,43.0015897751,0.00203886,0.0163783,0.0293043
135,0.999846,38.006529808,0.00175408,0.0124558,0.0290371
136,0.999821,44.0006017685,0.00229588,0.0161192,0.0287724
137,0.99985,36.9928264618,0.00186155,0.0137476,0.02851
138,0.999834,41.0035657883,0.00194173,0.0158076,0.0282501
139,0.999899,25.0046825409,0.00113862,0.0114697,0.0279925
140,0.999882,29.0007305145,0.0011856,0.0126597,0.0277372
141,0.999854,35.9938144684,0.00132284,0.0120686,0.0274843
142,0.99985,36.9928264618,0.00184952,0.0138782,0.0272337
143,0.999882,29.0007305145,0.00133964,0.0125329,0.0269854
144,0.999862,33.9957904816,0.00150663,0.0126354,0.0267393
145,0.99987,31.9977664948,0.000911212,0.0103466,0.0264955
146,0.999911,21.9929552078,0.00072918,0.00929607,0.0262539
147,0.999899,25.0046825409,0.000824608,0.00948093,0.0260146
148,0.999899,25.0046825409,0.000786506,0.00898269,0.0257774
149,0.999874,30.9987545013,0.000901393,0.0106012,0.0255423
150,0.999931,16.9978952408,0.000404566,0.00739193,0.0253094
151,0.999866,32.9967784882,0.00129703,0.0131862,0.0250786
152,0.999882,29.0007305145,0.000909894,0.012916,0.02485
153,0.999919,19.994931221,0.00137844,0.0117055,0.0246234
154,0.999931,16.9978952408,0.000745154,0.0092058,0.0243989
155,0.999935,15.9988832474,0.000525227,0.0094703,0.0241764
156,0.999907,23.0066585541,0.000958622,0.0100364,0.023956
157,0.999935,15.9988832474,0.000467196,0.00865204,0.0237375
158,0.999923,18.9959192276,0.000551022,0.00795563,0.0235211
159,0.999939,14.999871254,0.000522703,0.00782616,0.0233066
160,0.999919,19.994931221,0.00052649,0.00919254,0.0230941
161,0.999927,17.9969072342,0.000637778,0.00971318,0.0228835
162,0.999931,16.9978952408,0.000623621,0.00880541,0.0226749
163,0.999931,16.9978952408,0.000479614,0.00832939,0.0224681
164,0.999935,15.9988832474,0.000471341,0.0073771,0.0222633
165,0.999963,9.00579929352,0.00019595,0.00671315,0.0220603
166,0.999976,5.99407196045,9.03077e-05,0.00501113,0.0218591
167,0.999976,5.99407196045,0.00015731,0.00595907,0.0216598
168,0.99998,4.99505996704,4.82368e-05,0.00333096,0.0214623
169,0.999972,6.99308395386,0.00017744,0.00591101,0.0212666
170,0.999931,16.9978952408,0.000511316,0.0100546,0.0210727
171,0.999931,16.9978952408,0.00053037,0.00838841,0.0208805
172,0.999963,9.00579929352,0.00017005,0.00615601,0.0206902
173,0.99998,4.99505996704,4.30272e-05,0.0046186,0.0205015
174,0.999984,3.99604797363,6.42702e-05,0.00356812,0.0203146
175,0.999943,14.0008592606,0.000355058,0.00813372,0.0201293
176,0.999988,2.99703598022,0.000101552,0.00404161,0.0199458
177,0.999951,12.0028352737,0.00028912,0.00810199,0.0197639
178,0.999976,5.99407196045,0.000132786,0.00584886,0.0195837
179,0.999959,10.0048112869,0.000193173,0.00752819,0.0194051
180,0.999968,8.00678730011,0.000153418,0.00518391,0.0192282
181,0.999968,8.00678730011,0.000131668,0.00576923,0.0190529
182,0.999996,0.999011993408,5.78388e-05,0.00345891,0.0188792
183,0.99998,4.99505996704,0.000143967,0.00503509,0.018707
184,0.999984,3.99604797363,9.63562e-05,0.004563,0.0185364
185,0.999963,9.00579929352,0.000242715,0.00639915,0.0183674
186,0.999947,13.0018472672,0.000273731,0.00782225,0.0182
187,0.999968,8.00678730011,0.000157732,0.00548208,0.018034
188,0.999988,2.99703598022,5.79849e-05,0.00217629,0.0178696
189,0.999996,0.999011993408,8.1925e-06,0.00149802,0.0177066
190,0.999996,0.999011993408,1.14424e-05,0.00109489,0.0175452
191,1.0,0.0,0.0,0.0,0.0173852
1.0,0.0,654.1126155853271,1.10352,0.00950953382809,0.000747443938389
