62,80,0.2,2,1000, .1 
0,0.485662,126773.997581,1.95015e+06,321.591,0.0999993
1,0.847951,37476.9946861,2135.44,5.57706,0.0984033
2,0.986457,3337.99289703,57.635,1.01013,0.0968328
3,0.997558,601.992874146,0.795232,0.136744,0.0952873
4,0.998694,322.00507164,0.107016,0.0734699,0.0937664
5,0.99886,281.001505852,0.0568464,0.0607323,0.0922699
6,0.99901,243.993988037,0.049017,0.0570518,0.0907972
7,0.999075,227.99510479,0.0434342,0.0522892,0.0893481
8,0.998949,258.993859291,0.0532597,0.0620386,0.087922
9,0.999059,232.005844116,0.0422575,0.0526613,0.0865188
10,0.999091,223.999056816,0.0401598,0.0554949,0.0851379
11,0.999047,235.002880096,0.0389909,0.0503253,0.0837791
12,0.999205,195.997338295,0.0304384,0.043022,0.0824419
13,0.999172,204.004125595,0.0296493,0.0462094,0.0811261
14,0.99903,238.99892807,0.0425641,0.0533338,0.0798313
15,0.99916,207.001161575,0.0331715,0.0449104,0.0785571
16,0.999209,194.998326302,0.0295039,0.0434854,0.0773033
17,0.99918,202.006101608,0.0277702,0.0459979,0.0760695
18,0.999148,209.998197556,0.0316535,0.0490385,0.0748554
19,0.99927,179.998455048,0.0302323,0.0443993,0.0736607
20,0.999262,181.996479034,0.0261964,0.0412265,0.0724851
21,0.999355,159.004511833,0.0225413,0.0358135,0.0713282
22,0.9994,148.000688553,0.0161789,0.0335631,0.0701898
23,0.999209,194.998326302,0.0273087,0.0436947,0.0690695
24,0.999331,164.998583794,0.0263369,0.0413089,0.0679671
25,0.999282,177.001419067,0.0230193,0.0407509,0.0668823
26,0.999278,178.000431061,0.0225852,0.0433791,0.0658149
27,0.999258,182.995491028,0.0234998,0.0426918,0.0647644
28,0.999355,159.004511833,0.0226349,0.0420061,0.0637308
29,0.999387,150.997724533,0.0164633,0.0339083,0.0627136
30,0.999412,145.003652573,0.0176818,0.0338639,0.0617127
31,0.9994,148.000688553,0.0175145,0.0341091,0.0607277
32,0.999448,135.997853279,0.0187334,0.0373499,0.0597585
33,0.999501,122.996006012,0.0141527,0.0323449,0.0588047
34,0.999432,139.993901253,0.0161756,0.0317157,0.0578661
35,0.99942,143.005628586,0.015894,0.0346906,0.0569426
36,0.999412,145.003652573,0.0161947,0.0350049,0.0560337
37,0.999469,131.002793312,0.0132786,0.0303422,0.0551394
38,0.999351,160.003523827,0.0193835,0.039535,0.0542594
39,0.999558,108.995146751,0.0113251,0.0284769,0.0533934
40,0.999481,128.005757332,0.0125787,0.0330656,0.0525412
41,0.999489,125.993041992,0.011021,0.0292764,0.0517026
42,0.99955,110.993170738,0.0123484,0.0295474,0.0508774
43,0.999529,116.002922058,0.0117712,0.0306679,0.0500654
44,0.999513,119.998970032,0.0124609,0.0321628,0.0492663
45,0.999473,130.003781319,0.0129851,0.0312786,0.04848
46,0.999578,104.000086784,0.00860602,0.0260731,0.0477063
47,0.999594,100.004038811,0.0097576,0.027184,0.0469448
48,0.999574,104.999098778,0.0102956,0.028859,0.0461956
49,0.999493,124.994029999,0.0117683,0.0313601,0.0454583
50,0.999635,89.9992275238,0.00768647,0.0235247,0.0447327
51,0.999615,94.9942874908,0.00914227,0.0243066,0.0440188
52,0.999586,102.002062798,0.00948516,0.0257515,0.0433162
53,0.999533,115.003910065,0.00935554,0.0274065,0.0426249
54,0.999631,90.9982395172,0.00676412,0.0227524,0.0419446
55,0.99955,110.993170738,0.0100589,0.0311964,0.0412751
56,0.999704,73.001332283,0.00580388,0.0210745,0.0406164
57,0.999659,84.0051555634,0.00690854,0.0231666,0.0399681
58,0.999716,70.0042963028,0.00566727,0.0211463,0.0393302
59,0.999606,97.0070028305,0.00822727,0.0267876,0.0387025
60,0.999659,84.0051555634,0.00619163,0.0209319,0.0380848
61,0.999696,74.9993562698,0.00482249,0.0196817,0.0374769
62,0.999684,77.9963922501,0.00626603,0.0227569,0.0368788
63,0.9997,74.0003442764,0.0060404,0.0214406,0.0362902
64,0.999748,61.9975090027,0.00364011,0.0181931,0.035711
65,0.9997,74.0003442764,0.00546384,0.0217859,0.035141
66,0.99972,69.0052843094,0.00548832,0.0201553,0.0345801
67,0.999708,72.0023202896,0.00490708,0.0207735,0.0340282
68,0.999761,59.0004730225,0.00319724,0.0177925,0.0334851
69,0.999732,65.9935569763,0.00331811,0.0187578,0.0329507
70,0.999753,60.9984970093,0.00318549,0.0187093,0.0324248
71,0.999753,60.9984970093,0.00393969,0.0192344,0.0319073
72,0.999704,73.001332283,0.00400999,0.0184175,0.031398
73,0.999748,61.9975090027,0.00360215,0.0199795,0.0308969
74,0.999785,53.006401062,0.00342321,0.0171209,0.0304038
75,0.999761,59.0004730225,0.00362612,0.0187346,0.0299185
76,0.999817,44.9996137619,0.00191932,0.0153549,0.029441
77,0.999801,48.9956617355,0.002727,0.0168496,0.0289711
78,0.999813,45.9986257553,0.00244304,0.0160701,0.0285087
79,0.99983,42.0025777817,0.00196457,0.0163059,0.0280537
80,0.999781,54.0054130554,0.00317961,0.017878,0.0276059
81,0.999805,47.9966497421,0.0028848,0.016986,0.0271653
82,0.999773,56.0034370422,0.00295353,0.0176296,0.0267318
83,0.999797,49.9946737289,0.00203284,0.014857,0.0263051
84,0.999813,45.9986257553,0.00273262,0.0141472,0.0258853
85,0.999834,41.0035657883,0.00237458,0.0151002,0.0254721
86,0.999834,41.0035657883,0.00219312,0.0157056,0.0250656
87,0.999838,40.0045537949,0.00174774,0.0158472,0.0246655
88,0.999858,34.994802475,0.00184609,0.01437,0.0242719
89,0.999821,44.0006017685,0.00147286,0.0151085,0.0238845
90,0.999878,29.9997425079,0.0015621,0.0112091,0.0235033
91,0.999882,29.0007305145,0.00132692,0.0119001,0.0231282
92,0.999874,30.9987545013,0.00145489,0.0132183,0.022759
93,0.999894,26.0036945343,0.00102934,0.0131181,0.0223958
94,0.999882,29.0007305145,0.00120461,0.0110472,0.0220383
95,0.99985,36.9928264618,0.00187727,0.0143422,0.0216866
96,0.999866,32.9967784882,0.0010944,0.0103953,0.0213405
97,0.99989,27.0027065277,0.00110554,0.0110857,0.0209999
98,0.999874,30.9987545013,0.000806849,0.0101248,0.0206647
99,0.999894,26.0036945343,0.00117978,0.0120191,0.0203349
100,0.999919,19.994931221,0.000812791,0.0108415,0.0200103
101,0.999915,20.9939432144,0.000858926,0.0106981,0.0196909
102,0.999927,17.9969072342,0.000567616,0.00872877,0.0193767
103,0.999943,14.0008592606,0.000319947,0.00800124,0.0190674
104,0.999947,13.0018472672,0.000396888,0.00756694,0.0187631
105,0.999943,14.0008592606,0.000656508,0.00825596,0.0184636
106,0.999955,11.0038232803,0.000340791,0.00880111,0.0181689
107,0.999947,13.0018472672,0.000530359,0.00933674,0.017879
108,0.999943,14.0008592606,0.000448892,0.00812251,0.0175936
109,0.999963,9.00579929352,0.000362331,0.00709936,0.0173128
110,0.999959,10.0048112869,0.000514337,0.00743396,0.0170365
111,0.999968,8.00678730011,0.000345058,0.0074759,0.0167646
112,0.999939,14.999871254,0.000327206,0.008061,0.016497
113,0.999955,11.0038232803,0.000288994,0.00594649,0.0162337
114,0.999972,6.99308395386,0.000233985,0.0054212,0.0159746
115,0.999976,5.99407196045,0.000275962,0.00549164,0.0157196
116,0.999955,11.0038232803,0.000361109,0.00788114,0.0154687
117,0.999959,10.0048112869,0.00034882,0.00606604,0.0152219
118,0.999972,6.99308395386,0.000322468,0.00636039,0.0149789
119,0.999976,5.99407196045,0.000314569,0.00529872,0.0147398
120,0.99998,4.99505996704,0.000346524,0.00642428,0.0145046
121,0.999996,0.999011993408,6.76914e-06,0.00283516,0.0142731
122,1.0,0.0,0.0,0.0,0.0140453
1.0,0.0,417.39565348625183,1.03711,0.0084544098122,0.000730185223345
