79,80,0.4,2,1000, .1 
0,0.493042,124955.00242,2.0976e+06,330.733,0.0999996
1,0.943967,13811.0029078,993.895,4.24543,0.0990878
2,0.994653,1318.00533772,10.0594,0.49259,0.0981843
3,0.998568,353.003826141,0.366971,0.133005,0.0972891
4,0.998856,282.000517845,0.169196,0.106965,0.096402
5,0.998823,290.007305145,0.172757,0.107786,0.095523
6,0.999047,235.002880096,0.112796,0.0854626,0.094652
7,0.998957,256.995835304,0.169196,0.0994235,0.0937889
8,0.998957,256.995835304,0.140365,0.0990119,0.0929338
9,0.99884,285.996565819,0.171115,0.105235,0.0920864
10,0.998836,286.995577812,0.187549,0.104298,0.0912467
11,0.998892,272.994718552,0.153475,0.103587,0.0904147
12,0.999055,233.00485611,0.123344,0.0916723,0.0895903
13,0.998795,297.000389099,0.171209,0.106276,0.0887734
14,0.999152,208.999185562,0.115451,0.0861473,0.087964
15,0.998949,258.993859291,0.161471,0.0998817,0.0871619
16,0.999067,229.993128777,0.130334,0.0892828,0.0863672
17,0.998969,253.998799324,0.13004,0.0960174,0.0855797
18,0.999128,214.993257523,0.106473,0.0813308,0.0847993
19,0.998978,252.000775337,0.143192,0.0984515,0.0840261
20,0.999043,236.00189209,0.12154,0.0960251,0.08326
21,0.99912,217.005972862,0.102075,0.0824715,0.0825008
22,0.999079,226.996092796,0.10402,0.0831692,0.0817485
23,0.999018,241.99596405,0.118749,0.0951858,0.0810032
24,0.999205,195.997338295,0.0995668,0.0748844,0.0802646
25,0.99912,217.005972862,0.107261,0.0793607,0.0795327
26,0.999132,213.994245529,0.09931,0.0772758,0.0788075
27,0.999136,212.995233536,0.114231,0.0847818,0.0780889
28,0.99914,211.996221542,0.114644,0.0866693,0.0773769
29,0.999184,201.007089615,0.0955197,0.0760641,0.0766714
30,0.999059,232.005844116,0.113338,0.0916785,0.0759723
31,0.999083,225.997080803,0.111005,0.0833813,0.0752796
32,0.999193,198.994374275,0.075992,0.0703097,0.0745931
33,0.999209,194.998326302,0.0809552,0.0710347,0.073913
34,0.999335,163.9995718,0.0705128,0.0685877,0.0732391
35,0.999209,194.998326302,0.0907775,0.0721969,0.0725712
36,0.999274,178.999443054,0.0708651,0.0685904,0.0719095
37,0.999209,194.998326302,0.095024,0.0770394,0.0712539
38,0.99927,179.998455048,0.0723264,0.068703,0.0706042
39,0.999335,163.9995718,0.0550149,0.0649471,0.0699604
40,0.999249,184.993515015,0.0825586,0.0756078,0.0693225
41,0.999266,180.997467041,0.0834409,0.0697833,0.0686904
42,0.999359,158.00549984,0.0684954,0.0641502,0.0680641
43,0.999278,178.000431061,0.0648107,0.0703767,0.0674434
44,0.999164,206.002149582,0.0900797,0.0811118,0.0668285
45,0.999306,170.992655754,0.0641158,0.0620196,0.0662191
46,0.99929,175.003395081,0.0648469,0.0652681,0.0656153
47,0.999258,182.995491028,0.0796239,0.0762313,0.0650171
48,0.999335,163.9995718,0.0749194,0.0686004,0.0644242
49,0.999395,148.999700546,0.0581792,0.0624608,0.0638368
50,0.9994,148.000688553,0.0527276,0.0626987,0.0632547
51,0.999327,165.997595787,0.0647829,0.067289,0.062678
52,0.999367,155.9927845,0.0545969,0.061999,0.0621065
53,0.999327,165.997595787,0.0628286,0.0694193,0.0615402
54,0.999375,153.994760513,0.0524031,0.0569955,0.060979
55,0.999343,162.001547813,0.0628796,0.0652343,0.060423
56,0.999343,162.001547813,0.0610274,0.0599397,0.0598721
57,0.999395,148.999700546,0.049227,0.0582752,0.0593262
58,0.999424,142.006616592,0.0460198,0.0582581,0.0587852
59,0.999489,125.993041992,0.0426414,0.0503273,0.0582492
60,0.999464,132.001805305,0.0422559,0.0543287,0.0577181
61,0.999383,151.996736526,0.0530625,0.060711,0.0571918
62,0.999395,148.999700546,0.0507553,0.0562016,0.0566703
63,0.999489,125.993041992,0.0418932,0.0534392,0.0561536
64,0.999404,147.001676559,0.0490851,0.062059,0.0556416
65,0.999477,129.004769325,0.0418263,0.0529095,0.0551342
66,0.999473,130.003781319,0.0381782,0.0558492,0.0546315
67,0.999586,102.002062798,0.027086,0.0416945,0.0541334
68,0.999436,138.994889259,0.0496617,0.0585343,0.0536398
69,0.999464,132.001805305,0.036603,0.0574081,0.0531507
70,0.999493,124.994029999,0.0405689,0.0541067,0.0526661
71,0.999606,97.0070028305,0.0235529,0.0422593,0.0521858
72,0.999517,118.999958038,0.0331897,0.0485721,0.05171
73,0.999444,136.996865273,0.0410382,0.0559134,0.0512385
74,0.999513,119.998970032,0.028362,0.0468185,0.0507713
75,0.999436,138.994889259,0.0384865,0.0549139,0.0503084
76,0.999554,109.994158745,0.0329175,0.0478215,0.0498497
77,0.999574,104.999098778,0.0283899,0.0452149,0.0493951
78,0.999517,118.999958038,0.0326683,0.0471608,0.0489447
79,0.999578,104.000086784,0.0229715,0.0454188,0.0484984
80,0.999578,104.000086784,0.0343049,0.0466603,0.0480562
81,0.999578,104.000086784,0.0303011,0.0473406,0.0476181
82,0.999631,90.9982395172,0.0231025,0.0443643,0.0471839
83,0.999643,88.001203537,0.0237948,0.0385752,0.0467536
84,0.99946,133.000817299,0.0370547,0.0558341,0.0463273
85,0.999627,91.9972515106,0.0206109,0.0423432,0.0459049
86,0.99959,101.003050804,0.0252034,0.0437544,0.0454863
87,0.999619,93.9952754974,0.0217963,0.040554,0.0450716
88,0.999611,95.9932994843,0.0260165,0.0450181,0.0446606
89,0.999639,89.0002155304,0.0271476,0.0410388,0.0442534
90,0.999606,97.0070028305,0.0220173,0.0448069,0.0438499
91,0.999651,86.0031795502,0.0184191,0.0393245,0.0434501
92,0.999574,104.999098778,0.0277642,0.0476808,0.0430539
93,0.999635,89.9992275238,0.019941,0.0428333,0.0426613
94,0.999712,71.0033082962,0.0158956,0.0358501,0.0422723
95,0.999655,85.0041675568,0.0176329,0.0352123,0.0418869
96,0.999684,77.9963922501,0.0132457,0.0355073,0.041505
97,0.999582,103.001074791,0.0234633,0.0446161,0.0411265
98,0.9997,74.0003442764,0.01719,0.0417475,0.0407515
99,0.999643,88.001203537,0.0212505,0.0434854,0.0403799
100,0.999623,92.996263504,0.0239198,0.0480221,0.0400117
101,0.999675,79.9944162369,0.0150323,0.0384045,0.0396469
102,0.999696,74.9993562698,0.0132831,0.0360503,0.0392854
103,0.99974,63.9955329895,0.0145405,0.0358189,0.0389272
104,0.9997,74.0003442764,0.0154229,0.0401344,0.0385723
105,0.999659,84.0051555634,0.0147724,0.037823,0.0382206
106,0.999684,77.9963922501,0.0193828,0.042268,0.0378721
107,0.999684,77.9963922501,0.0164125,0.0408946,0.0375267
108,0.999748,61.9975090027,0.0116472,0.0299291,0.0371846
109,0.999615,94.9942874908,0.0195817,0.0460313,0.0368455
110,0.999732,65.9935569763,0.0128806,0.0325658,0.0365096
111,0.999704,73.001332283,0.0126471,0.0351448,0.0361766
112,0.999671,80.9934282303,0.0192965,0.0395926,0.0358468
113,0.999838,40.0045537949,0.00523975,0.0217468,0.0355199
114,0.99972,69.0052843094,0.0123572,0.0348496,0.0351961
115,0.999716,70.0042963028,0.0108321,0.033279,0.0348751
116,0.999793,50.9936857224,0.00924827,0.0307915,0.0345571
117,0.999696,74.9993562698,0.0147685,0.0341024,0.034242
118,0.999724,68.006272316,0.0178786,0.0462661,0.0339298
119,0.999728,67.0072603226,0.0111242,0.0346226,0.0336204
120,0.999761,59.0004730225,0.0108606,0.0350437,0.0333139
121,0.999809,46.9976377487,0.00533178,0.0270278,0.0330101
122,0.999789,51.9926977158,0.00949735,0.0296394,0.0327091
123,0.999773,56.0034370422,0.00631088,0.0306161,0.0324109
124,0.999805,47.9966497421,0.00466295,0.0242569,0.0321154
125,0.999757,59.9994850159,0.0115852,0.0339825,0.0318225
126,0.999765,58.0014610291,0.00814564,0.0286636,0.0315324
127,0.999777,55.0044250488,0.00985367,0.0356826,0.0312449
128,0.999813,45.9986257553,0.00622241,0.0298224,0.03096
129,0.999858,34.994802475,0.00465057,0.0195284,0.0306777
130,0.999801,48.9956617355,0.00651614,0.0282742,0.0303979
131,0.999813,45.9986257553,0.00504534,0.025685,0.0301208
132,0.999826,43.0015897751,0.00647143,0.0273477,0.0298461
133,0.999838,40.0045537949,0.00468947,0.0236649,0.029574
134,0.999886,28.0017185211,0.00308979,0.0188617,0.0293043
135,0.999846,38.006529808,0.00341048,0.0207058,0.0290371
136,0.999805,47.9966497421,0.00797937,0.0316126,0.0287724
137,0.999801,48.9956617355,0.0063283,0.0315757,0.02851
138,0.999834,41.0035657883,0.00419984,0.0239983,0.0282501
139,0.999842,39.0055418015,0.00443505,0.0224785,0.0279925
140,0.999838,40.0045537949,0.00472364,0.0223538,0.0277372
141,0.999797,49.9946737289,0.00575809,0.0271004,0.0274843
142,0.999878,29.9997425079,0.00355477,0.0176417,0.0272337
143,0.999903,24.0056705475,0.00253134,0.0167878,0.0269854
144,0.99985,36.9928264618,0.00404403,0.0212443,0.0267393
145,0.999927,17.9969072342,0.0013865,0.0129785,0.0264955
146,0.999899,25.0046825409,0.00240396,0.0170587,0.0262539
147,0.999854,35.9938144684,0.00428116,0.0236499,0.0260146
148,0.999886,28.0017185211,0.00269313,0.0197131,0.0257774
149,0.99987,31.9977664948,0.00332525,0.0192226,0.0255423
150,0.99985,36.9928264618,0.00359134,0.0223664,0.0253094
151,0.999874,30.9987545013,0.00257418,0.0184064,0.0250786
152,0.999911,21.9929552078,0.00171342,0.0170334,0.02485
153,0.999911,21.9929552078,0.00202446,0.0189121,0.0246234
154,0.999903,24.0056705475,0.00240758,0.0172999,0.0243989
155,0.999931,16.9978952408,0.00180317,0.0118781,0.0241764
156,0.999923,18.9959192276,0.00152783,0.016911,0.023956
157,0.999951,12.0028352737,0.000552357,0.0120847,0.0237375
158,0.999903,24.0056705475,0.00323526,0.0183246,0.0235211
159,0.999955,11.0038232803,0.000801055,0.00976247,0.0233066
160,0.999935,15.9988832474,0.00137101,0.0124137,0.0230941
161,0.999943,14.0008592606,0.00075066,0.0122506,0.0228835
162,0.999968,8.00678730011,0.000974148,0.0103927,0.0226749
163,0.999939,14.999871254,0.00104856,0.0113244,0.0224681
164,0.999972,6.99308395386,0.000711271,0.00883194,0.0222633
165,0.999959,10.0048112869,0.000500055,0.0103991,0.0220603
166,0.999972,6.99308395386,0.000419299,0.00703766,0.0218591
167,0.999963,9.00579929352,0.000723966,0.0107807,0.0216598
168,0.999951,12.0028352737,0.000995517,0.0122569,0.0214623
169,0.999939,14.999871254,0.00127283,0.0116316,0.0212666
170,0.999939,14.999871254,0.000672761,0.00925815,0.0210727
171,0.99998,4.99505996704,0.000255854,0.00804569,0.0208805
172,0.99998,4.99505996704,0.000435385,0.00803468,0.0206902
173,0.999984,3.99604797363,0.000127637,0.00339791,0.0205015
174,0.999996,0.999011993408,7.45705e-06,0.000585581,0.0203146
175,0.999992,1.99802398682,4.28638e-05,0.00195712,0.0201293
176,1.0,0.0,0.0,0.0,0.0199458
1.0,0.0,631.8513948917389,1.56641,0.0108680574236,0.000795684848261
