75,80,0.6,2,1000, .1 
0,0.4977,123806.998072,1.97014e+06,312.863,0.0999998
1,0.842332,38862.0072842,2278.01,6.0646,0.0994904
2,0.981816,4481.99385166,65.9463,0.94982,0.0989837
3,0.995906,1009.00211334,3.2926,0.214122,0.0984795
4,0.997984,496.993775368,0.270688,0.0783737,0.0979779
5,0.998568,353.003826141,0.0755669,0.0581295,0.0974788
6,0.998783,299.997425079,0.0457736,0.0486189,0.0969823
7,0.998852,282.999529839,0.0400158,0.051562,0.0964883
8,0.998974,252.999787331,0.0361914,0.0477181,0.0959968
9,0.998905,269.997682571,0.042071,0.0534097,0.0955079
10,0.998933,263.004598618,0.0393779,0.0483389,0.0950214
11,0.998986,250.00275135,0.0356153,0.0459809,0.0945374
12,0.999095,223.000044823,0.0289123,0.0417339,0.0940559
13,0.998986,250.00275135,0.0382268,0.0481863,0.0935768
14,0.999002,246.006703377,0.0351778,0.0455217,0.0931001
15,0.998978,252.000775337,0.0352481,0.0498856,0.0926259
16,0.998905,269.997682571,0.0407011,0.050637,0.0921541
17,0.998917,267.000646591,0.0376098,0.0497544,0.0916847
18,0.999063,231.006832123,0.0344489,0.0472348,0.0912177
19,0.999038,237.000904083,0.0315333,0.0446323,0.0907531
20,0.998969,253.998799324,0.0332902,0.0467028,0.0902909
21,0.998974,252.999787331,0.0339253,0.0464908,0.0898309
22,0.998892,272.994718552,0.0411169,0.0507699,0.0893734
23,0.999083,225.997080803,0.0280326,0.0409549,0.0889182
24,0.999067,229.993128777,0.0272376,0.0419524,0.0884652
25,0.999103,221.002020836,0.0259767,0.0424773,0.0880146
26,0.99899,249.003739357,0.0309119,0.0435612,0.0875663
27,0.999116,218.004984856,0.0288325,0.0408282,0.0871203
28,0.998961,255.996823311,0.0408613,0.0480144,0.0866766
29,0.999205,195.997338295,0.0212802,0.035713,0.0862351
30,0.999103,221.002020836,0.0250804,0.0406841,0.0857958
31,0.998994,248.004727364,0.0348514,0.0457137,0.0853588
32,0.998986,250.00275135,0.034698,0.0451856,0.084924
33,0.999091,223.999056816,0.0268743,0.0401657,0.0844915
34,0.998953,257.994847298,0.0350984,0.0445161,0.0840611
35,0.999201,196.996350288,0.0252965,0.0410894,0.0836329
36,0.99912,217.005972862,0.0256265,0.0381405,0.0832069
37,0.999059,232.005844116,0.0299682,0.0434146,0.0827831
38,0.998925,265.002622604,0.0328374,0.0483148,0.0823614
39,0.99916,207.001161575,0.0249247,0.0431307,0.0819419
40,0.999156,208.000173569,0.0274015,0.0415962,0.0815246
41,0.999047,235.002880096,0.027331,0.0451189,0.0811093
42,0.999225,191.002278328,0.0201456,0.0372164,0.0806962
43,0.999136,212.995233536,0.0217383,0.038346,0.0802851
44,0.999124,216.006960869,0.0238892,0.043122,0.0798762
45,0.999136,212.995233536,0.0252829,0.0378077,0.0794693
46,0.999128,214.993257523,0.023507,0.0416661,0.0790645
47,0.999245,186.007218361,0.0209411,0.0361015,0.0786618
48,0.999197,197.995362282,0.0213962,0.0346702,0.0782612
49,0.99916,207.001161575,0.023877,0.0414834,0.0778625
50,0.999083,225.997080803,0.0253744,0.0393326,0.0774659
51,0.999266,180.997467041,0.0205391,0.034651,0.0770714
52,0.999193,198.994374275,0.0205256,0.0374769,0.0766788
53,0.999249,184.993515015,0.0170841,0.0354661,0.0762882
54,0.999249,184.993515015,0.0195875,0.0344147,0.0758996
55,0.99918,202.006101608,0.0221755,0.0387098,0.075513
56,0.99914,211.996221542,0.0251443,0.0404711,0.0751284
57,0.999245,186.007218361,0.020259,0.0349589,0.0747457
58,0.999168,205.003137589,0.0217336,0.0385595,0.074365
59,0.999205,195.997338295,0.0219323,0.0383793,0.0739862
60,0.999172,204.004125595,0.0216225,0.0373131,0.0736094
61,0.999189,199.993386269,0.0244408,0.0380517,0.0732344
62,0.999213,193.999314308,0.0202717,0.0390259,0.0728614
63,0.999282,177.001419067,0.0212811,0.0368908,0.0724903
64,0.999184,201.007089615,0.0218605,0.0420165,0.072121
65,0.999233,189.004254341,0.0201588,0.0344325,0.0717537
66,0.999217,193.000302315,0.020274,0.0375709,0.0713882
67,0.999217,193.000302315,0.0200717,0.0376973,0.0710246
68,0.999286,176.002407074,0.0209973,0.0343449,0.0706628
69,0.999176,203.005113602,0.0200677,0.0396312,0.0703029
70,0.99918,202.006101608,0.0195094,0.0388491,0.0699448
71,0.999282,177.001419067,0.0166936,0.0335799,0.0695885
72,0.999343,162.001547813,0.016974,0.032365,0.0692341
73,0.999367,155.9927845,0.013609,0.0310281,0.0688814
74,0.999383,151.996736526,0.0132437,0.0283967,0.0685306
75,0.99931,169.993643761,0.0192038,0.0325578,0.0681815
76,0.999331,164.998583794,0.0156705,0.0319597,0.0678342
77,0.999237,188.005242348,0.0202317,0.0379535,0.0674887
78,0.999339,163.000559807,0.0157777,0.0322357,0.0671449
79,0.999229,190.003266335,0.0201431,0.0362209,0.0668029
80,0.999485,127.006745338,0.0110327,0.0252089,0.0664627
81,0.999322,166.99660778,0.0142804,0.0324976,0.0661241
82,0.999302,172.0063591,0.0146799,0.031269,0.0657873
83,0.999383,151.996736526,0.0148542,0.0295325,0.0654522
84,0.999294,174.004383087,0.0152786,0.0334315,0.0651188
85,0.99927,179.998455048,0.0178075,0.0328731,0.0647871
86,0.999408,146.002664566,0.0121724,0.0275951,0.0644572
87,0.999387,150.997724533,0.0126977,0.0301341,0.0641288
88,0.999383,151.996736526,0.0135311,0.0288617,0.0638022
89,0.999229,190.003266335,0.0181371,0.0360815,0.0634772
90,0.99944,137.995877266,0.013528,0.0296848,0.0631539
91,0.999363,157.006487846,0.0141083,0.0299755,0.0628322
92,0.999367,155.9927845,0.012779,0.0338792,0.0625122
93,0.99942,143.005628586,0.0144812,0.0297445,0.0621938
94,0.999432,139.993901253,0.0121156,0.0302195,0.061877
95,0.999424,142.006616592,0.012992,0.0279549,0.0615618
96,0.999375,153.994760513,0.0110034,0.0299235,0.0612482
97,0.999404,147.001676559,0.0132149,0.0329182,0.0609362
98,0.999375,153.994760513,0.012602,0.0303109,0.0606259
99,0.999477,129.004769325,0.0109611,0.0269551,0.0603171
100,0.999387,150.997724533,0.0136555,0.0301466,0.0600098
101,0.999448,135.997853279,0.0104095,0.0284267,0.0597042
102,0.999436,138.994889259,0.0109918,0.0255702,0.0594001
103,0.999339,163.000559807,0.013202,0.0311531,0.0590975
104,0.99946,133.000817299,0.00873478,0.025646,0.0587965
105,0.999359,158.00549984,0.0147664,0.0317657,0.058497
106,0.999404,147.001676559,0.0117907,0.0299184,0.058199
107,0.999452,134.998841286,0.00967951,0.0275014,0.0579026
108,0.999383,151.996736526,0.0137604,0.0299727,0.0576077
109,0.999363,157.006487846,0.0135485,0.0329716,0.0573142
110,0.999489,125.993041992,0.00967878,0.0262979,0.0570223
111,0.999493,124.994029999,0.0095732,0.0273045,0.0567318
112,0.999456,133.999829292,0.00955092,0.0281607,0.0564429
113,0.999383,151.996736526,0.011715,0.029501,0.0561554
114,0.999513,119.998970032,0.00833026,0.0272229,0.0558694
115,0.999493,124.994029999,0.00873853,0.0258929,0.0555848
116,0.999359,158.00549984,0.0124755,0.0301148,0.0553016
117,0.999428,140.992913246,0.0105788,0.0280278,0.05502
118,0.99946,133.000817299,0.0102576,0.0269695,0.0547397
119,0.999554,109.994158745,0.00828325,0.0258949,0.0544609
120,0.999529,116.002922058,0.00786973,0.0248706,0.0541835
121,0.999428,140.992913246,0.0123202,0.0304662,0.0539075
122,0.999574,104.999098778,0.00806039,0.0241862,0.0536329
123,0.999416,144.004640579,0.0115601,0.0338094,0.0533597
124,0.999477,129.004769325,0.00952771,0.0261978,0.0530879
125,0.999469,131.002793312,0.00910766,0.0291087,0.0528175
126,0.999525,117.001934052,0.0073692,0.02394,0.0525485
127,0.999477,129.004769325,0.00920288,0.0271077,0.0522809
128,0.999505,121.996994019,0.00983039,0.027504,0.0520146
129,0.99946,133.000817299,0.010667,0.027654,0.0517496
130,0.999537,114.004898071,0.00723441,0.0242641,0.051486
131,0.999477,129.004769325,0.00824131,0.0262703,0.0512238
132,0.999517,118.999958038,0.00723026,0.0250964,0.0509629
133,0.999578,104.000086784,0.00797833,0.0248054,0.0507033
134,0.999521,118.000946045,0.00751156,0.0245725,0.050445
135,0.999566,106.997122765,0.00675729,0.0233481,0.0501881
136,0.999456,133.999829292,0.0110063,0.0289873,0.0499324
137,0.999582,103.001074791,0.00589985,0.0207,0.0496781
138,0.999533,115.003910065,0.00921771,0.0254289,0.0494251
139,0.99957,105.998110771,0.00613037,0.0227774,0.0491733
140,0.999562,107.996134758,0.00720645,0.0235344,0.0489228
141,0.999562,107.996134758,0.00746226,0.0246575,0.0486737
142,0.999582,103.001074791,0.00697228,0.0220453,0.0484257
143,0.999635,89.9992275238,0.00510535,0.0188519,0.0481791
144,0.999542,113.005886078,0.00679953,0.0232677,0.0479337
145,0.999558,108.995146751,0.00651886,0.022676,0.0476895
146,0.999623,92.996263504,0.00571809,0.0203528,0.0474466
147,0.999602,98.0060148239,0.00559226,0.024494,0.0472049
148,0.999655,85.0041675568,0.00521433,0.0195261,0.0469645
149,0.999558,108.995146751,0.00608623,0.0251612,0.0467253
150,0.999635,89.9992275238,0.0050639,0.0205034,0.0464873
151,0.999611,95.9932994843,0.00616802,0.0210273,0.0462505
152,0.999627,91.9972515106,0.00508557,0.0199323,0.0460149
153,0.999611,95.9932994843,0.00593333,0.0230655,0.0457805
154,0.999688,76.9973802567,0.00383754,0.0172683,0.0455473
155,0.999615,94.9942874908,0.00530344,0.0201489,0.0453153
156,0.999635,89.9992275238,0.0052301,0.0192551,0.0450845
157,0.999582,103.001074791,0.00697025,0.0258654,0.0448549
158,0.999582,103.001074791,0.00702525,0.0237961,0.0446264
159,0.999598,99.0050268173,0.00593291,0.0230734,0.0443991
160,0.999619,93.9952754974,0.00510449,0.0209575,0.0441729
161,0.999586,102.002062798,0.00633908,0.023517,0.0439479
162,0.999659,84.0051555634,0.00497734,0.0188975,0.0437241
163,0.999643,88.001203537,0.00438637,0.019951,0.0435014
164,0.999598,99.0050268173,0.00573374,0.0224974,0.0432798
165,0.999659,84.0051555634,0.00435866,0.0187768,0.0430594
166,0.999639,89.0002155304,0.00472674,0.0193597,0.04284
167,0.999684,77.9963922501,0.00425097,0.0204945,0.0426218
168,0.999598,99.0050268173,0.00589516,0.0222176,0.0424047
169,0.999651,86.0031795502,0.00470863,0.0191988,0.0421887
170,0.999684,77.9963922501,0.00421821,0.017875,0.0419738
171,0.99968,78.9954042435,0.00398686,0.0176417,0.04176
172,0.999659,84.0051555634,0.0049721,0.0194893,0.0415473
173,0.999643,88.001203537,0.00451312,0.0185323,0.0413357
174,0.999736,64.9945449829,0.00324516,0.0169238,0.0411252
175,0.999704,73.001332283,0.00429337,0.0182243,0.0409157
176,0.999684,77.9963922501,0.00385831,0.0207344,0.0407073
177,0.999704,73.001332283,0.00389675,0.0189267,0.0404999
178,0.999704,73.001332283,0.00302855,0.0157109,0.0402936
179,0.999696,74.9993562698,0.00295602,0.0166056,0.0400884
180,0.999643,88.001203537,0.00456826,0.0183811,0.0398842
181,0.999744,62.9965209961,0.0029489,0.01633,0.0396811
182,0.999696,74.9993562698,0.00380476,0.0194546,0.0394789
183,0.999712,71.0033082962,0.00310004,0.0157794,0.0392778
184,0.999732,65.9935569763,0.00356851,0.0165325,0.0390778
185,0.999696,74.9993562698,0.00363877,0.0164666,0.0388787
186,0.999696,74.9993562698,0.00409499,0.0181718,0.0386807
187,0.999671,80.9934282303,0.00414918,0.0178298,0.0384837
188,0.99968,78.9954042435,0.00441038,0.0205721,0.0382877
189,0.999671,80.9934282303,0.00337822,0.0189447,0.0380926
190,0.999647,87.0021915436,0.00353762,0.0169456,0.0378986
191,0.999696,74.9993562698,0.00345428,0.0192923,0.0377056
192,0.999789,51.9926977158,0.00221314,0.0138524,0.0375135
193,0.999773,56.0034370422,0.00245949,0.0129593,0.0373224
194,0.999716,70.0042963028,0.00349059,0.0176719,0.0371323
195,0.999724,68.006272316,0.00314686,0.0172305,0.0369432
196,0.999744,62.9965209961,0.00279453,0.015402,0.036755
197,0.999744,62.9965209961,0.00262384,0.0160702,0.0365678
198,0.99974,63.9955329895,0.00267106,0.0158964,0.0363816
199,0.999712,71.0033082962,0.00334239,0.0177497,0.0361962
200,0.999712,71.0033082962,0.0029517,0.0164315,0.0360119
201,0.999785,53.006401062,0.00250317,0.0153629,0.0358284
202,0.99972,69.0052843094,0.00337842,0.0181231,0.0356459
203,0.999757,59.9994850159,0.00248565,0.0165858,0.0354644
204,0.999744,62.9965209961,0.00278751,0.0158599,0.0352837
205,0.999736,64.9945449829,0.0028574,0.0171016,0.035104
206,0.999728,67.0072603226,0.00300598,0.0176421,0.0349252
207,0.999765,58.0014610291,0.00272061,0.0158334,0.0347473
208,0.999732,65.9935569763,0.00275867,0.0171735,0.0345703
209,0.999793,50.9936857224,0.00183047,0.0127667,0.0343942
210,0.999789,51.9926977158,0.00182299,0.0128758,0.0342191
211,0.999789,51.9926977158,0.00156872,0.0147562,0.0340448
212,0.999761,59.0004730225,0.00271983,0.0164183,0.0338713
213,0.999777,55.0044250488,0.00217834,0.0135055,0.0336988
214,0.999761,59.0004730225,0.00223789,0.0156392,0.0335272
215,0.999765,58.0014610291,0.00236608,0.014028,0.0333564
216,0.99972,69.0052843094,0.00254051,0.0155511,0.0331865
217,0.999724,68.006272316,0.00268237,0.0176068,0.0330175
218,0.999769,57.0024490356,0.00162057,0.012743,0.0328493
219,0.999748,61.9975090027,0.00264622,0.0175866,0.032682
220,0.999716,70.0042963028,0.00271129,0.0173479,0.0325155
221,0.999801,48.9956617355,0.00128521,0.0119495,0.0323499
222,0.999801,48.9956617355,0.00161799,0.0142476,0.0321851
223,0.999821,44.0006017685,0.00140369,0.0127344,0.0320212
224,0.999817,44.9996137619,0.00141725,0.0140845,0.0318581
225,0.999838,40.0045537949,0.00143627,0.0114363,0.0316958
226,0.999765,58.0014610291,0.00228444,0.0166836,0.0315343
227,0.999765,58.0014610291,0.00203519,0.0141008,0.0313737
228,0.999834,41.0035657883,0.00141208,0.0113862,0.0312139
229,0.999817,44.9996137619,0.00168705,0.0142439,0.0310549
230,0.999838,40.0045537949,0.00158375,0.0127917,0.0308967
231,0.999805,47.9966497421,0.00161802,0.0131404,0.0307394
232,0.999785,53.006401062,0.00181083,0.0156628,0.0305828
233,0.999805,47.9966497421,0.00197299,0.0140965,0.030427
234,0.999777,55.0044250488,0.00184864,0.013381,0.030272
235,0.999801,48.9956617355,0.00137665,0.0119239,0.0301178
236,0.999842,39.0055418015,0.00106165,0.0105884,0.0299644
237,0.999842,39.0055418015,0.00142626,0.0107467,0.0298118
238,0.999813,45.9986257553,0.00146785,0.0134088,0.02966
239,0.999777,55.0044250488,0.00183489,0.0152107,0.0295089
240,0.999809,46.9976377487,0.00163756,0.0126035,0.0293586
241,0.999785,53.006401062,0.0020573,0.0132341,0.029209
242,0.999789,51.9926977158,0.00165119,0.0137107,0.0290603
243,0.999797,49.9946737289,0.00157875,0.012502,0.0289122
244,0.999907,23.0066585541,0.00065234,0.00744017,0.028765
245,0.99989,27.0027065277,0.000509667,0.00847157,0.0286184
246,0.999874,30.9987545013,0.000775412,0.0113695,0.0284727
247,0.999858,34.994802475,0.0010627,0.0114739,0.0283277
248,0.999842,39.0055418015,0.00101762,0.0110636,0.0281834
249,0.999838,40.0045537949,0.00103707,0.0123952,0.0280398
250,0.999894,26.0036945343,0.000934411,0.00913609,0.027897
251,0.999854,35.9938144684,0.00099632,0.0131586,0.0277549
252,0.999862,33.9957904816,0.00102323,0.0111437,0.0276135
253,0.999813,45.9986257553,0.00142685,0.0130442,0.0274729
254,0.999769,57.0024490356,0.00158644,0.0141049,0.0273329
255,0.999911,21.9929552078,0.000412738,0.00734008,0.0271937
256,0.999886,28.0017185211,0.000865399,0.0101422,0.0270552
257,0.999894,26.0036945343,0.000649613,0.0087643,0.0269174
258,0.999874,30.9987545013,0.000749421,0.00935902,0.0267803
259,0.99989,27.0027065277,0.0007552,0.0106929,0.0266439
260,0.999846,38.006529808,0.00116044,0.01218,0.0265082
261,0.999886,28.0017185211,0.000810002,0.00959952,0.0263731
262,0.999874,30.9987545013,0.00105726,0.0113492,0.0262388
263,0.999821,44.0006017685,0.00156545,0.0132517,0.0261052
264,0.999899,25.0046825409,0.000738436,0.00886885,0.0259722
265,0.999919,19.994931221,0.0004798,0.007659,0.0258399
266,0.999882,29.0007305145,0.00108468,0.0114562,0.0257083
267,0.999862,33.9957904816,0.00111066,0.0112383,0.0255773
268,0.999878,29.9997425079,0.000554378,0.00888559,0.0254471
269,0.999874,30.9987545013,0.000850081,0.0097869,0.0253174
270,0.999854,35.9938144684,0.000820393,0.0107239,0.0251885
271,0.999842,39.0055418015,0.00114356,0.0129786,0.0250602
272,0.999874,30.9987545013,0.000722244,0.0106066,0.0249325
273,0.999846,38.006529808,0.0011821,0.0114724,0.0248055
274,0.999919,19.994931221,0.000360735,0.00755962,0.0246792
275,0.999911,21.9929552078,0.000807659,0.00919843,0.0245535
276,0.999919,19.994931221,0.000433908,0.00780572,0.0244284
277,0.999927,17.9969072342,0.000403655,0.00939841,0.024304
278,0.999927,17.9969072342,0.000570566,0.00751999,0.0241802
279,0.999907,23.0066585541,0.000530503,0.00813572,0.024057
280,0.999935,15.9988832474,0.000355653,0.00637257,0.0239345
281,0.999923,18.9959192276,0.000433861,0.00677383,0.0238126
282,0.999927,17.9969072342,0.00030172,0.00884947,0.0236913
283,0.999935,15.9988832474,0.000314863,0.00576677,0.0235706
284,0.999919,19.994931221,0.000411607,0.0080361,0.0234506
285,0.999915,20.9939432144,0.000376324,0.00907947,0.0233311
286,0.999955,11.0038232803,0.000167942,0.00597036,0.0232123
287,0.999923,18.9959192276,0.000527465,0.00855452,0.023094
288,0.999903,24.0056705475,0.000660437,0.00844354,0.0229764
289,0.999907,23.0066585541,0.000482095,0.00978573,0.0228594
290,0.999878,29.9997425079,0.000546123,0.00841312,0.0227429
291,0.999911,21.9929552078,0.00034916,0.00626244,0.0226271
292,0.999923,18.9959192276,0.000342393,0.00710186,0.0225118
293,0.999923,18.9959192276,0.000260402,0.00880608,0.0223972
294,0.999919,19.994931221,0.000423284,0.007281,0.0222831
295,0.999907,23.0066585541,0.000417747,0.00813297,0.0221696
296,0.999939,14.999871254,0.000256728,0.00620713,0.0220567
297,0.999919,19.994931221,0.00074641,0.00918048,0.0219443
298,0.999903,24.0056705475,0.000594142,0.00800113,0.0218325
299,0.999955,11.0038232803,0.000116846,0.00426258,0.0217213
300,0.999959,10.0048112869,0.000240595,0.00598044,0.0216107
301,0.999951,12.0028352737,0.000254243,0.00648679,0.0215006
302,0.999923,18.9959192276,0.000341711,0.00889977,0.0213911
303,0.999915,20.9939432144,0.000415983,0.00705754,0.0212822
304,0.999935,15.9988832474,0.000314053,0.00507642,0.0211738
305,0.999968,8.00678730011,9.62999e-05,0.00302538,0.0210659
306,0.999968,8.00678730011,0.000115531,0.00364776,0.0209586
307,0.999951,12.0028352737,0.000178542,0.00460936,0.0208518
308,0.999984,3.99604797363,3.77789e-05,0.00187936,0.0207456
309,0.999992,1.99802398682,3.08372e-05,0.00306782,0.02064
310,0.999943,14.0008592606,0.000228838,0.0070064,0.0205348
311,0.999972,6.99308395386,0.000116096,0.00370818,0.0204302
312,0.99998,4.99505996704,6.77461e-05,0.00356266,0.0203262
313,0.999988,2.99703598022,2.33531e-05,0.00296085,0.0202226
314,0.999976,5.99407196045,6.14805e-05,0.00412328,0.0201196
315,0.999984,3.99604797363,6.00274e-05,0.00201788,0.0200172
316,0.999992,1.99802398682,2.0913e-05,0.00165539,0.0199152
317,0.99998,4.99505996704,4.13352e-05,0.00282692,0.0198138
318,0.999996,0.999011993408,1.14723e-05,0.00238897,0.0197128
319,0.999992,1.99802398682,2.52747e-05,0.00145451,0.0196124
320,0.999996,0.999011993408,2.11628e-05,0.00136595,0.0195125
321,0.999996,0.999011993408,2.14673e-05,0.00252087,0.0194131
322,0.999996,0.999011993408,4.4953e-06,0.000219694,0.0193143
323,1.0,0.0,4.0201e-06,0.000280326,0.0192159
1.0,4.0201e-06,1192.118680715561,0.45578,0.00962895643264,0.000762502898558
