37,80,0.9,2,1000, .1 
0,0.49733,123898.003657,2.02466e+06,318.698,0.1
1,0.860265,34441.9962502,3558.38,8.18297,0.0998947
2,0.994466,1364.00396347,10.6627,0.50726,0.0997895
3,0.998519,365.006661415,0.2927,0.124589,0.0996845
4,0.99886,281.001505852,0.17408,0.100531,0.0995795
5,0.998933,263.004598618,0.156387,0.0994607,0.0994747
6,0.998856,282.000517845,0.174105,0.103093,0.09937
7,0.998791,297.999401093,0.197895,0.113188,0.0992654
8,0.99884,285.996565819,0.177813,0.108786,0.0991609
9,0.998848,283.998541832,0.162795,0.0993012,0.0990565
10,0.998726,313.99828434,0.204409,0.113336,0.0989522
11,0.998905,269.997682571,0.16254,0.105004,0.0988481
12,0.998815,292.005329132,0.179303,0.107015,0.098744
13,0.998925,265.002622604,0.153645,0.0956276,0.09864
14,0.998921,266.001634598,0.152846,0.0990242,0.0985362
15,0.998844,284.997553825,0.181249,0.105664,0.0984325
16,0.99888,276.006445885,0.176006,0.0949508,0.0983289
17,0.998836,286.995577812,0.160523,0.105343,0.0982253
18,0.998702,320.007047653,0.2086,0.119328,0.0981219
19,0.998844,284.997553825,0.197404,0.110389,0.0980186
20,0.998836,286.995577812,0.174856,0.102778,0.0979155
21,0.998901,270.996694565,0.175601,0.101294,0.0978124
22,0.998888,273.993730545,0.158179,0.100313,0.0977094
23,0.998823,290.007305145,0.16363,0.106309,0.0976066
24,0.998909,268.998670578,0.15311,0.0960723,0.0975038
25,0.998998,247.00571537,0.13967,0.0897552,0.0974012
26,0.998909,268.998670578,0.157665,0.0999338,0.0972986
27,0.998791,297.999401093,0.191991,0.110562,0.0971962
28,0.998901,270.996694565,0.165857,0.100519,0.0970939
29,0.998921,266.001634598,0.145954,0.0958313,0.0969917
30,0.998986,250.00275135,0.130632,0.0868076,0.0968896
31,0.998694,322.00507164,0.193357,0.115138,0.0967876
32,0.998649,332.994203568,0.225586,0.122485,0.0966857
33,0.998836,286.995577812,0.150806,0.102366,0.0965839
34,0.998763,305.007176399,0.192286,0.110015,0.0964822
35,0.998811,293.004341125,0.177455,0.109661,0.0963807
36,0.998876,277.005457878,0.168425,0.102601,0.0962792
37,0.998909,268.998670578,0.155479,0.098297,0.0961778
38,0.998807,294.003353119,0.177368,0.106836,0.0960766
39,0.998844,284.997553825,0.163819,0.101024,0.0959755
40,0.999026,239.997940063,0.143937,0.0904881,0.0958744
41,0.998864,280.002493858,0.161773,0.0993614,0.0957735
42,0.998872,278.004469872,0.169039,0.106519,0.0956727
43,0.99899,249.003739357,0.140361,0.0918632,0.095572
44,0.998888,273.993730545,0.161916,0.102754,0.0954713
45,0.998811,293.004341125,0.195144,0.115111,0.0953708
46,0.999091,223.999056816,0.115452,0.0820412,0.0952704
47,0.99871,317.994332314,0.200069,0.114825,0.0951702
48,0.998937,262.005586624,0.166962,0.0989019,0.09507
49,0.998982,251.001763344,0.154934,0.0936925,0.0949699
50,0.998913,267.999658585,0.144124,0.0917631,0.0948699
51,0.998913,267.999658585,0.16408,0.100421,0.09477
52,0.99914,211.996221542,0.0969215,0.0792595,0.0946703
53,0.998982,251.001763344,0.12943,0.0938495,0.0945706
54,0.998994,248.004727364,0.138459,0.0911221,0.0944711
55,0.998868,279.003481865,0.169076,0.0993765,0.0943716
56,0.99901,243.993988037,0.132855,0.0895026,0.0942723
57,0.998852,282.999529839,0.150794,0.0997265,0.094173
58,0.998913,267.999658585,0.149779,0.0934021,0.0940739
59,0.99899,249.003739357,0.145312,0.0908186,0.0939749
60,0.998921,266.001634598,0.152314,0.0906291,0.0938759
61,0.998852,282.999529839,0.176819,0.108235,0.0937771
62,0.998852,282.999529839,0.156496,0.0996315,0.0936784
63,0.999002,246.006703377,0.141646,0.0877464,0.0935798
64,0.998957,256.995835304,0.130399,0.0939111,0.0934813
65,0.998905,269.997682571,0.165563,0.0986449,0.0933828
66,0.999002,246.006703377,0.134015,0.0918359,0.0932845
67,0.998953,257.994847298,0.146558,0.0947923,0.0931863
68,0.999168,205.003137589,0.119469,0.0782115,0.0930882
69,0.998921,266.001634598,0.165429,0.0996262,0.0929902
70,0.998848,283.998541832,0.180125,0.099104,0.0928923
71,0.998982,251.001763344,0.133416,0.0912179,0.0927946
72,0.998901,270.996694565,0.152204,0.0990432,0.0926969
73,0.998945,259.992871284,0.142362,0.093985,0.0925993
74,0.998864,280.002493858,0.153342,0.0947296,0.0925018
75,0.999014,242.994976044,0.132328,0.0878171,0.0924044
76,0.999091,223.999056816,0.111942,0.0785995,0.0923072
77,0.998953,257.994847298,0.142105,0.0957886,0.09221
78,0.998892,272.994718552,0.143987,0.0941648,0.0921129
79,0.998884,274.992742538,0.156488,0.0952674,0.092016
80,0.999018,241.99596405,0.135613,0.0925433,0.0919191
81,0.998998,247.00571537,0.137951,0.0940725,0.0918223
82,0.999043,236.00189209,0.130564,0.0915024,0.0917257
83,0.998945,259.992871284,0.13862,0.0928364,0.0916291
84,0.998998,247.00571537,0.130375,0.0916085,0.0915326
85,0.998961,255.996823311,0.148594,0.0917726,0.0914363
86,0.999111,219.003996849,0.119397,0.0820468,0.09134
87,0.99914,211.996221542,0.116326,0.0792859,0.0912439
88,0.998994,248.004727364,0.11498,0.0854372,0.0911478
89,0.999067,229.993128777,0.117219,0.085218,0.0910519
90,0.999043,236.00189209,0.128842,0.0837934,0.090956
91,0.998909,268.998670578,0.159736,0.103489,0.0908603
92,0.998949,258.993859291,0.138358,0.0928111,0.0907646
93,0.998901,270.996694565,0.159074,0.101921,0.0906691
94,0.999063,231.006832123,0.121896,0.0844245,0.0905736
95,0.998949,258.993859291,0.138465,0.101168,0.0904783
96,0.99901,243.993988037,0.13412,0.0912753,0.090383
97,0.999148,209.998197556,0.1169,0.0780886,0.0902879
98,0.998961,255.996823311,0.142459,0.0940934,0.0901928
99,0.99888,276.006445885,0.167217,0.105525,0.0900979
100,0.998978,252.000775337,0.129587,0.0888843,0.090003
101,0.998917,267.000646591,0.153634,0.0988676,0.0899083
102,0.999026,239.997940063,0.125265,0.0895201,0.0898136
103,0.999103,221.002020836,0.110116,0.0748128,0.0897191
104,0.998978,252.000775337,0.146762,0.0974591,0.0896246
105,0.99899,249.003739357,0.142965,0.0948634,0.0895303
106,0.998913,267.999658585,0.163577,0.105513,0.089436
107,0.998994,248.004727364,0.127692,0.0890303,0.0893419
108,0.998998,247.00571537,0.127613,0.0917204,0.0892478
109,0.998884,274.992742538,0.17344,0.103937,0.0891539
110,0.99901,243.993988037,0.122053,0.0899087,0.08906
111,0.999038,237.000904083,0.130114,0.0901099,0.0889663
112,0.999095,223.000044823,0.107918,0.0812947,0.0888726
113,0.998994,248.004727364,0.133723,0.0906026,0.0887791
114,0.999051,234.003868103,0.131753,0.0878797,0.0886856
115,0.999006,244.993000031,0.132585,0.093112,0.0885923
116,0.999075,227.99510479,0.117837,0.0861444,0.088499
117,0.999026,239.997940063,0.123178,0.0808508,0.0884058
118,0.999176,203.005113602,0.108866,0.0841742,0.0883128
119,0.998982,251.001763344,0.142497,0.0968355,0.0882198
120,0.998986,250.00275135,0.122448,0.0887908,0.0881269
121,0.998941,261.006574631,0.138529,0.0932781,0.0880342
122,0.999067,229.993128777,0.110513,0.0815643,0.0879415
123,0.999136,212.995233536,0.114313,0.0787755,0.0878489
124,0.998982,251.001763344,0.150298,0.0935263,0.0877564
125,0.99886,281.001505852,0.160732,0.101815,0.087664
126,0.99903,238.99892807,0.132947,0.0944716,0.0875718
127,0.999059,232.005844116,0.119819,0.088391,0.0874796
128,0.999038,237.000904083,0.135134,0.0914289,0.0873875
129,0.998949,258.993859291,0.142698,0.0921924,0.0872955
130,0.998957,256.995835304,0.112865,0.0862946,0.0872036
131,0.998937,262.005586624,0.15747,0.0991573,0.0871118
132,0.999099,222.001032829,0.11364,0.0817109,0.0870201
133,0.998965,254.997811317,0.138057,0.0943372,0.0869285
134,0.998986,250.00275135,0.138946,0.0918012,0.086837
135,0.999095,223.000044823,0.10174,0.0794134,0.0867456
136,0.99901,243.993988037,0.126734,0.0882808,0.0866542
137,0.998949,258.993859291,0.140229,0.0911049,0.086563
138,0.999116,218.004984856,0.0891697,0.0762246,0.0864719
139,0.998994,248.004727364,0.122784,0.0891229,0.0863809
140,0.998965,254.997811317,0.123695,0.0872264,0.0862899
141,0.99912,217.005972862,0.0959447,0.0745058,0.0861991
142,0.999006,244.993000031,0.123306,0.0934677,0.0861083
143,0.999176,203.005113602,0.0966059,0.0764752,0.0860177
144,0.999018,241.99596405,0.128634,0.0860668,0.0859272
145,0.999038,237.000904083,0.11498,0.0948331,0.0858367
146,0.998913,267.999658585,0.145465,0.0953519,0.0857463
147,0.999128,214.993257523,0.100559,0.0791664,0.0856561
148,0.999075,227.99510479,0.11361,0.0826456,0.0855659
149,0.998994,248.004727364,0.129457,0.0917043,0.0854758
150,0.999051,234.003868103,0.103446,0.0835631,0.0853858
151,0.999038,237.000904083,0.107889,0.0831498,0.085296
152,0.99912,217.005972862,0.116459,0.0834342,0.0852062
153,0.998941,261.006574631,0.139999,0.0917658,0.0851165
154,0.999063,231.006832123,0.123796,0.0877011,0.0850269
155,0.999168,205.003137589,0.0947847,0.0781086,0.0849374
156,0.999128,214.993257523,0.101034,0.0780294,0.0848479
157,0.999128,214.993257523,0.104366,0.082865,0.0847586
158,0.999026,239.997940063,0.113941,0.0870879,0.0846694
159,0.999063,231.006832123,0.113449,0.0869554,0.0845803
160,0.998994,248.004727364,0.125598,0.0869319,0.0844912
161,0.999083,225.997080803,0.121724,0.0854271,0.0844023
162,0.998994,248.004727364,0.12443,0.0901844,0.0843134
163,0.999014,242.994976044,0.117111,0.0835719,0.0842247
164,0.999055,233.00485611,0.135045,0.0823999,0.084136
165,0.999087,224.99806881,0.110607,0.0809826,0.0840474
166,0.999152,208.999185562,0.104182,0.0804894,0.083959
167,0.999083,225.997080803,0.120643,0.0821948,0.0838706
168,0.999237,188.005242348,0.084583,0.0722518,0.0837823
169,0.998969,253.998799324,0.146374,0.103112,0.0836941
170,0.999002,246.006703377,0.129605,0.0869865,0.083606
171,0.999067,229.993128777,0.12442,0.0872015,0.083518
172,0.999083,225.997080803,0.108861,0.0822396,0.08343
173,0.998994,248.004727364,0.125949,0.0912687,0.0833422
174,0.999018,241.99596405,0.113046,0.0849832,0.0832545
175,0.999034,237.999916077,0.124939,0.0925768,0.0831668
176,0.998974,252.999787331,0.138944,0.10088,0.0830793
177,0.999022,240.996952057,0.110687,0.0836094,0.0829918
178,0.998965,254.997811317,0.128483,0.0899047,0.0829045
179,0.999067,229.993128777,0.119169,0.084583,0.0828172
180,0.999059,232.005844116,0.10767,0.0849158,0.08273
181,0.99903,238.99892807,0.117816,0.0877821,0.0826429
182,0.999189,199.993386269,0.0912691,0.0783139,0.0825559
183,0.999043,236.00189209,0.124761,0.0880803,0.082469
184,0.998929,264.003610611,0.135616,0.0988377,0.0823822
185,0.999339,163.000559807,0.0653501,0.0597279,0.0822955
186,0.999002,246.006703377,0.12504,0.0909268,0.0822088
187,0.999087,224.99806881,0.118176,0.0873308,0.0821223
188,0.999168,205.003137589,0.0940729,0.0741151,0.0820358
189,0.999063,231.006832123,0.105723,0.0821437,0.0819495
190,0.99912,217.005972862,0.104115,0.0796453,0.0818632
191,0.999079,226.996092796,0.126772,0.0844995,0.081777
192,0.999176,203.005113602,0.104562,0.0754519,0.0816909
193,0.999144,210.997209549,0.0993689,0.078639,0.081605
194,0.999083,225.997080803,0.110016,0.0817603,0.081519
195,0.999095,223.000044823,0.10343,0.0814671,0.0814332
196,0.998982,251.001763344,0.128976,0.0910604,0.0813475
197,0.999079,226.996092796,0.111751,0.0843438,0.0812619
198,0.999116,218.004984856,0.114051,0.0789365,0.0811763
199,0.998969,253.998799324,0.132489,0.0903579,0.0810909
200,0.999107,220.003008842,0.103445,0.0839767,0.0810055
201,0.999067,229.993128777,0.111154,0.0858967,0.0809202
202,0.999087,224.99806881,0.112918,0.0848519,0.080835
203,0.999083,225.997080803,0.100001,0.0822264,0.0807499
204,0.999132,213.994245529,0.102207,0.0814721,0.0806649
205,0.999038,237.000904083,0.110282,0.0869522,0.08058
206,0.999148,209.998197556,0.0978889,0.0802134,0.0804952
207,0.999274,178.999443054,0.0764346,0.068106,0.0804105
208,0.998994,248.004727364,0.11811,0.0876781,0.0803258
209,0.999144,210.997209549,0.0964452,0.0806025,0.0802413
210,0.999059,232.005844116,0.119631,0.0856411,0.0801568
211,0.999095,223.000044823,0.103572,0.0790382,0.0800724
212,0.999148,209.998197556,0.0983613,0.0783046,0.0799881
213,0.999245,186.007218361,0.092122,0.0678388,0.0799039
214,0.998994,248.004727364,0.121816,0.0896884,0.0798198
215,0.999014,242.994976044,0.121906,0.0851798,0.0797358
216,0.999201,196.996350288,0.0852684,0.0759594,0.0796518
217,0.999168,205.003137589,0.0926701,0.0710958,0.079568
218,0.999075,227.99510479,0.10588,0.0807687,0.0794842
219,0.999071,228.994116783,0.108515,0.0822266,0.0794005
220,0.999156,208.000173569,0.0893902,0.0750738,0.0793169
221,0.999059,232.005844116,0.110213,0.0835859,0.0792335
222,0.999266,180.997467041,0.0778456,0.0688218,0.07915
223,0.999095,223.000044823,0.113607,0.0807029,0.0790667
224,0.999168,205.003137589,0.101,0.0770732,0.0789835
225,0.999034,237.999916077,0.115194,0.0874721,0.0789003
226,0.99914,211.996221542,0.0887439,0.0754854,0.0788173
227,0.999128,214.993257523,0.105397,0.075902,0.0787343
228,0.999103,221.002020836,0.109288,0.0794858,0.0786514
229,0.999099,222.001032829,0.103024,0.0798752,0.0785686
230,0.999201,196.996350288,0.0987023,0.0774333,0.0784859
231,0.999111,219.003996849,0.105818,0.0868735,0.0784033
232,0.999071,228.994116783,0.104153,0.0829989,0.0783208
233,0.99916,207.001161575,0.0960099,0.0731939,0.0782383
234,0.99929,175.003395081,0.0808773,0.0637258,0.0781559
235,0.999099,222.001032829,0.113021,0.0815342,0.0780737
236,0.999144,210.997209549,0.113043,0.07763,0.0779915
237,0.999128,214.993257523,0.0839689,0.0745759,0.0779094
238,0.99912,217.005972862,0.103659,0.0835504,0.0778274
239,0.999233,189.004254341,0.0801791,0.0732312,0.0777454
240,0.999148,209.998197556,0.0931477,0.0714283,0.0776636
241,0.999197,197.995362282,0.0857692,0.0743254,0.0775818
242,0.999221,192.001290321,0.0967586,0.0746877,0.0775002
243,0.999164,206.002149582,0.097501,0.074492,0.0774186
244,0.999213,193.999314308,0.0807835,0.0722949,0.0773371
245,0.999038,237.000904083,0.124212,0.0834503,0.0772557
246,0.99918,202.006101608,0.0935294,0.0737246,0.0771743
247,0.999132,213.994245529,0.0992477,0.074886,0.0770931
248,0.999083,225.997080803,0.104111,0.081686,0.0770119
249,0.999148,209.998197556,0.0964989,0.0768133,0.0769309
250,0.999152,208.999185562,0.0990329,0.0788649,0.0768499
251,0.999355,159.004511833,0.0640744,0.0654316,0.076769
252,0.999111,219.003996849,0.103441,0.0846522,0.0766882
253,0.999205,195.997338295,0.085817,0.0736707,0.0766074
254,0.999189,199.993386269,0.0898662,0.0764948,0.0765268
255,0.999099,222.001032829,0.104971,0.0797708,0.0764462
256,0.999168,205.003137589,0.0924465,0.0727692,0.0763658
257,0.999205,195.997338295,0.0893259,0.0739433,0.0762854
258,0.999278,178.000431061,0.0651469,0.0704447,0.0762051
259,0.999148,209.998197556,0.0881303,0.0738985,0.0761248
260,0.999278,178.000431061,0.0728119,0.0686747,0.0760447
261,0.999038,237.000904083,0.118475,0.0884286,0.0759646
262,0.999176,203.005113602,0.0927145,0.0768143,0.0758847
263,0.99918,202.006101608,0.0896988,0.0732754,0.0758048
264,0.999241,187.006230354,0.0852097,0.0691466,0.075725
265,0.999201,196.996350288,0.0840793,0.0734797,0.0756453
266,0.999233,189.004254341,0.0783233,0.0700583,0.0755656
267,0.999152,208.999185562,0.102064,0.0839375,0.0754861
268,0.999205,195.997338295,0.095987,0.0726238,0.0754066
269,0.999176,203.005113602,0.0984438,0.076453,0.0753272
270,0.999176,203.005113602,0.0864081,0.0765212,0.0752479
271,0.999128,214.993257523,0.085186,0.0811292,0.0751687
272,0.999156,208.000173569,0.101445,0.0790839,0.0750896
273,0.999107,220.003008842,0.110396,0.0892305,0.0750106
274,0.99914,211.996221542,0.103611,0.0773708,0.0749316
275,0.999172,204.004125595,0.0894091,0.0770986,0.0748527
276,0.99929,175.003395081,0.0652628,0.0645103,0.0747739
277,0.999189,199.993386269,0.0906926,0.0732526,0.0746952
278,0.999197,197.995362282,0.0932865,0.0751066,0.0746166
279,0.999184,201.007089615,0.0837049,0.07445,0.074538
280,0.999111,219.003996849,0.0855092,0.0780229,0.0744595
281,0.999148,209.998197556,0.0992334,0.0802671,0.0743812
282,0.999075,227.99510479,0.111164,0.0828374,0.0743029
283,0.999335,163.9995718,0.063446,0.0590846,0.0742246
284,0.999128,214.993257523,0.099956,0.0833598,0.0741465
285,0.999217,193.000302315,0.0675379,0.0701872,0.0740684
286,0.999258,182.995491028,0.0711982,0.0656756,0.0739905
287,0.999217,193.000302315,0.077454,0.0683643,0.0739126
288,0.99914,211.996221542,0.0964399,0.0831506,0.0738348
289,0.99916,207.001161575,0.0915916,0.0790708,0.0737571
290,0.999156,208.000173569,0.0915623,0.0782947,0.0736794
291,0.999197,197.995362282,0.0771058,0.0774827,0.0736018
292,0.999229,190.003266335,0.0793821,0.073618,0.0735244
293,0.999144,210.997209549,0.101038,0.0780647,0.073447
294,0.999225,191.002278328,0.0812482,0.0726174,0.0733696
295,0.999132,213.994245529,0.0937558,0.0780301,0.0732924
296,0.999221,192.001290321,0.0906826,0.074368,0.0732153
297,0.999176,203.005113602,0.101192,0.0791797,0.0731382
298,0.999201,196.996350288,0.0939202,0.07562,0.0730612
299,0.999164,206.002149582,0.0930126,0.0748297,0.0729843
300,0.999213,193.999314308,0.0944168,0.0762612,0.0729074
301,0.999249,184.993515015,0.0796252,0.0673972,0.0728307
302,0.999172,204.004125595,0.0839806,0.0724728,0.072754
303,0.999156,208.000173569,0.0937515,0.0756371,0.0726774
304,0.99927,179.998455048,0.0772787,0.0651794,0.0726009
305,0.999254,183.994503021,0.0631008,0.0625429,0.0725245
306,0.999274,178.999443054,0.0821591,0.0712951,0.0724481
307,0.999116,218.004984856,0.096423,0.0803005,0.0723719
308,0.999258,182.995491028,0.0699533,0.0653253,0.0722957
309,0.999213,193.999314308,0.0856879,0.0735554,0.0722196
310,0.999189,199.993386269,0.0902632,0.0732735,0.0721436
311,0.999249,184.993515015,0.0805318,0.0757556,0.0720676
312,0.999229,190.003266335,0.0861062,0.0683701,0.0719918
313,0.999306,170.992655754,0.071876,0.0664371,0.071916
314,0.999229,190.003266335,0.0859126,0.0729457,0.0718403
315,0.99916,207.001161575,0.0912846,0.0741733,0.0717646
316,0.99927,179.998455048,0.0735032,0.0662558,0.0716891
317,0.999241,187.006230354,0.0785203,0.0743724,0.0716136
318,0.99916,207.001161575,0.08731,0.0721402,0.0715382
319,0.999193,198.994374275,0.0847623,0.0733464,0.0714629
320,0.99927,179.998455048,0.0741774,0.0630283,0.0713877
321,0.99929,175.003395081,0.0744446,0.0649602,0.0713125
322,0.999213,193.999314308,0.0720549,0.0695894,0.0712375
323,0.999221,192.001290321,0.080831,0.0686435,0.0711625
324,0.999156,208.000173569,0.0787782,0.0771951,0.0710876
325,0.99929,175.003395081,0.0744996,0.0686551,0.0710127
326,0.999241,187.006230354,0.0707684,0.066681,0.070938
327,0.999262,181.996479034,0.0763126,0.0673851,0.0708633
328,0.999266,180.997467041,0.0686541,0.0671153,0.0707887
329,0.999197,197.995362282,0.0822628,0.0760978,0.0707142
330,0.999327,165.997595787,0.0672446,0.0597112,0.0706397
331,0.99927,179.998455048,0.0866525,0.0734851,0.0705654
332,0.999274,178.999443054,0.0806268,0.0693306,0.0704911
333,0.999225,191.002278328,0.0755332,0.071629,0.0704169
334,0.999314,168.994631767,0.060728,0.0616436,0.0703428
335,0.999229,190.003266335,0.0728969,0.0700734,0.0702687
336,0.999266,180.997467041,0.0730296,0.0685455,0.0701947
337,0.999339,163.000559807,0.0630922,0.0637257,0.0701208
338,0.999172,204.004125595,0.0862361,0.0734959,0.070047
339,0.999205,195.997338295,0.0777336,0.0708143,0.0699733
340,0.999278,178.000431061,0.0654403,0.0674702,0.0698996
341,0.999209,194.998326302,0.0752612,0.0733133,0.069826
342,0.999327,165.997595787,0.0648049,0.0633733,0.0697525
343,0.999095,223.000044823,0.0949612,0.0792657,0.0696791
344,0.999209,194.998326302,0.0747693,0.0722245,0.0696057
345,0.999233,189.004254341,0.0834752,0.0673628,0.0695325
346,0.999254,183.994503021,0.0883774,0.0709344,0.0694593
347,0.999249,184.993515015,0.0740947,0.0673487,0.0693862
348,0.999286,176.002407074,0.0751678,0.0691807,0.0693131
349,0.999132,213.994245529,0.0872088,0.0768738,0.0692401
350,0.999278,178.000431061,0.0682307,0.0655114,0.0691673
351,0.999302,172.0063591,0.064937,0.0632354,0.0690944
352,0.999266,180.997467041,0.0683441,0.0636792,0.0690217
353,0.999322,166.99660778,0.063866,0.0619662,0.068949
354,0.999258,182.995491028,0.0736432,0.0721702,0.0688765
355,0.999262,181.996479034,0.0832514,0.0726519,0.068804
356,0.999205,195.997338295,0.0925834,0.0724004,0.0687315
357,0.999331,164.998583794,0.0687099,0.0676179,0.0686592
358,0.999302,172.0063591,0.0618527,0.0629028,0.0685869
359,0.999217,193.000302315,0.0770912,0.0741454,0.0685147
360,0.999156,208.000173569,0.0887834,0.0791581,0.0684426
361,0.999331,164.998583794,0.0689103,0.0667352,0.0683705
362,0.99931,169.993643761,0.0605691,0.0653068,0.0682985
363,0.999339,163.000559807,0.0664157,0.0624123,0.0682266
364,0.999327,165.997595787,0.0650216,0.0580204,0.0681548
365,0.999217,193.000302315,0.0799638,0.0756831,0.0680831
366,0.999233,189.004254341,0.0721581,0.0762261,0.0680114
367,0.999193,198.994374275,0.0729786,0.0682423,0.0679398
368,0.999225,191.002278328,0.0758551,0.0712397,0.0678683
369,0.999298,173.005371094,0.0718233,0.0661669,0.0677968
370,0.999359,158.00549984,0.0639636,0.0585591,0.0677255
371,0.999424,142.006616592,0.0516177,0.0548118,0.0676542
372,0.999306,170.992655754,0.0662005,0.0649897,0.067583
373,0.999254,183.994503021,0.0796725,0.0686327,0.0675118
374,0.999274,178.999443054,0.0620485,0.0635079,0.0674407
375,0.999262,181.996479034,0.0693166,0.0697173,0.0673697
376,0.999221,192.001290321,0.0748339,0.0690659,0.0672988
377,0.999375,153.994760513,0.0666769,0.058944,0.067228
378,0.99927,179.998455048,0.075697,0.0739957,0.0671572
379,0.999266,180.997467041,0.0702679,0.0702895,0.0670865
380,0.999213,193.999314308,0.0911566,0.0766521,0.0670159
381,0.999176,203.005113602,0.0819005,0.0776864,0.0669453
382,0.999339,163.000559807,0.0700179,0.063354,0.0668749
383,0.999322,166.99660778,0.0697796,0.0625802,0.0668045
384,0.999416,144.004640579,0.0597647,0.0570853,0.0667341
385,0.999355,159.004511833,0.0640447,0.0586862,0.0666639
386,0.999189,199.993386269,0.082625,0.0777959,0.0665937
387,0.999193,198.994374275,0.0851725,0.0762356,0.0665236
388,0.999225,191.002278328,0.0746277,0.0693182,0.0664536
389,0.999213,193.999314308,0.0751461,0.0725847,0.0663836
390,0.999331,164.998583794,0.0765815,0.0647938,0.0663137
391,0.999237,188.005242348,0.0729793,0.0690103,0.0662439
392,0.999339,163.000559807,0.0660561,0.0636092,0.0661742
393,0.999225,191.002278328,0.077711,0.0693825,0.0661045
394,0.999387,150.997724533,0.0509381,0.0583302,0.0660349
395,0.99944,137.995877266,0.0441698,0.0512829,0.0659654
396,0.999225,191.002278328,0.0757452,0.0739495,0.065896
397,0.999249,184.993515015,0.0775127,0.0736423,0.0658266
398,0.999258,182.995491028,0.0695152,0.0669435,0.0657573
399,0.999343,162.001547813,0.0679344,0.0651744,0.0656881
400,0.999335,163.9995718,0.0621967,0.0624368,0.0656189
401,0.999274,178.999443054,0.0704107,0.0710842,0.0655499
402,0.999387,150.997724533,0.0495314,0.05163,0.0654809
403,0.999254,183.994503021,0.0748933,0.0706772,0.0654119
404,0.999225,191.002278328,0.0713971,0.0701772,0.0653431
405,0.999343,162.001547813,0.0649149,0.0632499,0.0652743
406,0.999262,181.996479034,0.0709409,0.068406,0.0652056
407,0.999302,172.0063591,0.0699257,0.067118,0.0651369
408,0.999387,150.997724533,0.0493267,0.0584679,0.0650684
409,0.999221,192.001290321,0.0781137,0.0736835,0.0649999
410,0.99929,175.003395081,0.0717153,0.06962,0.0649314
411,0.999298,173.005371094,0.0628952,0.0658091,0.0648631
412,0.999314,168.994631767,0.0646818,0.0663522,0.0647948
413,0.999282,177.001419067,0.0692893,0.0726819,0.0647266
414,0.999286,176.002407074,0.0667487,0.0673371,0.0646584
415,0.999327,165.997595787,0.063262,0.0657951,0.0645904
416,0.999347,161.00253582,0.0658609,0.0633859,0.0645224
417,0.999363,157.006487846,0.0624337,0.062977,0.0644545
418,0.999318,167.995619774,0.0606673,0.0622652,0.0643866
419,0.999339,163.000559807,0.0666342,0.0658263,0.0643188
420,0.999391,149.99871254,0.0473256,0.054972,0.0642511
421,0.999347,161.00253582,0.0666692,0.0631114,0.0641835
422,0.999339,163.000559807,0.0599379,0.0625982,0.0641159
423,0.999367,155.9927845,0.0517207,0.0601589,0.0640484
424,0.999298,173.005371094,0.068829,0.0709932,0.063981
425,0.999351,160.003523827,0.0602233,0.0637538,0.0639136
426,0.999367,155.9927845,0.0549411,0.0647473,0.0638464
427,0.999331,164.998583794,0.0660545,0.0610512,0.0637791
428,0.999351,160.003523827,0.0601792,0.0643783,0.063712
429,0.999371,154.993772507,0.058717,0.0584281,0.0636449
430,0.999274,178.999443054,0.0663059,0.0669932,0.0635779
431,0.9994,148.000688553,0.052831,0.0603866,0.063511
432,0.999391,149.99871254,0.0505303,0.0575887,0.0634442
433,0.999322,166.99660778,0.0600719,0.0632153,0.0633774
434,0.999416,144.004640579,0.0469278,0.0495307,0.0633106
435,0.999448,135.997853279,0.0453144,0.0512102,0.063244
436,0.999322,166.99660778,0.0578627,0.0620275,0.0631774
437,0.99929,175.003395081,0.06139,0.0693542,0.0631109
438,0.999302,172.0063591,0.0603314,0.0634832,0.0630445
439,0.999391,149.99871254,0.0505678,0.0557074,0.0629781
440,0.999387,150.997724533,0.0527286,0.0560917,0.0629118
441,0.999387,150.997724533,0.0587225,0.0607615,0.0628456
442,0.999436,138.994889259,0.0495031,0.0551608,0.0627794
443,0.999412,145.003652573,0.0564085,0.0562956,0.0627133
444,0.999266,180.997467041,0.0642093,0.0665313,0.0626473
445,0.999424,142.006616592,0.0492926,0.0541777,0.0625814
446,0.999318,167.995619774,0.0631162,0.0641797,0.0625155
447,0.9994,148.000688553,0.0476108,0.0569577,0.0624497
448,0.999391,149.99871254,0.045527,0.0569212,0.0623839
449,0.999335,163.9995718,0.0550693,0.0617213,0.0623183
450,0.999286,176.002407074,0.058539,0.0635376,0.0622527
451,0.999355,159.004511833,0.0521233,0.0604901,0.0621871
452,0.999391,149.99871254,0.0588708,0.0619508,0.0621217
453,0.99942,143.005628586,0.0527588,0.0578872,0.0620563
454,0.99929,175.003395081,0.0661455,0.0632466,0.0619909
455,0.999322,166.99660778,0.0628185,0.0633786,0.0619257
456,0.999379,152.99574852,0.0487371,0.0584167,0.0618605
457,0.999298,173.005371094,0.0620229,0.0662423,0.0617954
458,0.999347,161.00253582,0.056503,0.0614496,0.0617303
459,0.999367,155.9927845,0.0518829,0.0591098,0.0616653
460,0.999355,159.004511833,0.0609993,0.0604887,0.0616004
461,0.999355,159.004511833,0.0552978,0.0605588,0.0615356
462,0.999327,165.997595787,0.0566638,0.0659969,0.0614708
463,0.999436,138.994889259,0.0596922,0.0580091,0.0614061
464,0.999395,148.999700546,0.0515248,0.0585564,0.0613414
465,0.999306,170.992655754,0.0582107,0.0662558,0.0612769
466,0.999339,163.000559807,0.0595149,0.0638412,0.0612123
467,0.999367,155.9927845,0.0509686,0.0579885,0.0611479
468,0.99931,169.993643761,0.0647276,0.0639586,0.0610835
469,0.999379,152.99574852,0.0511291,0.0594418,0.0610192
470,0.999343,162.001547813,0.0549759,0.0608259,0.060955
471,0.999343,162.001547813,0.0621507,0.061383,0.0608908
472,0.999456,133.999829292,0.0414685,0.0512015,0.0608267
473,0.9994,148.000688553,0.048458,0.0577166,0.0607627
474,0.999436,138.994889259,0.0462979,0.0562083,0.0606987
475,0.999335,163.9995718,0.0598861,0.0631653,0.0606348
476,0.999262,181.996479034,0.0627511,0.0713307,0.060571
477,0.999298,173.005371094,0.0625461,0.063322,0.0605072
478,0.999375,153.994760513,0.0494032,0.0574555,0.0604436
479,0.999416,144.004640579,0.0448494,0.0534569,0.0603799
480,0.999383,151.996736526,0.0633392,0.0634679,0.0603164
481,0.999404,147.001676559,0.0603081,0.0577394,0.0602529
482,0.999452,134.998841286,0.0444786,0.0528088,0.0601894
483,0.999371,154.993772507,0.0535476,0.0599428,0.0601261
484,0.999387,150.997724533,0.0500649,0.0560709,0.0600628
485,0.999391,149.99871254,0.0509743,0.0585753,0.0599995
486,0.999379,152.99574852,0.0576967,0.0574965,0.0599364
487,0.999424,142.006616592,0.0455085,0.0551383,0.0598733
488,0.99931,169.993643761,0.0624581,0.0659973,0.0598103
489,0.999517,118.999958038,0.0366711,0.0478266,0.0597473
490,0.999343,162.001547813,0.0549802,0.063134,0.0596844
491,0.999314,168.994631767,0.0516025,0.0638787,0.0596216
492,0.999404,147.001676559,0.0521841,0.0553227,0.0595588
493,0.999363,157.006487846,0.0520536,0.0611441,0.0594961
494,0.999327,165.997595787,0.0596873,0.0639353,0.0594335
495,0.999363,157.006487846,0.0525,0.0645977,0.0593709
496,0.999221,192.001290321,0.0723099,0.073297,0.0593084
497,0.999306,170.992655754,0.06389,0.0638301,0.059246
498,0.999391,149.99871254,0.0443242,0.054036,0.0591836
499,0.999444,136.996865273,0.0462705,0.0554192,0.0591213
500,0.999331,164.998583794,0.0625874,0.0646179,0.0590591
501,0.999343,162.001547813,0.05713,0.0624849,0.0589969
502,0.999428,140.992913246,0.0520633,0.0534181,0.0589348
503,0.999375,153.994760513,0.0542302,0.0574141,0.0588727
504,0.99944,137.995877266,0.0466373,0.0561649,0.0588108
505,0.999335,163.9995718,0.0583871,0.0674555,0.0587489
506,0.999481,128.005757332,0.0404229,0.0498148,0.058687
507,0.99927,179.998455048,0.0613,0.0691757,0.0586252
508,0.999383,151.996736526,0.0490499,0.0585098,0.0585635
509,0.999408,146.002664566,0.0488599,0.0572024,0.0585019
510,0.999395,148.999700546,0.0565536,0.0591033,0.0584403
511,0.999327,165.997595787,0.0524448,0.0621264,0.0583788
512,0.999383,151.996736526,0.0554225,0.0587514,0.0583173
513,0.999363,157.006487846,0.0541819,0.0611279,0.0582559
514,0.999379,152.99574852,0.0495424,0.0626597,0.0581946
515,0.999493,124.994029999,0.0412085,0.0481079,0.0581333
516,0.999408,146.002664566,0.0512017,0.0590237,0.0580721
517,0.99942,143.005628586,0.0430563,0.0595361,0.058011
518,0.999335,163.9995718,0.0566693,0.0601658,0.0579499
519,0.99946,133.000817299,0.0393322,0.0530758,0.0578889
520,0.999355,159.004511833,0.0451592,0.0627869,0.057828
521,0.999379,152.99574852,0.051155,0.0614045,0.0577671
522,0.999363,157.006487846,0.0456911,0.0625264,0.0577063
523,0.999456,133.999829292,0.0471991,0.0556232,0.0576455
524,0.999501,122.996006012,0.0333177,0.0439787,0.0575849
525,0.999452,134.998841286,0.0380333,0.0557274,0.0575242
526,0.999363,157.006487846,0.0494904,0.0620364,0.0574637
527,0.999363,157.006487846,0.0487726,0.0576346,0.0574032
528,0.999351,160.003523827,0.0566544,0.0617995,0.0573428
529,0.999456,133.999829292,0.0409818,0.0515115,0.0572824
530,0.999375,153.994760513,0.0481947,0.0598562,0.0572221
531,0.999395,148.999700546,0.0430254,0.0580626,0.0571619
532,0.999493,124.994029999,0.0333582,0.0482396,0.0571017
533,0.999314,168.994631767,0.060862,0.0650666,0.0570416
534,0.999432,139.993901253,0.0441044,0.0576958,0.0569815
535,0.999387,150.997724533,0.0529845,0.0557262,0.0569215
536,0.999428,140.992913246,0.0514475,0.0564689,0.0568616
537,0.999412,145.003652573,0.0565693,0.0583861,0.0568018
538,0.999408,146.002664566,0.0406703,0.0540833,0.056742
539,0.999375,153.994760513,0.0556373,0.0627514,0.0566822
540,0.999436,138.994889259,0.04417,0.0572594,0.0566226
541,0.99944,137.995877266,0.0406692,0.0545532,0.056563
542,0.999416,144.004640579,0.0454789,0.0581005,0.0565034
543,0.99931,169.993643761,0.05915,0.0623967,0.0564439
544,0.999452,134.998841286,0.0440014,0.0551991,0.0563845
545,0.99942,143.005628586,0.0489353,0.0546012,0.0563251
546,0.999258,182.995491028,0.066325,0.0678409,0.0562659
547,0.999501,122.996006012,0.0383964,0.0496456,0.0562066
548,0.999469,131.002793312,0.0404094,0.0499058,0.0561475
549,0.999383,151.996736526,0.0508513,0.0573359,0.0560884
550,0.999412,145.003652573,0.0468782,0.0555244,0.0560293
551,0.999424,142.006616592,0.0455533,0.0561888,0.0559703
552,0.999371,154.993772507,0.05126,0.0620653,0.0559114
553,0.999412,145.003652573,0.047562,0.0558671,0.0558525
554,0.999493,124.994029999,0.0425213,0.0492274,0.0557937
555,0.999375,153.994760513,0.0471913,0.0622575,0.055735
556,0.999424,142.006616592,0.0516915,0.0600287,0.0556763
557,0.999493,124.994029999,0.0338662,0.0463277,0.0556177
558,0.99946,133.000817299,0.045297,0.0538004,0.0555592
559,0.999424,142.006616592,0.0445263,0.0566913,0.0555007
560,0.99944,137.995877266,0.039187,0.0531021,0.0554423
561,0.999448,135.997853279,0.0396071,0.0514791,0.0553839
562,0.999456,133.999829292,0.044494,0.0543411,0.0553256
563,0.999387,150.997724533,0.0468079,0.0555516,0.0552674
564,0.999412,145.003652573,0.0476967,0.0604983,0.0552092
565,0.999359,158.00549984,0.0602894,0.0710143,0.0551511
566,0.999444,136.996865273,0.042724,0.0541224,0.055093
567,0.999359,158.00549984,0.0522913,0.0589101,0.055035
568,0.999521,118.000946045,0.038175,0.0507491,0.0549771
569,0.999383,151.996736526,0.049053,0.0632491,0.0549192
570,0.999497,123.995018005,0.0361498,0.0513802,0.0548614
571,0.999469,131.002793312,0.033964,0.0488706,0.0548036
572,0.999436,138.994889259,0.0460993,0.055969,0.0547459
573,0.999436,138.994889259,0.0417414,0.0536951,0.0546883
574,0.999542,113.005886078,0.0306504,0.0452398,0.0546307
575,0.999379,152.99574852,0.0526284,0.0623973,0.0545732
576,0.99946,133.000817299,0.0408912,0.0503004,0.0545158
577,0.999375,153.994760513,0.0532971,0.0587265,0.0544584
578,0.999383,151.996736526,0.0472338,0.0542976,0.0544011
579,0.999497,123.995018005,0.0380487,0.0538509,0.0543438
580,0.999424,142.006616592,0.0551316,0.0574844,0.0542866
581,0.999464,132.001805305,0.0435079,0.0573696,0.0542294
582,0.999408,146.002664566,0.0572594,0.0592886,0.0541723
583,0.999432,139.993901253,0.0463018,0.0522268,0.0541153
584,0.999298,173.005371094,0.0555728,0.0635365,0.0540583
585,0.999501,122.996006012,0.0297791,0.0468407,0.0540014
586,0.999489,125.993041992,0.0421981,0.0541721,0.0539446
587,0.999444,136.996865273,0.0439197,0.0536948,0.0538878
588,0.999408,146.002664566,0.0528176,0.0564272,0.0538311
589,0.999452,134.998841286,0.0452875,0.0569946,0.0537744
590,0.999412,145.003652573,0.0452451,0.0587249,0.0537178
591,0.999489,125.993041992,0.0335949,0.0506247,0.0536612
592,0.999477,129.004769325,0.0362747,0.0565053,0.0536048
593,0.999444,136.996865273,0.044102,0.0548724,0.0535483
594,0.999509,120.997982025,0.038235,0.0483371,0.053492
595,0.999452,134.998841286,0.0395111,0.0530896,0.0534356
596,0.9994,148.000688553,0.0376531,0.0559474,0.0533794
597,0.999497,123.995018005,0.0327994,0.0499699,0.0533232
598,0.999428,140.992913246,0.0416582,0.0545583,0.0532671
599,0.999432,139.993901253,0.0451841,0.0578161,0.053211
600,0.99955,110.993170738,0.0355496,0.0497572,0.053155
601,0.999383,151.996736526,0.049638,0.0579781,0.053099
602,0.999473,130.003781319,0.0407745,0.0535554,0.0530431
603,0.999456,133.999829292,0.0433679,0.0543639,0.0529873
604,0.999493,124.994029999,0.0394753,0.0480821,0.0529315
605,0.9994,148.000688553,0.0466261,0.0628827,0.0528758
606,0.999379,152.99574852,0.0495913,0.0560687,0.0528201
607,0.999481,128.005757332,0.0394446,0.0501689,0.0527645
608,0.999505,121.996994019,0.039609,0.0470627,0.052709
609,0.999485,127.006745338,0.0406236,0.0533664,0.0526535
610,0.999521,118.000946045,0.0380999,0.0502779,0.052598
611,0.999521,118.000946045,0.034608,0.0496101,0.0525427
612,0.999469,131.002793312,0.0346322,0.0464459,0.0524874
613,0.999481,128.005757332,0.0438013,0.0482204,0.0524321
614,0.999542,113.005886078,0.03305,0.0489257,0.0523769
615,0.999485,127.006745338,0.03473,0.0530644,0.0523218
616,0.99942,143.005628586,0.0505248,0.059154,0.0522667
617,0.999395,148.999700546,0.0431774,0.0619974,0.0522117
618,0.999448,135.997853279,0.0386164,0.0548315,0.0521567
619,0.999493,124.994029999,0.0413299,0.0488021,0.0521018
620,0.999521,118.000946045,0.034291,0.0488711,0.052047
621,0.999363,157.006487846,0.0438774,0.0586288,0.0519922
622,0.999432,139.993901253,0.0398747,0.0523211,0.0519374
623,0.999473,130.003781319,0.0339226,0.0516668,0.0518828
624,0.999517,118.999958038,0.0304812,0.0461538,0.0518281
625,0.999347,161.00253582,0.0481046,0.0628717,0.0517736
626,0.999464,132.001805305,0.0419743,0.0516854,0.0517191
627,0.999473,130.003781319,0.032001,0.0540809,0.0516646
628,0.99955,110.993170738,0.0263679,0.046874,0.0516103
629,0.999489,125.993041992,0.0355858,0.0540059,0.0515559
630,0.99955,110.993170738,0.0316688,0.0465477,0.0515016
631,0.999489,125.993041992,0.0335674,0.0486008,0.0514474
632,0.99946,133.000817299,0.043597,0.0544615,0.0513933
633,0.999481,128.005757332,0.034803,0.0532421,0.0513392
634,0.999485,127.006745338,0.0322403,0.0473521,0.0512851
635,0.999517,118.999958038,0.0324972,0.0472645,0.0512311
636,0.999469,131.002793312,0.0389178,0.0514339,0.0511772
637,0.99946,133.000817299,0.0385992,0.0572417,0.0511233
638,0.999501,122.996006012,0.0468225,0.0524039,0.0510695
639,0.999477,129.004769325,0.0369058,0.0506705,0.0510158
640,0.999452,134.998841286,0.0335199,0.0495058,0.050962
641,0.999444,136.996865273,0.0440199,0.0595491,0.0509084
642,0.999436,138.994889259,0.0340055,0.056365,0.0508548
643,0.999493,124.994029999,0.0400343,0.0479412,0.0508013
644,0.999537,114.004898071,0.0319223,0.0494948,0.0507478
645,0.999452,134.998841286,0.0355197,0.0491566,0.0506944
646,0.999529,116.002922058,0.038251,0.049408,0.050641
647,0.999444,136.996865273,0.042462,0.0561925,0.0505877
648,0.999497,123.995018005,0.0394436,0.0522142,0.0505344
649,0.999525,117.001934052,0.0347402,0.0495685,0.0504812
650,0.999436,138.994889259,0.0435048,0.0561065,0.0504281
651,0.999497,123.995018005,0.0383525,0.0502738,0.050375
652,0.999497,123.995018005,0.0344628,0.0555341,0.050322
653,0.999546,112.006874084,0.0263946,0.0442278,0.050269
654,0.999412,145.003652573,0.0421234,0.0560755,0.0502161
655,0.999436,138.994889259,0.0471119,0.0612117,0.0501632
656,0.99959,101.003050804,0.0257357,0.040811,0.0501104
657,0.999456,133.999829292,0.037498,0.0514404,0.0500577
658,0.999562,107.996134758,0.0350073,0.0466685,0.050005
659,0.999529,116.002922058,0.0321902,0.045024,0.0499523
660,0.999517,118.999958038,0.0312269,0.0476348,0.0498997
661,0.999529,116.002922058,0.0318509,0.0483615,0.0498472
662,0.999542,113.005886078,0.0347816,0.0461655,0.0497947
663,0.99944,137.995877266,0.0422318,0.0559375,0.0497423
664,0.99955,110.993170738,0.0268932,0.0460527,0.04969
665,0.999525,117.001934052,0.0291403,0.0458786,0.0496376
666,0.999424,142.006616592,0.0458267,0.0553473,0.0495854
667,0.999481,128.005757332,0.036171,0.0520705,0.0495332
668,0.9994,148.000688553,0.0397444,0.0585124,0.049481
669,0.999546,112.006874084,0.0330789,0.0461783,0.049429
670,0.999444,136.996865273,0.0347211,0.0475736,0.0493769
671,0.999602,98.0060148239,0.0290698,0.0411003,0.0493249
672,0.99944,137.995877266,0.0415745,0.0553966,0.049273
673,0.999448,135.997853279,0.0334497,0.0502328,0.0492212
674,0.999578,104.000086784,0.0281646,0.0437108,0.0491693
675,0.999529,116.002922058,0.0345508,0.0474216,0.0491176
676,0.999517,118.999958038,0.0336897,0.0487702,0.0490659
677,0.999473,130.003781319,0.0319196,0.0490129,0.0490142
678,0.999464,132.001805305,0.0360458,0.0507483,0.0489626
679,0.999473,130.003781319,0.0404581,0.0528184,0.0489111
680,0.999529,116.002922058,0.0337252,0.0507231,0.0488596
681,0.999558,108.995146751,0.0256213,0.0452693,0.0488082
682,0.999477,129.004769325,0.0362615,0.0534362,0.0487568
683,0.999375,153.994760513,0.046298,0.0582198,0.0487054
684,0.999456,133.999829292,0.0372769,0.0542956,0.0486542
685,0.999509,120.997982025,0.0325188,0.0540712,0.048603
686,0.999525,117.001934052,0.0330109,0.0489922,0.0485518
687,0.99957,105.998110771,0.0249171,0.0456821,0.0485007
688,0.999513,119.998970032,0.0367268,0.0498519,0.0484496
689,0.99955,110.993170738,0.0286174,0.0426049,0.0483986
690,0.99944,137.995877266,0.0412026,0.0542473,0.0483477
691,0.9994,148.000688553,0.0445045,0.0592187,0.0482968
692,0.999493,124.994029999,0.0310138,0.0500875,0.0482459
693,0.999517,118.999958038,0.0305122,0.0496614,0.0481951
694,0.999546,112.006874084,0.0324814,0.0488419,0.0481444
695,0.999505,121.996994019,0.0317595,0.0473971,0.0480937
696,0.999489,125.993041992,0.0373567,0.0509638,0.0480431
697,0.999493,124.994029999,0.0370983,0.0534526,0.0479925
698,0.999533,115.003910065,0.0297062,0.0444476,0.047942
699,0.999513,119.998970032,0.0328618,0.0513044,0.0478915
700,0.999473,130.003781319,0.0384459,0.052116,0.0478411
701,0.999525,117.001934052,0.0334027,0.0499264,0.0477907
702,0.999513,119.998970032,0.0286348,0.0507881,0.0477404
703,0.999598,99.0050268173,0.0238033,0.0413423,0.0476902
704,0.999562,107.996134758,0.0295058,0.0454568,0.04764
705,0.999509,120.997982025,0.0369213,0.0543119,0.0475898
706,0.999529,116.002922058,0.0232321,0.0466336,0.0475397
707,0.999558,108.995146751,0.0255145,0.0467099,0.0474897
708,0.999566,106.997122765,0.0263504,0.0487035,0.0474397
709,0.999513,119.998970032,0.0268997,0.0489058,0.0473898
710,0.999525,117.001934052,0.031717,0.0469878,0.0473399
711,0.999493,124.994029999,0.0339703,0.0544511,0.04729
712,0.999546,112.006874084,0.0278046,0.0426941,0.0472402
713,0.999606,97.0070028305,0.0258306,0.0409593,0.0471905
714,0.999477,129.004769325,0.0314813,0.0562552,0.0471408
715,0.999578,104.000086784,0.0261372,0.0394237,0.0470912
716,0.999631,90.9982395172,0.0193629,0.0360076,0.0470416
717,0.999477,129.004769325,0.0310921,0.0475099,0.0469921
718,0.999542,113.005886078,0.0285234,0.0480004,0.0469426
719,0.999574,104.999098778,0.0238828,0.0440508,0.0468932
720,0.999598,99.0050268173,0.0244977,0.0458314,0.0468439
721,0.999635,89.9992275238,0.024135,0.0428161,0.0467946
722,0.999537,114.004898071,0.0316878,0.0491753,0.0467453
723,0.999521,118.000946045,0.0309124,0.0476368,0.0466961
724,0.999554,109.994158745,0.0312856,0.0473751,0.0466469
725,0.999537,114.004898071,0.026586,0.0467756,0.0465978
726,0.999537,114.004898071,0.0302112,0.044144,0.0465488
727,0.999533,115.003910065,0.0305406,0.0509748,0.0464998
728,0.999493,124.994029999,0.0367944,0.050526,0.0464508
729,0.999517,118.999958038,0.0348753,0.0495262,0.0464019
730,0.999546,112.006874084,0.0294634,0.0478358,0.0463531
731,0.999566,106.997122765,0.0268312,0.0419704,0.0463043
732,0.999529,116.002922058,0.0268749,0.0433073,0.0462555
733,0.99946,133.000817299,0.0333347,0.047142,0.0462068
734,0.99944,137.995877266,0.0341889,0.0503606,0.0461582
735,0.999497,123.995018005,0.0332113,0.0502276,0.0461096
736,0.999509,120.997982025,0.0292109,0.0471606,0.0460611
737,0.999558,108.995146751,0.0270932,0.0440239,0.0460126
738,0.999562,107.996134758,0.0266037,0.0436451,0.0459641
739,0.999606,97.0070028305,0.0230931,0.0405475,0.0459157
740,0.999513,119.998970032,0.0332734,0.0453258,0.0458674
741,0.999558,108.995146751,0.025875,0.0440648,0.0458191
742,0.999497,123.995018005,0.035846,0.0544672,0.0457709
743,0.999489,125.993041992,0.0331597,0.0504767,0.0457227
744,0.999517,118.999958038,0.0313125,0.0506121,0.0456746
745,0.99959,101.003050804,0.026876,0.0426891,0.0456265
746,0.999517,118.999958038,0.0354418,0.0520904,0.0455785
747,0.99959,101.003050804,0.0246843,0.0412341,0.0455305
748,0.999606,97.0070028305,0.0227278,0.04152,0.0454825
749,0.999525,117.001934052,0.0314269,0.0490731,0.0454347
750,0.999505,121.996994019,0.0370115,0.0531655,0.0453868
751,0.999525,117.001934052,0.0324459,0.047887,0.0453391
752,0.99959,101.003050804,0.0255018,0.0396004,0.0452913
753,0.999521,118.000946045,0.0302777,0.0506052,0.0452437
754,0.999635,89.9992275238,0.0197769,0.0377302,0.045196
755,0.999554,109.994158745,0.0276692,0.0450577,0.0451484
756,0.999578,104.000086784,0.0221056,0.041925,0.0451009
757,0.99955,110.993170738,0.0249373,0.0444157,0.0450534
758,0.999562,107.996134758,0.0262514,0.0462535,0.045006
759,0.999574,104.999098778,0.0287453,0.0462513,0.0449586
760,0.999505,121.996994019,0.0348804,0.0517075,0.0449113
761,0.999533,115.003910065,0.0285385,0.0469361,0.044864
762,0.999562,107.996134758,0.0290008,0.0458352,0.0448168
763,0.999606,97.0070028305,0.0258912,0.0425106,0.0447696
764,0.999546,112.006874084,0.0278921,0.0451222,0.0447225
765,0.999533,115.003910065,0.0299995,0.0491992,0.0446754
766,0.99959,101.003050804,0.0234318,0.0410282,0.0446284
767,0.99957,105.998110771,0.0215434,0.0438785,0.0445814
768,0.999582,103.001074791,0.0264415,0.0442248,0.0445345
769,0.99955,110.993170738,0.0305178,0.0474639,0.0444876
770,0.999582,103.001074791,0.0291981,0.047609,0.0444408
771,0.999533,115.003910065,0.0285297,0.0476745,0.044394
772,0.99957,105.998110771,0.0288014,0.0485834,0.0443472
773,0.99959,101.003050804,0.0223146,0.0422202,0.0443006
774,0.999444,136.996865273,0.0378269,0.054906,0.0442539
775,0.999586,102.002062798,0.0221327,0.0441596,0.0442073
776,0.999529,116.002922058,0.0270317,0.0475454,0.0441608
777,0.999586,102.002062798,0.0258471,0.0412801,0.0441143
778,0.999554,109.994158745,0.0249138,0.0470853,0.0440679
779,0.999631,90.9982395172,0.0206618,0.0406096,0.0440215
780,0.999521,118.000946045,0.0301716,0.0497214,0.0439751
781,0.999554,109.994158745,0.0256737,0.0476213,0.0439288
782,0.999566,106.997122765,0.0283279,0.0429211,0.0438826
783,0.999529,116.002922058,0.0263695,0.0466055,0.0438364
784,0.999586,102.002062798,0.0237768,0.0411446,0.0437903
785,0.999525,117.001934052,0.0284268,0.047436,0.0437442
786,0.999631,90.9982395172,0.0248489,0.04081,0.0436981
787,0.999525,117.001934052,0.0302742,0.0461258,0.0436521
788,0.999578,104.000086784,0.0266602,0.0401734,0.0436061
789,0.999594,100.004038811,0.027106,0.0431829,0.0435602
790,0.999574,104.999098778,0.0247867,0.0424345,0.0435144
791,0.999533,115.003910065,0.030574,0.0444494,0.0434686
792,0.999525,117.001934052,0.0275526,0.0457479,0.0434228
793,0.999586,102.002062798,0.0222754,0.0406416,0.0433771
794,0.999517,118.999958038,0.0277345,0.0469157,0.0433314
795,0.999615,94.9942874908,0.0233533,0.0400685,0.0432858
796,0.999562,107.996134758,0.0277731,0.0485707,0.0432403
797,0.999574,104.999098778,0.0244374,0.0451925,0.0431947
798,0.999517,118.999958038,0.0309975,0.0477213,0.0431493
799,0.999606,97.0070028305,0.0227628,0.0401592,0.0431038
800,0.999529,116.002922058,0.0288028,0.0485525,0.0430585
801,0.999631,90.9982395172,0.0196105,0.0390246,0.0430131
802,0.999554,109.994158745,0.0261499,0.0458121,0.0429679
803,0.999546,112.006874084,0.0284504,0.0479081,0.0429226
804,0.999627,91.9972515106,0.0261795,0.0411754,0.0428774
805,0.999594,100.004038811,0.0224567,0.0408562,0.0428323
806,0.999566,106.997122765,0.0206176,0.0387655,0.0427872
807,0.999606,97.0070028305,0.0225058,0.0431726,0.0427422
808,0.999635,89.9992275238,0.0214959,0.0391076,0.0426972
809,0.999566,106.997122765,0.0258721,0.0444366,0.0426522
810,0.999623,92.996263504,0.0208347,0.0388042,0.0426073
811,0.999562,107.996134758,0.022622,0.0459723,0.0425625
812,0.999566,106.997122765,0.0235004,0.0421886,0.0425177
813,0.999537,114.004898071,0.0277505,0.0443646,0.0424729
814,0.99957,105.998110771,0.0250866,0.044663,0.0424282
815,0.999537,114.004898071,0.0286027,0.0456113,0.0423835
816,0.99957,105.998110771,0.0229385,0.0405357,0.0423389
817,0.999615,94.9942874908,0.0215522,0.0405054,0.0422943
818,0.999554,109.994158745,0.0247209,0.0453888,0.0422498
819,0.999537,114.004898071,0.0293314,0.0499541,0.0422054
820,0.999675,79.9944162369,0.0167254,0.0380336,0.0421609
821,0.999615,94.9942874908,0.0216453,0.0438437,0.0421165
822,0.999574,104.999098778,0.0238063,0.0460548,0.0420722
823,0.999611,95.9932994843,0.0221701,0.041035,0.0420279
824,0.999542,113.005886078,0.0260051,0.0447731,0.0419837
825,0.999692,75.9983682632,0.0180357,0.0327398,0.0419395
826,0.999619,93.9952754974,0.0223718,0.0437945,0.0418953
827,0.999606,97.0070028305,0.022264,0.0383261,0.0418512
828,0.99959,101.003050804,0.0195444,0.044687,0.0418072
829,0.999521,118.000946045,0.0285478,0.0489378,0.0417631
830,0.999598,99.0050268173,0.0247546,0.0391552,0.0417192
831,0.999582,103.001074791,0.0253158,0.0463366,0.0416753
832,0.999537,114.004898071,0.0276483,0.0482074,0.0416314
833,0.999566,106.997122765,0.0290444,0.0457409,0.0415876
834,0.999594,100.004038811,0.0233434,0.0432579,0.0415438
835,0.999586,102.002062798,0.0217831,0.0422623,0.0415001
836,0.999606,97.0070028305,0.0213685,0.0405421,0.0414564
837,0.999635,89.9992275238,0.0162887,0.0395985,0.0414127
838,0.999594,100.004038811,0.0226318,0.0418327,0.0413691
839,0.999594,100.004038811,0.0185277,0.0417392,0.0413256
840,0.999623,92.996263504,0.019763,0.0437383,0.0412821
841,0.999594,100.004038811,0.0222115,0.0418492,0.0412386
842,0.999643,88.001203537,0.0158778,0.0391976,0.0411952
843,0.999623,92.996263504,0.0221863,0.0402921,0.0411518
844,0.999574,104.999098778,0.0207242,0.0419972,0.0411085
845,0.999546,112.006874084,0.025312,0.0483013,0.0410652
846,0.999635,89.9992275238,0.0191529,0.0406318,0.041022
847,0.999602,98.0060148239,0.0207414,0.039811,0.0409788
848,0.999659,84.0051555634,0.0195188,0.037227,0.0409357
849,0.99959,101.003050804,0.0213346,0.0425586,0.0408926
850,0.99959,101.003050804,0.0241646,0.0437694,0.0408496
851,0.999586,102.002062798,0.0240594,0.0395212,0.0408065
852,0.999639,89.0002155304,0.0209758,0.0364774,0.0407636
853,0.999602,98.0060148239,0.0233409,0.0456693,0.0407207
854,0.999542,113.005886078,0.0280655,0.0504069,0.0406778
855,0.999623,92.996263504,0.0228247,0.0398421,0.040635
856,0.999606,97.0070028305,0.0197412,0.0398506,0.0405922
857,0.999537,114.004898071,0.0262899,0.0497548,0.0405495
858,0.999517,118.999958038,0.0285565,0.0482999,0.0405068
859,0.999635,89.9992275238,0.0180064,0.0390933,0.0404642
860,0.999659,84.0051555634,0.0184811,0.0370671,0.0404216
861,0.999635,89.9992275238,0.017517,0.0384573,0.040379
862,0.999639,89.0002155304,0.0191195,0.0415836,0.0403365
863,0.999627,91.9972515106,0.0211956,0.0419369,0.040294
864,0.999627,91.9972515106,0.0181335,0.0380268,0.0402516
865,0.999598,99.0050268173,0.0170332,0.0456291,0.0402092
866,0.999663,83.0061435699,0.018421,0.0346331,0.0401669
867,0.999651,86.0031795502,0.016067,0.0367632,0.0401246
868,0.999651,86.0031795502,0.0167555,0.0350523,0.0400824
869,0.999598,99.0050268173,0.0218523,0.039714,0.0400402
870,0.999574,104.999098778,0.0231398,0.0428073,0.039998
871,0.999598,99.0050268173,0.0214753,0.0410874,0.0399559
872,0.999655,85.0041675568,0.013669,0.0368737,0.0399139
873,0.999619,93.9952754974,0.018952,0.0415005,0.0398719
874,0.99955,110.993170738,0.0262268,0.0483993,0.0398299
875,0.99968,78.9954042435,0.0172992,0.0355959,0.039788
876,0.999655,85.0041675568,0.0164221,0.036977,0.0397461
877,0.99957,105.998110771,0.0247813,0.0454292,0.0397042
878,0.999631,90.9982395172,0.0191641,0.0394435,0.0396624
879,0.999582,103.001074791,0.0231547,0.0455071,0.0396207
880,0.999647,87.0021915436,0.0181684,0.0393851,0.039579
881,0.999655,85.0041675568,0.0161575,0.0351134,0.0395373
882,0.999554,109.994158745,0.0270104,0.0510009,0.0394957
883,0.999639,89.0002155304,0.0197864,0.0394999,0.0394541
884,0.999598,99.0050268173,0.0210398,0.0411226,0.0394126
885,0.999602,98.0060148239,0.0180077,0.0426506,0.0393711
886,0.999635,89.9992275238,0.0186032,0.0377142,0.0393296
887,0.999623,92.996263504,0.0177525,0.0387491,0.0392882
888,0.999667,82.0071315765,0.0169467,0.0339676,0.0392469
889,0.999615,94.9942874908,0.0169299,0.0383958,0.0392056
890,0.999651,86.0031795502,0.0182133,0.0380574,0.0391643
891,0.999627,91.9972515106,0.019603,0.0400329,0.0391231
892,0.999647,87.0021915436,0.0175194,0.0378505,0.0390819
893,0.999615,94.9942874908,0.0194431,0.0440823,0.0390407
894,0.999663,83.0061435699,0.0166425,0.0372309,0.0389996
895,0.999671,80.9934282303,0.0170225,0.0376394,0.0389586
896,0.99968,78.9954042435,0.0168424,0.0360365,0.0389176
897,0.999615,94.9942874908,0.0170514,0.0408978,0.0388766
898,0.999594,100.004038811,0.0218335,0.0428931,0.0388357
899,0.999598,99.0050268173,0.019674,0.0403157,0.0387948
900,0.999655,85.0041675568,0.0167188,0.0379622,0.038754
901,0.99968,78.9954042435,0.0174297,0.0316748,0.0387132
902,0.999684,77.9963922501,0.0155552,0.0321213,0.0386724
903,0.999667,82.0071315765,0.0139011,0.0345914,0.0386317
904,0.999611,95.9932994843,0.019856,0.0412305,0.038591
905,0.999667,82.0071315765,0.0160859,0.0351178,0.0385504
906,0.999639,89.0002155304,0.0177726,0.0400333,0.0385098
907,0.999562,107.996134758,0.021063,0.0426471,0.0384693
908,0.999598,99.0050268173,0.0193932,0.0381953,0.0384288
909,0.999684,77.9963922501,0.0145462,0.0349566,0.0383883
910,0.999659,84.0051555634,0.0191811,0.038579,0.0383479
911,0.999623,92.996263504,0.0183729,0.0377005,0.0383075
912,0.999594,100.004038811,0.0160484,0.0390962,0.0382672
913,0.999647,87.0021915436,0.0154371,0.0357479,0.0382269
914,0.999671,80.9934282303,0.0156787,0.034292,0.0381867
915,0.999667,82.0071315765,0.0148193,0.0343573,0.0381465
916,0.999574,104.999098778,0.0236728,0.0450669,0.0381063
917,0.999684,77.9963922501,0.0145564,0.0341936,0.0380662
918,0.999582,103.001074791,0.0237381,0.0411516,0.0380261
919,0.999643,88.001203537,0.0170362,0.0383948,0.0379861
920,0.999724,68.006272316,0.0108856,0.0309469,0.0379461
921,0.999671,80.9934282303,0.0143363,0.0364654,0.0379062
922,0.999643,88.001203537,0.0193455,0.0371208,0.0378663
923,0.999708,72.0023202896,0.0153138,0.0348383,0.0378264
924,0.999663,83.0061435699,0.0154893,0.0375125,0.0377866
925,0.999728,67.0072603226,0.00955998,0.0322236,0.0377468
926,0.999627,91.9972515106,0.0193994,0.0418122,0.0377071
927,0.999627,91.9972515106,0.0196906,0.0388321,0.0376674
928,0.999635,89.9992275238,0.0188535,0.0416634,0.0376277
929,0.999643,88.001203537,0.0173363,0.0369112,0.0375881
930,0.999667,82.0071315765,0.0159913,0.0392408,0.0375485
931,0.999635,89.9992275238,0.0199692,0.0411679,0.037509
932,0.999655,85.0041675568,0.0153616,0.0368263,0.0374695
933,0.999627,91.9972515106,0.0188318,0.0416648,0.0374301
934,0.999651,86.0031795502,0.0165889,0.0407114,0.0373907
935,0.999667,82.0071315765,0.0158918,0.0335647,0.0373513
936,0.999619,93.9952754974,0.0174001,0.0359946,0.037312
937,0.999651,86.0031795502,0.016974,0.0392925,0.0372727
938,0.999659,84.0051555634,0.0152792,0.037051,0.0372335
939,0.999708,72.0023202896,0.0151643,0.0337327,0.0371943
940,0.999631,90.9982395172,0.0147066,0.0403979,0.0371551
941,0.999562,107.996134758,0.0211602,0.0453044,0.037116
942,0.99968,78.9954042435,0.015465,0.0330646,0.037077
943,0.999635,89.9992275238,0.0201588,0.0379031,0.0370379
944,0.999659,84.0051555634,0.0182729,0.040086,0.0369989
945,0.999724,68.006272316,0.0119434,0.0306994,0.03696
946,0.999651,86.0031795502,0.0140723,0.0407937,0.0369211
947,0.999623,92.996263504,0.0211551,0.0410192,0.0368822
948,0.999627,91.9972515106,0.0154145,0.0417478,0.0368434
949,0.999651,86.0031795502,0.0156307,0.040142,0.0368046
950,0.999631,90.9982395172,0.0204218,0.0399594,0.0367659
951,0.999602,98.0060148239,0.0204858,0.0433043,0.0367271
952,0.999631,90.9982395172,0.0164555,0.0394291,0.0366885
953,0.999671,80.9934282303,0.0163287,0.0372641,0.0366499
954,0.999696,74.9993562698,0.0138304,0.0368611,0.0366113
955,0.999688,76.9973802567,0.0154967,0.0349154,0.0365727
956,0.999696,74.9993562698,0.0146998,0.0369291,0.0365342
957,0.999623,92.996263504,0.0195871,0.0422183,0.0364958
958,0.999611,95.9932994843,0.0190241,0.0414291,0.0364574
959,0.999663,83.0061435699,0.0163462,0.0387767,0.036419
960,0.999651,86.0031795502,0.0164012,0.0397811,0.0363806
961,0.999696,74.9993562698,0.0126357,0.0344292,0.0363423
962,0.999671,80.9934282303,0.0159073,0.0344146,0.0363041
963,0.999671,80.9934282303,0.0118396,0.0382161,0.0362659
964,0.999716,70.0042963028,0.0127448,0.0294778,0.0362277
965,0.999692,75.9983682632,0.0127274,0.0357239,0.0361896
966,0.999611,95.9932994843,0.0200304,0.0430765,0.0361515
967,0.999586,102.002062798,0.0214918,0.0442646,0.0361134
968,0.999671,80.9934282303,0.0156832,0.0353761,0.0360754
969,0.999684,77.9963922501,0.0162797,0.0346881,0.0360374
970,0.999675,79.9944162369,0.0154377,0.0353375,0.0359995
971,0.999667,82.0071315765,0.0141164,0.0352902,0.0359616
972,0.999615,94.9942874908,0.0175175,0.0421827,0.0359237
973,0.99968,78.9954042435,0.0156967,0.0362619,0.0358859
974,0.999688,76.9973802567,0.0164221,0.0350062,0.0358481
975,0.999651,86.0031795502,0.0161425,0.0397448,0.0358104
976,0.999627,91.9972515106,0.0186544,0.0375437,0.0357727
977,0.99968,78.9954042435,0.012384,0.0411907,0.035735
978,0.999704,73.001332283,0.0116277,0.0286188,0.0356974
979,0.999712,71.0033082962,0.0115117,0.0338253,0.0356598
980,0.999647,87.0021915436,0.0154164,0.0360734,0.0356223
981,0.999647,87.0021915436,0.0162763,0.0395188,0.0355848
982,0.999704,73.001332283,0.0135662,0.0336666,0.0355473
983,0.999671,80.9934282303,0.0143349,0.0353262,0.0355099
984,0.999736,64.9945449829,0.0112581,0.0335067,0.0354725
985,0.999651,86.0031795502,0.017537,0.0400969,0.0354352
986,0.999667,82.0071315765,0.0150291,0.0395529,0.0353979
987,0.999631,90.9982395172,0.0135081,0.0379266,0.0353606
988,0.999663,83.0061435699,0.0175089,0.0397944,0.0353234
989,0.999671,80.9934282303,0.014585,0.0364332,0.0352862
990,0.999655,85.0041675568,0.0147238,0.0368089,0.0352491
991,0.999647,87.0021915436,0.0164203,0.038443,0.035212
992,0.999655,85.0041675568,0.0146813,0.0392866,0.0351749
993,0.999611,95.9932994843,0.0188582,0.0401291,0.0351379
994,0.999708,72.0023202896,0.0132771,0.0324106,0.0351009
995,0.999761,59.0004730225,0.0103867,0.0309275,0.0350639
996,0.999696,74.9993562698,0.0129484,0.0342044,0.035027
997,0.999704,73.001332283,0.0134198,0.035936,0.0349901
998,0.999748,61.9975090027,0.0112174,0.0273418,0.0349533
999,0.99972,69.0052843094,0.00969441,0.0333762,0.0349165
1000,0.999619,93.9952754974,0.0162425,0.0373797,0.0348797
1001,0.999748,61.9975090027,0.00970663,0.0272804,0.034843
1002,0.9997,74.0003442764,0.0133167,0.0332546,0.0348063
1003,0.999736,64.9945449829,0.0119225,0.0297378,0.0347697
1004,0.999765,58.0014610291,0.00877256,0.0307552,0.0347331
1005,0.999671,80.9934282303,0.0135485,0.0366564,0.0346965
1006,0.999684,77.9963922501,0.0132075,0.0355489,0.03466
1007,0.99968,78.9954042435,0.0116851,0.0376635,0.0346235
1008,0.999716,70.0042963028,0.0130007,0.0316473,0.0345871
1009,0.999696,74.9993562698,0.0161022,0.0348191,0.0345507
1010,0.999724,68.006272316,0.0113391,0.0288934,0.0345143
1011,0.999704,73.001332283,0.0122152,0.0322141,0.034478
1012,0.999675,79.9944162369,0.0136908,0.0373753,0.0344417
1013,0.999728,67.0072603226,0.0110964,0.0321366,0.0344054
1014,0.999736,64.9945449829,0.0109927,0.0317046,0.0343692
1015,0.999692,75.9983682632,0.014364,0.0349413,0.034333
1016,0.999635,89.9992275238,0.0169926,0.0372613,0.0342969
1017,0.999716,70.0042963028,0.0105042,0.0324104,0.0342608
1018,0.999659,84.0051555634,0.0168995,0.0436333,0.0342247
1019,0.999704,73.001332283,0.0130201,0.0357784,0.0341887
1020,0.999643,88.001203537,0.0153272,0.0388398,0.0341527
1021,0.999659,84.0051555634,0.0131071,0.0361076,0.0341167
1022,0.99974,63.9955329895,0.00969908,0.0285771,0.0340808
1023,0.999675,79.9944162369,0.0147944,0.0397006,0.0340449
1024,0.9997,74.0003442764,0.012845,0.0325211,0.0340091
1025,0.999736,64.9945449829,0.00994704,0.031398,0.0339733
1026,0.99972,69.0052843094,0.0111761,0.0338038,0.0339375
1027,0.999688,76.9973802567,0.0130233,0.0335103,0.0339018
1028,0.999688,76.9973802567,0.0142017,0.0352568,0.0338661
1029,0.999704,73.001332283,0.0120815,0.0320082,0.0338305
1030,0.999724,68.006272316,0.00884042,0.0288889,0.0337948
1031,0.999671,80.9934282303,0.0123846,0.037054,0.0337593
1032,0.999708,72.0023202896,0.0114598,0.0325414,0.0337237
1033,0.999696,74.9993562698,0.0143762,0.0329111,0.0336882
1034,0.999712,71.0033082962,0.014781,0.0365215,0.0336528
1035,0.999708,72.0023202896,0.0113621,0.033463,0.0336173
1036,0.999671,80.9934282303,0.0159743,0.0388855,0.033582
1037,0.999753,60.9984970093,0.00985692,0.0282737,0.0335466
1038,0.99974,63.9955329895,0.0089406,0.0270967,0.0335113
1039,0.999684,77.9963922501,0.0128065,0.0365541,0.033476
1040,0.999761,59.0004730225,0.00805424,0.0272409,0.0334408
1041,0.999712,71.0033082962,0.0108942,0.0353654,0.0334056
1042,0.999615,94.9942874908,0.0197547,0.0421172,0.0333704
1043,0.999692,75.9983682632,0.0123837,0.0378834,0.0333353
1044,0.999647,87.0021915436,0.0162947,0.0396327,0.0333002
1045,0.999728,67.0072603226,0.0104849,0.031626,0.0332651
1046,0.9997,74.0003442764,0.0120922,0.033506,0.0332301
1047,0.999761,59.0004730225,0.00823768,0.0292867,0.0331951
1048,0.999736,64.9945449829,0.0115199,0.0352538,0.0331602
1049,0.999692,75.9983682632,0.0129311,0.0358665,0.0331253
1050,0.999675,79.9944162369,0.0131785,0.0371957,0.0330904
1051,0.999716,70.0042963028,0.0116114,0.0364095,0.0330556
1052,0.999757,59.9994850159,0.00901701,0.0276227,0.0330208
1053,0.999692,75.9983682632,0.0152556,0.0336386,0.032986
1054,0.999663,83.0061435699,0.0146981,0.0355741,0.0329513
1055,0.999659,84.0051555634,0.0126996,0.0362321,0.0329166
1056,0.999728,67.0072603226,0.012648,0.033862,0.0328819
1057,0.999716,70.0042963028,0.00989872,0.0339423,0.0328473
1058,0.999736,64.9945449829,0.0119089,0.0308154,0.0328127
1059,0.99972,69.0052843094,0.012494,0.0320358,0.0327782
1060,0.999809,46.9976377487,0.00549792,0.0241167,0.0327437
1061,0.9997,74.0003442764,0.0128352,0.0344292,0.0327092
1062,0.999748,61.9975090027,0.00903822,0.0296559,0.0326748
1063,0.999684,77.9963922501,0.0140507,0.0363306,0.0326404
1064,0.999753,60.9984970093,0.010539,0.0316804,0.032606
1065,0.99974,63.9955329895,0.00795829,0.0284808,0.0325717
1066,0.999692,75.9983682632,0.0111303,0.0343259,0.0325374
1067,0.999692,75.9983682632,0.0128373,0.0371816,0.0325032
1068,0.99974,63.9955329895,0.00993717,0.0294962,0.032469
1069,0.99972,69.0052843094,0.0127435,0.0316402,0.0324348
1070,0.999757,59.9994850159,0.00776097,0.0290216,0.0324006
1071,0.999696,74.9993562698,0.0125002,0.0335041,0.0323665
1072,0.999748,61.9975090027,0.00756089,0.0311087,0.0323324
1073,0.999769,57.0024490356,0.00697952,0.0293322,0.0322984
1074,0.999728,67.0072603226,0.0103318,0.0315337,0.0322644
1075,0.999748,61.9975090027,0.0108181,0.0308441,0.0322304
1076,0.999728,67.0072603226,0.0112064,0.0323388,0.0321965
1077,0.999671,80.9934282303,0.015222,0.0403554,0.0321626
1078,0.999667,82.0071315765,0.0137253,0.0359394,0.0321288
1079,0.999696,74.9993562698,0.0115562,0.0352829,0.0320949
1080,0.999744,62.9965209961,0.0107344,0.0329865,0.0320612
1081,0.999797,49.9946737289,0.00807874,0.0265396,0.0320274
1082,0.999728,67.0072603226,0.00904219,0.0331068,0.0319937
1083,0.999732,65.9935569763,0.0108498,0.0317584,0.03196
1084,0.999728,67.0072603226,0.0105243,0.0311288,0.0319264
1085,0.999704,73.001332283,0.0125571,0.0330613,0.0318928
1086,0.999753,60.9984970093,0.00835574,0.0285569,0.0318592
1087,0.99974,63.9955329895,0.0117354,0.0330531,0.0318256
1088,0.999761,59.0004730225,0.00750272,0.0272493,0.0317921
1089,0.99974,63.9955329895,0.00847424,0.0298681,0.0317587
1090,0.999712,71.0033082962,0.010921,0.0348601,0.0317252
1091,0.999708,72.0023202896,0.0119011,0.0340928,0.0316918
1092,0.999688,76.9973802567,0.0127338,0.0347587,0.0316585
1093,0.999728,67.0072603226,0.00922906,0.0291871,0.0316252
1094,0.999753,60.9984970093,0.0078255,0.0294925,0.0315919
1095,0.999769,57.0024490356,0.007674,0.0275877,0.0315586
1096,0.999659,84.0051555634,0.0136937,0.0348294,0.0315254
1097,0.999744,62.9965209961,0.00912591,0.029018,0.0314922
1098,0.999744,62.9965209961,0.010297,0.0287554,0.031459
1099,0.99968,78.9954042435,0.0139081,0.0351472,0.0314259
1100,0.999736,64.9945449829,0.00862993,0.0279441,0.0313928
1101,0.999769,57.0024490356,0.00868189,0.0286997,0.0313598
1102,0.9997,74.0003442764,0.010816,0.0342063,0.0313268
1103,0.999724,68.006272316,0.00970004,0.0310014,0.0312938
1104,0.999708,72.0023202896,0.0118064,0.0362809,0.0312609
1105,0.999797,49.9946737289,0.00861428,0.0248066,0.031228
1106,0.999761,59.0004730225,0.0086142,0.0258488,0.0311951
1107,0.999712,71.0033082962,0.0114853,0.0305533,0.0311622
1108,0.999753,60.9984970093,0.0084985,0.0298102,0.0311294
1109,0.999765,58.0014610291,0.0100632,0.0294306,0.0310967
1110,0.999777,55.0044250488,0.00622167,0.0251004,0.0310639
1111,0.999716,70.0042963028,0.0126026,0.0380103,0.0310312
1112,0.999716,70.0042963028,0.0107232,0.0359523,0.0309986
1113,0.99968,78.9954042435,0.0115405,0.0355442,0.0309659
1114,0.99972,69.0052843094,0.00912168,0.0347365,0.0309333
1115,0.999659,84.0051555634,0.0115563,0.0352326,0.0309008
1116,0.999736,64.9945449829,0.00879942,0.0295032,0.0308682
1117,0.999761,59.0004730225,0.00862382,0.0267494,0.0308357
1118,0.999769,57.0024490356,0.00926045,0.0287504,0.0308033
1119,0.999765,58.0014610291,0.00840426,0.0291335,0.0307709
1120,0.999728,67.0072603226,0.00975832,0.0326949,0.0307385
1121,0.999688,76.9973802567,0.0141021,0.0374472,0.0307061
1122,0.999757,59.9994850159,0.00825463,0.0269916,0.0306738
1123,0.999801,48.9956617355,0.00646954,0.0255536,0.0306415
1124,0.999748,61.9975090027,0.00867025,0.0267488,0.0306092
1125,0.999773,56.0034370422,0.00749408,0.0289912,0.030577
1126,0.999801,48.9956617355,0.00681793,0.0305954,0.0305448
1127,0.999732,65.9935569763,0.0081775,0.0341097,0.0305127
1128,0.99972,69.0052843094,0.010946,0.0345668,0.0304805
1129,0.999716,70.0042963028,0.0111307,0.0340315,0.0304485
1130,0.999769,57.0024490356,0.00714954,0.0267305,0.0304164
1131,0.999696,74.9993562698,0.012823,0.037894,0.0303844
1132,0.999728,67.0072603226,0.00881851,0.0291413,0.0303524
1133,0.999773,56.0034370422,0.00586642,0.0279555,0.0303204
1134,0.999748,61.9975090027,0.0112758,0.0292462,0.0302885
1135,0.999777,55.0044250488,0.00758815,0.0267227,0.0302566
1136,0.999765,58.0014610291,0.00747505,0.0285646,0.0302248
1137,0.999675,79.9944162369,0.0156841,0.0375887,0.030193
1138,0.999797,49.9946737289,0.00663164,0.0239606,0.0301612
1139,0.999744,62.9965209961,0.00842079,0.0303733,0.0301294
1140,0.999769,57.0024490356,0.00873724,0.0286951,0.0300977
1141,0.999728,67.0072603226,0.00871547,0.0325256,0.030066
1142,0.999769,57.0024490356,0.00834806,0.0305259,0.0300344
1143,0.999708,72.0023202896,0.0101111,0.0357612,0.0300028
1144,0.999765,58.0014610291,0.00889704,0.0296539,0.0299712
1145,0.999773,56.0034370422,0.00811719,0.0295347,0.0299396
1146,0.999805,47.9966497421,0.0070714,0.0268997,0.0299081
1147,0.999801,48.9956617355,0.00728122,0.0229569,0.0298766
1148,0.999789,51.9926977158,0.00659644,0.027475,0.0298452
1149,0.999793,50.9936857224,0.00622382,0.0251261,0.0298138
1150,0.999821,44.0006017685,0.00447557,0.0246082,0.0297824
1151,0.999805,47.9966497421,0.00735478,0.0286106,0.029751
1152,0.999761,59.0004730225,0.0105186,0.0298643,0.0297197
1153,0.999773,56.0034370422,0.00842876,0.0282898,0.0296884
1154,0.999801,48.9956617355,0.00736986,0.02566,0.0296572
1155,0.999785,53.006401062,0.00689126,0.0253106,0.0296259
1156,0.999708,72.0023202896,0.010485,0.0328231,0.0295948
1157,0.999761,59.0004730225,0.00810227,0.0271674,0.0295636
1158,0.999748,61.9975090027,0.0103602,0.0342112,0.0295325
1159,0.999748,61.9975090027,0.00791897,0.0286114,0.0295014
1160,0.999789,51.9926977158,0.00696137,0.026048,0.0294703
1161,0.999781,54.0054130554,0.00577501,0.0273539,0.0294393
1162,0.999789,51.9926977158,0.00602631,0.0294277,0.0294083
1163,0.999765,58.0014610291,0.00688313,0.027481,0.0293774
1164,0.999728,67.0072603226,0.00768083,0.0302063,0.0293464
1165,0.999781,54.0054130554,0.00746378,0.0270007,0.0293155
1166,0.999813,45.9986257553,0.00776274,0.0235926,0.0292847
1167,0.999777,55.0044250488,0.00624055,0.0270258,0.0292539
1168,0.999757,59.9994850159,0.00824478,0.0317818,0.0292231
1169,0.999773,56.0034370422,0.00664546,0.0276227,0.0291923
1170,0.999785,53.006401062,0.00667449,0.025158,0.0291616
1171,0.999801,48.9956617355,0.006339,0.0267203,0.0291309
1172,0.999761,59.0004730225,0.00967067,0.0285716,0.0291002
1173,0.999813,45.9986257553,0.00630456,0.0257707,0.0290696
1174,0.999805,47.9966497421,0.00637973,0.0243887,0.029039
1175,0.999761,59.0004730225,0.00802338,0.0346199,0.0290084
1176,0.999736,64.9945449829,0.0091244,0.0300517,0.0289779
1177,0.999728,67.0072603226,0.00942095,0.0314944,0.0289474
1178,0.999793,50.9936857224,0.00764768,0.0253267,0.0289169
1179,0.999826,43.0015897751,0.00517241,0.0235621,0.0288864
1180,0.999793,50.9936857224,0.00924005,0.0267464,0.028856
1181,0.99974,63.9955329895,0.0104588,0.0303308,0.0288256
1182,0.999773,56.0034370422,0.00644588,0.0257558,0.0287953
1183,0.999728,67.0072603226,0.00876701,0.0294403,0.028765
1184,0.999716,70.0042963028,0.0123912,0.0376266,0.0287347
1185,0.99974,63.9955329895,0.00835521,0.0301633,0.0287045
1186,0.999736,64.9945449829,0.00722333,0.0294732,0.0286742
1187,0.999826,43.0015897751,0.00579888,0.027258,0.0286441
1188,0.999781,54.0054130554,0.00711782,0.0263808,0.0286139
1189,0.999817,44.9996137619,0.00582233,0.0242636,0.0285838
1190,0.999809,46.9976377487,0.00670734,0.0285727,0.0285537
1191,0.999834,41.0035657883,0.00722811,0.0255147,0.0285236
1192,0.999797,49.9946737289,0.00607139,0.0251477,0.0284936
1193,0.999817,44.9996137619,0.00693288,0.0266578,0.0284636
1194,0.999826,43.0015897751,0.00606571,0.0256111,0.0284336
1195,0.999785,53.006401062,0.00961508,0.029581,0.0284037
1196,0.999797,49.9946737289,0.00627281,0.0271377,0.0283738
1197,0.999765,58.0014610291,0.00727375,0.0270492,0.0283439
1198,0.99974,63.9955329895,0.00767168,0.0336555,0.0283141
1199,0.999838,40.0045537949,0.00496476,0.0203781,0.0282843
1200,0.999769,57.0024490356,0.00792165,0.0309256,0.0282545
1201,0.999765,58.0014610291,0.007142,0.0289297,0.0282248
1202,0.999838,40.0045537949,0.00508136,0.0225103,0.0281951
1203,0.999753,60.9984970093,0.00760381,0.0301389,0.0281654
1204,0.999817,44.9996137619,0.00425157,0.023612,0.0281357
1205,0.999728,67.0072603226,0.00917145,0.0326278,0.0281061
1206,0.99974,63.9955329895,0.00768841,0.0303086,0.0280765
1207,0.999793,50.9936857224,0.00667271,0.0294883,0.028047
1208,0.999805,47.9966497421,0.00578991,0.0273226,0.0280175
1209,0.999753,60.9984970093,0.00918449,0.0299003,0.027988
1210,0.999732,65.9935569763,0.0123874,0.0335448,0.0279585
1211,0.999826,43.0015897751,0.00708234,0.0253563,0.0279291
1212,0.999846,38.006529808,0.00478875,0.0219851,0.0278997
1213,0.999773,56.0034370422,0.00751001,0.03055,0.0278703
1214,0.999789,51.9926977158,0.00673408,0.0284537,0.0278409
1215,0.999834,41.0035657883,0.00342235,0.020202,0.0278116
1216,0.999765,58.0014610291,0.0079316,0.0281476,0.0277824
1217,0.999748,61.9975090027,0.00608735,0.0285717,0.0277531
1218,0.999789,51.9926977158,0.0063972,0.0258746,0.0277239
1219,0.999785,53.006401062,0.00731432,0.0255518,0.0276947
1220,0.999801,48.9956617355,0.00674585,0.0278976,0.0276656
1221,0.999789,51.9926977158,0.00538662,0.0267032,0.0276364
1222,0.999761,59.0004730225,0.00750611,0.0266609,0.0276073
1223,0.999862,33.9957904816,0.00430484,0.0221878,0.0275783
1224,0.999826,43.0015897751,0.00505058,0.0256413,0.0275493
1225,0.999728,67.0072603226,0.00965423,0.0337598,0.0275202
1226,0.999765,58.0014610291,0.00833915,0.0300679,0.0274913
1227,0.999781,54.0054130554,0.00766469,0.0251225,0.0274623
1228,0.999781,54.0054130554,0.00770311,0.0291885,0.0274334
1229,0.999777,55.0044250488,0.00568996,0.0267944,0.0274045
1230,0.999866,32.9967784882,0.00384348,0.0209812,0.0273757
1231,0.999757,59.9994850159,0.00735634,0.0319546,0.0273469
1232,0.999813,45.9986257553,0.00596428,0.0251439,0.0273181
1233,0.999834,41.0035657883,0.00415845,0.0217075,0.0272893
1234,0.99985,36.9928264618,0.00479149,0.023601,0.0272606
1235,0.999777,55.0044250488,0.00813182,0.0286759,0.0272319
1236,0.999846,38.006529808,0.00466183,0.0230826,0.0272032
1237,0.999805,47.9966497421,0.00402368,0.0220419,0.0271746
1238,0.999797,49.9946737289,0.00593934,0.0262584,0.027146
1239,0.99985,36.9928264618,0.0035349,0.0230208,0.0271174
1240,0.999813,45.9986257553,0.0044806,0.0266763,0.0270889
1241,0.999777,55.0044250488,0.00636673,0.0269708,0.0270604
1242,0.999813,45.9986257553,0.00584932,0.0266034,0.0270319
1243,0.999821,44.0006017685,0.00606643,0.0281986,0.0270034
1244,0.999801,48.9956617355,0.00649254,0.0259857,0.026975
1245,0.999813,45.9986257553,0.00544439,0.0238222,0.0269466
1246,0.999769,57.0024490356,0.00702683,0.0271163,0.0269182
1247,0.999834,41.0035657883,0.00503436,0.0220894,0.0268899
1248,0.999858,34.994802475,0.00327126,0.017582,0.0268616
1249,0.999773,56.0034370422,0.00813762,0.031704,0.0268333
1250,0.999805,47.9966497421,0.00484234,0.0208622,0.0268051
1251,0.999813,45.9986257553,0.00593221,0.0251769,0.0267768
1252,0.999757,59.9994850159,0.00917199,0.0302168,0.0267486
1253,0.999809,46.9976377487,0.00642045,0.0266118,0.0267205
1254,0.999821,44.0006017685,0.00424621,0.021402,0.0266924
1255,0.999765,58.0014610291,0.00728461,0.0280216,0.0266643
1256,0.999813,45.9986257553,0.00651995,0.0300634,0.0266362
1257,0.999789,51.9926977158,0.0062614,0.0256278,0.0266081
1258,0.999797,49.9946737289,0.00547761,0.0239305,0.0265801
1259,0.999797,49.9946737289,0.00625993,0.0276899,0.0265522
1260,0.999785,53.006401062,0.00628134,0.0298504,0.0265242
1261,0.999793,50.9936857224,0.00508736,0.0258191,0.0264963
1262,0.999761,59.0004730225,0.0064018,0.0293656,0.0264684
1263,0.999773,56.0034370422,0.00622177,0.0301827,0.0264405
1264,0.999817,44.9996137619,0.00504336,0.021753,0.0264127
1265,0.999781,54.0054130554,0.00575064,0.0287328,0.0263849
1266,0.999801,48.9956617355,0.00603918,0.0291899,0.0263571
1267,0.999781,54.0054130554,0.00675918,0.0291473,0.0263294
1268,0.999797,49.9946737289,0.00679876,0.0265857,0.0263017
1269,0.999838,40.0045537949,0.00385928,0.0221441,0.026274
1270,0.999801,48.9956617355,0.0048694,0.0262364,0.0262463
1271,0.999781,54.0054130554,0.0049332,0.0274846,0.0262187
1272,0.999809,46.9976377487,0.00567185,0.0278942,0.0261911
1273,0.999874,30.9987545013,0.00388847,0.0198047,0.0261635
1274,0.999805,47.9966497421,0.00525446,0.0274601,0.026136
1275,0.999781,54.0054130554,0.00712241,0.0322057,0.0261084
1276,0.999813,45.9986257553,0.00584037,0.0247639,0.026081
1277,0.99983,42.0025777817,0.00552679,0.0235199,0.0260535
1278,0.999769,57.0024490356,0.00631764,0.0282636,0.0260261
1279,0.999874,30.9987545013,0.0027336,0.0185187,0.0259987
1280,0.999834,41.0035657883,0.00402172,0.0231568,0.0259713
1281,0.999838,40.0045537949,0.00530404,0.024964,0.025944
1282,0.999761,59.0004730225,0.00754901,0.0297209,0.0259167
1283,0.999789,51.9926977158,0.00717192,0.0274277,0.0258894
1284,0.999821,44.0006017685,0.00541794,0.0229741,0.0258621
1285,0.999862,33.9957904816,0.00473711,0.0233229,0.0258349
1286,0.999817,44.9996137619,0.00535682,0.0222641,0.0258077
1287,0.999821,44.0006017685,0.00628606,0.0240924,0.0257805
1288,0.999817,44.9996137619,0.00397934,0.0210202,0.0257534
1289,0.999858,34.994802475,0.00376729,0.0197898,0.0257263
1290,0.999834,41.0035657883,0.00422042,0.0249987,0.0256992
1291,0.999821,44.0006017685,0.00642933,0.0269088,0.0256721
1292,0.999793,50.9936857224,0.00671949,0.02764,0.0256451
1293,0.999785,53.006401062,0.00732996,0.027969,0.0256181
1294,0.999813,45.9986257553,0.00612917,0.0285419,0.0255912
1295,0.999858,34.994802475,0.00419581,0.0200016,0.0255642
1296,0.999842,39.0055418015,0.00273886,0.0210943,0.0255373
1297,0.999854,35.9938144684,0.00343319,0.0247119,0.0255104
1298,0.999785,53.006401062,0.00615761,0.0267866,0.0254836
1299,0.999842,39.0055418015,0.00451689,0.0214293,0.0254567
1300,0.999781,54.0054130554,0.00704885,0.0290637,0.0254299
1301,0.999846,38.006529808,0.00424596,0.0193696,0.0254032
1302,0.99983,42.0025777817,0.00489727,0.0211931,0.0253764
1303,0.99985,36.9928264618,0.00431983,0.022641,0.0253497
1304,0.999866,32.9967784882,0.00297617,0.0215521,0.025323
1305,0.999817,44.9996137619,0.00476913,0.0231264,0.0252964
1306,0.999834,41.0035657883,0.00401199,0.0233512,0.0252697
1307,0.99983,42.0025777817,0.00303945,0.0246687,0.0252431
1308,0.999858,34.994802475,0.00364517,0.0217876,0.0252166
1309,0.999809,46.9976377487,0.00582997,0.0251593,0.02519
1310,0.999842,39.0055418015,0.0043614,0.0265902,0.0251635
1311,0.999789,51.9926977158,0.00640116,0.0273005,0.025137
1312,0.999805,47.9966497421,0.00493542,0.0252128,0.0251106
1313,0.999793,50.9936857224,0.00573785,0.0260089,0.0250841
1314,0.999846,38.006529808,0.00530424,0.0233344,0.0250577
1315,0.999862,33.9957904816,0.00333479,0.0216089,0.0250313
1316,0.999817,44.9996137619,0.00519286,0.0285329,0.025005
1317,0.999797,49.9946737289,0.00591611,0.0262485,0.0249787
1318,0.999797,49.9946737289,0.00475301,0.0252121,0.0249524
1319,0.999826,43.0015897751,0.00532359,0.0237208,0.0249261
1320,0.999866,32.9967784882,0.00265867,0.0175323,0.0248999
1321,0.999838,40.0045537949,0.00472473,0.0206691,0.0248736
1322,0.999854,35.9938144684,0.00410526,0.0232887,0.0248475
1323,0.999826,43.0015897751,0.00414932,0.0250813,0.0248213
1324,0.999842,39.0055418015,0.00377485,0.0264162,0.0247952
1325,0.999846,38.006529808,0.00434558,0.0225912,0.0247691
1326,0.999813,45.9986257553,0.00474664,0.0260993,0.024743
1327,0.999842,39.0055418015,0.00382664,0.023031,0.0247169
1328,0.999826,43.0015897751,0.00421668,0.0261029,0.0246909
1329,0.999854,35.9938144684,0.00491272,0.0230761,0.0246649
1330,0.99985,36.9928264618,0.00456969,0.0209521,0.024639
1331,0.999805,47.9966497421,0.00435233,0.0235636,0.024613
1332,0.999813,45.9986257553,0.00496807,0.0239479,0.0245871
1333,0.999854,35.9938144684,0.00396628,0.0216009,0.0245612
1334,0.999838,40.0045537949,0.00373318,0.0203502,0.0245354
1335,0.999878,29.9997425079,0.00227475,0.0195442,0.0245096
1336,0.99987,31.9977664948,0.00269772,0.0198684,0.0244838
1337,0.999813,45.9986257553,0.00551551,0.0267252,0.024458
1338,0.999842,39.0055418015,0.00430499,0.0250792,0.0244322
1339,0.999834,41.0035657883,0.00321404,0.0196097,0.0244065
1340,0.99983,42.0025777817,0.00496387,0.0273719,0.0243808
1341,0.999797,49.9946737289,0.00505079,0.0269581,0.0243552
1342,0.999805,47.9966497421,0.00578402,0.0257429,0.0243295
1343,0.999846,38.006529808,0.00432986,0.0207224,0.0243039
1344,0.999866,32.9967784882,0.00306474,0.0218151,0.0242783
1345,0.999838,40.0045537949,0.00459683,0.0231247,0.0242528
1346,0.999846,38.006529808,0.00431195,0.0204738,0.0242272
1347,0.999834,41.0035657883,0.00397131,0.0274814,0.0242017
1348,0.999862,33.9957904816,0.00261416,0.0169832,0.0241762
1349,0.999899,25.0046825409,0.0019237,0.0145291,0.0241508
1350,0.999911,21.9929552078,0.00228622,0.0173922,0.0241254
1351,0.999817,44.9996137619,0.00449998,0.0253918,0.0241
1352,0.999826,43.0015897751,0.00415911,0.0221795,0.0240746
1353,0.999817,44.9996137619,0.00495712,0.023817,0.0240493
1354,0.99989,27.0027065277,0.00255688,0.0165511,0.0240239
1355,0.999919,19.994931221,0.00130698,0.0128563,0.0239987
1356,0.999834,41.0035657883,0.00482554,0.0269174,0.0239734
1357,0.999826,43.0015897751,0.00430557,0.0234992,0.0239482
1358,0.999797,49.9946737289,0.00548865,0.0242583,0.0239229
1359,0.999793,50.9936857224,0.0061124,0.027234,0.0238978
1360,0.999826,43.0015897751,0.00409734,0.0206502,0.0238726
1361,0.999805,47.9966497421,0.00369904,0.021985,0.0238475
1362,0.999854,35.9938144684,0.00329707,0.0207451,0.0238224
1363,0.999838,40.0045537949,0.00392495,0.0272182,0.0237973
1364,0.999862,33.9957904816,0.00233091,0.0222688,0.0237722
1365,0.999854,35.9938144684,0.00396017,0.0211111,0.0237472
1366,0.999882,29.0007305145,0.00400151,0.0210724,0.0237222
1367,0.999834,41.0035657883,0.00365212,0.0232679,0.0236972
1368,0.99985,36.9928264618,0.003165,0.0229545,0.0236723
1369,0.999838,40.0045537949,0.0043489,0.0245583,0.0236474
1370,0.999854,35.9938144684,0.00344461,0.0224267,0.0236225
1371,0.999886,28.0017185211,0.00294664,0.0189335,0.0235976
1372,0.999858,34.994802475,0.00315973,0.0186615,0.0235728
1373,0.999846,38.006529808,0.0029416,0.0191,0.023548
1374,0.999886,28.0017185211,0.00201467,0.0182137,0.0235232
1375,0.999838,40.0045537949,0.0053854,0.023467,0.0234984
1376,0.999842,39.0055418015,0.00395484,0.0233975,0.0234737
1377,0.999846,38.006529808,0.00280813,0.0221932,0.023449
1378,0.999826,43.0015897751,0.00426765,0.0235193,0.0234243
1379,0.999817,44.9996137619,0.00394869,0.0223697,0.0233996
1380,0.999882,29.0007305145,0.00298209,0.0198882,0.023375
1381,0.999838,40.0045537949,0.00409376,0.0231856,0.0233504
1382,0.999854,35.9938144684,0.00410281,0.0242395,0.0233258
1383,0.999838,40.0045537949,0.00314408,0.0196062,0.0233012
1384,0.999846,38.006529808,0.00361867,0.0253352,0.0232767
1385,0.999826,43.0015897751,0.00480513,0.0248793,0.0232522
1386,0.999854,35.9938144684,0.0033562,0.019373,0.0232277
1387,0.999862,33.9957904816,0.00229209,0.0210251,0.0232033
1388,0.999878,29.9997425079,0.00274198,0.018692,0.0231788
1389,0.999866,32.9967784882,0.00184222,0.0217357,0.0231544
1390,0.999866,32.9967784882,0.0032567,0.0225259,0.0231301
1391,0.999846,38.006529808,0.00368971,0.0227389,0.0231057
1392,0.999878,29.9997425079,0.00286541,0.0211947,0.0230814
1393,0.999886,28.0017185211,0.00189367,0.0162318,0.0230571
1394,0.999907,23.0066585541,0.00250699,0.0167375,0.0230328
1395,0.999842,39.0055418015,0.00292309,0.0204488,0.0230086
1396,0.999882,29.0007305145,0.00232156,0.018689,0.0229844
1397,0.999866,32.9967784882,0.00353612,0.0176347,0.0229602
1398,0.999903,24.0056705475,0.00269301,0.0178625,0.022936
1399,0.999927,17.9969072342,0.00120925,0.0128508,0.0229118
1400,0.999854,35.9938144684,0.00318912,0.0207413,0.0228877
1401,0.999899,25.0046825409,0.00268534,0.016284,0.0228636
1402,0.999878,29.9997425079,0.00275925,0.0209752,0.0228396
1403,0.99987,31.9977664948,0.00354247,0.0228658,0.0228155
1404,0.999911,21.9929552078,0.00248822,0.0179012,0.0227915
1405,0.99985,36.9928264618,0.00412144,0.021212,0.0227675
1406,0.999821,44.0006017685,0.00435449,0.02354,0.0227435
1407,0.999846,38.006529808,0.00386731,0.0214092,0.0227196
1408,0.99987,31.9977664948,0.00293158,0.0184549,0.0226957
1409,0.999842,39.0055418015,0.00397416,0.0253382,0.0226718
1410,0.99987,31.9977664948,0.00350724,0.0212276,0.0226479
1411,0.999878,29.9997425079,0.00251071,0.0193463,0.0226241
1412,0.999907,23.0066585541,0.00261874,0.0150642,0.0226003
1413,0.99987,31.9977664948,0.00277642,0.0202157,0.0225765
1414,0.999886,28.0017185211,0.00264181,0.0200229,0.0225527
1415,0.999874,30.9987545013,0.00234646,0.017316,0.022529
1416,0.999866,32.9967784882,0.00349669,0.0220855,0.0225053
1417,0.999874,30.9987545013,0.00310239,0.0215052,0.0224816
1418,0.999826,43.0015897751,0.00390188,0.0263687,0.0224579
1419,0.999838,40.0045537949,0.00426216,0.0255088,0.0224343
1420,0.999886,28.0017185211,0.00289566,0.018307,0.0224106
1421,0.99987,31.9977664948,0.00282994,0.0216344,0.022387
1422,0.999894,26.0036945343,0.00227248,0.0211378,0.0223635
1423,0.999866,32.9967784882,0.00271496,0.0210776,0.0223399
1424,0.999931,16.9978952408,0.00130965,0.0120889,0.0223164
1425,0.999927,17.9969072342,0.0013541,0.0166053,0.0222929
1426,0.999903,24.0056705475,0.00166636,0.0197227,0.0222695
1427,0.999886,28.0017185211,0.0026571,0.0185874,0.022246
1428,0.99989,27.0027065277,0.00240353,0.018351,0.0222226
1429,0.999821,44.0006017685,0.00365522,0.0262426,0.0221992
1430,0.999858,34.994802475,0.00358934,0.0234183,0.0221758
1431,0.999886,28.0017185211,0.00247466,0.0172894,0.0221525
1432,0.99985,36.9928264618,0.00280544,0.0191952,0.0221292
1433,0.999915,20.9939432144,0.00187565,0.0152104,0.0221059
1434,0.999899,25.0046825409,0.0012597,0.0159489,0.0220826
1435,0.999907,23.0066585541,0.002009,0.0173884,0.0220594
1436,0.999915,20.9939432144,0.00125224,0.0121961,0.0220361
1437,0.999882,29.0007305145,0.00222012,0.020291,0.0220129
1438,0.999886,28.0017185211,0.00233559,0.0172153,0.0219898
1439,0.99987,31.9977664948,0.00338334,0.0203579,0.0219666
1440,0.999907,23.0066585541,0.00201091,0.0190442,0.0219435
1441,0.999935,15.9988832474,0.0016655,0.0159475,0.0219204
1442,0.999862,33.9957904816,0.00387681,0.0227197,0.0218973
1443,0.999834,41.0035657883,0.00289557,0.0220769,0.0218743
1444,0.999886,28.0017185211,0.00266696,0.0220742,0.0218512
1445,0.999903,24.0056705475,0.00251334,0.0167145,0.0218282
1446,0.999894,26.0036945343,0.00246306,0.0177645,0.0218053
1447,0.999878,29.9997425079,0.00201932,0.0183888,0.0217823
1448,0.999846,38.006529808,0.00233449,0.0203045,0.0217594
1449,0.999862,33.9957904816,0.00259073,0.0227226,0.0217365
1450,0.999834,41.0035657883,0.00451924,0.0207845,0.0217136
1451,0.999878,29.9997425079,0.00225578,0.0183645,0.0216907
1452,0.999834,41.0035657883,0.00530317,0.0255013,0.0216679
1453,0.999882,29.0007305145,0.00272169,0.0183305,0.0216451
1454,0.999939,14.999871254,0.00110835,0.0138563,0.0216223
1455,0.99985,36.9928264618,0.00342367,0.0229103,0.0215995
1456,0.999894,26.0036945343,0.00245293,0.0195216,0.0215768
1457,0.999911,21.9929552078,0.00113819,0.0132015,0.0215541
1458,0.999919,19.994931221,0.00185402,0.0167529,0.0215314
1459,0.999834,41.0035657883,0.00321485,0.0243808,0.0215087
1460,0.999862,33.9957904816,0.00409686,0.0227287,0.0214861
1461,0.999854,35.9938144684,0.00373924,0.0214276,0.0214635
1462,0.999923,18.9959192276,0.00122264,0.0136138,0.0214409
1463,0.999899,25.0046825409,0.0025569,0.0172817,0.0214183
1464,0.999915,20.9939432144,0.00172645,0.0157693,0.0213957
1465,0.999955,11.0038232803,0.000662282,0.00908464,0.0213732
1466,0.999858,34.994802475,0.00295854,0.0261136,0.0213507
1467,0.999878,29.9997425079,0.00308158,0.0179228,0.0213282
1468,0.999858,34.994802475,0.00318998,0.0183935,0.0213058
1469,0.999878,29.9997425079,0.0022885,0.0177044,0.0212834
1470,0.999931,16.9978952408,0.00118635,0.0135554,0.021261
1471,0.999955,11.0038232803,0.000782861,0.0106598,0.0212386
1472,0.999955,11.0038232803,0.00106206,0.0130817,0.0212162
1473,0.999976,5.99407196045,0.000278388,0.00670302,0.0211939
1474,0.999955,11.0038232803,0.00103463,0.0109358,0.0211716
1475,0.999919,19.994931221,0.00106868,0.0165386,0.0211493
1476,0.999947,13.0018472672,0.00127396,0.013633,0.021127
1477,0.999886,28.0017185211,0.00330537,0.0192872,0.0211048
1478,0.999907,23.0066585541,0.0015985,0.0163069,0.0210826
1479,0.999846,38.006529808,0.00321368,0.0209313,0.0210604
1480,0.999886,28.0017185211,0.00203156,0.0170657,0.0210382
1481,0.999923,18.9959192276,0.0016478,0.016437,0.0210161
1482,0.999882,29.0007305145,0.00271562,0.0197087,0.0209939
1483,0.999899,25.0046825409,0.00161788,0.0149382,0.0209718
1484,0.999903,24.0056705475,0.00221051,0.0148445,0.0209497
1485,0.999899,25.0046825409,0.00165111,0.0163694,0.0209277
1486,0.999943,14.0008592606,0.00140545,0.0150975,0.0209057
1487,0.999951,12.0028352737,0.000810599,0.010693,0.0208837
1488,0.999963,9.00579929352,0.000332478,0.0102554,0.0208617
1489,0.999919,19.994931221,0.00129825,0.0148152,0.0208397
1490,0.999931,16.9978952408,0.00182075,0.0152983,0.0208178
1491,0.999915,20.9939432144,0.0010313,0.0131885,0.0207959
1492,0.999899,25.0046825409,0.00147649,0.0185973,0.020774
1493,0.999951,12.0028352737,0.00059673,0.00968277,0.0207521
1494,0.999899,25.0046825409,0.00199582,0.0204915,0.0207303
1495,0.999915,20.9939432144,0.00208241,0.0158204,0.0207084
1496,0.99989,27.0027065277,0.0018756,0.0175234,0.0206866
1497,0.999907,23.0066585541,0.00145741,0.0145156,0.0206649
1498,0.999911,21.9929552078,0.00142355,0.0173328,0.0206431
1499,0.999894,26.0036945343,0.00166182,0.0149673,0.0206214
1500,0.999903,24.0056705475,0.00201402,0.0184003,0.0205997
1501,0.999866,32.9967784882,0.00290246,0.020056,0.020578
1502,0.999878,29.9997425079,0.00239709,0.020542,0.0205563
1503,0.999907,23.0066585541,0.00131048,0.0167637,0.0205347
1504,0.999959,10.0048112869,0.000598414,0.0117468,0.0205131
1505,0.999951,12.0028352737,0.000835677,0.0124354,0.0204915
1506,0.999894,26.0036945343,0.00232688,0.0225707,0.0204699
1507,0.999911,21.9929552078,0.00142719,0.0155408,0.0204483
1508,0.999899,25.0046825409,0.0017187,0.0184381,0.0204268
1509,0.999923,18.9959192276,0.00154181,0.0160321,0.0204053
1510,0.999907,23.0066585541,0.0015568,0.0171016,0.0203838
1511,0.99989,27.0027065277,0.00246618,0.0189064,0.0203624
1512,0.999935,15.9988832474,0.000854873,0.0119706,0.0203409
1513,0.999894,26.0036945343,0.00130487,0.0166629,0.0203195
1514,0.999935,15.9988832474,0.00091103,0.0112661,0.0202981
1515,0.999915,20.9939432144,0.00119389,0.0133147,0.0202768
1516,0.999927,17.9969072342,0.000963579,0.0143822,0.0202554
1517,0.999951,12.0028352737,0.00065979,0.0121355,0.0202341
1518,0.999988,2.99703598022,0.00013024,0.00959253,0.0202128
1519,0.999959,10.0048112869,0.000736649,0.0121888,0.0201915
1520,0.999947,13.0018472672,0.000772173,0.0118773,0.0201703
1521,0.999947,13.0018472672,0.000624555,0.0120366,0.020149
1522,0.999919,19.994931221,0.00156543,0.0160152,0.0201278
1523,0.999903,24.0056705475,0.00147058,0.0183554,0.0201066
1524,0.999947,13.0018472672,0.000521303,0.0141286,0.0200855
1525,0.999923,18.9959192276,0.00143655,0.0148703,0.0200643
1526,0.999931,16.9978952408,0.00143719,0.0159074,0.0200432
1527,0.999915,20.9939432144,0.00180463,0.0167401,0.0200221
1528,0.999911,21.9929552078,0.00251342,0.0154474,0.020001
1529,0.999931,16.9978952408,0.00113958,0.014497,0.01998
1530,0.999907,23.0066585541,0.00156689,0.0161433,0.0199589
1531,0.999907,23.0066585541,0.00163761,0.0158455,0.0199379
1532,0.999907,23.0066585541,0.00138221,0.0149964,0.0199169
1533,0.999907,23.0066585541,0.00153998,0.0155423,0.019896
1534,0.999899,25.0046825409,0.00195224,0.0194563,0.019875
1535,0.999911,21.9929552078,0.00194558,0.0174611,0.0198541
1536,0.999911,21.9929552078,0.000985453,0.0143902,0.0198332
1537,0.999951,12.0028352737,0.000581314,0.0115187,0.0198123
1538,0.999943,14.0008592606,0.000680089,0.0103722,0.0197915
1539,0.999955,11.0038232803,0.000542656,0.00976365,0.0197706
1540,0.999931,16.9978952408,0.00145463,0.0134247,0.0197498
1541,0.999931,16.9978952408,0.00107997,0.0131951,0.019729
1542,0.99989,27.0027065277,0.00175036,0.0175841,0.0197083
1543,0.999927,17.9969072342,0.00140571,0.0156981,0.0196875
1544,0.999915,20.9939432144,0.00243105,0.016281,0.0196668
1545,0.999943,14.0008592606,0.000643203,0.0116308,0.0196461
1546,0.999963,9.00579929352,0.000726685,0.0096026,0.0196254
1547,0.999915,20.9939432144,0.00121786,0.0148029,0.0196047
1548,0.999911,21.9929552078,0.0014803,0.0147547,0.0195841
1549,0.999915,20.9939432144,0.00107948,0.0146268,0.0195635
1550,0.999882,29.0007305145,0.00170214,0.021691,0.0195429
1551,0.999907,23.0066585541,0.00146046,0.0164641,0.0195223
1552,0.999931,16.9978952408,0.000950138,0.0137265,0.0195018
1553,0.999959,10.0048112869,0.000757387,0.00955154,0.0194812
1554,0.999955,11.0038232803,0.000376142,0.0112439,0.0194607
1555,0.999959,10.0048112869,0.00118041,0.0125118,0.0194402
1556,0.999923,18.9959192276,0.00109664,0.0137822,0.0194198
1557,0.999935,15.9988832474,0.000884683,0.0129447,0.0193993
1558,0.999939,14.999871254,0.00055682,0.0110241,0.0193789
1559,0.999915,20.9939432144,0.00175262,0.0177717,0.0193585
1560,0.999915,20.9939432144,0.00187853,0.0159729,0.0193381
1561,0.999968,8.00678730011,0.00052176,0.00804169,0.0193178
1562,0.999963,9.00579929352,0.000282721,0.00912086,0.0192974
1563,0.999943,14.0008592606,0.00107751,0.00962524,0.0192771
1564,0.999943,14.0008592606,0.00111424,0.012861,0.0192568
1565,0.999951,12.0028352737,0.000416188,0.00962623,0.0192366
1566,0.999931,16.9978952408,0.00117567,0.0142319,0.0192163
1567,0.999935,15.9988832474,0.0014317,0.0143512,0.0191961
1568,0.999955,11.0038232803,0.00090266,0.00929719,0.0191759
1569,0.999959,10.0048112869,0.000550866,0.0105024,0.0191557
1570,0.999968,8.00678730011,0.000293018,0.00736602,0.0191355
1571,0.999959,10.0048112869,0.000665683,0.00942301,0.0191154
1572,0.999931,16.9978952408,0.00193714,0.0156634,0.0190952
1573,0.999959,10.0048112869,0.000529078,0.00786532,0.0190751
1574,0.99998,4.99505996704,0.000340115,0.00849369,0.0190551
1575,0.999959,10.0048112869,0.00075491,0.0112818,0.019035
1576,0.999943,14.0008592606,0.00107069,0.0135748,0.019015
1577,0.999976,5.99407196045,0.000296087,0.0071842,0.018995
1578,0.999947,13.0018472672,0.00076721,0.0129483,0.018975
1579,0.999943,14.0008592606,0.00074096,0.0139412,0.018955
1580,0.999951,12.0028352737,0.00092028,0.0125219,0.018935
1581,0.999955,11.0038232803,0.000881929,0.0108347,0.0189151
1582,0.999935,15.9988832474,0.000818366,0.0129801,0.0188952
1583,0.999931,16.9978952408,0.000758321,0.0147653,0.0188753
1584,0.999899,25.0046825409,0.00151673,0.0163208,0.0188554
1585,0.999935,15.9988832474,0.00146227,0.0152017,0.0188356
1586,0.999931,16.9978952408,0.000951536,0.0126972,0.0188157
1587,0.999959,10.0048112869,0.000426718,0.00790575,0.0187959
1588,0.999959,10.0048112869,0.000436074,0.00887651,0.0187761
1589,0.999951,12.0028352737,0.000928921,0.0127295,0.0187564
1590,0.999947,13.0018472672,0.00134021,0.0142159,0.0187366
1591,0.999943,14.0008592606,0.000898958,0.0154156,0.0187169
1592,0.999931,16.9978952408,0.001473,0.0137581,0.0186972
1593,0.999943,14.0008592606,0.000880942,0.0116097,0.0186775
1594,0.999911,21.9929552078,0.00120281,0.0163883,0.0186579
1595,0.999976,5.99407196045,0.000308413,0.00791689,0.0186382
1596,0.999959,10.0048112869,0.000357149,0.00895925,0.0186186
1597,0.999963,9.00579929352,0.000527672,0.00934953,0.018599
1598,0.999955,11.0038232803,0.000333211,0.0106687,0.0185794
1599,0.999931,16.9978952408,0.00129209,0.0123657,0.0185599
1600,0.999959,10.0048112869,0.000549727,0.00814457,0.0185403
1601,0.999951,12.0028352737,0.000449859,0.0129167,0.0185208
1602,0.999976,5.99407196045,0.000476439,0.00821117,0.0185013
1603,0.999927,17.9969072342,0.0013225,0.0157403,0.0184818
1604,0.999947,13.0018472672,0.000639919,0.0117059,0.0184624
1605,0.999968,8.00678730011,0.000233129,0.00774868,0.0184429
1606,0.999951,12.0028352737,0.000426825,0.0120516,0.0184235
1607,0.999955,11.0038232803,0.00107121,0.0107821,0.0184041
1608,0.999976,5.99407196045,0.000207926,0.00518526,0.0183848
1609,0.999984,3.99604797363,3.20628e-05,0.00440459,0.0183654
1610,0.999988,2.99703598022,0.000158719,0.00670616,0.0183461
1611,0.999992,1.99802398682,3.39428e-05,0.00343498,0.0183268
1612,0.999996,0.999011993408,7.28381e-05,0.00249135,0.0183075
1613,1.0,0.0,0.0,0.0,0.0182882
1.0,0.0,5841.395744085312,1.08789,0.0121229785571,0.000987624033981
