91,80,0.6,2,1000, .1 
0,0.49019,125657.998345,1.82537e+06,312.662,0.0999998
1,0.916362,20614.9944592,1160.99,4.6781,0.0994904
2,0.985179,3653.00488472,52.1312,0.791916,0.0989837
3,0.995383,1138.00688267,3.87245,0.245232,0.0984795
4,0.997939,507.997598648,0.496322,0.122604,0.0979779
5,0.998945,259.992871284,0.0961102,0.0691246,0.0974788
6,0.998933,263.004598618,0.0856832,0.0721144,0.0969823
7,0.998868,279.003481865,0.0855393,0.0739233,0.0964883
8,0.998941,261.006574631,0.0965756,0.0727326,0.0959968
9,0.998998,247.00571537,0.0761565,0.0708618,0.0955079
10,0.998888,273.993730545,0.0835196,0.0710691,0.0950214
11,0.999107,220.003008842,0.0553823,0.0649733,0.0945374
12,0.998982,251.001763344,0.0860519,0.0711208,0.0940559
13,0.998974,252.999787331,0.0845843,0.0736899,0.0935768
14,0.99899,249.003739357,0.0739222,0.0692243,0.0931001
15,0.999071,228.994116783,0.0747097,0.0646381,0.0926259
16,0.999014,242.994976044,0.0695191,0.0701007,0.0921541
17,0.99903,238.99892807,0.0590447,0.0631673,0.0916847
18,0.998998,247.00571537,0.0739386,0.0675569,0.0912177
19,0.999043,236.00189209,0.075782,0.0649738,0.0907531
20,0.999067,229.993128777,0.0773365,0.0662905,0.0902909
21,0.999083,225.997080803,0.0614709,0.063936,0.0898309
22,0.999107,220.003008842,0.051003,0.059757,0.0893734
23,0.999079,226.996092796,0.0582314,0.0625815,0.0889182
24,0.999095,223.000044823,0.058301,0.0609507,0.0884652
25,0.999006,244.993000031,0.0621655,0.063913,0.0880146
26,0.99912,217.005972862,0.0507782,0.0595026,0.0875663
27,0.999193,198.994374275,0.0538534,0.0601913,0.0871203
28,0.999026,239.997940063,0.0718291,0.0686257,0.0866766
29,0.999136,212.995233536,0.0555994,0.0636331,0.0862351
30,0.99914,211.996221542,0.0486382,0.0590945,0.0857958
31,0.99912,217.005972862,0.0589265,0.0622003,0.0853588
32,0.999184,201.007089615,0.0552364,0.0577503,0.084924
33,0.999209,194.998326302,0.0498734,0.0522675,0.0844915
34,0.999254,183.994503021,0.0464712,0.0493241,0.0840611
35,0.999152,208.999185562,0.061617,0.059199,0.0836329
36,0.999014,242.994976044,0.0678904,0.0683152,0.0832069
37,0.999266,180.997467041,0.0457762,0.0527569,0.0827831
38,0.999111,219.003996849,0.0571678,0.0568979,0.0823614
39,0.999071,228.994116783,0.0552842,0.0641412,0.0819419
40,0.999144,210.997209549,0.0594409,0.0637942,0.0815246
41,0.999245,186.007218361,0.0402262,0.0536668,0.0811093
42,0.999132,213.994245529,0.0478703,0.0588325,0.0806962
43,0.999294,174.004383087,0.0378725,0.0501342,0.0802851
44,0.999193,198.994374275,0.051907,0.0568806,0.0798762
45,0.999087,224.99806881,0.0604545,0.0606334,0.0794693
46,0.999095,223.000044823,0.054695,0.0634679,0.0790645
47,0.999209,194.998326302,0.0427398,0.0571375,0.0786618
48,0.999043,236.00189209,0.0619349,0.0655762,0.0782612
49,0.999266,180.997467041,0.0373341,0.0502591,0.0778625
50,0.999197,197.995362282,0.0525639,0.0571163,0.0774659
51,0.999176,203.005113602,0.046127,0.0541378,0.0770714
52,0.999205,195.997338295,0.0472607,0.0551891,0.0766788
53,0.999099,222.001032829,0.0557603,0.0608914,0.0762882
54,0.999217,193.000302315,0.0507473,0.0570096,0.0758996
55,0.999193,198.994374275,0.0421767,0.0534792,0.075513
56,0.999254,183.994503021,0.0457316,0.0498805,0.0751284
57,0.999286,176.002407074,0.0485563,0.0546294,0.0747457
58,0.999254,183.994503021,0.041037,0.0520233,0.074365
59,0.99927,179.998455048,0.041245,0.0557794,0.0739862
60,0.99929,175.003395081,0.0352447,0.0500751,0.0736094
61,0.999201,196.996350288,0.0452449,0.0557183,0.0732344
62,0.999278,178.000431061,0.041611,0.0528498,0.0728614
63,0.99916,207.001161575,0.0585598,0.0621783,0.0724903
64,0.999249,184.993515015,0.0412258,0.0519426,0.072121
65,0.999249,184.993515015,0.0429235,0.0520039,0.0717537
66,0.999274,178.999443054,0.0367711,0.0505677,0.0713882
67,0.999266,180.997467041,0.0450484,0.0508859,0.0710246
68,0.999327,165.997595787,0.0344963,0.0465597,0.0706628
69,0.999274,178.999443054,0.0376995,0.0521319,0.0703029
70,0.999371,154.993772507,0.030445,0.0432047,0.0699448
71,0.999363,157.006487846,0.0340232,0.049206,0.0695885
72,0.999282,177.001419067,0.0459222,0.0556639,0.0692341
73,0.99931,169.993643761,0.0430617,0.0516896,0.0688814
74,0.999327,165.997595787,0.0338528,0.0481283,0.0685306
75,0.999335,163.9995718,0.0366431,0.0480586,0.0681815
76,0.999302,172.0063591,0.0342305,0.0492352,0.0678342
77,0.999132,213.994245529,0.0553938,0.0601889,0.0674887
78,0.999241,187.006230354,0.0385521,0.052881,0.0671449
79,0.999172,204.004125595,0.0460426,0.0551629,0.0668029
80,0.999363,157.006487846,0.0354829,0.0523672,0.0664627
81,0.999331,164.998583794,0.0326452,0.0524644,0.0661241
82,0.999282,177.001419067,0.0340323,0.0513329,0.0657873
83,0.999286,176.002407074,0.0358163,0.0505092,0.0654522
84,0.999363,157.006487846,0.0317335,0.046167,0.0651188
85,0.999379,152.99574852,0.0302363,0.0455436,0.0647871
86,0.999391,149.99871254,0.0303169,0.0461343,0.0644572
87,0.999481,128.005757332,0.0201441,0.0383257,0.0641288
88,0.999298,173.005371094,0.0329083,0.0464588,0.0638022
89,0.999375,153.994760513,0.0285976,0.0437482,0.0634772
90,0.999428,140.992913246,0.0238775,0.0416232,0.0631539
91,0.99946,133.000817299,0.0244613,0.0447569,0.0628322
92,0.999318,167.995619774,0.0351895,0.0477627,0.0625122
93,0.999391,149.99871254,0.0284167,0.0437057,0.0621938
94,0.999436,138.994889259,0.0277704,0.0391068,0.061877
95,0.99944,137.995877266,0.0247117,0.0423095,0.0615618
96,0.999387,150.997724533,0.0259967,0.0439639,0.0612482
97,0.999469,131.002793312,0.0200464,0.0400163,0.0609362
98,0.999448,135.997853279,0.024549,0.0424837,0.0606259
99,0.999428,140.992913246,0.0259901,0.0443993,0.0603171
100,0.999359,158.00549984,0.0244083,0.0443607,0.0600098
101,0.999497,123.995018005,0.0211099,0.0389884,0.0597042
102,0.999424,142.006616592,0.0258452,0.0435992,0.0594001
103,0.999497,123.995018005,0.0199817,0.0365607,0.0590975
104,0.999347,161.00253582,0.0315685,0.0485769,0.0587965
105,0.9994,148.000688553,0.0291613,0.0423841,0.058497
106,0.999412,145.003652573,0.0261901,0.0432648,0.058199
107,0.999412,145.003652573,0.026147,0.0428256,0.0579026
108,0.999456,133.999829292,0.0253204,0.0453709,0.0576077
109,0.999542,113.005886078,0.018982,0.0319203,0.0573142
110,0.99944,137.995877266,0.0263563,0.0422241,0.0570223
111,0.999448,135.997853279,0.0256101,0.0439142,0.0567318
112,0.999493,124.994029999,0.0207362,0.0363584,0.0564429
113,0.999395,148.999700546,0.0260051,0.0461627,0.0561554
114,0.99946,133.000817299,0.0246801,0.0448031,0.0558694
115,0.999493,124.994029999,0.0226531,0.0374364,0.0555848
116,0.999529,116.002922058,0.0194918,0.0344356,0.0553016
117,0.999533,115.003910065,0.0204108,0.0363531,0.05502
118,0.999501,122.996006012,0.0194192,0.0375376,0.0547397
119,0.999485,127.006745338,0.0226951,0.0418538,0.0544609
120,0.999529,116.002922058,0.023121,0.038805,0.0541835
121,0.999477,129.004769325,0.0249338,0.0387303,0.0539075
122,0.999525,117.001934052,0.0217399,0.0362814,0.0536329
123,0.999452,134.998841286,0.0209729,0.0455793,0.0533597
124,0.999477,129.004769325,0.0220219,0.0384008,0.0530879
125,0.999473,130.003781319,0.0221964,0.0409081,0.0528175
126,0.999582,103.001074791,0.0143262,0.0351677,0.0525485
127,0.999485,127.006745338,0.0193877,0.0362047,0.0522809
128,0.999452,134.998841286,0.0227651,0.0419368,0.0520146
129,0.999542,113.005886078,0.0151459,0.0363158,0.0517496
130,0.999517,118.999958038,0.0200672,0.0412676,0.051486
131,0.999525,117.001934052,0.0186566,0.0392838,0.0512238
132,0.999594,100.004038811,0.0171584,0.0361615,0.0509629
133,0.999513,119.998970032,0.0218258,0.0435365,0.0507033
134,0.99955,110.993170738,0.0158402,0.0363305,0.050445
135,0.999578,104.000086784,0.014575,0.0328093,0.0501881
136,0.999452,134.998841286,0.0207198,0.0409018,0.0499324
137,0.999473,130.003781319,0.0190117,0.0421801,0.0496781
138,0.999598,99.0050268173,0.0131875,0.0319738,0.0494251
139,0.999582,103.001074791,0.0165439,0.0340574,0.0491733
140,0.999509,120.997982025,0.0205851,0.0374468,0.0489228
141,0.999562,107.996134758,0.0164544,0.0409717,0.0486737
142,0.999546,112.006874084,0.0182731,0.0419255,0.0484257
143,0.999635,89.9992275238,0.0108251,0.0311166,0.0481791
144,0.999598,99.0050268173,0.0152373,0.0357202,0.0479337
145,0.999615,94.9942874908,0.013922,0.031416,0.0476895
146,0.999615,94.9942874908,0.0131151,0.0315406,0.0474466
147,0.999505,121.996994019,0.0214331,0.0387195,0.0472049
148,0.999627,91.9972515106,0.0141752,0.0316233,0.0469645
149,0.999623,92.996263504,0.0148951,0.029122,0.0467253
150,0.999611,95.9932994843,0.0121838,0.0301154,0.0464873
151,0.999651,86.0031795502,0.0106893,0.0287269,0.0462505
152,0.99955,110.993170738,0.0172965,0.0360665,0.0460149
153,0.99959,101.003050804,0.0159492,0.032757,0.0457805
154,0.99959,101.003050804,0.0130469,0.0307167,0.0455473
155,0.999562,107.996134758,0.0157762,0.0359469,0.0453153
156,0.999529,116.002922058,0.0165037,0.0396708,0.0450845
157,0.999619,93.9952754974,0.0131431,0.0281064,0.0448549
158,0.999647,87.0021915436,0.0102645,0.025867,0.0446264
159,0.9997,74.0003442764,0.00695649,0.0243688,0.0443991
160,0.999651,86.0031795502,0.0106684,0.0301743,0.0441729
161,0.999736,64.9945449829,0.00770606,0.0254333,0.0439479
162,0.999594,100.004038811,0.0130495,0.0345323,0.0437241
163,0.99959,101.003050804,0.0138917,0.0305514,0.0435014
164,0.999611,95.9932994843,0.0129107,0.0322779,0.0432798
165,0.999525,117.001934052,0.0170269,0.0399711,0.0430594
166,0.999647,87.0021915436,0.0104835,0.0274034,0.04284
167,0.999631,90.9982395172,0.0123332,0.0339371,0.0426218
168,0.999635,89.9992275238,0.011982,0.030779,0.0424047
169,0.999696,74.9993562698,0.0105146,0.0283362,0.0421887
170,0.999655,85.0041675568,0.0107915,0.0267724,0.0419738
171,0.99972,69.0052843094,0.00594776,0.0231273,0.04176
172,0.999692,75.9983682632,0.00801759,0.0245834,0.0415473
173,0.999671,80.9934282303,0.0101785,0.0287158,0.0413357
174,0.999635,89.9992275238,0.0122726,0.0304415,0.0411252
175,0.999631,90.9982395172,0.00990716,0.029243,0.0409157
176,0.999635,89.9992275238,0.0102894,0.0297395,0.0407073
177,0.99968,78.9954042435,0.0103862,0.0300917,0.0404999
178,0.99959,101.003050804,0.0124965,0.0386914,0.0402936
179,0.999671,80.9934282303,0.0117704,0.0298068,0.0400884
180,0.99974,63.9955329895,0.00880621,0.025309,0.0398842
181,0.999667,82.0071315765,0.0116968,0.0356986,0.0396811
182,0.999647,87.0021915436,0.0101779,0.0267451,0.0394789
183,0.999643,88.001203537,0.0105748,0.0280131,0.0392778
184,0.999663,83.0061435699,0.00916429,0.027071,0.0390778
185,0.999696,74.9993562698,0.00811303,0.0251709,0.0388787
186,0.999708,72.0023202896,0.00959316,0.0261428,0.0386807
187,0.999757,59.9994850159,0.00698644,0.0264201,0.0384837
188,0.999667,82.0071315765,0.00919755,0.0301477,0.0382877
189,0.99972,69.0052843094,0.00870721,0.0311473,0.0380926
190,0.999684,77.9963922501,0.0102883,0.0291207,0.0378986
191,0.999692,75.9983682632,0.00992789,0.0264112,0.0377056
192,0.99968,78.9954042435,0.0090596,0.024588,0.0375135
193,0.999659,84.0051555634,0.0112399,0.0288069,0.0373224
194,0.999684,77.9963922501,0.00891509,0.0279694,0.0371323
195,0.999696,74.9993562698,0.00874639,0.0252468,0.0369432
196,0.999748,61.9975090027,0.00476931,0.0224324,0.036755
197,0.999732,65.9935569763,0.00758637,0.0265415,0.0365678
198,0.999716,70.0042963028,0.00810416,0.0265299,0.0363816
199,0.999736,64.9945449829,0.0067111,0.0243444,0.0361962
200,0.999688,76.9973802567,0.0096116,0.0294073,0.0360119
201,0.999728,67.0072603226,0.00627444,0.022774,0.0358284
202,0.999696,74.9993562698,0.00672149,0.0246856,0.0356459
203,0.999753,60.9984970093,0.00514454,0.0211212,0.0354644
204,0.999643,88.001203537,0.0095623,0.0341105,0.0352837
205,0.999728,67.0072603226,0.00574098,0.0230605,0.035104
206,0.999619,93.9952754974,0.00809571,0.0331895,0.0349252
207,0.999748,61.9975090027,0.00561104,0.023846,0.0347473
208,0.999757,59.9994850159,0.00521098,0.0237535,0.0345703
209,0.999728,67.0072603226,0.00690663,0.0246643,0.0343942
210,0.999789,51.9926977158,0.00476939,0.0215352,0.0342191
211,0.999728,67.0072603226,0.00554763,0.0295247,0.0340448
212,0.999773,56.0034370422,0.00471907,0.0207327,0.0338713
213,0.999753,60.9984970093,0.00611575,0.0242202,0.0336988
214,0.999744,62.9965209961,0.00636588,0.0257576,0.0335272
215,0.99972,69.0052843094,0.00633321,0.0243135,0.0333564
216,0.999744,62.9965209961,0.00512269,0.0257376,0.0331865
217,0.999736,64.9945449829,0.00658315,0.0226569,0.0330175
218,0.999753,60.9984970093,0.00581436,0.0227554,0.0328493
219,0.999744,62.9965209961,0.0060442,0.021976,0.032682
220,0.999777,55.0044250488,0.00546892,0.0206603,0.0325155
221,0.999748,61.9975090027,0.00607261,0.023031,0.0323499
222,0.999777,55.0044250488,0.00390289,0.0216943,0.0321851
223,0.999781,54.0054130554,0.0042242,0.0196628,0.0320212
224,0.99974,63.9955329895,0.00522343,0.0226212,0.0318581
225,0.999809,46.9976377487,0.00485563,0.025207,0.0316958
226,0.999821,44.0006017685,0.00385464,0.0194151,0.0315343
227,0.999809,46.9976377487,0.00453553,0.0194068,0.0313737
228,0.999789,51.9926977158,0.0039436,0.0192917,0.0312139
229,0.999777,55.0044250488,0.00429569,0.0211485,0.0310549
230,0.999797,49.9946737289,0.00380789,0.0195747,0.0308967
231,0.999793,50.9936857224,0.00451842,0.0220738,0.0307394
232,0.999781,54.0054130554,0.00453283,0.0234839,0.0305828
233,0.999834,41.0035657883,0.00330564,0.0173187,0.030427
234,0.999809,46.9976377487,0.00410694,0.020981,0.030272
235,0.999817,44.9996137619,0.0036631,0.0196023,0.0301178
236,0.999842,39.0055418015,0.00284325,0.0151783,0.0299644
237,0.999817,44.9996137619,0.00358212,0.0208602,0.0298118
238,0.999842,39.0055418015,0.0025438,0.018809,0.02966
239,0.999842,39.0055418015,0.00226293,0.0157835,0.0295089
240,0.999773,56.0034370422,0.00492402,0.0224086,0.0293586
241,0.999805,47.9966497421,0.00429662,0.0203673,0.029209
242,0.99987,31.9977664948,0.00167157,0.014709,0.0290603
243,0.999842,39.0055418015,0.00307333,0.0161863,0.0289122
244,0.999862,33.9957904816,0.0021038,0.013771,0.028765
245,0.999809,46.9976377487,0.00273768,0.0165924,0.0286184
246,0.999826,43.0015897751,0.00304935,0.0183916,0.0284727
247,0.999826,43.0015897751,0.00384585,0.0200701,0.0283277
248,0.999842,39.0055418015,0.00272437,0.0198064,0.0281834
249,0.999813,45.9986257553,0.00241644,0.0176849,0.0280398
250,0.999846,38.006529808,0.00246674,0.0160298,0.027897
251,0.999821,44.0006017685,0.00293124,0.0162656,0.0277549
252,0.999838,40.0045537949,0.0027638,0.0174727,0.0276135
253,0.999834,41.0035657883,0.00268883,0.0182331,0.0274729
254,0.999838,40.0045537949,0.00208534,0.0181064,0.0273329
255,0.99985,36.9928264618,0.00268915,0.0183997,0.0271937
256,0.999834,41.0035657883,0.00259345,0.0183914,0.0270552
257,0.999842,39.0055418015,0.00308061,0.017243,0.0269174
258,0.999821,44.0006017685,0.00306737,0.0174076,0.0267803
259,0.999817,44.9996137619,0.00361362,0.020345,0.0266439
260,0.999854,35.9938144684,0.00228513,0.0148729,0.0265082
261,0.999854,35.9938144684,0.00229305,0.0173311,0.0263731
262,0.999842,39.0055418015,0.00264261,0.0170507,0.0262388
263,0.999886,28.0017185211,0.00167011,0.0141605,0.0261052
264,0.99985,36.9928264618,0.00202179,0.0160213,0.0259722
265,0.999866,32.9967784882,0.00222905,0.0159624,0.0258399
266,0.999817,44.9996137619,0.00284803,0.0191665,0.0257083
267,0.999878,29.9997425079,0.00168257,0.0140919,0.0255773
268,0.999834,41.0035657883,0.00243207,0.015483,0.0254471
269,0.999821,44.0006017685,0.00207836,0.017526,0.0253174
270,0.999866,32.9967784882,0.00169251,0.0132948,0.0251885
271,0.999838,40.0045537949,0.00186075,0.0146354,0.0250602
272,0.999826,43.0015897751,0.00267934,0.01938,0.0249325
273,0.999911,21.9929552078,0.00166769,0.0135978,0.0248055
274,0.999854,35.9938144684,0.00208931,0.017196,0.0246792
275,0.999882,29.0007305145,0.00235791,0.0136555,0.0245535
276,0.999862,33.9957904816,0.00248625,0.0163609,0.0244284
277,0.999911,21.9929552078,0.00123571,0.0135412,0.024304
278,0.999866,32.9967784882,0.00152744,0.0149825,0.0241802
279,0.999907,23.0066585541,0.00122566,0.011917,0.024057
280,0.999894,26.0036945343,0.00135442,0.0139707,0.0239345
281,0.999886,28.0017185211,0.00172105,0.013549,0.0238126
282,0.999894,26.0036945343,0.00113727,0.0121147,0.0236913
283,0.999894,26.0036945343,0.00110675,0.0138773,0.0235706
284,0.999903,24.0056705475,0.00137278,0.0136627,0.0234506
285,0.999894,26.0036945343,0.00127022,0.0171234,0.0233311
286,0.99989,27.0027065277,0.00166447,0.0140369,0.0232123
287,0.999886,28.0017185211,0.00175184,0.0140699,0.023094
288,0.999927,17.9969072342,0.000682874,0.00836091,0.0229764
289,0.999915,20.9939432144,0.000837692,0.0107157,0.0228594
290,0.999907,23.0066585541,0.0014436,0.0136605,0.0227429
291,0.99989,27.0027065277,0.00133162,0.0131274,0.0226271
292,0.999923,18.9959192276,0.00121045,0.0124303,0.0225118
293,0.999882,29.0007305145,0.00134466,0.0159258,0.0223972
294,0.999931,16.9978952408,0.000619971,0.00987088,0.0222831
295,0.999894,26.0036945343,0.00148686,0.0139147,0.0221696
296,0.999943,14.0008592606,0.000505887,0.00842545,0.0220567
297,0.999939,14.999871254,0.000539227,0.00868902,0.0219443
298,0.999959,10.0048112869,0.000295004,0.00680554,0.0218325
299,0.999927,17.9969072342,0.000699838,0.00975903,0.0217213
300,0.999903,24.0056705475,0.00175327,0.015749,0.0216107
301,0.999935,15.9988832474,0.000534649,0.0100033,0.0215006
302,0.999923,18.9959192276,0.000690642,0.00977914,0.0213911
303,0.999931,16.9978952408,0.000471956,0.00960424,0.0212822
304,0.999919,19.994931221,0.00108515,0.0111298,0.0211738
305,0.999919,19.994931221,0.000832414,0.0114431,0.0210659
306,0.999907,23.0066585541,0.000863949,0.0123274,0.0209586
307,0.999915,20.9939432144,0.000790895,0.0114127,0.0208518
308,0.999915,20.9939432144,0.00114036,0.0119144,0.0207456
309,0.999886,28.0017185211,0.00124874,0.012453,0.02064
310,0.999959,10.0048112869,0.000370077,0.00640173,0.0205348
311,0.999955,11.0038232803,0.000441105,0.00713594,0.0204302
312,0.999943,14.0008592606,0.000431729,0.00891658,0.0203262
313,0.999927,17.9969072342,0.000718893,0.0110483,0.0202226
314,0.999923,18.9959192276,0.000633367,0.010404,0.0201196
315,0.999939,14.999871254,0.000851209,0.00876016,0.0200172
316,0.999943,14.0008592606,0.000220293,0.00677126,0.0199152
317,0.999939,14.999871254,0.00067476,0.0100567,0.0198138
318,0.999931,16.9978952408,0.000462699,0.0101405,0.0197128
319,0.999959,10.0048112869,0.000309926,0.00765282,0.0196124
320,0.999951,12.0028352737,0.000352137,0.0091909,0.0195125
321,0.999927,17.9969072342,0.000680862,0.0108277,0.0194131
322,0.999976,5.99407196045,0.000192859,0.00514632,0.0193143
323,0.999984,3.99604797363,6.65483e-05,0.00383053,0.0192159
324,0.999955,11.0038232803,0.000230597,0.00720691,0.019118
325,0.999963,9.00579929352,0.000315353,0.00546678,0.0190206
326,0.999955,11.0038232803,0.000345243,0.00796922,0.0189237
327,0.999943,14.0008592606,0.000625476,0.0107605,0.0188274
328,0.999919,19.994931221,0.000635704,0.00945201,0.0187315
329,0.999963,9.00579929352,0.000284965,0.00757137,0.018636
330,0.999972,6.99308395386,0.000101136,0.00449012,0.0185411
331,0.999947,13.0018472672,0.000429904,0.00879186,0.0184467
332,0.999984,3.99604797363,0.000113304,0.0033463,0.0183527
333,0.999984,3.99604797363,0.000153398,0.00482523,0.0182592
334,1.0,0.0,0.0,0.0,0.0181662
1.0,0.0,1117.6983332633972,1.6167,0.0105058685911,0.000813247282254
