8,20,0.3,2,1000, .1 
0,0.564035,1491.00010157,1.69315e+06,642.667,0.0999648
1,0.62807,1271.99999928,780380.0,412.044,0.0988102
2,0.680994,1090.99999666,401960.0,279.984,0.0976689
3,0.734795,906.999964714,227269.0,188.994,0.0965409
4,0.772807,777.000052929,145329.0,131.48,0.0954258
5,0.797368,693.000047207,104723.0,94.25,0.0943236
6,0.811111,646.000063419,83788.2,71.3275,0.0932342
7,0.819006,619.000003338,70324.0,61.5978,0.0921573
8,0.821637,609.999915361,60599.0,52.7679,0.0910929
9,0.824854,599.000079632,53130.8,47.0936,0.0900408
10,0.828363,586.99996233,47171.2,43.364,0.0890008
11,0.829532,583.000059128,42131.9,40.238,0.0879728
12,0.832456,573.000097275,37735.5,37.9309,0.0869567
13,0.836257,559.999902248,33864.9,35.8154,0.0859524
14,0.837134,557.000076771,30432.7,34.3702,0.0849596
15,0.840351,546.000037193,27268.7,33.2038,0.0839783
16,0.845614,528.000065088,24487.5,31.3926,0.0830084
17,0.850292,512.000044584,21976.9,29.666,0.0820496
18,0.853801,499.999927282,19665.6,28.8555,0.081102
19,0.859064,481.999955177,17545.1,28.0971,0.0801652
20,0.865205,460.999953747,15603.9,26.6206,0.0792393
21,0.872807,434.99997139,13808.6,26.0383,0.0783241
22,0.879825,410.999940634,12101.2,25.4238,0.0774195
23,0.886842,386.999909878,10465.4,25.2282,0.0765252
24,0.895029,358.99997592,8889.0,24.0599,0.0756414
25,0.903509,329.999964237,7539.63,23.1408,0.0747677
26,0.915789,287.999961376,6303.64,21.3729,0.0739041
27,0.922515,265.000008345,5199.07,20.4228,0.0730505
28,0.931871,232.999967337,4240.1,18.8333,0.0722068
29,0.935965,218.999898434,3444.34,17.7414,0.0713728
30,0.946199,184.000031948,2805.58,15.1498,0.0705485
31,0.951754,164.999982119,2286.77,14.1038,0.0697336
32,0.955556,151.99999094,1837.58,13.4446,0.0689282
33,0.959942,137.000048161,1460.55,11.9519,0.0681321
34,0.966082,116.00004673,1183.48,10.0522,0.0673451
35,0.969006,106.000084877,977.809,9.17412,0.0665673
36,0.971345,98.000074625,807.113,8.43268,0.0657984
37,0.974561,87.0000350475,662.012,7.71592,0.0650385
38,0.976316,80.9999763966,537.688,7.47219,0.0642873
39,0.978363,74.000043869,424.278,6.52715,0.0635447
40,0.979825,69.0000629425,338.717,6.24469,0.0628108
41,0.981871,61.9999265671,267.78,5.28913,0.0620853
42,0.983626,56.000071764,216.489,4.59127,0.0613682
43,0.984211,53.9999163151,175.154,4.23939,0.0606594
44,0.986257,46.9999837875,143.565,3.88362,0.0599588
45,0.986257,46.9999837875,116.174,3.69843,0.0592663
46,0.98655,45.9999060631,94.1886,3.39756,0.0585818
47,0.988304,40.00005126,78.1091,2.54371,0.0579051
48,0.988012,40.9999251366,67.6877,2.51124,0.0572363
49,0.988304,40.00005126,58.988,2.27996,0.0565752
50,0.989474,35.9999442101,51.9725,2.2232,0.0559218
51,0.990643,32.000041008,45.9868,2.00157,0.0552759
52,0.992398,25.999982357,40.3812,1.69911,0.0546375
53,0.992398,25.999982357,37.0477,1.75211,0.0540064
54,0.991813,27.9999339581,34.2381,2.0046,0.0533826
55,0.99269,24.9999046326,31.1216,1.87035,0.052766
56,0.991813,27.9999339581,28.7726,2.0039,0.0521566
57,0.992982,24.000030756,26.7229,1.97752,0.0515542
58,0.99269,24.9999046326,24.6978,1.96691,0.0509587
59,0.99269,24.9999046326,22.4141,2.07036,0.0503701
60,0.993275,22.9999530315,20.1262,1.95669,0.0497884
61,0.995029,17.0000982285,18.8912,2.0032,0.0492133
62,0.995029,17.0000982285,17.715,1.87008,0.0486449
63,0.994737,17.999972105,16.7081,1.67163,0.048083
64,0.996199,12.9999911785,15.6925,1.38405,0.0475277
65,0.995906,14.000068903,14.7875,1.44802,0.0469787
66,0.995906,14.000068903,14.2233,1.4328,0.0464361
67,0.996491,11.9999134541,13.6456,1.43063,0.0458998
68,0.996784,11.0000395775,12.9765,1.45182,0.0453696
69,0.996491,11.9999134541,12.402,1.40988,0.0448456
70,0.995322,16.000020504,11.4852,1.60098,0.0443276
71,0.995906,14.000068903,10.9756,1.3787,0.0438157
72,0.995614,14.9999427795,10.0514,1.41048,0.0433096
73,0.996491,11.9999134541,10.4484,1.3981,0.0428094
74,0.997076,9.99996185303,9.58718,1.19233,0.0423149
75,0.996199,12.9999911785,9.52367,1.49451,0.0418262
76,0.997368,9.00008797646,8.95831,1.37724,0.0413431
77,0.996199,12.9999911785,8.63619,1.31137,0.0408656
78,0.997076,9.99996185303,8.41846,1.24121,0.0403936
79,0.997368,9.00008797646,8.52888,1.46493,0.039927
80,0.996784,11.0000395775,7.79127,1.22544,0.0394658
81,0.996784,11.0000395775,7.52732,1.43108,0.03901
82,0.997661,8.000010252,7.15141,1.29853,0.0385594
83,0.997076,9.99996185303,7.09822,1.41734,0.0381141
84,0.997661,8.000010252,7.24328,1.47176,0.0376739
85,0.997368,9.00008797646,6.24579,1.19095,0.0372387
86,0.997076,9.99996185303,6.13328,1.32411,0.0368086
87,0.997076,9.99996185303,6.05207,1.41354,0.0363835
88,0.997368,9.00008797646,5.87997,1.41087,0.0359632
89,0.996491,11.9999134541,5.56131,1.40356,0.0355479
90,0.997076,9.99996185303,5.11862,1.31464,0.0351373
91,0.996491,11.9999134541,4.91392,1.44764,0.0347314
92,0.995906,14.000068903,4.87335,1.7087,0.0343303
93,0.996784,11.0000395775,4.82308,1.37537,0.0339338
94,0.997368,9.00008797646,4.76229,1.29822,0.0335418
95,0.997661,8.000010252,4.30958,1.43131,0.0331544
96,0.997368,9.00008797646,3.91058,1.11685,0.0327715
97,0.997661,8.000010252,3.85881,1.29813,0.032393
98,0.997368,9.00008797646,3.63032,1.20571,0.0320188
99,0.997661,8.000010252,3.65447,1.17074,0.031649
100,0.998246,6.00005865097,3.52084,0.937856,0.0312835
101,0.998246,6.00005865097,3.35487,0.961341,0.0309222
102,0.99883,3.99990320206,3.28326,0.664297,0.030565
103,0.99883,3.99990320206,3.25062,0.676173,0.030212
104,0.998538,4.99998092651,3.2885,0.864733,0.029863
105,0.998538,4.99998092651,3.24697,0.746795,0.0295181
106,0.998538,4.99998092651,3.19401,0.743185,0.0291772
107,0.998538,4.99998092651,3.32857,0.882295,0.0288402
108,0.999123,3.00002932549,3.18367,0.649791,0.0285071
109,0.999123,3.00002932549,3.16682,0.649809,0.0281778
110,0.999123,3.00002932549,3.13324,0.649808,0.0278523
111,0.99883,3.99990320206,3.12358,0.676031,0.0275307
112,0.99883,3.99990320206,3.09253,0.676111,0.0272127
113,0.998538,4.99998092651,3.09476,0.831514,0.0268984
114,0.99883,3.99990320206,3.09005,0.817458,0.0265877
115,0.99883,3.99990320206,3.05017,0.676027,0.0262806
116,0.999123,3.00002932549,2.99075,0.649756,0.0259771
117,0.998538,4.99998092651,2.9705,0.841092,0.025677
118,0.998538,4.99998092651,2.99914,0.738932,0.0253804
119,0.997953,6.99993252754,3.01434,1.04502,0.0250873
120,0.99883,3.99990320206,2.87748,0.654148,0.0247975
121,0.99883,3.99990320206,2.88883,0.67564,0.0245111
122,0.999123,3.00002932549,2.85091,0.649317,0.024228
123,0.99883,3.99990320206,2.85199,0.819732,0.0239482
124,0.999123,3.00002932549,2.83921,0.649306,0.0236716
125,0.99883,3.99990320206,2.83444,0.675711,0.0233982
126,0.999123,3.00002932549,2.80535,0.649344,0.0231279
127,0.99883,3.99990320206,2.7974,0.675803,0.0228608
128,0.999123,3.00002932549,2.78093,0.649353,0.0225968
129,0.99883,3.99990320206,2.75675,0.675832,0.0223358
130,0.99883,3.99990320206,2.76083,0.719073,0.0220778
131,0.99883,3.99990320206,2.80682,0.979226,0.0218228
132,0.99883,3.99990320206,2.68362,0.675814,0.0215707
133,0.999415,1.99995160103,2.67939,0.621468,0.0213216
134,0.999415,1.99995160103,2.67939,0.621468,0.0210753
0.999415,2.67939,4.876246452331543,19.2891,0.156848089,0.0288536592364
