66,20,0.4,2,1000, .1 
0,0.555848,1519.00003552,1.90627e+06,710.901,0.0999732
1,0.60848,1338.99990678,840852.0,440.958,0.0990932
2,0.661988,1155.99995255,424868.0,280.685,0.0982209
3,0.698246,1032.00009942,245553.0,195.984,0.0973564
4,0.731579,918.000004292,157552.0,140.894,0.0964994
5,0.754678,838.999979496,110442.0,102.645,0.09565
6,0.769006,790.000044107,84068.6,81.1851,0.094808
7,0.778363,758.000003099,67347.3,67.4316,0.0939735
8,0.786257,730.999943018,56019.3,55.3127,0.0931463
9,0.797953,691.000095606,47990.2,46.6916,0.0923264
10,0.806725,661.000006199,42171.4,40.711,0.0915137
11,0.815205,631.999994516,37625.5,37.4611,0.0907081
12,0.822515,607.000089884,33736.3,35.0058,0.0899097
13,0.830117,580.999903679,30227.5,34.162,0.0891182
14,0.840643,544.999959469,26957.1,32.3072,0.0883338
15,0.854678,497.000101805,24077.3,30.8157,0.0875562
16,0.866374,457.000050545,21479.2,29.3971,0.0867855
17,0.879532,412.000018358,19039.4,28.6991,0.0860216
18,0.887427,384.999958277,16793.1,28.0831,0.0852644
19,0.894152,362.000005245,14574.4,27.8276,0.0845139
20,0.9,342.000081539,12381.9,28.2209,0.0837699
21,0.911988,300.999952555,10295.7,26.3288,0.0830326
22,0.919298,276.000047922,8510.53,24.8854,0.0823017
23,0.929532,240.999977589,6968.65,22.968,0.0815772
24,0.940351,203.999955654,5712.74,20.3193,0.0808591
25,0.945614,185.999983549,4706.06,19.0407,0.0801474
26,0.954971,153.999942541,3913.02,16.1241,0.0794419
27,0.959942,137.000048161,3277.38,14.9354,0.0787426
28,0.962281,129.000037909,2718.14,14.4931,0.0780495
29,0.966667,114.000095129,2223.45,13.5647,0.0773625
30,0.970175,101.999977827,1794.67,11.7182,0.0766815
31,0.972222,95.0000452995,1463.68,11.1262,0.0760065
32,0.974269,87.9999089241,1207.94,9.67281,0.0753375
33,0.975146,85.0000834465,1010.97,8.64639,0.0746743
34,0.976316,80.9999763966,840.718,8.23052,0.074017
35,0.976316,80.9999763966,687.202,7.71132,0.0733655
36,0.978947,72.000092268,561.085,7.02978,0.0727197
37,0.982164,61.0000526905,463.912,5.73479,0.0720796
38,0.983333,56.9999456406,394.875,5.33736,0.0714451
39,0.984795,51.9999647141,336.877,4.81099,0.0708162
40,0.98655,45.9999060631,290.589,4.47664,0.0701928
41,0.986257,46.9999837875,253.754,4.30379,0.069575
42,0.987427,43.0000805855,218.182,3.78943,0.0689625
43,0.988889,38.000099659,196.26,3.7013,0.0683555
44,0.989766,35.0000703335,180.226,3.37406,0.0677538
45,0.99152,29.0000116825,165.552,2.53352,0.0671574
46,0.992105,27.0000600815,156.527,2.41841,0.0665663
47,0.99386,21.0000014305,147.357,1.92839,0.0659803
48,0.99386,21.0000014305,141.045,1.81557,0.0653995
49,0.993567,22.000079155,137.035,2.06248,0.0648239
50,0.994737,17.999972105,130.909,1.89225,0.0642532
51,0.992982,24.000030756,125.448,2.06231,0.0636877
52,0.993567,22.000079155,121.902,2.04916,0.0631271
53,0.993567,22.000079155,116.541,1.96915,0.0625714
54,0.993567,22.000079155,113.58,2.06126,0.0620206
55,0.994152,19.9999237061,108.168,1.81553,0.0614747
56,0.99386,21.0000014305,104.051,1.80712,0.0609335
57,0.992982,24.000030756,100.326,2.03912,0.0603972
58,0.994444,19.0000498295,95.379,1.85375,0.0598655
59,0.993275,22.9999530315,91.7092,2.14244,0.0593386
60,0.994444,19.0000498295,88.254,2.00166,0.0588163
61,0.99386,21.0000014305,83.8864,1.92725,0.0582985
62,0.993567,22.000079155,79.2281,1.8575,0.0577854
63,0.994444,19.0000498295,77.8242,2.04319,0.0572767
64,0.995322,16.000020504,73.9965,1.59877,0.0567725
65,0.995614,14.9999427795,70.6479,1.22737,0.0562728
66,0.995906,14.000068903,68.5742,1.34682,0.0557775
67,0.996784,11.0000395775,66.7601,1.20721,0.0552865
68,0.996199,12.9999911785,64.5113,1.11663,0.0547998
69,0.995906,14.000068903,64.0696,1.78207,0.0543175
70,0.997076,9.99996185303,61.8606,1.06727,0.0538393
71,0.997076,9.99996185303,60.5448,1.00715,0.0533654
72,0.996491,11.9999134541,59.4268,1.37713,0.0528957
73,0.996784,11.0000395775,58.3072,1.13171,0.0524301
74,0.996784,11.0000395775,56.6789,1.01631,0.0519685
75,0.996784,11.0000395775,55.918,1.06843,0.0515111
76,0.996199,12.9999911785,54.38,1.27847,0.0510577
77,0.996491,11.9999134541,53.3778,1.07674,0.0506082
78,0.996784,11.0000395775,52.0148,1.34811,0.0501628
79,0.996784,11.0000395775,51.6804,1.44373,0.0497212
80,0.995906,14.000068903,50.566,1.6714,0.0492835
81,0.996784,11.0000395775,50.0346,1.49452,0.0488497
82,0.995906,14.000068903,49.9592,1.83468,0.0484197
83,0.997076,9.99996185303,48.3262,1.70755,0.0479935
84,0.997368,9.00008797646,47.3634,1.62783,0.0475711
85,0.997368,9.00008797646,47.4953,1.62792,0.0471523
86,0.996491,11.9999134541,45.3133,1.58509,0.0467373
87,0.997368,9.00008797646,45.0088,1.30778,0.0463259
88,0.997368,9.00008797646,44.7726,1.26236,0.0459181
89,0.997368,9.00008797646,43.0823,1.22575,0.0455139
90,0.997661,8.000010252,42.9411,1.14016,0.0451133
91,0.997368,9.00008797646,42.5693,1.22619,0.0447161
92,0.997368,9.00008797646,41.0932,1.14924,0.0443225
93,0.997661,8.000010252,41.0363,1.14076,0.0439324
94,0.997368,9.00008797646,40.6772,1.26364,0.0435457
95,0.996784,11.0000395775,40.866,1.3163,0.0431624
96,0.997661,8.000010252,38.7995,1.14145,0.0427824
97,0.997661,8.000010252,38.9479,1.26876,0.0424059
98,0.997076,9.99996185303,38.6464,1.24909,0.0420326
99,0.997661,8.000010252,37.2669,1.14204,0.0416626
100,0.997076,9.99996185303,36.9121,1.24968,0.0412959
101,0.996491,11.9999134541,36.7933,1.30298,0.0409323
102,0.997076,9.99996185303,35.3661,1.12258,0.040572
103,0.997076,9.99996185303,35.08,1.25015,0.0402149
104,0.996491,11.9999134541,35.0977,1.49505,0.0398609
105,0.997368,9.00008797646,35.092,1.26554,0.0395101
106,0.997661,8.000010252,33.5259,1.143,0.0391623
107,0.996784,11.0000395775,33.1677,1.17382,0.0388175
108,0.996784,11.0000395775,33.1888,1.25885,0.0384759
109,0.997661,8.000010252,31.8841,1.14395,0.0381372
110,0.997368,9.00008797646,31.595,1.15227,0.0378015
111,0.996784,11.0000395775,31.4693,1.17464,0.0374687
112,0.996784,11.0000395775,31.2554,1.2594,0.0371389
113,0.996491,11.9999134541,30.4355,1.71886,0.036812
114,0.997076,9.99996185303,30.2921,1.28511,0.036488
115,0.997076,9.99996185303,29.9809,1.2751,0.0361668
116,0.997661,8.000010252,28.571,1.14521,0.0358484
117,0.996784,11.0000395775,28.6354,1.33074,0.0355329
118,0.997076,9.99996185303,28.4674,1.25317,0.0352201
119,0.997076,9.99996185303,27.4196,1.55357,0.0349101
120,0.996784,11.0000395775,27.1146,1.3169,0.0346028
121,0.997661,8.000010252,27.2375,1.22918,0.0342982
122,0.998246,6.00005865097,26.087,0.629135,0.0339963
123,0.998246,6.00005865097,25.6755,0.641243,0.033697
124,0.99883,3.99990320206,25.351,0.594362,0.0334004
125,0.998246,6.00005865097,25.3317,1.18442,0.0331064
126,0.998246,6.00005865097,24.9617,0.94312,0.032815
127,0.998246,6.00005865097,24.8375,0.754045,0.0325261
128,0.99883,3.99990320206,24.4537,0.611327,0.0322398
129,0.999123,3.00002932549,24.1577,0.564371,0.031956
130,0.998538,4.99998092651,24.026,0.657604,0.0316748
131,0.999123,3.00002932549,23.8497,0.564896,0.0313959
132,0.99883,3.99990320206,23.5417,0.848183,0.0311196
133,0.999123,3.00002932549,23.2798,0.56502,0.0308457
134,0.999123,3.00002932549,23.1204,0.565309,0.0305741
135,0.99883,3.99990320206,22.8393,0.612672,0.030305
136,0.99883,3.99990320206,22.7525,0.615116,0.0300383
137,0.999123,3.00002932549,22.4168,0.565598,0.0297738
138,0.999123,3.00002932549,22.1583,0.565733,0.0295118
139,0.999123,3.00002932549,21.8649,0.565824,0.029252
140,0.998246,6.00005865097,21.7811,0.787023,0.0289945
141,0.99883,3.99990320206,21.5822,0.596334,0.0287393
142,0.99883,3.99990320206,21.4498,0.615985,0.0284863
143,0.99883,3.99990320206,21.1953,0.610418,0.0282356
144,0.99883,3.99990320206,21.0118,0.848543,0.027987
145,0.999123,3.00002932549,20.9321,0.733219,0.0277407
146,0.999415,1.99995160103,20.5971,0.555746,0.0274965
147,0.99883,3.99990320206,20.5246,0.638577,0.0272544
148,0.999415,1.99995160103,20.2412,0.55587,0.0270145
149,0.999123,3.00002932549,20.054,0.733751,0.0267767
150,0.99883,3.99990320206,20.0226,0.639146,0.026541
151,0.999123,3.00002932549,19.7728,0.586892,0.0263074
152,0.999123,3.00002932549,19.4986,0.841184,0.0260758
153,0.999123,3.00002932549,19.4457,0.61854,0.0258463
154,0.999123,3.00002932549,19.3429,0.733801,0.0256188
155,0.999415,1.99995160103,19.1657,0.556768,0.0253933
156,0.999123,3.00002932549,19.0005,0.73415,0.0251698
157,0.999415,1.99995160103,18.7229,0.557249,0.0249482
158,0.999123,3.00002932549,18.4792,0.580552,0.0247286
159,0.99883,3.99990320206,18.5642,1.10407,0.0245109
160,0.999415,1.99995160103,18.1941,0.557551,0.0242952
161,0.99883,3.99990320206,18.14,0.883477,0.0240813
162,0.999415,1.99995160103,17.8886,0.855054,0.0238693
163,0.999123,3.00002932549,17.6831,0.734407,0.0236592
164,0.999415,1.99995160103,17.5116,0.558073,0.023451
165,0.99883,3.99990320206,17.5255,0.782595,0.0232446
166,0.99883,3.99990320206,17.2669,0.630836,0.02304
167,0.99883,3.99990320206,17.1992,0.641382,0.0228371
168,0.999415,1.99995160103,16.9576,0.5584,0.0226361
169,0.999415,1.99995160103,16.7175,0.558496,0.0224369
170,0.99883,3.99990320206,16.7671,0.883648,0.0222394
171,0.99883,3.99990320206,16.4887,0.736787,0.0220436
172,0.999123,3.00002932549,16.5059,0.620638,0.0218496
173,0.999123,3.00002932549,16.2991,0.943904,0.0216572
174,0.999415,1.99995160103,16.0444,0.559104,0.0214666
175,0.998538,4.99998092651,16.0833,0.784921,0.0212776
176,0.99883,3.99990320206,15.84,0.862283,0.0210903
177,0.999415,1.99995160103,15.6332,0.559361,0.0209047
178,0.99883,3.99990320206,15.5763,0.642828,0.0207207
179,0.999415,1.99995160103,15.3559,0.559477,0.0205383
180,0.99883,3.99990320206,15.4757,0.783497,0.0203575
181,0.999123,3.00002932549,15.1679,0.603959,0.0201783
182,0.99883,3.99990320206,15.0025,0.962926,0.0200007
183,0.998538,4.99998092651,14.9565,0.834586,0.0198246
184,0.99883,3.99990320206,14.7372,0.642936,0.0196501
185,0.99883,3.99990320206,14.7441,0.737951,0.0194772
186,0.999415,1.99995160103,14.5188,0.56024,0.0193057
187,0.999415,1.99995160103,14.3787,0.560526,0.0191358
188,0.999415,1.99995160103,14.1742,0.560613,0.0189673
189,0.99883,3.99990320206,14.1298,0.644119,0.0188004
190,0.99883,3.99990320206,14.0515,0.962546,0.0186349
191,0.99883,3.99990320206,13.9527,0.643559,0.0184709
192,0.999415,1.99995160103,13.7279,0.560876,0.0183083
193,0.999415,1.99995160103,13.5639,0.560955,0.0181471
194,0.999123,3.00002932549,13.4831,0.622589,0.0179874
195,0.998538,4.99998092651,13.5184,0.792686,0.017829
196,0.998246,6.00005865097,13.3679,0.828805,0.0176721
197,0.998538,4.99998092651,13.1734,0.64497,0.0175166
198,0.99883,3.99990320206,13.0216,0.760507,0.0173624
199,0.99883,3.99990320206,12.9968,1.0928,0.0172095
200,0.99883,3.99990320206,12.8269,0.863377,0.017058
201,0.99883,3.99990320206,12.6578,0.61644,0.0169079
202,0.998538,4.99998092651,12.6418,0.672078,0.0167591
203,0.99883,3.99990320206,12.5183,0.760801,0.0166115
204,0.999123,3.00002932549,12.3017,0.593151,0.0164653
205,0.997953,6.99993252754,12.3463,1.15082,0.0163204
206,0.99883,3.99990320206,12.1261,0.760861,0.0161767
207,0.998246,6.00005865097,12.0632,0.963775,0.0160343
208,0.99883,3.99990320206,11.941,0.863752,0.0158932
209,0.999123,3.00002932549,11.7666,0.593454,0.0157533
210,0.998538,4.99998092651,11.7757,1.10703,0.0156146
211,0.99883,3.99990320206,11.6827,0.761206,0.0154772
212,0.999123,3.00002932549,11.4766,0.593827,0.0153409
213,0.998538,4.99998092651,11.4312,0.672979,0.0152059
214,0.998538,4.99998092651,11.2675,0.646539,0.0150721
215,0.999123,3.00002932549,11.1154,0.593984,0.0149394
216,0.998246,6.00005865097,11.1668,1.29455,0.0148079
217,0.998246,6.00005865097,10.9858,0.815386,0.0146775
218,0.99883,3.99990320206,10.9173,0.652709,0.0145483
219,0.999123,3.00002932549,10.8048,0.594343,0.0144203
220,0.999123,3.00002932549,10.6491,0.59441,0.0142933
221,0.99883,3.99990320206,10.6811,1.09526,0.0141675
222,0.998246,6.00005865097,10.5616,1.16726,0.0140428
223,0.998538,4.99998092651,10.3509,0.675065,0.0139192
224,0.998538,4.99998092651,10.3523,1.03268,0.0137967
225,0.998538,4.99998092651,10.1595,0.647522,0.0136752
226,0.99883,3.99990320206,10.0345,0.864171,0.0135549
227,0.998246,6.00005865097,10.0813,0.824968,0.0134355
228,0.99883,3.99990320206,9.92946,0.624941,0.0133173
229,0.998538,4.99998092651,9.88071,0.67405,0.0132001
230,0.999123,3.00002932549,9.75066,0.717864,0.0130839
231,0.999123,3.00002932549,9.61073,0.595142,0.0129687
232,0.99883,3.99990320206,9.68015,1.12915,0.0128545
233,0.998538,4.99998092651,9.51535,1.07535,0.0127414
234,0.99883,3.99990320206,9.44469,0.653806,0.0126292
235,0.998538,4.99998092651,9.35897,0.981692,0.0125181
236,0.998538,4.99998092651,9.32593,0.676256,0.0124079
237,0.99883,3.99990320206,9.18971,0.625454,0.0122987
238,0.999123,3.00002932549,9.05713,0.595654,0.0121904
239,0.99883,3.99990320206,8.93419,0.620036,0.0120831
240,0.998538,4.99998092651,8.91741,0.674697,0.0119767
241,0.99883,3.99990320206,8.76817,0.620084,0.0118713
242,0.99883,3.99990320206,8.65412,0.762442,0.0117668
243,0.997953,6.99993252754,8.69306,0.92293,0.0116632
244,0.99883,3.99990320206,8.57255,0.620439,0.0115606
245,0.998538,4.99998092651,8.53522,1.03329,0.0114588
246,0.99883,3.99990320206,8.49596,0.864503,0.0113579
247,0.998538,4.99998092651,8.40402,0.677061,0.011258
248,0.999123,3.00002932549,8.2804,0.596257,0.0111589
249,0.99883,3.99990320206,8.16003,0.762691,0.0110606
250,0.998538,4.99998092651,8.17598,0.675351,0.0109633
251,0.998538,4.99998092651,8.08526,0.786335,0.0108668
252,0.998246,6.00005865097,8.0469,0.92084,0.0107711
253,0.998538,4.99998092651,7.93269,0.664165,0.0106763
254,0.999123,3.00002932549,7.80968,0.596653,0.0105823
255,0.99883,3.99990320206,7.77569,0.655099,0.0104892
256,0.999123,3.00002932549,7.66112,0.596728,0.0103969
257,0.99883,3.99990320206,7.57999,0.621476,0.0103053
258,0.998246,6.00005865097,7.57402,0.991255,0.0102146
259,0.999123,3.00002932549,7.49243,0.596966,0.0101247
260,0.999123,3.00002932549,7.38206,0.597017,0.0100356
261,0.998246,6.00005865097,7.35773,1.02469,0.00994725
262,0.998246,6.00005865097,7.30942,1.01837,0.00985969
263,0.998538,4.99998092651,7.24034,0.678188,0.0097729
264,0.99883,3.99990320206,7.13497,0.626882,0.00968688
265,0.999123,3.00002932549,7.03106,0.597228,0.00960161
266,0.999123,3.00002932549,6.94278,0.597274,0.00951709
267,0.998538,4.99998092651,6.93587,0.676208,0.00943332
268,0.99883,3.99990320206,6.89008,0.763407,0.00935028
269,0.998538,4.99998092651,6.80699,0.980827,0.00926798
270,0.99883,3.99990320206,6.76384,0.865008,0.0091864
271,0.999123,3.00002932549,6.63972,0.597571,0.00910554
272,0.998538,4.99998092651,6.61315,0.678645,0.00902538
273,0.99883,3.99990320206,6.56824,0.76353,0.00894594
274,0.99883,3.99990320206,6.52796,0.656135,0.00886719
275,0.999123,3.00002932549,6.41825,0.597824,0.00878914
276,0.99883,3.99990320206,6.33006,0.622678,0.00871177
277,0.998246,6.00005865097,6.26847,1.16755,0.00863509
278,0.998538,4.99998092651,6.26588,1.1165,0.00855908
279,0.998538,4.99998092651,6.20734,0.637738,0.00848374
280,0.999123,3.00002932549,6.12688,0.598007,0.00840906
281,0.999123,3.00002932549,6.03489,0.59805,0.00833504
282,0.998538,4.99998092651,5.97991,1.07113,0.00826167
283,0.998246,6.00005865097,5.99207,0.826982,0.00818895
284,0.998538,4.99998092651,5.88893,0.767747,0.00811687
285,0.998538,4.99998092651,5.86453,0.76907,0.00804542
286,0.99883,3.99990320206,5.77493,0.623326,0.0079746
287,0.999123,3.00002932549,5.68892,0.598356,0.0079044
288,0.998538,4.99998092651,5.60683,0.981237,0.00783483
289,0.998538,4.99998092651,5.62539,1.13357,0.00776586
290,0.99883,3.99990320206,5.56305,0.628006,0.0076975
291,0.997953,6.99993252754,5.59813,1.40097,0.00762974
292,0.99883,3.99990320206,5.42214,0.62813,0.00756258
293,0.99883,3.99990320206,5.33988,0.623684,0.00749602
294,0.998538,4.99998092651,5.35367,1.10954,0.00743003
295,0.99883,3.99990320206,5.26364,0.764167,0.00736463
296,0.998538,4.99998092651,5.24138,0.677394,0.0072998
297,0.99883,3.99990320206,5.1863,0.720306,0.00723555
298,0.99883,3.99990320206,5.10033,0.623953,0.00717186
299,0.998246,6.00005865097,5.10733,1.14605,0.00710873
300,0.998538,4.99998092651,5.03591,0.768308,0.00704615
301,0.998246,6.00005865097,5.00617,1.1151,0.00698413
302,0.99883,3.99990320206,4.94074,0.628487,0.00692265
303,0.999123,3.00002932549,4.85603,0.599019,0.00686172
304,0.99883,3.99990320206,4.78739,0.624225,0.00680132
305,0.998538,4.99998092651,4.80277,1.13443,0.00674145
306,0.998538,4.99998092651,4.76611,0.787836,0.00668211
307,0.998246,6.00005865097,4.71185,0.92172,0.00662329
308,0.998538,4.99998092651,4.64137,0.666509,0.00656499
309,0.99883,3.99990320206,4.56184,0.62449,0.0065072
310,0.998538,4.99998092651,4.57001,1.13469,0.00644992
311,0.99883,3.99990320206,4.51318,0.76458,0.00639314
312,0.998246,6.00005865097,4.47629,0.921772,0.00633687
313,0.99883,3.99990320206,4.42922,0.764662,0.00628109
314,0.99883,3.99990320206,4.35476,0.624737,0.0062258
315,0.998538,4.99998092651,4.38613,1.33745,0.006171
316,0.99883,3.99990320206,4.27819,0.653163,0.00611668
317,0.99883,3.99990320206,4.27407,0.865656,0.00606284
318,0.99883,3.99990320206,4.20949,0.76475,0.00600947
319,0.999123,3.00002932549,4.14034,0.599618,0.00595657
320,0.99883,3.99990320206,4.07729,0.62498,0.00590414
321,0.998246,6.00005865097,4.12516,1.12144,0.00585217
322,0.999123,3.00002932549,4.01088,0.599762,0.00580065
323,0.998538,4.99998092651,3.98911,0.678347,0.0057496
324,0.99883,3.99990320206,3.92692,0.625132,0.00569899
325,0.998538,4.99998092651,3.87446,1.07152,0.00564882
326,0.998538,4.99998092651,3.90506,1.11898,0.0055991
327,0.99883,3.99990320206,3.80702,0.764913,0.00554981
328,0.99883,3.99990320206,3.8181,0.72107,0.00550096
329,0.999123,3.00002932549,3.74447,0.599986,0.00545254
330,0.99883,3.99990320206,3.68486,0.625407,0.00540454
331,0.999123,3.00002932549,3.63404,0.600043,0.00535697
332,0.998246,6.00005865097,3.64174,0.828081,0.00530981
333,0.998538,4.99998092651,3.5753,0.837523,0.00526308
334,0.997953,6.99993252754,3.57714,0.9915,0.00521675
335,0.998538,4.99998092651,3.5061,0.667315,0.00517083
336,0.999123,3.00002932549,3.4612,0.600213,0.00512531
337,0.998246,6.00005865097,3.48244,1.14954,0.0050802
338,0.998246,6.00005865097,3.43027,1.16772,0.00503548
339,0.998538,4.99998092651,3.3897,0.678807,0.00499115
340,0.999123,3.00002932549,3.33123,0.600306,0.00494722
341,0.99883,3.99990320206,3.27813,0.625817,0.00490367
342,0.999123,3.00002932549,3.23089,0.600358,0.00486051
343,0.998246,6.00005865097,3.24718,1.13849,0.00481772
344,0.997661,8.000010252,3.24993,1.1681,0.00477532
345,0.99883,3.99990320206,3.17064,0.629832,0.00473328
346,0.99883,3.99990320206,3.12896,0.626071,0.00469162
347,0.998538,4.99998092651,3.12021,0.679024,0.00465032
348,0.999123,3.00002932549,3.06025,0.626096,0.00460939
349,0.99883,3.99990320206,3.01972,0.721478,0.00456881
350,0.998538,4.99998092651,3.00072,0.682164,0.0045286
351,0.99883,3.99990320206,2.96106,0.966522,0.00448873
352,0.99883,3.99990320206,2.91231,0.86606,0.00444922
353,0.997953,6.99993252754,2.9704,1.34738,0.00441006
354,0.99883,3.99990320206,2.86626,0.7748,0.00437124
355,0.99883,3.99990320206,2.84362,0.630525,0.00433276
356,0.999123,3.00002932549,2.80742,0.677765,0.00429462
357,0.999123,3.00002932549,2.76156,0.59697,0.00425682
358,0.99883,3.99990320206,2.75735,0.669412,0.00421935
359,0.998246,6.00005865097,2.73401,1.16778,0.00418221
360,0.998538,4.99998092651,2.70534,0.675207,0.00414539
361,0.999123,3.00002932549,2.65918,0.600881,0.0041089
362,0.999123,3.00002932549,2.61374,0.600904,0.00407274
363,0.998538,4.99998092651,2.61661,0.812051,0.00403689
364,0.999123,3.00002932549,2.56495,0.600952,0.00400135
365,0.99883,3.99990320206,2.52344,0.626618,0.00396613
366,0.998538,4.99998092651,2.51858,0.876833,0.00393122
367,0.999123,3.00002932549,2.48615,0.659209,0.00389661
368,0.99883,3.99990320206,2.44722,0.942514,0.00386231
369,0.998538,4.99998092651,2.45384,0.812145,0.00382832
370,0.998246,6.00005865097,2.40595,1.04902,0.00379462
371,0.999123,3.00002932549,2.35736,0.638182,0.00376122
372,0.999123,3.00002932549,2.34556,0.601127,0.00372811
373,0.999123,3.00002932549,2.30431,0.601148,0.00369529
374,0.997953,6.99993252754,2.30997,0.832891,0.00366276
375,0.998538,4.99998092651,2.27855,1.0585,0.00363052
376,0.99883,3.99990320206,2.24485,0.703513,0.00359857
377,0.998246,6.00005865097,2.22834,1.03589,0.00356689
378,0.99883,3.99990320206,2.18561,0.887547,0.00353549
379,0.99883,3.99990320206,2.15005,0.765819,0.00350437
380,0.99883,3.99990320206,2.14082,0.683033,0.00347352
381,0.999415,1.99995160103,2.10696,0.613142,0.00344295
382,0.999123,3.00002932549,2.08543,0.741987,0.00341264
383,0.99883,3.99990320206,2.06839,1.14356,0.0033826
384,0.99883,3.99990320206,2.04054,0.819173,0.00335283
385,0.998246,6.00005865097,2.02803,1.05054,0.00332331
386,0.999123,3.00002932549,2.00125,0.845273,0.00329406
387,0.999123,3.00002932549,1.96486,0.765929,0.00326507
388,0.999123,3.00002932549,1.95072,0.659617,0.00323633
389,0.999123,3.00002932549,1.94038,0.765976,0.00320784
390,0.99883,3.99990320206,1.92179,0.679943,0.0031796
391,0.999415,1.99995160103,1.88303,0.570817,0.00315161
392,0.999415,1.99995160103,1.84809,0.570836,0.00312387
393,0.999415,1.99995160103,1.81898,0.845338,0.00309637
394,0.998246,6.00005865097,1.81667,1.04279,0.00306912
395,0.998538,4.99998092651,1.80967,0.812474,0.0030421
396,0.999123,3.00002932549,1.77965,0.601654,0.00301532
397,0.999123,3.00002932549,1.74623,0.60167,0.00298878
398,0.999123,3.00002932549,1.71818,0.601686,0.00296247
399,0.998538,4.99998092651,1.70701,0.680086,0.0029364
400,0.998246,6.00005865097,1.6857,1.23153,0.00291055
401,0.997953,6.99993252754,1.67942,0.733615,0.00288493
402,0.999123,3.00002932549,1.64172,0.948196,0.00285953
403,0.999123,3.00002932549,1.61125,0.62675,0.00283436
404,0.99883,3.99990320206,1.60658,0.887724,0.00280941
405,0.999123,3.00002932549,1.5812,0.601798,0.00278468
406,0.998246,6.00005865097,1.58811,0.81697,0.00276017
407,0.999123,3.00002932549,1.5475,0.601832,0.00273588
408,0.999123,3.00002932549,1.51714,0.601847,0.00271179
409,0.999123,3.00002932549,1.4917,0.601861,0.00268792
410,0.99883,3.99990320206,1.47887,0.617084,0.00266426
411,0.999415,1.99995160103,1.44836,0.598348,0.00264081
412,0.99883,3.99990320206,1.45929,0.821133,0.00261757
413,0.998246,6.00005865097,1.43342,1.16928,0.00259452
414,0.998538,4.99998092651,1.4054,0.793912,0.00257169
415,0.998246,6.00005865097,1.39622,1.1434,0.00254905
416,0.999123,3.00002932549,1.36931,0.62787,0.00252661
417,0.999123,3.00002932549,1.36034,0.794508,0.00250437
418,0.99883,3.99990320206,1.33516,0.642497,0.00248233
419,0.999123,3.00002932549,1.30842,0.602015,0.00246048
420,0.99883,3.99990320206,1.28732,0.866537,0.00243882
421,0.997953,6.99993252754,1.29817,1.12765,0.00241735
422,0.99883,3.99990320206,1.26446,0.77031,0.00239607
423,0.999123,3.00002932549,1.25316,0.601202,0.00237498
424,0.999415,1.99995160103,1.22625,0.571389,0.00235408
425,0.999123,3.00002932549,1.20533,0.84553,0.00233335
426,0.999123,3.00002932549,1.19461,1.1306,0.00231281
427,0.998538,4.99998092651,1.19518,1.07712,0.00229246
428,0.99883,3.99990320206,1.17762,0.66027,0.00227228
429,0.999415,1.99995160103,1.14851,0.571471,0.00225228
430,0.999123,3.00002932549,1.12451,0.59874,0.00223245
431,0.999123,3.00002932549,1.10677,0.845567,0.0022128
432,0.99883,3.99990320206,1.10038,1.13856,0.00219332
433,0.999123,3.00002932549,1.08076,0.766401,0.00217401
434,0.999123,3.00002932549,1.07084,0.66033,0.00215488
435,0.999415,1.99995160103,1.05305,0.602258,0.00213591
436,0.999415,1.99995160103,1.02929,0.60227,0.00211711
437,0.99883,3.99990320206,1.02509,1.03572,0.00209847
438,0.998538,4.99998092651,1.02085,1.15911,0.00208
439,0.999123,3.00002932549,0.996215,0.639517,0.00206169
440,0.999123,3.00002932549,0.975452,0.60231,0.00204354
441,0.999123,3.00002932549,0.952793,0.602322,0.00202556
442,0.999123,3.00002932549,0.9337,0.602332,0.00200773
443,0.998538,4.99998092651,0.928752,0.680667,0.00199005
444,0.998538,4.99998092651,0.92651,1.15911,0.00197254
445,0.998538,4.99998092651,0.909261,0.66932,0.00195517
446,0.999415,1.99995160103,0.885229,0.571698,0.00193796
447,0.999123,3.00002932549,0.86528,0.599017,0.0019209
448,0.998538,4.99998092651,0.86075,0.796156,0.00190399
449,0.998538,4.99998092651,0.841155,0.997044,0.00188724
450,0.998246,6.00005865097,0.847913,0.806578,0.00187062
451,0.998538,4.99998092651,0.826672,1.23046,0.00185416
452,0.999123,3.00002932549,0.813589,0.434444,0.00183784
453,0.999708,1.00007772446,0.809809,0.252998,0.00182166
454,0.999708,1.00007772446,0.805821,0.252997,0.00180562
455,0.999123,3.00002932549,0.814494,0.899968,0.00178973
456,0.999708,1.00007772446,0.807699,0.338074,0.00177398
457,0.999415,1.99995160103,0.805928,0.569802,0.00175836
458,0.999708,1.00007772446,0.801614,0.316286,0.00174288
459,0.999708,1.00007772446,0.800572,0.316294,0.00172754
460,0.999708,1.00007772446,0.796797,0.316293,0.00171233
461,0.999123,3.00002932549,0.805485,0.563714,0.00169726
462,0.999415,1.99995160103,0.797834,0.316284,0.00168232
463,0.999415,1.99995160103,0.79415,0.316284,0.00166751
464,0.999123,3.00002932549,0.793493,0.435582,0.00165284
465,0.999415,1.99995160103,0.790732,0.316279,0.00163829
466,0.999415,1.99995160103,0.787152,0.316279,0.00162386
467,0.999415,1.99995160103,0.783599,0.316278,0.00160957
468,0.999123,3.00002932549,0.793277,0.569746,0.0015954
469,0.999415,1.99995160103,0.782836,0.316273,0.00158136
470,0.999415,1.99995160103,0.780517,0.316262,0.00156744
471,0.999708,1.00007772446,0.776809,0.316272,0.00155364
472,0.999415,1.99995160103,0.777489,0.416416,0.00153997
473,0.999708,1.00007772446,0.773628,0.316268,0.00152641
474,0.999415,1.99995160103,0.780649,0.569723,0.00151298
475,0.999708,1.00007772446,0.772911,0.316263,0.00149966
476,0.999708,1.00007772446,0.772012,0.31627,0.00148646
477,0.999708,1.00007772446,0.769829,0.316259,0.00147337
478,0.999708,1.00007772446,0.766607,0.316259,0.0014604
479,0.999708,1.00007772446,0.763422,0.316259,0.00144755
480,0.999708,1.00007772446,0.760259,0.316258,0.00143481
481,0.999708,1.00007772446,0.757124,0.316258,0.00142218
482,0.999708,1.00007772446,0.754014,0.316258,0.00140966
483,0.99883,3.99990320206,0.762971,0.699995,0.00139725
484,0.999123,3.00002932549,0.758511,0.494391,0.00138495
485,0.999123,3.00002932549,0.755157,0.435428,0.00137276
486,0.999415,1.99995160103,0.7524,0.316248,0.00136068
487,0.999415,1.99995160103,0.751589,0.316254,0.0013487
488,0.999415,1.99995160103,0.748646,0.316254,0.00133683
489,0.999415,1.99995160103,0.750779,0.316249,0.00132506
490,0.999123,3.00002932549,0.749183,0.569663,0.0013134
491,0.999415,1.99995160103,0.746109,0.31624,0.00130183
492,0.999415,1.99995160103,0.743263,0.31624,0.00129037
493,0.999415,1.99995160103,0.740441,0.316239,0.00127902
494,0.999123,3.00002932549,0.73973,0.494395,0.00126776
495,0.99883,3.99990320206,0.743395,0.937673,0.0012566
496,0.999415,1.99995160103,0.740076,0.316239,0.00124554
497,0.999415,1.99995160103,0.737944,0.316232,0.00123457
498,0.999415,1.99995160103,0.735245,0.316232,0.00122371
499,0.999415,1.99995160103,0.734691,0.435338,0.00121293
500,0.999415,1.99995160103,0.732739,0.316228,0.00120226
501,0.999415,1.99995160103,0.730114,0.316228,0.00119168
502,0.999415,1.99995160103,0.727507,0.316228,0.00118119
503,0.999415,1.99995160103,0.724928,0.316228,0.00117079
504,0.998246,6.00005865097,0.736208,0.829681,0.00116048
505,0.999123,3.00002932549,0.729203,0.953486,0.00115027
506,0.999415,1.99995160103,0.725127,0.316224,0.00114014
507,0.999415,1.99995160103,0.722633,0.316223,0.00113011
508,0.999415,1.99995160103,0.720981,0.316215,0.00112016
509,0.999415,1.99995160103,0.718535,0.316215,0.0011103
510,0.998246,6.00005865097,0.728517,1.01574,0.00110052
511,0.999123,3.00002932549,0.720097,0.368759,0.00109084
512,0.999123,3.00002932549,0.718404,0.494388,0.00108124
513,0.999123,3.00002932549,0.716252,0.484205,0.00107172
514,0.999123,3.00002932549,0.715752,0.435266,0.00106228
515,0.999415,1.99995160103,0.713431,0.316213,0.00105293
516,0.999123,3.00002932549,0.717507,0.569581,0.00104367
517,0.999415,1.99995160103,0.712941,0.31621,0.00103448
518,0.999123,3.00002932549,0.712768,0.435252,0.00102537
519,0.999415,1.99995160103,0.710816,0.316207,0.00101635
520,0.999415,1.99995160103,0.708598,0.316207,0.0010074
521,0.999415,1.99995160103,0.706404,0.316207,0.000998533
522,0.999123,3.00002932549,0.708341,0.569561,0.000989743
523,0.999123,3.00002932549,0.707795,0.435231,0.000981032
524,0.999415,1.99995160103,0.704959,0.316202,0.000972396
525,0.999415,1.99995160103,0.702833,0.316202,0.000963836
526,0.999415,1.99995160103,0.702302,0.435212,0.000955353
527,0.999415,1.99995160103,0.700868,0.3162,0.000946943
528,0.999415,1.99995160103,0.698797,0.3162,0.000938607
529,0.999415,1.99995160103,0.696747,0.316199,0.000930346
530,0.99883,3.99990320206,0.699999,0.447761,0.000922156
531,0.999415,1.99995160103,0.698071,0.43519,0.000914039
532,0.999415,1.99995160103,0.696708,0.316193,0.000905993
533,0.999415,1.99995160103,0.694728,0.316193,0.000898018
534,0.999415,1.99995160103,0.693168,0.316198,0.000890114
535,0.999415,1.99995160103,0.69123,0.316198,0.000882278
536,0.999415,1.99995160103,0.690169,0.569534,0.000874512
537,0.999415,1.99995160103,0.693157,0.447762,0.000866814
538,0.999415,1.99995160103,0.69053,0.393041,0.000859184
539,0.999415,1.99995160103,0.689027,0.316193,0.000851622
540,0.999415,1.99995160103,0.687581,0.316187,0.000844125
541,0.999415,1.99995160103,0.685744,0.316187,0.000836695
542,0.999415,1.99995160103,0.68525,0.316191,0.00082933
543,0.999415,1.99995160103,0.68344,0.316191,0.00082203
544,0.999123,3.00002932549,0.689041,0.684684,0.000814794
545,0.999415,1.99995160103,0.684024,0.316187,0.000807622
546,0.999415,1.99995160103,0.682839,0.316181,0.000800513
547,0.999415,1.99995160103,0.681088,0.316181,0.000793466
548,0.999415,1.99995160103,0.67936,0.316181,0.000786482
549,0.999415,1.99995160103,0.677643,0.316181,0.000779559
550,0.999123,3.00002932549,0.679646,0.980375,0.000772697
551,0.999123,3.00002932549,0.681367,0.677333,0.000765895
552,0.999415,1.99995160103,0.677491,0.316176,0.000759153
553,0.999415,1.99995160103,0.675828,0.316176,0.000752471
554,0.999415,1.99995160103,0.675481,0.435095,0.000745848
555,0.999123,3.00002932549,0.675136,0.494396,0.000739282
556,0.999415,1.99995160103,0.673008,0.316178,0.000732775
557,0.999415,1.99995160103,0.6714,0.316178,0.000726325
558,0.99883,3.99990320206,0.675136,0.778813,0.000719931
559,0.999415,1.99995160103,0.673017,0.316174,0.000713594
560,0.999415,1.99995160103,0.67146,0.316174,0.000707313
561,0.999415,1.99995160103,0.669907,0.316174,0.000701087
562,0.999415,1.99995160103,0.668386,0.316173,0.000694915
563,0.999415,1.99995160103,0.667366,0.316168,0.000688798
564,0.999415,1.99995160103,0.668471,0.316166,0.000682735
565,0.999415,1.99995160103,0.66698,0.316166,0.000676725
566,0.999123,3.00002932549,0.666918,0.41633,0.000670769
567,0.999415,1.99995160103,0.665119,0.316169,0.000664864
568,0.999415,1.99995160103,0.664164,0.569466,0.000659012
569,0.999415,1.99995160103,0.663697,0.316172,0.000653211
570,0.999415,1.99995160103,0.665044,0.316166,0.000647461
571,0.999415,1.99995160103,0.663636,0.316166,0.000641762
572,0.999415,1.99995160103,0.662228,0.316165,0.000636113
573,0.999415,1.99995160103,0.660842,0.316165,0.000630513
574,0.999415,1.99995160103,0.659923,0.316161,0.000624963
575,0.999415,1.99995160103,0.65856,0.316161,0.000619462
576,0.999415,1.99995160103,0.657207,0.316161,0.000614009
577,0.99883,3.99990320206,0.658008,0.937611,0.000608605
578,0.999123,3.00002932549,0.66066,0.569445,0.000603247
579,0.999123,3.00002932549,0.658056,0.494392,0.000597937
580,0.999415,1.99995160103,0.656203,0.31616,0.000592674
581,0.999415,1.99995160103,0.654914,0.31616,0.000587457
582,0.999415,1.99995160103,0.654986,0.316159,0.000582286
583,0.999415,1.99995160103,0.653706,0.316159,0.000577161
584,0.999415,1.99995160103,0.652448,0.316158,0.00057208
585,0.998538,4.99998092651,0.656281,0.651746,0.000567045
586,0.99883,3.99990320206,0.654282,0.522632,0.000562053
587,0.999415,1.99995160103,0.652412,0.494394,0.000557106
588,0.999415,1.99995160103,0.651555,0.434997,0.000552202
589,0.999415,1.99995160103,0.650592,0.316154,0.000547341
590,0.999415,1.99995160103,0.649396,0.316154,0.000542523
591,0.999123,3.00002932549,0.65105,0.569426,0.000537748
592,0.999415,1.99995160103,0.649143,0.316153,0.000533014
593,0.999415,1.99995160103,0.647979,0.316152,0.000528322
594,0.999415,1.99995160103,0.648048,0.316151,0.000523672
595,0.999415,1.99995160103,0.646904,0.316151,0.000519062
596,0.999415,1.99995160103,0.645769,0.316151,0.000514493
597,0.999415,1.99995160103,0.644651,0.316151,0.000509964
598,0.999415,1.99995160103,0.64353,0.316151,0.000505475
599,0.998538,4.99998092651,0.647026,0.795253,0.000501026
600,0.999415,1.99995160103,0.644569,0.569415,0.000496616
601,0.999415,1.99995160103,0.643839,0.316148,0.000492244
602,0.999415,1.99995160103,0.642764,0.316147,0.000487911
603,0.999415,1.99995160103,0.641698,0.316147,0.000483616
604,0.999415,1.99995160103,0.64064,0.316147,0.00047936
605,0.999415,1.99995160103,0.640358,0.31615,0.00047514
606,0.999123,3.00002932549,0.6417,0.344189,0.000470958
607,0.999415,1.99995160103,0.64049,0.316144,0.000466812
608,0.999415,1.99995160103,0.639471,0.316144,0.000462703
609,0.999415,1.99995160103,0.6392,0.316146,0.00045863
610,0.999123,3.00002932549,0.639357,0.953458,0.000454593
611,0.999415,1.99995160103,0.637583,0.316144,0.000450591
612,0.999415,1.99995160103,0.636605,0.316144,0.000446625
613,0.99883,3.99990320206,0.640158,0.813325,0.000442694
614,0.999415,1.99995160103,0.637504,0.368672,0.000438797
615,0.999415,1.99995160103,0.636571,0.316141,0.000434934
616,0.999415,1.99995160103,0.63562,0.316141,0.000431106
617,0.999123,3.00002932549,0.635402,0.494398,0.000427311
618,0.999415,1.99995160103,0.633978,0.316141,0.00042355
619,0.999123,3.00002932549,0.63611,0.56939,0.000419822
620,0.999123,3.00002932549,0.635217,0.416306,0.000416126
621,0.999415,1.99995160103,0.633852,0.316139,0.000412463
622,0.999415,1.99995160103,0.632944,0.316139,0.000408833
623,0.999415,1.99995160103,0.632056,0.316139,0.000405234
624,0.999415,1.99995160103,0.63197,0.434918,0.000401667
625,0.999123,3.00002932549,0.633513,0.569383,0.000398131
626,0.999415,1.99995160103,0.631919,0.316136,0.000394627
627,0.999415,1.99995160103,0.631057,0.316136,0.000391153
628,0.999415,1.99995160103,0.630205,0.316136,0.00038771
629,0.999123,3.00002932549,0.630092,0.43491,0.000384297
630,0.999415,1.99995160103,0.628979,0.316136,0.000380914
631,0.999415,1.99995160103,0.628147,0.316136,0.000377561
632,0.999415,1.99995160103,0.627948,0.434902,0.000374238
633,0.999415,1.99995160103,0.629059,0.63052,0.000370944
634,0.999415,1.99995160103,0.628019,0.316133,0.000367678
635,0.999415,1.99995160103,0.627204,0.316133,0.000364442
636,0.999415,1.99995160103,0.626415,0.316133,0.000361234
637,0.999415,1.99995160103,0.626389,0.434895,0.000358054
638,0.999415,1.99995160103,0.625586,0.316133,0.000354903
639,0.999415,1.99995160103,0.626157,0.316132,0.000351779
640,0.999123,3.00002932549,0.62607,0.494396,0.000348682
641,0.999123,3.00002932549,0.625488,0.502895,0.000345613
642,0.999415,1.99995160103,0.624343,0.316131,0.000342571
643,0.999415,1.99995160103,0.62384,0.316128,0.000339555
644,0.999415,1.99995160103,0.623643,0.344174,0.000336566
645,0.999415,1.99995160103,0.623031,0.31613,0.000333604
646,0.999123,3.00002932549,0.625251,0.569363,0.000330667
647,0.999415,1.99995160103,0.622882,0.316129,0.000327756
648,0.999415,1.99995160103,0.622922,0.316128,0.000324871
649,0.999415,1.99995160103,0.622214,0.316128,0.000322012
650,0.999415,1.99995160103,0.621476,0.434874,0.000319177
651,0.999415,1.99995160103,0.620986,0.316128,0.000316368
652,0.999415,1.99995160103,0.620295,0.316128,0.000313583
653,0.999415,1.99995160103,0.619609,0.316128,0.000310823
654,0.998538,4.99998092651,0.622495,0.813356,0.000308087
655,0.999415,1.99995160103,0.620123,0.434867,0.000305375
656,0.999415,1.99995160103,0.619521,0.316126,0.000302687
657,0.999415,1.99995160103,0.618852,0.316126,0.000300022
658,0.999415,1.99995160103,0.618201,0.316126,0.000297381
659,0.999415,1.99995160103,0.617547,0.316126,0.000294764
660,0.999415,1.99995160103,0.617538,0.434857,0.000292169
661,0.998538,4.99998092651,0.61952,0.760248,0.000289597
662,0.999415,1.99995160103,0.617723,0.434858,0.000287048
663,0.999415,1.99995160103,0.61721,0.316124,0.000284521
664,0.999415,1.99995160103,0.617034,0.316125,0.000282017
665,0.999415,1.99995160103,0.616422,0.316125,0.000279534
666,0.999415,1.99995160103,0.61699,0.569346,0.000277074
667,0.999415,1.99995160103,0.616495,0.316122,0.000274635
668,0.999415,1.99995160103,0.615899,0.316122,0.000272217
669,0.999415,1.99995160103,0.615302,0.316122,0.000269821
670,0.999415,1.99995160103,0.614716,0.316122,0.000267446
671,0.999415,1.99995160103,0.614131,0.316122,0.000265092
672,0.999415,1.99995160103,0.614812,1.01605,0.000262759
673,0.999415,1.99995160103,0.614748,0.316122,0.000260446
674,0.999415,1.99995160103,0.614372,0.31612,0.000258153
675,0.999415,1.99995160103,0.61381,0.31612,0.000255881
676,0.999415,1.99995160103,0.613656,0.316121,0.000253628
677,0.999415,1.99995160103,0.613103,0.316121,0.000251396
678,0.999415,1.99995160103,0.612792,0.56934,0.000249183
679,0.999415,1.99995160103,0.612219,0.316119,0.00024699
680,0.999415,1.99995160103,0.61168,0.316119,0.000244815
681,0.999123,3.00002932549,0.612904,0.681554,0.00024266
682,0.999415,1.99995160103,0.612158,0.316119,0.000240524
683,0.999415,1.99995160103,0.611626,0.316119,0.000238407
684,0.999415,1.99995160103,0.61111,0.316119,0.000236309
685,0.999415,1.99995160103,0.610589,0.316119,0.000234229
686,0.999415,1.99995160103,0.610085,0.316119,0.000232167
687,0.999415,1.99995160103,0.610114,0.316119,0.000230123
688,0.99883,3.99990320206,0.612121,1.01567,0.000228098
689,0.999415,1.99995160103,0.610061,0.316118,0.00022609
690,0.999415,1.99995160103,0.609571,0.316118,0.0002241
691,0.999415,1.99995160103,0.609779,0.72512,0.000222127
692,0.999415,1.99995160103,0.608986,0.316118,0.000220172
693,0.999415,1.99995160103,0.60867,0.316116,0.000218234
694,0.999123,3.00002932549,0.609682,0.569328,0.000216313
695,0.999415,1.99995160103,0.60857,0.316116,0.000214409
696,0.999415,1.99995160103,0.608105,0.316116,0.000212521
697,0.999415,1.99995160103,0.607638,0.316116,0.000210651
698,0.999415,1.99995160103,0.607177,0.316116,0.000208796
699,0.999415,1.99995160103,0.607302,0.494402,0.000206958
700,0.999415,1.99995160103,0.607899,0.569325,0.000205137
701,0.999415,1.99995160103,0.607357,0.316114,0.000203331
702,0.999415,1.99995160103,0.606914,0.316114,0.000201541
703,0.999415,1.99995160103,0.606794,0.316115,0.000199767
704,0.999415,1.99995160103,0.60636,0.316115,0.000198009
705,0.999415,1.99995160103,0.605929,0.316115,0.000196266
706,0.999415,1.99995160103,0.605591,0.316114,0.000194538
707,0.999415,1.99995160103,0.605169,0.316114,0.000192826
708,0.999415,1.99995160103,0.60618,0.681579,0.000191128
709,0.999415,1.99995160103,0.605449,0.36864,0.000189446
710,0.999415,1.99995160103,0.605383,0.684565,0.000187778
711,0.999415,1.99995160103,0.604901,0.316113,0.000186125
712,0.999415,1.99995160103,0.604627,0.316112,0.000184487
713,0.999415,1.99995160103,0.604228,0.316112,0.000182863
714,0.999415,1.99995160103,0.605022,0.447717,0.000181254
715,0.999415,1.99995160103,0.604369,0.316112,0.000179658
716,0.999415,1.99995160103,0.603974,0.316112,0.000178077
717,0.999415,1.99995160103,0.603717,0.316111,0.000176509
718,0.999415,1.99995160103,0.603333,0.316111,0.000174955
719,0.999415,1.99995160103,0.603231,0.316112,0.000173415
720,0.999415,1.99995160103,0.602854,0.316112,0.000171889
721,0.999415,1.99995160103,0.60248,0.316112,0.000170376
722,0.999123,3.00002932549,0.603926,0.684562,0.000168876
723,0.999415,1.99995160103,0.602609,0.484116,0.00016739
724,0.999415,1.99995160103,0.602191,0.316111,0.000165916
725,0.999415,1.99995160103,0.60195,0.31611,0.000164456
726,0.999415,1.99995160103,0.601589,0.31611,0.000163008
727,0.999415,1.99995160103,0.601489,0.316111,0.000161573
728,0.999415,1.99995160103,0.60114,0.316111,0.000160151
729,0.999415,1.99995160103,0.600795,0.316111,0.000158741
730,0.999123,3.00002932549,0.601773,0.585347,0.000157344
731,0.999415,1.99995160103,0.601109,0.31611,0.000155959
732,0.999415,1.99995160103,0.601063,0.4944,0.000154586
733,0.999415,1.99995160103,0.600612,0.316109,0.000153225
734,0.999415,1.99995160103,0.600283,0.316109,0.000151877
735,0.999415,1.99995160103,0.599949,0.316109,0.00015054
736,0.999123,3.00002932549,0.600625,0.569308,0.000149215
737,0.999415,1.99995160103,0.599992,0.316108,0.000147901
738,0.999415,1.99995160103,0.599663,0.316108,0.000146599
739,0.999415,1.99995160103,0.59983,0.447715,0.000145309
740,0.999415,1.99995160103,0.599567,0.828311,0.00014403
741,0.999415,1.99995160103,0.599653,0.569305,0.000142762
742,0.999415,1.99995160103,0.599302,0.316107,0.000141505
743,0.999415,1.99995160103,0.599371,0.512251,0.00014026
744,0.999415,1.99995160103,0.599025,0.368632,0.000139025
745,0.999415,1.99995160103,0.59871,0.316108,0.000137801
746,0.999415,1.99995160103,0.598635,0.316108,0.000136588
747,0.999415,1.99995160103,0.598431,0.316107,0.000135386
748,0.999415,1.99995160103,0.598644,0.316107,0.000134194
749,0.999415,1.99995160103,0.598353,0.316107,0.000133013
750,0.999415,1.99995160103,0.598061,0.316107,0.000131842
751,0.999415,1.99995160103,0.597783,0.316107,0.000130682
752,0.999415,1.99995160103,0.597487,0.316107,0.000129531
753,0.999415,1.99995160103,0.597357,0.494401,0.000128391
754,0.999415,1.99995160103,0.597283,0.316107,0.000127261
755,0.999123,3.00002932549,0.598157,0.569301,0.000126141
756,0.999415,1.99995160103,0.597316,0.316106,0.000125031
757,0.999415,1.99995160103,0.597042,0.316106,0.00012393
758,0.999415,1.99995160103,0.596963,0.316106,0.000122839
759,0.999415,1.99995160103,0.5967,0.316106,0.000121758
760,0.999415,1.99995160103,0.596436,0.316106,0.000120686
761,0.999415,1.99995160103,0.596255,0.316105,0.000119624
762,0.999415,1.99995160103,0.595999,0.316105,0.000118571
763,0.999123,3.00002932549,0.596699,0.569298,0.000117527
764,0.999415,1.99995160103,0.595945,0.316105,0.000116492
765,0.999415,1.99995160103,0.595688,0.316105,0.000115467
766,0.999415,1.99995160103,0.596078,0.594772,0.000114451
767,0.999123,3.00002932549,0.595788,0.484112,0.000113443
768,0.999415,1.99995160103,0.59525,0.434766,0.000112445
769,0.999123,3.00002932549,0.595759,0.569296,0.000111455
770,0.999415,1.99995160103,0.595241,0.316104,0.000110474
771,0.999415,1.99995160103,0.595174,0.316105,0.000109501
772,0.999415,1.99995160103,0.595013,0.316104,0.000108537
773,0.999415,1.99995160103,0.594777,0.316104,0.000107582
774,0.999415,1.99995160103,0.594536,0.316104,0.000106635
775,0.999415,1.99995160103,0.594307,0.316104,0.000105696
776,0.999415,1.99995160103,0.594072,0.316104,0.000104766
777,0.999123,3.00002932549,0.595149,0.829929,0.000103844
778,0.999415,1.99995160103,0.594341,0.316104,0.00010293
779,0.999415,1.99995160103,0.594187,0.316103,0.000102024
780,0.999415,1.99995160103,0.593968,0.316103,0.000101126
781,0.999415,1.99995160103,0.593747,0.316103,0.000100236
782,0.999415,1.99995160103,0.593689,0.316104,9.93532e-05
783,0.999415,1.99995160103,0.593967,0.447712,9.84787e-05
784,0.999415,1.99995160103,0.593662,0.316103,9.76118e-05
785,0.999415,1.99995160103,0.593515,0.494401,9.67526e-05
786,0.999415,1.99995160103,0.593365,0.434757,9.5901e-05
787,0.999415,1.99995160103,0.593395,0.569292,9.50568e-05
788,0.999415,1.99995160103,0.593145,0.316103,9.422e-05
789,0.999415,1.99995160103,0.593287,0.316103,9.33907e-05
790,0.999415,1.99995160103,0.593156,0.316102,9.25686e-05
791,0.999415,1.99995160103,0.592954,0.316102,9.17538e-05
792,0.999415,1.99995160103,0.592755,0.316102,9.09461e-05
793,0.999415,1.99995160103,0.59255,0.316102,9.01456e-05
794,0.999415,1.99995160103,0.592543,0.344147,8.93521e-05
795,0.999415,1.99995160103,0.592404,0.316102,8.85656e-05
796,0.999415,1.99995160103,0.592216,0.316102,8.7786e-05
797,0.999123,3.00002932549,0.592904,0.569289,8.70132e-05
798,0.999415,1.99995160103,0.592494,0.494401,8.62473e-05
799,0.999415,1.99995160103,0.592209,0.316102,8.54882e-05
800,0.999415,1.99995160103,0.592029,0.316102,8.47356e-05
801,0.999415,1.99995160103,0.591837,0.316102,8.39897e-05
802,0.999415,1.99995160103,0.591715,0.316101,8.32505e-05
803,0.999415,1.99995160103,0.59153,0.316101,8.25176e-05
804,0.999415,1.99995160103,0.591348,0.316101,8.17913e-05
805,0.999123,3.00002932549,0.592032,0.651623,8.10713e-05
806,0.999415,1.99995160103,0.591526,0.494401,8.03577e-05
807,0.999415,1.99995160103,0.591343,0.316101,7.96503e-05
808,0.999415,1.99995160103,0.591177,0.316101,7.89492e-05
809,0.999415,1.99995160103,0.591,0.316101,7.82543e-05
810,0.999415,1.99995160103,0.591008,0.316101,7.75655e-05
811,0.999415,1.99995160103,0.591365,0.585323,7.68827e-05
812,0.999415,1.99995160103,0.591002,0.316101,7.62059e-05
813,0.999415,1.99995160103,0.590833,0.316101,7.55351e-05
814,0.999415,1.99995160103,0.590841,0.3161,7.48703e-05
815,0.999415,1.99995160103,0.590673,0.3161,7.42112e-05
816,0.999415,1.99995160103,0.590514,0.3161,7.3558e-05
817,0.999415,1.99995160103,0.590676,0.569285,7.29105e-05
818,0.999415,1.99995160103,0.590486,0.3161,7.22687e-05
819,0.999415,1.99995160103,0.590466,0.494401,7.16326e-05
820,0.999415,1.99995160103,0.590262,0.3161,7.1002e-05
821,0.999415,1.99995160103,0.590104,0.3161,7.0377e-05
822,0.999415,1.99995160103,0.590218,0.416275,6.97575e-05
823,0.999415,1.99995160103,0.590178,0.3161,6.91435e-05
824,0.999415,1.99995160103,0.590026,0.3161,6.85349e-05
825,0.999415,1.99995160103,0.58988,0.3161,6.79316e-05
826,0.999415,1.99995160103,0.589731,0.3161,6.73336e-05
827,0.999415,1.99995160103,0.58974,0.316099,6.67409e-05
828,0.999415,1.99995160103,0.589595,0.316099,6.61534e-05
829,0.999415,1.99995160103,0.589449,0.316099,6.55711e-05
830,0.999415,1.99995160103,0.589309,0.316099,6.49939e-05
831,0.999415,1.99995160103,0.589166,0.316099,6.44219e-05
832,0.999415,1.99995160103,0.589129,0.569283,6.38548e-05
833,0.999415,1.99995160103,0.58943,0.44771,6.32927e-05
834,0.999415,1.99995160103,0.589232,0.316099,6.27356e-05
835,0.999415,1.99995160103,0.589091,0.316099,6.21833e-05
836,0.999415,1.99995160103,0.588957,0.316099,6.1636e-05
837,0.999415,1.99995160103,0.588919,0.316099,6.10934e-05
838,0.999415,1.99995160103,0.58879,0.316099,6.05557e-05
839,0.999415,1.99995160103,0.589162,0.651618,6.00226e-05
840,0.999415,1.99995160103,0.588853,0.529525,5.94943e-05
841,0.999415,1.99995160103,0.588727,0.828313,5.89706e-05
842,0.999415,1.99995160103,0.588713,0.316099,5.84515e-05
843,0.999415,1.99995160103,0.58858,0.316099,5.7937e-05
844,0.999415,1.99995160103,0.588456,0.316099,5.7427e-05
845,0.999415,1.99995160103,0.588654,0.56928,5.69215e-05
846,0.999415,1.99995160103,0.588525,0.725099,5.64205e-05
847,0.999415,1.99995160103,0.588329,0.316098,5.59238e-05
848,0.999415,1.99995160103,0.588214,0.316098,5.54315e-05
849,0.999415,1.99995160103,0.588215,0.316098,5.49436e-05
850,0.999415,1.99995160103,0.588362,0.569279,5.446e-05
851,0.999415,1.99995160103,0.588196,0.316098,5.39806e-05
852,0.999415,1.99995160103,0.588124,0.316098,5.35054e-05
853,0.999415,1.99995160103,0.588094,0.316098,5.30345e-05
854,0.999415,1.99995160103,0.587974,0.316098,5.25676e-05
855,0.999415,1.99995160103,0.58786,0.316098,5.21049e-05
856,0.999415,1.99995160103,0.587749,0.316098,5.16463e-05
857,0.999415,1.99995160103,0.587692,0.494402,5.11917e-05
858,0.999415,1.99995160103,0.587969,0.661426,5.0741e-05
859,0.999415,1.99995160103,0.587714,0.316098,5.02944e-05
860,0.999415,1.99995160103,0.587637,0.316097,4.98517e-05
861,0.999415,1.99995160103,0.587535,0.569278,4.94128e-05
862,0.999415,1.99995160103,0.587422,0.316098,4.89779e-05
863,0.999415,1.99995160103,0.587322,0.316097,4.85468e-05
864,0.999415,1.99995160103,0.587301,0.434732,4.81195e-05
865,0.999415,1.99995160103,0.587397,0.316097,4.76959e-05
866,0.999415,1.99995160103,0.587302,0.316097,4.7276e-05
867,0.999415,1.99995160103,0.587197,0.316097,4.68599e-05
868,0.999415,1.99995160103,0.58717,0.494402,4.64474e-05
869,0.999415,1.99995160103,0.587044,0.316097,4.60386e-05
870,0.999415,1.99995160103,0.586946,0.316097,4.56333e-05
871,0.999415,1.99995160103,0.586842,0.316097,4.52316e-05
872,0.999415,1.99995160103,0.587045,0.980324,4.48335e-05
873,0.999415,1.99995160103,0.58713,0.569276,4.44388e-05
874,0.999415,1.99995160103,0.586842,0.316097,4.40477e-05
875,0.999415,1.99995160103,0.586743,0.316097,4.366e-05
876,0.999415,1.99995160103,0.586755,0.43473,4.32756e-05
877,0.999415,1.99995160103,0.586655,0.316097,4.28947e-05
878,0.999415,1.99995160103,0.586558,0.316097,4.25171e-05
879,0.999415,1.99995160103,0.586467,0.316097,4.21429e-05
880,0.999415,1.99995160103,0.586678,0.651613,4.17719e-05
881,0.999415,1.99995160103,0.58657,0.434729,4.14042e-05
882,0.999415,1.99995160103,0.586504,0.494402,4.10398e-05
883,0.999415,1.99995160103,0.58638,0.316097,4.06785e-05
884,0.999415,1.99995160103,0.58632,0.316096,4.03204e-05
885,0.999415,1.99995160103,0.586237,0.316096,3.99655e-05
886,0.999415,1.99995160103,0.586373,0.569275,3.96137e-05
887,0.999415,1.99995160103,0.58622,0.316096,3.9265e-05
888,0.999415,1.99995160103,0.586137,0.316096,3.89194e-05
889,0.999415,1.99995160103,0.586133,0.434727,3.85768e-05
890,0.999415,1.99995160103,0.586085,0.52129,3.82372e-05
891,0.999415,1.99995160103,0.585996,0.316096,3.79007e-05
892,0.999415,1.99995160103,0.586155,0.569274,3.7567e-05
893,0.999415,1.99995160103,0.586054,0.316096,3.72364e-05
894,0.999415,1.99995160103,0.585975,0.316096,3.69086e-05
895,0.999415,1.99995160103,0.585903,0.316096,3.65837e-05
896,0.999415,1.99995160103,0.585824,0.316096,3.62617e-05
897,0.999415,1.99995160103,0.585745,0.316096,3.59425e-05
898,0.999415,1.99995160103,0.585665,0.316096,3.56261e-05
899,0.999415,1.99995160103,0.585593,0.316096,3.53125e-05
900,0.999415,1.99995160103,0.585901,1.02475,3.50017e-05
901,0.999415,1.99995160103,0.585711,0.494402,3.46936e-05
902,0.999415,1.99995160103,0.58561,0.316096,3.43882e-05
903,0.999415,1.99995160103,0.585539,0.316096,3.40855e-05
904,0.999415,1.99995160103,0.585542,0.316096,3.37855e-05
905,0.999415,1.99995160103,0.585469,0.316096,3.3488e-05
906,0.999415,1.99995160103,0.585394,0.316096,3.31933e-05
907,0.999415,1.99995160103,0.585353,0.316096,3.29011e-05
908,0.999415,1.99995160103,0.585567,0.778974,3.26115e-05
909,0.999415,1.99995160103,0.585408,0.316096,3.23244e-05
910,0.999415,1.99995160103,0.585332,0.316096,3.20399e-05
911,0.999415,1.99995160103,0.585308,0.494402,3.17579e-05
912,0.999415,1.99995160103,0.58523,0.316096,3.14783e-05
913,0.999415,1.99995160103,0.585161,0.316096,3.12012e-05
914,0.999415,1.99995160103,0.585308,0.569272,3.09266e-05
915,0.999415,1.99995160103,0.585164,0.316095,3.06544e-05
916,0.999415,1.99995160103,0.585085,0.316095,3.03845e-05
917,0.999415,1.99995160103,0.585115,0.416271,3.01171e-05
918,0.999415,1.99995160103,0.585043,0.828313,2.9852e-05
919,0.999415,1.99995160103,0.584924,0.316095,2.95892e-05
920,0.999415,1.99995160103,0.585056,0.569272,2.93287e-05
921,0.999415,1.99995160103,0.584976,0.316095,2.90706e-05
922,0.999415,1.99995160103,0.584919,0.316095,2.88147e-05
923,0.999415,1.99995160103,0.584858,0.316095,2.8561e-05
924,0.999415,1.99995160103,0.584799,0.316095,2.83097e-05
925,0.999415,1.99995160103,0.584798,0.494402,2.80605e-05
926,0.999415,1.99995160103,0.584716,0.316095,2.78135e-05
927,0.999415,1.99995160103,0.584657,0.316095,2.75686e-05
928,0.999415,1.99995160103,0.584897,1.0114,2.73259e-05
929,0.999415,1.99995160103,0.584741,0.569271,2.70854e-05
930,0.999415,1.99995160103,0.584647,0.316095,2.6847e-05
931,0.999415,1.99995160103,0.584605,0.316095,2.66107e-05
932,0.999415,1.99995160103,0.584595,0.316095,2.63764e-05
933,0.999415,1.99995160103,0.584542,0.316095,2.61443e-05
934,0.999415,1.99995160103,0.584577,0.316095,2.59141e-05
935,0.999415,1.99995160103,0.584559,0.494402,2.5686e-05
936,0.999415,1.99995160103,0.584542,0.484103,2.54599e-05
937,0.999415,1.99995160103,0.584482,0.43472,2.52358e-05
938,0.999415,1.99995160103,0.584429,0.316095,2.50137e-05
939,0.999415,1.99995160103,0.584377,0.316095,2.47935e-05
940,0.999415,1.99995160103,0.584318,0.316095,2.45753e-05
941,0.999415,1.99995160103,0.584265,0.316095,2.43589e-05
942,0.999415,1.99995160103,0.584469,0.56927,2.41445e-05
943,0.999415,1.99995160103,0.5843,0.316095,2.3932e-05
944,0.999415,1.99995160103,0.584246,0.316095,2.37213e-05
945,0.999415,1.99995160103,0.584193,0.316095,2.35125e-05
946,0.999415,1.99995160103,0.584197,0.494402,2.33055e-05
947,0.999415,1.99995160103,0.584105,0.416271,2.31004e-05
948,0.999415,1.99995160103,0.584269,1.11519,2.28971e-05
949,0.999415,1.99995160103,0.584238,0.623377,2.26955e-05
950,0.999415,1.99995160103,0.584104,0.316094,2.24957e-05
951,0.999415,1.99995160103,0.584059,0.316094,2.22977e-05
952,0.999415,1.99995160103,0.584013,0.316094,2.21014e-05
953,0.999415,1.99995160103,0.583968,0.316094,2.19069e-05
954,0.999415,1.99995160103,0.583923,0.316094,2.17141e-05
955,0.999415,1.99995160103,0.58393,0.434718,2.15229e-05
956,0.999415,1.99995160103,0.584039,0.651608,2.13335e-05
957,0.999415,1.99995160103,0.583924,0.316094,2.11457e-05
958,0.999415,1.99995160103,0.58388,0.316094,2.09596e-05
959,0.999415,1.99995160103,0.583887,0.316094,2.07751e-05
960,0.999415,1.99995160103,0.583837,0.316094,2.05922e-05
961,0.999415,1.99995160103,0.583875,0.316094,2.04109e-05
962,0.999415,1.99995160103,0.583856,0.569269,2.02313e-05
963,0.999415,1.99995160103,0.58381,0.484102,2.00532e-05
964,0.999415,1.99995160103,0.583759,0.316094,1.98767e-05
965,0.999415,1.99995160103,0.583715,0.316094,1.97017e-05
966,0.999415,1.99995160103,0.583665,0.316094,1.95283e-05
967,0.999415,1.99995160103,0.583628,0.316094,1.93564e-05
968,0.999415,1.99995160103,0.583778,1.05562,1.9186e-05
969,0.999415,1.99995160103,0.583677,0.316094,1.90171e-05
970,0.999415,1.99995160103,0.58365,0.316094,1.88497e-05
971,0.999415,1.99995160103,0.58361,0.316094,1.86838e-05
972,0.999415,1.99995160103,0.583601,0.344139,1.85193e-05
973,0.999415,1.99995160103,0.583703,0.569268,1.83563e-05
974,0.999415,1.99995160103,0.583589,0.316094,1.81947e-05
975,0.999415,1.99995160103,0.583562,0.316094,1.80346e-05
976,0.999415,1.99995160103,0.583524,0.316094,1.78758e-05
977,0.999415,1.99995160103,0.583501,0.316094,1.77185e-05
978,0.999415,1.99995160103,0.583465,0.316094,1.75625e-05
979,0.999415,1.99995160103,0.583457,0.494402,1.74079e-05
980,0.999415,1.99995160103,0.583401,0.434716,1.72547e-05
981,0.999415,1.99995160103,0.583491,0.569268,1.71028e-05
982,0.999415,1.99995160103,0.5834,0.316094,1.69523e-05
983,0.999415,1.99995160103,0.583352,0.316094,1.6803e-05
984,0.999415,1.99995160103,0.583385,0.538056,1.66551e-05
985,0.999415,1.99995160103,0.583324,0.316094,1.65085e-05
986,0.999415,1.99995160103,0.583309,0.316094,1.63632e-05
987,0.999415,1.99995160103,0.583279,0.316094,1.62192e-05
988,0.999415,1.99995160103,0.583289,0.953435,1.60764e-05
989,0.999415,1.99995160103,0.583342,0.569268,1.59349e-05
990,0.999415,1.99995160103,0.583256,0.316094,1.57946e-05
991,0.999415,1.99995160103,0.583225,0.316094,1.56556e-05
992,0.999415,1.99995160103,0.583207,0.316094,1.55178e-05
993,0.999415,1.99995160103,0.58318,0.316094,1.53812e-05
994,0.999415,1.99995160103,0.583146,0.316094,1.52458e-05
995,0.999415,1.99995160103,0.583138,0.316094,1.51116e-05
996,0.999415,1.99995160103,0.583193,0.630421,1.49786e-05
997,0.999415,1.99995160103,0.583155,0.368616,1.48467e-05
998,0.999415,1.99995160103,0.583139,0.828313,1.4716e-05
999,0.999415,1.99995160103,0.583115,0.316094,1.45865e-05
1000,0.999415,1.99995160103,0.583081,0.316094,1.44581e-05
1001,0.999415,1.99995160103,0.583054,0.316094,1.43308e-05
1002,0.999415,1.99995160103,0.583119,0.494402,1.42047e-05
1003,0.999415,1.99995160103,0.58306,0.430122,1.40797e-05
1004,0.999415,1.99995160103,0.583026,0.316094,1.39557e-05
1005,0.999415,1.99995160103,0.582996,0.316094,1.38329e-05
1006,0.999415,1.99995160103,0.582974,0.316093,1.37111e-05
1007,0.999415,1.99995160103,0.582967,0.316094,1.35904e-05
1008,0.999415,1.99995160103,0.582938,0.316094,1.34708e-05
1009,0.999415,1.99995160103,0.582998,0.569267,1.33522e-05
1010,0.999415,1.99995160103,0.582978,0.494402,1.32347e-05
1011,0.999415,1.99995160103,0.582918,0.316093,1.31182e-05
1012,0.999415,1.99995160103,0.582931,0.569267,1.30027e-05
1013,0.999415,1.99995160103,0.582894,0.316093,1.28883e-05
1014,0.999415,1.99995160103,0.582867,0.316093,1.27748e-05
1015,0.999415,1.99995160103,0.582834,0.316093,1.26624e-05
1016,0.999415,1.99995160103,0.582894,0.681666,1.25509e-05
1017,0.999415,1.99995160103,0.582863,0.434714,1.24404e-05
1018,0.999415,1.99995160103,0.582826,0.316093,1.23309e-05
1019,0.999415,1.99995160103,0.582799,0.316093,1.22224e-05
1020,0.999415,1.99995160103,0.582779,0.316093,1.21148e-05
1021,0.999415,1.99995160103,0.58284,0.594771,1.20082e-05
1022,0.999415,1.99995160103,0.582849,0.569266,1.19025e-05
1023,0.999415,1.99995160103,0.582766,0.316093,1.17977e-05
1024,0.999415,1.99995160103,0.58275,0.316093,1.16938e-05
1025,0.999415,1.99995160103,0.582743,0.316093,1.15909e-05
1026,0.999415,1.99995160103,0.582717,0.316093,1.14889e-05
1027,0.999415,1.99995160103,0.582696,0.316093,1.13877e-05
1028,0.999415,1.99995160103,0.582672,0.316093,1.12875e-05
1029,0.999415,1.99995160103,0.582645,0.316093,1.11881e-05
1030,0.999415,1.99995160103,0.582617,0.316093,1.10897e-05
1031,0.999415,1.99995160103,0.582741,1.02474,1.09921e-05
1032,0.999415,1.99995160103,0.582639,0.569266,1.08953e-05
1033,0.999415,1.99995160103,0.582605,0.316093,1.07994e-05
1034,0.999415,1.99995160103,0.582573,0.316093,1.07043e-05
1035,0.999415,1.99995160103,0.582576,0.521289,1.06101e-05
1036,0.999415,1.99995160103,0.582631,0.677128,1.05167e-05
1037,0.999415,1.99995160103,0.582586,0.316093,1.04241e-05
1038,0.999415,1.99995160103,0.582554,0.316093,1.03324e-05
1039,0.999415,1.99995160103,0.582525,0.316093,1.02414e-05
1040,0.999415,1.99995160103,0.582505,0.316093,1.01513e-05
1041,0.999415,1.99995160103,0.582502,0.316093,1.00619e-05
1042,0.999415,1.99995160103,0.58248,0.316093,9.97336e-06
1043,0.999415,1.99995160103,0.582464,0.434712,9.88557e-06
1044,0.999415,1.99995160103,0.582474,0.316093,9.79855e-06
1045,0.999415,1.99995160103,0.582455,0.316093,9.7123e-06
1046,0.999415,1.99995160103,0.58244,0.316093,9.6268e-06
1047,0.999415,1.99995160103,0.582418,0.316093,9.54206e-06
1048,0.999415,1.99995160103,0.582437,0.447706,9.45808e-06
1049,0.999415,1.99995160103,0.582404,0.368615,9.37482e-06
1050,0.999415,1.99995160103,0.582398,0.316093,9.2923e-06
1051,0.999415,1.99995160103,0.582455,0.569265,9.2105e-06
1052,0.999415,1.99995160103,0.582399,0.316093,9.12943e-06
1053,0.999415,1.99995160103,0.582394,0.316093,9.04906e-06
1054,0.999415,1.99995160103,0.582385,0.316093,8.96942e-06
1055,0.999415,1.99995160103,0.582367,0.316093,8.89046e-06
1056,0.999415,1.99995160103,0.582346,0.316093,8.8122e-06
1057,0.999415,1.99995160103,0.582328,0.316093,8.73463e-06
1058,0.999415,1.99995160103,0.582343,0.522399,8.65775e-06
1059,0.999415,1.99995160103,0.582413,0.681668,8.58154e-06
1060,0.999415,1.99995160103,0.582378,0.569265,8.506e-06
1061,0.999415,1.99995160103,0.582329,0.316093,8.43113e-06
1062,0.999415,1.99995160103,0.582312,0.316093,8.35691e-06
1063,0.999415,1.99995160103,0.5823,0.316093,8.28335e-06
1064,0.999415,1.99995160103,0.582302,0.316093,8.21044e-06
1065,0.999415,1.99995160103,0.582316,0.316093,8.13816e-06
1066,0.999415,1.99995160103,0.5823,0.316093,8.06653e-06
1067,0.999415,1.99995160103,0.582284,0.316093,7.99553e-06
1068,0.999415,1.99995160103,0.582265,0.316093,7.92515e-06
1069,0.999415,1.99995160103,0.582257,0.316093,7.85538e-06
1070,0.999415,1.99995160103,0.58224,0.316093,7.78624e-06
1071,0.999415,1.99995160103,0.582228,0.316093,7.7177e-06
1072,0.999415,1.99995160103,0.582262,0.829952,7.64976e-06
1073,0.999415,1.99995160103,0.582238,0.316093,7.58243e-06
1074,0.999415,1.99995160103,0.582225,0.316093,7.51569e-06
1075,0.999415,1.99995160103,0.582212,0.521289,7.44953e-06
1076,0.999415,1.99995160103,0.582196,0.316093,7.38395e-06
1077,0.999415,1.99995160103,0.582176,0.316093,7.31896e-06
1078,0.999415,1.99995160103,0.582169,0.316093,7.25453e-06
1079,0.999415,1.99995160103,0.582238,1.25853,7.19068e-06
1080,0.999415,1.99995160103,0.582221,0.569265,7.12738e-06
1081,0.999415,1.99995160103,0.582171,0.316093,7.06464e-06
1082,0.999415,1.99995160103,0.582152,0.316093,7.00246e-06
1083,0.999415,1.99995160103,0.582169,0.569265,6.94082e-06
1084,0.999415,1.99995160103,0.582204,0.980321,6.87972e-06
1085,0.999415,1.99995160103,0.582167,0.368615,6.81917e-06
1086,0.999415,1.99995160103,0.582152,0.316093,6.75914e-06
1087,0.999415,1.99995160103,0.582142,0.316093,6.69964e-06
1088,0.999415,1.99995160103,0.582133,0.316093,6.64067e-06
1089,0.999415,1.99995160103,0.582132,0.569265,6.58221e-06
1090,0.999415,1.99995160103,0.582106,0.316093,6.52427e-06
1091,0.999415,1.99995160103,0.582099,0.316093,6.46684e-06
1092,0.999415,1.99995160103,0.582079,0.316093,6.40992e-06
1093,0.999415,1.99995160103,0.582068,0.316093,6.3535e-06
1094,0.999415,1.99995160103,0.58212,0.93756,6.29757e-06
1095,0.999415,1.99995160103,0.582079,0.316093,6.24214e-06
1096,0.999415,1.99995160103,0.582059,0.316093,6.18719e-06
1097,0.999415,1.99995160103,0.582059,0.569265,6.13273e-06
0.999415,0.582059,36.900585412979126,0.9375,0.254766885315,0.0406252403948
