64,20,0.1,2,1000, .1 
0,0.488889,1747.99999774,1.72802e+06,617.817,0.0999327
1,0.515789,1656.00008368,862132.0,418.158,0.0977369
2,0.54883,1543.00006628,462662.0,293.596,0.0955893
3,0.574269,1456.00003123,264788.0,214.245,0.0934889
4,0.59883,1372.00002551,158138.0,159.518,0.0914347
5,0.629532,1267.00001836,99322.9,121.003,0.0894256
6,0.65614,1176.00008011,65057.0,95.2113,0.0874607
7,0.67924,1097.00005531,44155.9,76.7672,0.0855389
8,0.707602,1000.00005841,30554.5,62.8173,0.0836594
9,0.734211,908.999916315,21458.3,52.286,0.0818211
10,0.766667,798.000054359,15297.9,43.8707,0.0800233
11,0.793275,706.999912262,10982.2,37.1084,0.0782649
12,0.817544,623.999984264,7906.1,32.2841,0.0765452
13,0.85,512.999918461,5762.01,26.0788,0.0748633
14,0.872807,434.99997139,4348.23,22.086,0.0732183
15,0.892398,368.000063896,3349.77,18.8765,0.0716095
16,0.906725,318.99992466,2622.78,16.4345,0.0700361
17,0.919006,276.999921799,2082.32,14.7749,0.0684972
18,0.926608,250.999939442,1658.59,12.9404,0.0669921
19,0.934503,224.000083208,1323.06,11.6914,0.0655201
20,0.939181,208.000062704,1058.28,10.6245,0.0640804
21,0.943275,193.999993801,843.522,9.54774,0.0626724
22,0.950877,168.000011444,689.322,8.12967,0.0612953
23,0.954386,156.00009799,576.774,7.29368,0.0599484
24,0.957018,147.000010014,488.794,6.71692,0.0586312
25,0.959357,138.999999762,412.399,6.06075,0.0573429
26,0.962573,127.999960184,353.965,5.52133,0.0560829
27,0.966082,116.00004673,307.255,4.65134,0.0548506
28,0.969298,105.000007153,274.807,3.97784,0.0536454
29,0.971053,98.9999485016,249.408,3.77887,0.0524666
30,0.972807,93.0000936985,227.497,3.45214,0.0513138
31,0.974269,87.9999089241,209.86,3.16346,0.0501863
32,0.974561,87.0000350475,194.795,3.11092,0.0490835
33,0.975146,85.0000834465,180.566,3.08619,0.048005
34,0.976901,79.0000247955,166.977,3.06536,0.0469502
35,0.977778,75.99999547,154.742,3.02798,0.0459186
36,0.97924,71.0000145435,143.394,2.84645,0.0449096
37,0.979532,69.9999368191,133.381,2.75967,0.0439228
38,0.980994,64.9999558926,124.417,2.62084,0.0429577
39,0.982456,59.999974966,116.254,2.58583,0.0420138
40,0.982456,59.999974966,108.608,2.52158,0.0410906
41,0.983918,54.9999940395,101.489,2.30742,0.0401877
42,0.984211,53.9999163151,95.3124,2.16957,0.0393047
43,0.985088,51.0000908375,89.9728,2.18511,0.0384411
44,0.986257,46.9999837875,85.0685,2.04494,0.0375964
45,0.986257,46.9999837875,80.7816,1.97663,0.0367703
46,0.987135,43.9999544621,76.7487,1.92366,0.0359623
47,0.98655,45.9999060631,73.1274,1.93371,0.0351721
48,0.986842,45.0000321865,69.9053,1.86152,0.0343993
49,0.987719,42.000002861,66.6721,1.84285,0.0336435
50,0.987427,43.0000805855,63.7244,1.84539,0.0329042
51,0.988304,40.00005126,61.1728,1.68712,0.0321812
52,0.988596,38.9999735355,58.7947,1.62721,0.0314741
53,0.988304,40.00005126,56.664,1.63423,0.0307825
54,0.988304,40.00005126,54.5598,1.65072,0.0301061
55,0.988304,40.00005126,52.4933,1.60906,0.0294446
56,0.988596,38.9999735355,50.5789,1.62346,0.0287976
57,0.988889,38.000099659,48.798,1.54672,0.0281649
58,0.990351,32.9999148846,47.3067,1.45178,0.027546
59,0.990643,32.000041008,46.0699,1.278,0.0269407
60,0.99152,29.0000116825,45.0193,1.30492,0.0263488
61,0.990351,32.9999148846,44.0225,1.33316,0.0257698
62,0.990936,30.9999632835,42.984,1.25152,0.0252036
63,0.990058,33.999992609,42.0908,1.32302,0.0246498
64,0.991228,30.000089407,41.2205,1.31633,0.0241081
65,0.991813,27.9999339581,40.3571,1.28919,0.0235784
66,0.992105,27.0000600815,39.6248,1.25958,0.0230603
67,0.991813,27.9999339581,38.871,1.28264,0.0225536
68,0.992398,25.999982357,38.1385,1.2535,0.0220581
69,0.992105,27.0000600815,37.4157,1.24459,0.0215734
70,0.992105,27.0000600815,36.7391,1.26333,0.0210993
71,0.992398,25.999982357,36.0694,1.20041,0.0206357
72,0.992398,25.999982357,35.4257,1.22112,0.0201823
73,0.992398,25.999982357,34.7727,1.23075,0.0197388
74,0.992105,27.0000600815,34.1892,1.25436,0.0193051
75,0.991813,27.9999339581,33.5738,1.21767,0.0188809
76,0.993275,22.9999530315,33.0039,1.14312,0.0184661
77,0.992105,27.0000600815,32.5045,1.17157,0.0180603
78,0.99269,24.9999046326,31.9901,1.20595,0.0176635
79,0.992982,24.000030756,31.47,1.23837,0.0172754
80,0.991813,27.9999339581,30.96,1.13486,0.0168958
81,0.99269,24.9999046326,30.5142,1.20155,0.0165245
82,0.992398,25.999982357,30.1048,1.17103,0.0161614
83,0.992982,24.000030756,29.6031,1.15735,0.0158063
84,0.992398,25.999982357,29.1794,1.14309,0.015459
85,0.992398,25.999982357,28.7395,1.13817,0.0151193
86,0.992398,25.999982357,28.3464,1.1377,0.0147871
87,0.991813,27.9999339581,27.97,1.17874,0.0144622
88,0.99269,24.9999046326,27.5733,1.14289,0.0141444
89,0.992105,27.0000600815,27.1697,1.13758,0.0138336
90,0.992982,24.000030756,26.7997,1.14272,0.0135297
91,0.991813,27.9999339581,26.4202,1.18111,0.0132324
92,0.992982,24.000030756,26.0753,1.14255,0.0129416
93,0.992982,24.000030756,25.7175,1.13108,0.0126572
94,0.993567,22.000079155,25.3982,1.13773,0.0123791
95,0.993567,22.000079155,25.0636,1.09974,0.0121071
96,0.992982,24.000030756,24.7417,1.10933,0.0118411
97,0.993275,22.9999530315,24.4349,1.11512,0.0115809
98,0.99269,24.9999046326,24.1324,1.12883,0.0113264
99,0.99269,24.9999046326,23.834,1.12857,0.0110776
100,0.99386,21.0000014305,23.5426,1.1257,0.0108342
101,0.993567,22.000079155,23.2391,1.11127,0.0105961
102,0.993275,22.9999530315,22.9751,1.11486,0.0103633
103,0.993567,22.000079155,22.7142,0.990976,0.0101356
104,0.993567,22.000079155,22.5281,0.992498,0.00991286
105,0.99386,21.0000014305,22.3646,0.982807,0.00969504
106,0.994152,19.9999237061,22.1826,0.97232,0.00948201
107,0.994737,17.999972105,22.0078,1.00538,0.00927367
108,0.99386,21.0000014305,21.8295,0.97686,0.0090699
109,0.99386,21.0000014305,21.6856,0.998759,0.0088706
110,0.993567,22.000079155,21.5303,0.980205,0.00867569
111,0.994152,19.9999237061,21.372,0.989042,0.00848506
112,0.994152,19.9999237061,21.2156,0.993288,0.00829862
113,0.993567,22.000079155,21.0841,0.99498,0.00811627
114,0.994152,19.9999237061,20.9268,0.956871,0.00793794
115,0.994152,19.9999237061,20.7852,0.978627,0.00776352
116,0.99269,24.9999046326,20.6568,1.00411,0.00759293
117,0.99386,21.0000014305,20.536,0.983205,0.00742609
118,0.99269,24.9999046326,20.3964,1.00407,0.00726292
119,0.993275,22.9999530315,20.2702,0.970587,0.00710333
120,0.99386,21.0000014305,20.1473,0.961627,0.00694725
121,0.993567,22.000079155,20.0268,0.991248,0.0067946
122,0.992982,24.000030756,19.9227,1.004,0.0066453
123,0.993567,22.000079155,19.8043,0.971044,0.00649928
124,0.994152,19.9999237061,19.6892,0.982998,0.00635647
125,0.992982,24.000030756,19.576,0.987299,0.00621681
126,0.993275,22.9999530315,19.4689,0.97039,0.0060802
127,0.993275,22.9999530315,19.3739,0.975969,0.0059466
128,0.993275,22.9999530315,19.2639,0.95356,0.00581594
129,0.992982,24.000030756,19.1629,0.941893,0.00568815
130,0.993275,22.9999530315,19.0582,0.930872,0.00556316
131,0.992982,24.000030756,18.9691,0.927082,0.00544092
132,0.992982,24.000030756,18.8826,0.941906,0.00532137
133,0.993275,22.9999530315,18.7818,0.910875,0.00520444
134,0.992982,24.000030756,18.6934,0.986772,0.00509009
135,0.99269,24.9999046326,18.6114,0.959243,0.00497824
136,0.992982,24.000030756,18.5246,0.890606,0.00486886
137,0.993567,22.000079155,18.4441,0.930818,0.00476187
138,0.992982,24.000030756,18.3622,0.91831,0.00465724
139,0.992982,24.000030756,18.2902,0.966754,0.00455491
140,0.992982,24.000030756,18.2129,0.932293,0.00445482
141,0.993567,22.000079155,18.1308,0.90624,0.00435694
142,0.99269,24.9999046326,18.0615,0.941881,0.0042612
143,0.992982,24.000030756,17.9863,0.940399,0.00416757
144,0.992398,25.999982357,17.9195,0.959157,0.004076
145,0.993275,22.9999530315,17.8497,0.932244,0.00398644
146,0.99269,24.9999046326,17.7774,0.90841,0.00389884
147,0.99269,24.9999046326,17.7116,0.942867,0.00381317
148,0.99269,24.9999046326,17.6527,0.988351,0.00372939
149,0.992982,24.000030756,17.5822,0.937896,0.00364744
150,0.992982,24.000030756,17.5187,0.901003,0.0035673
151,0.993275,22.9999530315,17.4644,0.930722,0.00348891
152,0.992982,24.000030756,17.4053,0.941871,0.00341225
153,0.992982,24.000030756,17.3392,0.912568,0.00333727
154,0.99269,24.9999046326,17.2904,0.949598,0.00326394
155,0.992982,24.000030756,17.236,0.90837,0.00319223
156,0.993567,22.000079155,17.1756,0.924455,0.00312208
157,0.992982,24.000030756,17.1242,0.918312,0.00305348
158,0.992982,24.000030756,17.0725,0.959099,0.00298639
159,0.992982,24.000030756,17.0248,0.932169,0.00292077
160,0.993275,22.9999530315,16.9747,0.931216,0.00285659
161,0.993275,22.9999530315,16.9217,0.930669,0.00279382
162,0.992982,24.000030756,16.8772,0.932152,0.00273243
163,0.992982,24.000030756,16.8276,0.908644,0.00267239
164,0.993275,22.9999530315,16.7859,0.908346,0.00261367
165,0.992982,24.000030756,16.7443,0.932143,0.00255624
166,0.993275,22.9999530315,16.6991,0.930662,0.00250008
167,0.992982,24.000030756,16.6552,0.959058,0.00244514
168,0.993275,22.9999530315,16.6141,0.932124,0.00239142
169,0.993275,22.9999530315,16.5733,0.908324,0.00233887
170,0.993275,22.9999530315,16.5348,0.932116,0.00228748
171,0.99269,24.9999046326,16.4949,0.942879,0.00223721
172,0.992982,24.000030756,16.4548,0.935928,0.00218806
173,0.992982,24.000030756,16.419,0.924909,0.00213998
174,0.993275,22.9999530315,16.3865,0.930639,0.00209296
175,0.993275,22.9999530315,16.3477,0.932098,0.00204697
176,0.993275,22.9999530315,16.3104,0.930631,0.00200199
177,0.992982,24.000030756,16.2797,0.92609,0.001958
178,0.993275,22.9999530315,16.2484,0.932095,0.00191498
179,0.992982,24.000030756,16.2111,0.942883,0.0018729
180,0.993275,22.9999530315,16.1811,0.987183,0.00183175
181,0.993275,22.9999530315,16.1488,0.91833,0.0017915
182,0.993275,22.9999530315,16.1171,0.918464,0.00175213
183,0.993275,22.9999530315,16.0901,0.908284,0.00171363
184,0.993275,22.9999530315,16.0603,0.940416,0.00167598
185,0.99269,24.9999046326,16.0326,0.941866,0.00163915
186,0.993567,22.000079155,16.0014,0.890442,0.00160314
187,0.992982,24.000030756,15.9771,0.959009,0.00156791
188,0.993275,22.9999530315,15.9505,0.940417,0.00153346
189,0.993275,22.9999530315,15.9239,0.941865,0.00149977
190,0.992982,24.000030756,15.8991,0.940419,0.00146681
191,0.992982,24.000030756,15.8734,0.949374,0.00143458
192,0.992982,24.000030756,15.85,0.918341,0.00140306
193,0.99386,21.0000014305,15.825,0.920593,0.00137223
194,0.992982,24.000030756,15.8021,0.940418,0.00134208
195,0.993275,22.9999530315,15.7777,0.918777,0.00131259
196,0.993275,22.9999530315,15.7587,0.932047,0.00128375
197,0.993275,22.9999530315,15.7365,0.941868,0.00125554
198,0.993567,22.000079155,15.7127,0.918341,0.00122795
199,0.993275,22.9999530315,15.6935,0.941866,0.00120097
200,0.992982,24.000030756,15.6743,0.949338,0.00117458
201,0.993567,22.000079155,15.6524,0.908258,0.00114877
202,0.993567,22.000079155,15.6336,0.905687,0.00112353
203,0.99386,21.0000014305,15.615,0.932031,0.00109884
204,0.993567,22.000079155,15.5952,0.930573,0.0010747
205,0.992982,24.000030756,15.5771,0.958986,0.00105108
206,0.99269,24.9999046326,15.5597,0.94187,0.00102799
207,0.99386,21.0000014305,15.5416,0.930571,0.0010054
208,0.993275,22.9999530315,15.5252,0.949318,0.000983309
209,0.993567,22.000079155,15.5079,0.900645,0.000961703
210,0.993567,22.000079155,15.4921,0.932025,0.000940571
211,0.99386,21.0000014305,15.476,0.941869,0.000919905
212,0.992982,24.000030756,15.4606,0.941869,0.000899691
213,0.99386,21.0000014305,15.4438,0.918346,0.000879923
214,0.993567,22.000079155,15.4298,0.925972,0.000860588
215,0.993275,22.9999530315,15.4158,0.924826,0.000841678
216,0.993567,22.000079155,15.4021,0.932016,0.000823184
217,0.99386,21.0000014305,15.3874,0.930561,0.000805097
218,0.993567,22.000079155,15.3738,0.958973,0.000787406
219,0.993275,22.9999530315,15.3603,0.919407,0.000770105
220,0.994152,19.9999237061,15.3471,0.920595,0.000753183
221,0.99386,21.0000014305,15.3337,0.908239,0.000736633
222,0.99386,21.0000014305,15.3222,0.93201,0.000720448
223,0.99386,21.0000014305,15.3101,0.937529,0.000704617
224,0.994152,19.9999237061,15.2969,0.900652,0.000689135
225,0.99386,21.0000014305,15.2865,0.940431,0.000673992
226,0.993275,22.9999530315,15.2752,0.94187,0.000659183
227,0.99386,21.0000014305,15.2629,0.930551,0.000644699
228,0.99386,21.0000014305,15.2514,0.933356,0.000630533
229,0.993567,22.000079155,15.2417,0.941871,0.000616678
230,0.994152,19.9999237061,15.2308,0.941871,0.000603128
231,0.993567,22.000079155,15.2207,0.940433,0.000589875
232,0.99386,21.0000014305,15.2104,0.958964,0.000576914
233,0.993567,22.000079155,15.201,0.932001,0.000564238
234,0.99386,21.0000014305,15.1913,0.941872,0.00055184
235,0.994444,19.0000498295,15.1812,0.894828,0.000539714
236,0.99386,21.0000014305,15.1728,0.941871,0.000527855
237,0.99386,21.0000014305,15.1635,0.937507,0.000516257
238,0.994152,19.9999237061,15.1551,0.941872,0.000504913
239,0.99386,21.0000014305,15.1458,0.88279,0.000493818
240,0.994444,19.0000498295,15.1374,0.908225,0.000482968
241,0.993567,22.000079155,15.1297,0.942197,0.000472355
242,0.99386,21.0000014305,15.1219,0.931993,0.000461977
243,0.994444,19.0000498295,15.113,0.936976,0.000451825
244,0.994152,19.9999237061,15.1058,0.931991,0.000441898
245,0.994152,19.9999237061,15.0983,0.930539,0.000432188
246,0.99386,21.0000014305,15.0915,0.935871,0.000422691
247,0.994152,19.9999237061,15.0835,0.90561,0.000413404
248,0.994444,19.0000498295,15.0765,0.930539,0.00040432
249,0.993567,22.000079155,15.0702,0.931991,0.000395436
250,0.994444,19.0000498295,15.0627,0.968238,0.000386747
251,0.99386,21.0000014305,15.0566,0.935871,0.000378249
252,0.99386,21.0000014305,15.0502,0.931989,0.000369938
253,0.994444,19.0000498295,15.0433,0.939167,0.000361809
254,0.994152,19.9999237061,15.0371,0.921249,0.000353859
255,0.994152,19.9999237061,15.0314,0.958953,0.000346084
256,0.994152,19.9999237061,15.0257,0.908221,0.000338479
257,0.994152,19.9999237061,15.0196,0.910479,0.000331042
258,0.994444,19.0000498295,15.0139,0.940438,0.000323768
259,0.994152,19.9999237061,15.0085,0.94924,0.000316654
260,0.99386,21.0000014305,15.0035,0.945587,0.000309696
261,0.994444,19.0000498295,14.9974,0.896161,0.000302891
262,0.994152,19.9999237061,14.9929,0.927469,0.000296236
263,0.994444,19.0000498295,14.9876,0.960025,0.000289727
264,0.994152,19.9999237061,14.9825,0.952145,0.00028336
265,0.994152,19.9999237061,14.9779,0.937406,0.000277134
266,0.994444,19.0000498295,14.9729,0.905596,0.000271045
267,0.994152,19.9999237061,14.9684,0.931983,0.000265089
268,0.994444,19.0000498295,14.9636,0.926908,0.000259264
269,0.994444,19.0000498295,14.9594,0.958949,0.000253567
270,0.994152,19.9999237061,14.9553,0.951936,0.000247996
271,0.994152,19.9999237061,14.9508,0.937404,0.000242547
272,0.994444,19.0000498295,14.9465,0.915771,0.000237217
273,0.994444,19.0000498295,14.9426,0.937403,0.000232005
274,0.994444,19.0000498295,14.9389,0.923335,0.000226907
275,0.994152,19.9999237061,14.9351,0.937403,0.000221921
276,0.994444,19.0000498295,14.931,0.90559,0.000217045
277,0.994444,19.0000498295,14.9274,0.946732,0.000212276
278,0.994444,19.0000498295,14.9237,0.954554,0.000207612
279,0.994444,19.0000498295,14.9202,0.932672,0.00020305
280,0.994444,19.0000498295,14.9168,0.961621,0.000198588
281,0.994444,19.0000498295,14.9131,0.926002,0.000194225
282,0.994444,19.0000498295,14.9099,0.896148,0.000189957
283,0.994444,19.0000498295,14.9066,0.935784,0.000185783
284,0.994444,19.0000498295,14.9034,0.92939,0.000181701
285,0.994444,19.0000498295,14.9006,0.915769,0.000177708
286,0.994444,19.0000498295,14.8973,0.937401,0.000173803
287,0.994444,19.0000498295,14.8946,0.956429,0.000169985
288,0.994444,19.0000498295,14.8916,0.927455,0.00016625
289,0.994444,19.0000498295,14.8889,0.946732,0.000162596
290,0.994444,19.0000498295,14.8858,0.929386,0.000159024
291,0.994444,19.0000498295,14.8832,0.945306,0.00015553
292,0.994444,19.0000498295,14.8806,0.954549,0.000152112
293,0.994444,19.0000498295,14.8781,0.915768,0.00014877
294,0.994444,19.0000498295,14.8755,0.937399,0.000145501
295,0.994444,19.0000498295,14.873,0.893664,0.000142304
296,0.994444,19.0000498295,14.8707,0.94478,0.000139177
297,0.994444,19.0000498295,14.8682,0.951921,0.000136119
298,0.994444,19.0000498295,14.8659,0.925995,0.000133128
299,0.994444,19.0000498295,14.8636,0.92745,0.000130203
300,0.994444,19.0000498295,14.8614,0.963714,0.000127342
301,0.994444,19.0000498295,14.8592,0.896141,0.000124544
302,0.994444,19.0000498295,14.857,0.925994,0.000121807
303,0.994444,19.0000498295,14.8549,0.90558,0.000119131
304,0.994444,19.0000498295,14.8528,0.947404,0.000116513
305,0.994444,19.0000498295,14.8508,0.933312,0.000113953
306,0.994444,19.0000498295,14.8491,0.915767,0.000111449
307,0.994444,19.0000498295,14.8472,0.951917,0.000109
308,0.994444,19.0000498295,14.8452,0.912706,0.000106605
309,0.994444,19.0000498295,14.8433,0.915767,0.000104263
310,0.994444,19.0000498295,14.8416,0.942855,0.000101972
311,0.994444,19.0000498295,14.84,0.927447,9.9731e-05
312,0.994444,19.0000498295,14.8381,0.890288,9.75397e-05
313,0.994444,19.0000498295,14.8366,0.927446,9.53965e-05
314,0.994444,19.0000498295,14.835,0.978334,9.33003e-05
315,0.994444,19.0000498295,14.8333,0.912404,9.12502e-05
316,0.994444,19.0000498295,14.8319,0.927446,8.92452e-05
317,0.994444,19.0000498295,14.8302,0.925991,8.72842e-05
318,0.994444,19.0000498295,14.8287,0.954543,8.53663e-05
319,0.994444,19.0000498295,14.8273,0.927445,8.34906e-05
320,0.994444,19.0000498295,14.8258,0.915766,8.1656e-05
321,0.994444,19.0000498295,14.8245,0.961612,7.98618e-05
322,0.994444,19.0000498295,14.8231,0.925989,7.8107e-05
323,0.994444,19.0000498295,14.8216,0.905576,7.63908e-05
324,0.994444,19.0000498295,14.8204,0.942852,7.47123e-05
325,0.994444,19.0000498295,14.8192,0.915766,7.30706e-05
326,0.994444,19.0000498295,14.818,0.927443,7.1465e-05
327,0.994444,19.0000498295,14.8166,0.915766,6.98947e-05
328,0.994444,19.0000498295,14.8155,0.933308,6.83589e-05
329,0.994444,19.0000498295,14.8144,0.935957,6.68569e-05
330,0.994444,19.0000498295,14.8133,0.927443,6.53879e-05
331,0.994444,19.0000498295,14.8121,0.905574,6.39511e-05
332,0.994444,19.0000498295,14.8109,0.915808,6.25459e-05
333,0.994444,19.0000498295,14.8099,0.944767,6.11716e-05
334,0.994444,19.0000498295,14.8089,0.96161,5.98275e-05
335,0.994444,19.0000498295,14.8079,0.935957,5.85129e-05
336,0.994444,19.0000498295,14.8069,0.927442,5.72272e-05
337,0.994444,19.0000498295,14.8058,0.896134,5.59697e-05
338,0.994444,19.0000498295,14.8049,0.923309,5.47399e-05
339,0.994444,19.0000498295,14.8041,0.937395,5.35371e-05
340,0.994444,19.0000498295,14.8031,0.937395,5.23607e-05
341,0.994444,19.0000498295,14.8021,0.914481,5.12102e-05
342,0.994444,19.0000498295,14.8013,0.927441,5.0085e-05
343,0.994444,19.0000498295,14.8004,0.932953,4.89845e-05
344,0.994444,19.0000498295,14.7996,0.905573,4.79082e-05
345,0.994444,19.0000498295,14.7988,0.922813,4.68555e-05
346,0.994444,19.0000498295,14.798,0.905573,4.58259e-05
347,0.994444,19.0000498295,14.7972,0.941204,4.4819e-05
348,0.994444,19.0000498295,14.7965,0.944764,4.38342e-05
349,0.994444,19.0000498295,14.7957,0.92744,4.2871e-05
350,0.994444,19.0000498295,14.7949,0.932667,4.1929e-05
351,0.994444,19.0000498295,14.7943,0.933305,4.10077e-05
352,0.994444,19.0000498295,14.7935,0.890282,4.01067e-05
353,0.994444,19.0000498295,14.7928,0.937395,3.92254e-05
354,0.994444,19.0000498295,14.7922,0.927439,3.83635e-05
355,0.994444,19.0000498295,14.7915,0.930209,3.75205e-05
356,0.994444,19.0000498295,14.7909,0.954538,3.66961e-05
357,0.994444,19.0000498295,14.7902,0.905572,3.58898e-05
358,0.994444,19.0000498295,14.7897,0.960206,3.51012e-05
359,0.994444,19.0000498295,14.789,0.906431,3.43299e-05
360,0.994444,19.0000498295,14.7885,0.941203,3.35756e-05
361,0.994444,19.0000498295,14.7879,0.968792,3.28378e-05
362,0.994444,19.0000498295,14.7874,0.935956,3.21163e-05
363,0.994444,19.0000498295,14.7867,0.896132,3.14106e-05
364,0.994444,19.0000498295,14.7862,0.944762,3.07204e-05
365,0.994444,19.0000498295,14.7858,0.915764,3.00454e-05
366,0.994444,19.0000498295,14.7852,0.925985,2.93852e-05
367,0.994444,19.0000498295,14.7847,0.927439,2.87395e-05
368,0.994444,19.0000498295,14.7842,0.951906,2.8108e-05
369,0.994444,19.0000498295,14.7836,0.954537,2.74904e-05
370,0.994444,19.0000498295,14.7832,0.912402,2.68864e-05
371,0.994444,19.0000498295,14.7827,0.951905,2.62956e-05
372,0.994444,19.0000498295,14.7823,0.905571,2.57178e-05
373,0.994444,19.0000498295,14.7818,0.954537,2.51527e-05
374,0.994444,19.0000498295,14.7815,0.927438,2.46e-05
375,0.994444,19.0000498295,14.781,0.915975,2.40595e-05
376,0.994444,19.0000498295,14.7806,0.90557,2.35308e-05
377,0.994444,19.0000498295,14.7802,0.933343,2.30138e-05
378,0.994444,19.0000498295,14.7798,0.927438,2.25081e-05
379,0.994444,19.0000498295,14.7794,0.928048,2.20135e-05
380,0.994444,19.0000498295,14.7791,0.90557,2.15298e-05
381,0.994444,19.0000498295,14.7787,0.946731,2.10568e-05
382,0.994444,19.0000498295,14.7783,0.954536,2.05941e-05
383,0.994444,19.0000498295,14.778,0.927437,2.01416e-05
384,0.994444,19.0000498295,14.7776,0.899781,1.9699e-05
385,0.994444,19.0000498295,14.7773,0.90557,1.92662e-05
386,0.994444,19.0000498295,14.777,0.937394,1.88428e-05
387,0.994444,19.0000498295,14.7766,0.951311,1.84288e-05
388,0.994444,19.0000498295,14.7763,0.90557,1.80239e-05
389,0.994444,19.0000498295,14.776,0.915803,1.76278e-05
390,0.994444,19.0000498295,14.7757,0.928048,1.72405e-05
391,0.994444,19.0000498295,14.7754,0.925984,1.68617e-05
392,0.994444,19.0000498295,14.7752,0.956413,1.64912e-05
393,0.994444,19.0000498295,14.7748,0.927437,1.61288e-05
394,0.994444,19.0000498295,14.7746,0.926909,1.57744e-05
395,0.994444,19.0000498295,14.7743,0.925983,1.54278e-05
396,0.994444,19.0000498295,14.774,0.944242,1.50888e-05
397,0.994444,19.0000498295,14.7737,0.927437,1.47573e-05
398,0.994444,19.0000498295,14.7736,0.934301,1.4433e-05
399,0.994444,19.0000498295,14.7733,0.923303,1.41159e-05
400,0.994444,19.0000498295,14.7731,0.937394,1.38057e-05
401,0.994444,19.0000498295,14.7728,0.90557,1.35023e-05
402,0.994444,19.0000498295,14.7726,0.927437,1.32057e-05
403,0.994444,19.0000498295,14.7724,0.944759,1.29155e-05
404,0.994444,19.0000498295,14.7722,0.974889,1.26317e-05
405,0.994444,19.0000498295,14.7719,0.89613,1.23541e-05
406,0.994444,19.0000498295,14.7717,0.935955,1.20827e-05
407,0.994444,19.0000498295,14.7715,0.930646,1.18172e-05
408,0.994444,19.0000498295,14.7713,0.969228,1.15575e-05
409,0.994444,19.0000498295,14.7711,0.905569,1.13036e-05
410,0.994444,19.0000498295,14.7709,0.945308,1.10552e-05
411,0.994444,19.0000498295,14.7707,0.927437,1.08123e-05
412,0.994444,19.0000498295,14.7705,0.906431,1.05747e-05
413,0.994444,19.0000498295,14.7704,0.944759,1.03424e-05
414,0.994444,19.0000498295,14.7702,0.93334,1.01151e-05
415,0.994444,19.0000498295,14.7701,0.968229,9.89286e-06
416,0.994444,19.0000498295,14.7699,0.915764,9.67548e-06
417,0.994444,19.0000498295,14.7697,0.927436,9.46288e-06
418,0.994444,19.0000498295,14.7695,0.927436,9.25496e-06
419,0.994444,19.0000498295,14.7694,0.926909,9.0516e-06
420,0.994444,19.0000498295,14.7692,0.920939,8.8527e-06
421,0.994444,19.0000498295,14.769,0.931951,8.65819e-06
422,0.994444,19.0000498295,14.7689,0.915764,8.46794e-06
423,0.994444,19.0000498295,14.7687,0.91417,8.28187e-06
424,0.994444,19.0000498295,14.7686,0.90087,8.0999e-06
425,0.994444,19.0000498295,14.7684,0.938982,7.92192e-06
426,0.994444,19.0000498295,14.7683,0.927436,7.74785e-06
427,0.994444,19.0000498295,14.7682,0.927436,7.57761e-06
428,0.994444,19.0000498295,14.768,0.951902,7.41111e-06
429,0.994444,19.0000498295,14.768,0.968787,7.24826e-06
430,0.994444,19.0000498295,14.7679,0.927436,7.089e-06
431,0.994444,19.0000498295,14.7677,0.905568,6.93323e-06
432,0.994444,19.0000498295,14.7676,0.9343,6.78089e-06
433,0.994444,19.0000498295,14.7675,0.951902,6.63189e-06
434,0.994444,19.0000498295,14.7674,0.925982,6.48617e-06
435,0.994444,19.0000498295,14.7673,0.9343,6.34365e-06
436,0.994444,19.0000498295,14.7671,0.944758,6.20426e-06
437,0.994444,19.0000498295,14.767,0.884083,6.06794e-06
438,0.994444,19.0000498295,14.7669,0.902042,5.9346e-06
439,0.994444,19.0000498295,14.7668,0.91642,5.80421e-06
440,0.994444,19.0000498295,14.7667,0.968787,5.67667e-06
441,0.994444,19.0000498295,14.7666,0.944758,5.55194e-06
442,0.994444,19.0000498295,14.7665,0.912695,5.42994e-06
443,0.994444,19.0000498295,14.7664,0.914329,5.31063e-06
444,0.994444,19.0000498295,14.7663,0.933302,5.19394e-06
445,0.994444,19.0000498295,14.7662,0.911614,5.07981e-06
446,0.994444,19.0000498295,14.7661,0.891281,4.9682e-06
447,0.994444,19.0000498295,14.766,0.95258,4.85903e-06
448,0.994444,19.0000498295,14.766,0.921133,4.75226e-06
449,0.994444,19.0000498295,14.7658,0.905568,4.64784e-06
450,0.994152,19.9999237061,14.7658,0.896129,4.54572e-06
451,0.994444,19.0000498295,14.7657,0.937547,4.44583e-06
452,0.994444,19.0000498295,14.7656,0.978324,4.34815e-06
453,0.994444,19.0000498295,14.7655,0.929883,4.2526e-06
454,0.994444,19.0000498295,14.7655,0.904049,4.15916e-06
455,0.994444,19.0000498295,14.7654,0.963409,4.06777e-06
456,0.994444,19.0000498295,14.7653,0.937393,3.97839e-06
457,0.994444,19.0000498295,14.7653,0.927436,3.89097e-06
458,0.994444,19.0000498295,14.7652,0.944758,3.80548e-06
459,0.994444,19.0000498295,14.7651,0.933303,3.72186e-06
460,0.994444,19.0000498295,14.765,0.951014,3.64008e-06
461,0.994444,19.0000498295,14.765,0.951281,3.5601e-06
462,0.994444,19.0000498295,14.7649,0.914271,3.48187e-06
463,0.994152,19.9999237061,14.7649,0.9428,3.40537e-06
464,0.994444,19.0000498295,14.7648,0.971704,3.33054e-06
465,0.994444,19.0000498295,14.7648,0.965581,3.25736e-06
466,0.994152,19.9999237061,14.7648,0.958377,3.18578e-06
467,0.994444,19.0000498295,14.7647,0.950035,3.11579e-06
468,0.994444,19.0000498295,14.7646,0.962101,3.04732e-06
469,0.994444,19.0000498295,14.7646,0.918565,2.98036e-06
470,0.994444,19.0000498295,14.7646,0.951987,2.91488e-06
471,0.994444,19.0000498295,14.7645,0.92091,2.85083e-06
472,0.994444,19.0000498295,14.7645,0.910772,2.78818e-06
473,0.994444,19.0000498295,14.7644,0.912695,2.72692e-06
474,0.994444,19.0000498295,14.7644,0.91417,2.667e-06
475,0.994444,19.0000498295,14.7643,0.923755,2.6084e-06
476,0.994444,19.0000498295,14.7643,0.92709,2.55109e-06
477,0.994444,19.0000498295,14.7642,0.912695,2.49503e-06
478,0.994444,19.0000498295,14.7642,0.906431,2.44021e-06
479,0.994444,19.0000498295,14.7641,0.948997,2.38659e-06
480,0.994444,19.0000498295,14.7641,0.896129,2.33415e-06
481,0.994444,19.0000498295,14.7641,0.912695,2.28286e-06
482,0.994444,19.0000498295,14.764,0.91417,2.2327e-06
483,0.994444,19.0000498295,14.764,0.928198,2.18364e-06
484,0.994444,19.0000498295,14.764,0.890279,2.13566e-06
485,0.994444,19.0000498295,14.764,0.906097,2.08873e-06
486,0.994444,19.0000498295,14.7639,0.906097,2.04284e-06
487,0.994444,19.0000498295,14.7639,0.898135,1.99795e-06
488,0.994152,19.9999237061,14.7638,0.954894,1.95405e-06
489,0.994152,19.9999237061,14.7638,0.878152,1.91111e-06
490,0.994152,19.9999237061,14.7638,0.882174,1.86912e-06
491,0.994152,19.9999237061,14.7637,0.882174,1.82805e-06
492,0.994152,19.9999237061,14.7637,0.898135,1.78788e-06
493,0.994152,19.9999237061,14.7637,0.909995,1.7486e-06
494,0.994152,19.9999237061,14.7636,0.910253,1.71018e-06
495,0.994152,19.9999237061,14.7636,0.940711,1.6726e-06
496,0.994152,19.9999237061,14.7636,0.940711,1.63585e-06
497,0.994152,19.9999237061,14.7635,0.920579,1.5999e-06
498,0.994152,19.9999237061,14.7636,0.92573,1.56475e-06
499,0.994152,19.9999237061,14.7636,0.966565,1.53037e-06
500,0.994152,19.9999237061,14.7635,0.918759,1.49674e-06
501,0.994152,19.9999237061,14.7635,0.918759,1.46385e-06
502,0.994152,19.9999237061,14.7635,0.911689,1.43169e-06
503,0.994152,19.9999237061,14.7635,0.911689,1.40023e-06
504,0.994152,19.9999237061,14.7635,0.936495,1.36946e-06
505,0.994152,19.9999237061,14.7635,0.909417,1.33937e-06
506,0.994152,19.9999237061,14.7634,0.921132,1.30994e-06
507,0.994152,19.9999237061,14.7634,0.921132,1.28116e-06
0.994152,14.7634,17.32747983932495,0.0146484,0.515936090039,0.0758263484906
