57,20,0.1,2,1000, .1 
0,0.519298,1643.99996638,1.76371e+06,642.184,0.0999327
1,0.578363,1441.99996233,851418.0,415.41,0.0977369
2,0.62193,1293.00000072,460311.0,289.116,0.0955893
3,0.67193,1121.99995995,269950.0,209.875,0.0934889
4,0.723099,947.000015974,167989.0,157.537,0.0914347
5,0.761696,814.99994874,112781.0,118.362,0.0894256
6,0.796491,696.000076532,81846.5,90.1241,0.0874607
7,0.815205,631.999994516,62703.8,73.5158,0.0855389
8,0.834211,567.000038624,50419.3,60.2358,0.0836594
9,0.846784,523.999958038,42561.9,48.7349,0.0818211
10,0.852924,502.999956608,37249.3,40.8232,0.0800233
11,0.857602,486.999936104,33333.4,36.4354,0.0782649
12,0.859357,481.000081301,30183.6,33.4917,0.0765452
13,0.858187,484.999984503,27654.3,31.1495,0.0748633
14,0.856725,489.999965429,25440.5,29.1409,0.0732183
15,0.853801,499.999927282,23516.2,27.956,0.0716095
16,0.850292,512.000044584,21769.5,26.8998,0.0700361
17,0.851462,507.999937534,20175.9,26.1325,0.0684972
18,0.850585,510.99996686,18690.8,25.2719,0.0669921
19,0.852047,505.999985933,17330.3,25.0347,0.0655201
20,0.851462,507.999937534,16007.9,24.915,0.0640804
21,0.849123,515.999947786,14733.3,24.7044,0.0626724
22,0.852924,502.999956608,13576.3,22.7849,0.0612953
23,0.853216,502.000082731,12604.4,21.2896,0.0599484
24,0.856725,489.999965429,11751.2,20.5052,0.0586312
25,0.861988,471.999993324,10980.4,19.6963,0.0573429
26,0.861111,475.00002265,10263.2,19.2586,0.0560829
27,0.864035,465.000060797,9577.97,18.3287,0.0548506
28,0.869006,447.999962568,8990.25,17.6411,0.0536454
29,0.872222,436.999922991,8441.42,17.5826,0.0524666
30,0.876316,423.000057936,7900.16,17.2104,0.0513138
31,0.880702,407.999911308,7392.63,17.4948,0.0501863
32,0.884503,394.99992013,6864.58,18.0419,0.0490835
33,0.889181,378.999899626,6335.81,18.1361,0.048005
34,0.895322,357.999898195,5835.35,17.7768,0.0469502
35,0.900585,339.99992609,5351.53,17.5847,0.0459186
36,0.907018,318.000050783,4912.11,16.5846,0.0449096
37,0.913158,297.000049353,4503.77,16.152,0.0439228
38,0.916959,284.000058174,4134.97,15.7824,0.0429577
39,0.923099,263.000056744,3794.9,15.2489,0.0420138
40,0.926901,250.000065565,3480.46,14.835,0.0410906
41,0.932164,232.00009346,3189.38,14.2413,0.0401877
42,0.93655,216.999946833,2914.62,13.9272,0.0393047
43,0.939474,206.99998498,2662.67,13.594,0.0384411
44,0.94152,200.000052452,2428.61,13.4148,0.0375964
45,0.947076,181.000002623,2215.95,12.4645,0.0367703
46,0.950877,168.000011444,2032.53,11.6504,0.0359623
47,0.953509,158.999923468,1873.64,11.154,0.0351721
48,0.955263,153.000068665,1729.66,10.999,0.0343993
49,0.956725,148.000087738,1593.51,10.7502,0.0336435
50,0.958187,142.999902964,1467.06,10.4314,0.0329042
51,0.960234,135.999970436,1347.41,10.2835,0.0321812
52,0.960819,134.000018835,1235.93,10.0916,0.0314741
53,0.962865,127.000086308,1131.83,9.73209,0.0307825
54,0.963743,124.000056982,1035.63,9.66181,0.0301061
55,0.965205,119.000076056,944.882,9.31312,0.0294446
56,0.966374,114.999969006,859.739,8.9362,0.0287976
57,0.967544,111.000065804,784.772,8.76492,0.0281649
58,0.968713,106.999958754,716.349,8.38102,0.027546
59,0.970175,101.999977827,659.716,7.68619,0.0269407
60,0.971345,98.000074625,608.348,7.35931,0.0263488
61,0.972515,93.9999675751,563.702,7.01537,0.0257698
62,0.973684,90.000064373,522.666,6.68442,0.0252036
63,0.974561,87.0000350475,485.902,6.2333,0.0246498
64,0.976316,80.9999763966,455.085,5.94766,0.0241081
65,0.976316,80.9999763966,426.839,5.97436,0.0235784
66,0.977485,77.0000731945,400.328,5.73328,0.0230603
67,0.978363,74.000043869,377.123,5.36822,0.0225536
68,0.979825,69.0000629425,357.605,5.10695,0.0220581
69,0.980409,66.9999074936,340.494,4.71857,0.0215734
70,0.980409,66.9999074936,324.796,4.71017,0.0210993
71,0.981287,64.000082016,309.692,4.69091,0.0206357
72,0.981579,63.0000042915,295.822,4.2955,0.0201823
73,0.981871,61.9999265671,284.629,4.17915,0.0197388
74,0.981579,63.0000042915,274.737,4.06273,0.0193051
75,0.982456,59.999974966,265.153,4.00049,0.0188809
76,0.981871,61.9999265671,255.795,4.06625,0.0184661
77,0.982749,59.0001010895,246.796,3.83346,0.0180603
78,0.983041,58.000023365,238.239,3.82364,0.0176635
79,0.982456,59.999974966,229.824,3.83686,0.0172754
80,0.982164,61.0000526905,221.777,3.7614,0.0168958
81,0.982456,59.999974966,214.133,3.70915,0.0165245
82,0.983626,56.000071764,206.959,3.5945,0.0161614
83,0.983626,56.000071764,200.108,3.63967,0.0158063
84,0.983626,56.000071764,193.761,3.5017,0.015459
85,0.983626,56.000071764,187.876,3.46498,0.0151193
86,0.983626,56.000071764,182.414,3.24843,0.0147871
87,0.984211,53.9999163151,177.714,3.15796,0.0144622
88,0.984795,51.9999647141,173.406,3.05467,0.0141444
89,0.984795,51.9999647141,169.374,3.00851,0.0138336
90,0.984503,53.0000424385,165.748,3.0675,0.0135297
91,0.984795,51.9999647141,161.88,2.9965,0.0132324
92,0.984503,53.0000424385,158.189,2.99377,0.0129416
93,0.984795,51.9999647141,154.76,3.01694,0.0126572
94,0.984795,51.9999647141,151.212,2.98331,0.0123791
95,0.984795,51.9999647141,148.073,3.02228,0.0121071
96,0.985088,51.0000908375,144.83,3.07018,0.0118411
97,0.984503,53.0000424385,141.548,2.97057,0.0115809
98,0.983918,54.9999940395,138.548,2.97862,0.0113264
99,0.984503,53.0000424385,135.618,3.19608,0.0110776
100,0.984795,51.9999647141,132.694,2.98437,0.0108342
101,0.985088,51.0000908375,129.757,3.01182,0.0105961
102,0.984503,53.0000424385,127.0,3.04177,0.0103633
103,0.98538,50.000013113,124.335,2.97421,0.0101356
104,0.985088,51.0000908375,121.723,3.11618,0.00991286
105,0.985088,51.0000908375,119.263,3.03186,0.00969504
106,0.985088,51.0000908375,117.092,3.08355,0.00948201
107,0.986257,46.9999837875,114.788,2.8887,0.00927367
108,0.985673,48.9999353886,112.733,2.9998,0.0090699
109,0.985965,48.000061512,110.474,2.85255,0.0088706
110,0.985965,48.000061512,108.502,2.95267,0.00867569
111,0.98655,45.9999060631,106.455,2.88517,0.00848506
112,0.985965,48.000061512,104.6,2.90988,0.00829862
113,0.986842,45.0000321865,102.861,2.74839,0.00811627
114,0.987135,43.9999544621,101.241,2.80873,0.00793794
115,0.986842,45.0000321865,99.7361,2.69889,0.00776352
116,0.987427,43.0000805855,98.1303,2.65075,0.00759293
117,0.987135,43.9999544621,96.6656,2.60625,0.00742609
118,0.987719,42.000002861,95.2478,2.61469,0.00726292
119,0.987719,42.000002861,93.8784,2.60616,0.00710333
120,0.988012,40.9999251366,92.5504,2.5642,0.00694725
121,0.988304,40.00005126,91.2558,2.59538,0.0067946
122,0.987427,43.0000805855,89.9802,2.55692,0.0066453
123,0.987427,43.0000805855,88.7888,2.56319,0.00649928
124,0.988889,38.000099659,87.5135,2.50489,0.00635647
125,0.987427,43.0000805855,86.3937,2.60212,0.00621681
126,0.987719,42.000002861,85.3149,2.64421,0.0060802
127,0.988889,38.000099659,84.2069,2.45814,0.0059466
128,0.988012,40.9999251366,83.1697,2.52802,0.00581594
129,0.988304,40.00005126,82.1214,2.597,0.00568815
130,0.988596,38.9999735355,81.1359,2.48127,0.00556316
131,0.988012,40.9999251366,80.2011,2.58842,0.00544092
132,0.988304,40.00005126,79.225,2.5746,0.00532137
133,0.988012,40.9999251366,78.3142,2.58941,0.00520444
134,0.988304,40.00005126,77.4087,2.54481,0.00509009
135,0.988012,40.9999251366,76.54,2.65174,0.00497824
136,0.988596,38.9999735355,75.6027,2.60437,0.00486886
137,0.988596,38.9999735355,74.7622,2.50633,0.00476187
138,0.988304,40.00005126,73.9254,2.4568,0.00465724
139,0.988889,38.000099659,73.1238,2.46686,0.00455491
140,0.987719,42.000002861,72.3588,2.62505,0.00445482
141,0.988596,38.9999735355,71.5708,2.44357,0.00435694
142,0.988889,38.000099659,70.8117,2.46228,0.0042612
143,0.988304,40.00005126,70.1517,2.62224,0.00416757
144,0.989181,37.0000219345,69.4209,2.2476,0.004076
145,0.989766,35.0000703335,68.8744,2.10822,0.00398644
146,0.990058,33.999992609,68.4271,2.10036,0.00389884
147,0.990058,33.999992609,68.0071,2.12866,0.00381317
148,0.988889,38.000099659,67.6732,2.22775,0.00372939
149,0.989181,37.0000219345,67.2827,2.21259,0.00364744
150,0.989181,37.0000219345,66.9301,2.07284,0.0035673
151,0.989181,37.0000219345,66.562,2.06262,0.00348891
152,0.989474,35.9999442101,66.2154,2.0729,0.00341225
153,0.989766,35.0000703335,65.8496,2.02834,0.00333727
154,0.988304,40.00005126,65.5552,2.32912,0.00326394
155,0.989181,37.0000219345,65.2248,2.11751,0.00319223
156,0.989766,35.0000703335,64.8784,2.02994,0.00312208
157,0.988889,38.000099659,64.6175,2.11946,0.00305348
158,0.989474,35.9999442101,64.3051,2.05146,0.00298639
159,0.988596,38.9999735355,64.0701,2.3293,0.00292077
160,0.988304,40.00005126,63.7586,2.08146,0.00285659
161,0.989181,37.0000219345,63.5261,2.08465,0.00279382
162,0.988889,38.000099659,63.242,2.08552,0.00273243
163,0.988889,38.000099659,63.0057,2.05639,0.00267239
164,0.989181,37.0000219345,62.7576,2.01726,0.00261367
165,0.988596,38.9999735355,62.5263,2.24931,0.00255624
166,0.988889,38.000099659,62.2943,2.02416,0.00250008
167,0.989474,35.9999442101,62.0515,2.11874,0.00244514
168,0.988889,38.000099659,61.8361,2.29416,0.00239142
169,0.988012,40.9999251366,61.6336,2.22972,0.00233887
170,0.989181,37.0000219345,61.4044,2.11809,0.00228748
171,0.988889,38.000099659,61.1804,1.93369,0.00223721
172,0.989766,35.0000703335,61.0067,1.95722,0.00218806
173,0.988596,38.9999735355,60.8145,1.96267,0.00213998
174,0.989766,35.0000703335,60.6624,2.05584,0.00209296
175,0.990058,33.999992609,60.4727,1.72761,0.00204697
176,0.989766,35.0000703335,60.3437,1.9411,0.00200199
177,0.990643,32.000041008,60.2077,1.90372,0.001958
178,0.989474,35.9999442101,60.0513,1.8841,0.00191498
179,0.990351,32.9999148846,59.9391,2.04146,0.0018729
180,0.989181,37.0000219345,59.7856,1.85566,0.00183175
181,0.990058,33.999992609,59.6842,1.97234,0.0017915
182,0.990058,33.999992609,59.5349,1.91709,0.00175213
183,0.989474,35.9999442101,59.4243,1.79656,0.00171363
184,0.989474,35.9999442101,59.2997,1.95732,0.00167598
185,0.989474,35.9999442101,59.1728,1.79662,0.00163915
186,0.989766,35.0000703335,59.061,1.93035,0.00160314
187,0.989766,35.0000703335,58.9565,1.92794,0.00156791
188,0.989181,37.0000219345,58.8442,1.98791,0.00153346
189,0.989766,35.0000703335,58.7285,1.86525,0.00149977
190,0.988889,38.000099659,58.6235,1.98937,0.00146681
191,0.989766,35.0000703335,58.5284,1.83882,0.00143458
192,0.990058,33.999992609,58.4183,1.92844,0.00140306
193,0.989474,35.9999442101,58.3229,1.74709,0.00137223
194,0.988596,38.9999735355,58.237,2.05907,0.00134208
195,0.989474,35.9999442101,58.1281,1.79688,0.00131259
196,0.990058,33.999992609,58.0401,1.91695,0.00128375
197,0.989766,35.0000703335,57.9516,1.99359,0.00125554
198,0.990058,33.999992609,57.8577,1.86573,0.00122795
199,0.990058,33.999992609,57.774,1.91892,0.00120097
200,0.988304,40.00005126,57.6954,2.21104,0.00117458
201,0.990058,33.999992609,57.6157,1.99189,0.00114877
202,0.990351,32.9999148846,57.5329,1.96559,0.00112353
203,0.989766,35.0000703335,57.4473,1.80112,0.00109884
204,0.989766,35.0000703335,57.3753,1.98643,0.0010747
205,0.990058,33.999992609,57.2915,1.80866,0.00105108
206,0.989181,37.0000219345,57.2323,2.09457,0.00102799
207,0.990351,32.9999148846,57.1429,1.87483,0.0010054
208,0.989474,35.9999442101,57.0805,1.88618,0.000983309
209,0.990643,32.000041008,57.0103,1.99559,0.000961703
210,0.990058,33.999992609,56.9375,1.87283,0.000940571
211,0.990643,32.000041008,56.8823,1.80719,0.000919905
212,0.990058,33.999992609,56.8134,2.05848,0.000899691
213,0.990058,33.999992609,56.7575,1.82124,0.000879923
214,0.990351,32.9999148846,56.6959,1.88352,0.000860588
215,0.989766,35.0000703335,56.6398,1.80003,0.000841678
216,0.990351,32.9999148846,56.5831,1.88104,0.000823184
217,0.989766,35.0000703335,56.527,2.02753,0.000805097
218,0.990058,33.999992609,56.4725,1.90809,0.000787406
219,0.989766,35.0000703335,56.4192,1.97185,0.000770105
220,0.990643,32.000041008,56.3668,1.88797,0.000753183
221,0.989474,35.9999442101,56.3189,1.94148,0.000736633
222,0.990936,30.9999632835,56.2644,2.08018,0.000720448
223,0.990643,32.000041008,56.2185,1.76396,0.000704617
224,0.990058,33.999992609,56.169,1.90262,0.000689135
225,0.989474,35.9999442101,56.1249,1.917,0.000673992
226,0.990351,32.9999148846,56.0787,1.90265,0.000659183
227,0.989474,35.9999442101,56.0364,2.08674,0.000644699
228,0.990058,33.999992609,55.9869,1.7459,0.000630533
229,0.989766,35.0000703335,55.9442,2.03989,0.000616678
230,0.990351,32.9999148846,55.9044,1.86491,0.000603128
231,0.990351,32.9999148846,55.8681,1.94601,0.000589875
232,0.990936,30.9999632835,55.8258,1.80742,0.000576914
233,0.989766,35.0000703335,55.785,1.91836,0.000564238
234,0.989766,35.0000703335,55.7489,1.84547,0.00055184
235,0.990351,32.9999148846,55.7077,1.81152,0.000539714
236,0.989474,35.9999442101,55.6756,1.88112,0.000527855
237,0.990058,33.999992609,55.6363,1.9179,0.000516257
238,0.989766,35.0000703335,55.6019,1.8536,0.000504913
239,0.990643,32.000041008,55.5695,1.91792,0.000493818
240,0.990643,32.000041008,55.537,1.85941,0.000482968
241,0.991228,30.000089407,55.5029,1.87781,0.000472355
242,0.989766,35.0000703335,55.4692,1.7798,0.000461977
243,0.990936,30.9999632835,55.443,1.92773,0.000451825
244,0.989766,35.0000703335,55.4101,1.88121,0.000441898
245,0.990351,32.9999148846,55.3794,1.87551,0.000432188
246,0.990058,33.999992609,55.3485,1.7896,0.000422691
247,0.990058,33.999992609,55.3207,1.89138,0.000413404
248,0.990351,32.9999148846,55.2961,1.9393,0.00040432
249,0.989766,35.0000703335,55.2666,1.95308,0.000395436
250,0.990643,32.000041008,55.2373,1.81024,0.000386747
251,0.991228,30.000089407,55.2167,1.87791,0.000378249
252,0.990058,33.999992609,55.1892,1.98497,0.000369938
253,0.990058,33.999992609,55.1656,1.84301,0.000361809
254,0.990643,32.000041008,55.1377,1.92788,0.000353859
255,0.989181,37.0000219345,55.1144,1.91345,0.000346084
256,0.990643,32.000041008,55.0926,1.88155,0.000338479
257,0.989181,37.0000219345,55.0665,1.83357,0.000331042
258,0.990351,32.9999148846,55.0488,2.13309,0.000323768
259,0.990643,32.000041008,55.0238,1.87429,0.000316654
260,0.989766,35.0000703335,55.0038,1.93164,0.000309696
261,0.990058,33.999992609,54.9815,1.80354,0.000302891
262,0.990936,30.9999632835,54.9595,1.7348,0.000296236
263,0.989766,35.0000703335,54.944,2.05222,0.000289727
264,0.990936,30.9999632835,54.9217,1.96109,0.00028336
265,0.989474,35.9999442101,54.9016,1.95663,0.000277134
266,0.990936,30.9999632835,54.8839,1.9611,0.000271045
267,0.990058,33.999992609,54.8635,1.81235,0.000265089
268,0.990643,32.000041008,54.8494,1.97141,0.000259264
269,0.990936,30.9999632835,54.8293,1.88878,0.000253567
270,0.989474,35.9999442101,54.8118,1.85784,0.000247996
271,0.990643,32.000041008,54.7975,1.96416,0.000242547
272,0.990058,33.999992609,54.7791,1.89532,0.000237217
273,0.990936,30.9999632835,54.7663,1.96114,0.000232005
274,0.990351,32.9999148846,54.7466,1.84583,0.000226907
275,0.990643,32.000041008,54.7332,1.92426,0.000221921
276,0.990643,32.000041008,54.7174,1.80765,0.000217045
277,0.990643,32.000041008,54.7031,1.89497,0.000212276
278,0.990936,30.9999632835,54.6879,1.78715,0.000207612
279,0.990351,32.9999148846,54.6752,2.01512,0.00020305
280,0.990058,33.999992609,54.6601,1.79126,0.000198588
281,0.991228,30.000089407,54.6481,1.92494,0.000194225
282,0.990351,32.9999148846,54.6325,1.78109,0.000189957
283,0.991228,30.000089407,54.6226,1.96419,0.000185783
284,0.990936,30.9999632835,54.6074,1.92506,0.000181701
285,0.990936,30.9999632835,54.5969,1.91899,0.000177708
286,0.990643,32.000041008,54.5839,1.86046,0.000173803
287,0.990936,30.9999632835,54.5726,1.81466,0.000169985
288,0.990351,32.9999148846,54.5625,1.96014,0.00016625
289,0.990643,32.000041008,54.5485,1.91437,0.000162596
290,0.990351,32.9999148846,54.5396,1.88223,0.000159024
291,0.990058,33.999992609,54.5275,2.03029,0.00015553
292,0.990936,30.9999632835,54.5178,1.86048,0.000152112
293,0.990643,32.000041008,54.5068,1.98688,0.00014877
294,0.990351,32.9999148846,54.4982,2.12743,0.000145501
295,0.990643,32.000041008,54.4889,1.95591,0.000142304
296,0.991228,30.000089407,54.4782,1.89973,0.000139177
297,0.990643,32.000041008,54.4692,1.85641,0.000136119
298,0.990936,30.9999632835,54.4607,1.99143,0.000133128
299,0.991228,30.000089407,54.4503,1.79326,0.000130203
300,0.990643,32.000041008,54.4431,1.86048,0.000127342
301,0.991228,30.000089407,54.4334,2.00798,0.000124544
302,0.991228,30.000089407,54.4266,1.81172,0.000121807
303,0.991228,30.000089407,54.4176,1.88456,0.000119131
304,0.990936,30.9999632835,54.41,1.79275,0.000116513
305,0.991228,30.000089407,54.4019,1.99856,0.000113953
306,0.990936,30.9999632835,54.3942,1.73957,0.000111449
307,0.991228,30.000089407,54.3868,1.94332,0.000109
308,0.990351,32.9999148846,54.3797,1.86531,0.000106605
309,0.99152,29.0000116825,54.3724,1.86049,0.000104263
310,0.990936,30.9999632835,54.3658,1.80117,0.000101972
311,0.991228,30.000089407,54.3594,1.9552,9.9731e-05
312,0.990936,30.9999632835,54.3519,1.74639,9.75397e-05
313,0.99152,29.0000116825,54.3464,2.0808,9.53965e-05
314,0.990936,30.9999632835,54.3391,1.93662,9.33003e-05
315,0.990643,32.000041008,54.3331,1.78984,9.12502e-05
316,0.991228,30.000089407,54.3266,1.85783,8.92452e-05
317,0.990643,32.000041008,54.3214,1.91247,8.72842e-05
318,0.99152,29.0000116825,54.3155,2.02334,8.53663e-05
319,0.991228,30.000089407,54.31,1.79664,8.34906e-05
320,0.990936,30.9999632835,54.3051,1.95672,8.1656e-05
321,0.99152,29.0000116825,54.2985,1.79664,7.98618e-05
322,0.99152,29.0000116825,54.2945,2.03297,7.8107e-05
323,0.991228,30.000089407,54.2878,1.92781,7.63908e-05
324,0.991228,30.000089407,54.2832,1.87706,7.47123e-05
325,0.99152,29.0000116825,54.278,2.02207,7.30706e-05
326,0.991228,30.000089407,54.2733,1.85301,7.1465e-05
327,0.99152,29.0000116825,54.2684,2.01023,6.98947e-05
328,0.99152,29.0000116825,54.2642,1.87707,6.83589e-05
329,0.99152,29.0000116825,54.259,1.89983,6.68569e-05
330,0.990936,30.9999632835,54.2549,1.99555,6.53879e-05
331,0.99152,29.0000116825,54.2505,1.94172,6.39511e-05
332,0.991228,30.000089407,54.246,1.96796,6.25459e-05
333,0.991228,30.000089407,54.2418,1.6756,6.11716e-05
334,0.991228,30.000089407,54.2376,1.81606,5.98275e-05
335,0.991228,30.000089407,54.2339,1.74643,5.85129e-05
336,0.99152,29.0000116825,54.23,1.86321,5.72272e-05
337,0.99152,29.0000116825,54.2259,1.70751,5.59697e-05
338,0.99152,29.0000116825,54.2227,1.93945,5.47399e-05
339,0.99152,29.0000116825,54.2181,1.72251,5.35371e-05
340,0.99152,29.0000116825,54.2158,2.01672,5.23607e-05
341,0.99152,29.0000116825,54.2114,1.85668,5.12102e-05
342,0.991228,30.000089407,54.2084,1.83435,5.0085e-05
343,0.99152,29.0000116825,54.2051,1.82001,4.89845e-05
344,0.991228,30.000089407,54.2015,1.92447,4.79082e-05
345,0.99152,29.0000116825,54.198,1.80117,4.68555e-05
346,0.991228,30.000089407,54.1952,1.8658,4.58259e-05
347,0.99152,29.0000116825,54.192,1.92525,4.4819e-05
348,0.99152,29.0000116825,54.1892,1.99257,4.38342e-05
349,0.99152,29.0000116825,54.1862,1.9124,4.2871e-05
350,0.99152,29.0000116825,54.1835,2.09078,4.1929e-05
351,0.991228,30.000089407,54.1802,1.85658,4.10077e-05
352,0.99152,29.0000116825,54.1779,1.96134,4.01067e-05
353,0.99152,29.0000116825,54.1749,1.95692,3.92254e-05
354,0.99152,29.0000116825,54.1726,1.95323,3.83635e-05
355,0.99152,29.0000116825,54.1695,1.88733,3.75205e-05
356,0.99152,29.0000116825,54.1677,1.9157,3.66961e-05
357,0.99152,29.0000116825,54.1646,1.70753,3.58898e-05
358,0.99152,29.0000116825,54.1628,1.9378,3.51012e-05
359,0.99152,29.0000116825,54.1601,1.82156,3.43299e-05
360,0.991228,30.000089407,54.1579,1.92881,3.35756e-05
361,0.99152,29.0000116825,54.1557,1.96725,3.28378e-05
362,0.99152,29.0000116825,54.1534,1.9085,3.21163e-05
363,0.99152,29.0000116825,54.1516,2.14695,3.14106e-05
364,0.99152,29.0000116825,54.1489,1.77247,3.07204e-05
365,0.99152,29.0000116825,54.1474,1.83017,3.00454e-05
366,0.99152,29.0000116825,54.1451,1.73787,2.93852e-05
367,0.99152,29.0000116825,54.1435,1.8012,2.87395e-05
368,0.99152,29.0000116825,54.1416,1.98331,2.8108e-05
369,0.99152,29.0000116825,54.1398,1.86055,2.74904e-05
370,0.99152,29.0000116825,54.1377,1.86172,2.68864e-05
371,0.99152,29.0000116825,54.1362,2.00242,2.62956e-05
372,0.99152,29.0000116825,54.1344,1.95418,2.57178e-05
373,0.99152,29.0000116825,54.1327,2.02341,2.51527e-05
374,0.99152,29.0000116825,54.131,1.82201,2.46e-05
375,0.99152,29.0000116825,54.1294,1.89495,2.40595e-05
376,0.99152,29.0000116825,54.1275,1.79671,2.35308e-05
377,0.99152,29.0000116825,54.1261,1.95792,2.30138e-05
378,0.99152,29.0000116825,54.1246,1.8265,2.25081e-05
379,0.99152,29.0000116825,54.1233,1.95535,2.20135e-05
380,0.99152,29.0000116825,54.1216,1.78045,2.15298e-05
381,0.99152,29.0000116825,54.1203,1.83017,2.10568e-05
382,0.99152,29.0000116825,54.1187,1.98583,2.05941e-05
383,0.99152,29.0000116825,54.1179,2.0164,2.01416e-05
384,0.99152,29.0000116825,54.1162,1.95901,1.9699e-05
385,0.99152,29.0000116825,54.115,1.78986,1.92662e-05
386,0.99152,29.0000116825,54.1137,2.00093,1.88428e-05
387,0.99152,29.0000116825,54.1122,1.73498,1.84288e-05
388,0.99152,29.0000116825,54.1111,1.98171,1.80239e-05
389,0.99152,29.0000116825,54.11,1.86055,1.76278e-05
390,0.99152,29.0000116825,54.1087,1.94176,1.72405e-05
391,0.99152,29.0000116825,54.1078,1.96741,1.68617e-05
392,0.99152,29.0000116825,54.1067,1.93371,1.64912e-05
393,0.99152,29.0000116825,54.1054,1.8539,1.61288e-05
394,0.99152,29.0000116825,54.1044,1.95676,1.57744e-05
395,0.99152,29.0000116825,54.1034,1.90684,1.54278e-05
396,0.99152,29.0000116825,54.1022,1.79672,1.50888e-05
397,0.99152,29.0000116825,54.1012,1.97608,1.47573e-05
398,0.99152,29.0000116825,54.1003,1.90325,1.4433e-05
399,0.99152,29.0000116825,54.0994,1.9055,1.41159e-05
400,0.99152,29.0000116825,54.0984,1.79268,1.38057e-05
401,0.99152,29.0000116825,54.0975,1.84332,1.35023e-05
402,0.99152,29.0000116825,54.0966,1.87523,1.32057e-05
403,0.99152,29.0000116825,54.0959,1.79132,1.29155e-05
404,0.99152,29.0000116825,54.095,1.86769,1.26317e-05
405,0.99152,29.0000116825,54.0945,1.84454,1.23541e-05
406,0.99152,29.0000116825,54.0934,1.91835,1.20827e-05
407,0.99152,29.0000116825,54.0927,1.88966,1.18172e-05
408,0.99152,29.0000116825,54.0921,1.93479,1.15575e-05
409,0.99152,29.0000116825,54.0913,1.70745,1.13036e-05
410,0.99152,29.0000116825,54.0905,2.09078,1.10552e-05
411,0.99152,29.0000116825,54.0897,1.84442,1.08123e-05
412,0.99152,29.0000116825,54.0893,1.79791,1.05747e-05
413,0.99152,29.0000116825,54.0887,1.86172,1.03424e-05
414,0.99152,29.0000116825,54.0879,1.82011,1.01151e-05
415,0.99152,29.0000116825,54.0873,1.95533,9.89286e-06
416,0.99152,29.0000116825,54.0868,1.96585,9.67548e-06
417,0.99152,29.0000116825,54.0862,1.71041,9.46288e-06
418,0.99152,29.0000116825,54.0855,1.93479,9.25496e-06
419,0.99152,29.0000116825,54.0848,1.88443,9.0516e-06
420,0.99152,29.0000116825,54.0843,1.93226,8.8527e-06
421,0.99152,29.0000116825,54.0836,1.88616,8.65819e-06
422,0.99152,29.0000116825,54.0832,1.92552,8.46794e-06
423,0.99152,29.0000116825,54.0824,1.79553,8.28187e-06
424,0.99152,29.0000116825,54.0821,1.8314,8.0999e-06
425,0.99152,29.0000116825,54.0812,1.92215,7.92192e-06
426,0.99152,29.0000116825,54.0808,1.89063,7.74785e-06
427,0.99152,29.0000116825,54.0802,1.93947,7.57761e-06
428,0.99152,29.0000116825,54.0796,1.75864,7.41111e-06
429,0.99152,29.0000116825,54.079,1.91177,7.24826e-06
430,0.99152,29.0000116825,54.0784,1.98585,7.089e-06
431,0.99152,29.0000116825,54.078,1.9349,6.93323e-06
432,0.99152,29.0000116825,54.0775,1.85392,6.78089e-06
433,0.99152,29.0000116825,54.077,1.93372,6.63189e-06
434,0.99152,29.0000116825,54.0764,1.90754,6.48617e-06
435,0.99152,29.0000116825,54.0762,1.93947,6.34365e-06
436,0.99152,29.0000116825,54.0756,1.96395,6.20426e-06
437,0.99152,29.0000116825,54.0751,1.86295,6.06794e-06
438,0.99152,29.0000116825,54.0747,2.19724,5.9346e-06
439,0.99152,29.0000116825,54.0743,1.95903,5.80421e-06
440,0.99152,29.0000116825,54.0738,1.84356,5.67667e-06
441,0.99152,29.0000116825,54.0736,1.85307,5.55194e-06
442,0.99152,29.0000116825,54.0732,1.98101,5.42994e-06
443,0.99152,29.0000116825,54.0728,1.84058,5.31063e-06
444,0.99152,29.0000116825,54.0723,1.86073,5.19394e-06
445,0.99152,29.0000116825,54.0721,2.1823,5.07981e-06
446,0.99152,29.0000116825,54.0717,1.84037,4.9682e-06
447,0.99152,29.0000116825,54.0712,1.83294,4.85903e-06
448,0.99152,29.0000116825,54.071,1.76264,4.75226e-06
449,0.99152,29.0000116825,54.0708,1.93016,4.64784e-06
450,0.99152,29.0000116825,54.0704,2.0187,4.54572e-06
451,0.99152,29.0000116825,54.0702,1.80782,4.44583e-06
452,0.99152,29.0000116825,54.0699,1.84082,4.34815e-06
453,0.99152,29.0000116825,54.0697,1.79269,4.2526e-06
454,0.99152,29.0000116825,54.0697,1.82011,4.15916e-06
455,0.99152,29.0000116825,54.0693,1.79009,4.06777e-06
456,0.99152,29.0000116825,54.0693,1.84356,3.97839e-06
457,0.99152,29.0000116825,54.069,1.8216,3.89097e-06
458,0.99152,29.0000116825,54.0688,1.804,3.80548e-06
459,0.99152,29.0000116825,54.0687,1.98701,3.72186e-06
460,0.99152,29.0000116825,54.0684,1.8847,3.64008e-06
461,0.99152,29.0000116825,54.0683,1.91037,3.5601e-06
462,0.99152,29.0000116825,54.0683,1.95247,3.48187e-06
463,0.99152,29.0000116825,54.068,1.93158,3.40537e-06
464,0.99152,29.0000116825,54.068,1.81058,3.33054e-06
465,0.99152,29.0000116825,54.0679,1.79437,3.25736e-06
466,0.99152,29.0000116825,54.0677,1.84607,3.18578e-06
467,0.99152,29.0000116825,54.0676,1.85615,3.11579e-06
468,0.99152,29.0000116825,54.0675,1.70622,3.04732e-06
469,0.99152,29.0000116825,54.0673,1.80845,2.98036e-06
470,0.99152,29.0000116825,54.0672,1.84109,2.91488e-06
471,0.99152,29.0000116825,54.067,1.77835,2.85083e-06
472,0.99152,29.0000116825,54.0669,1.69981,2.78818e-06
473,0.99152,29.0000116825,54.0668,1.72947,2.72692e-06
474,0.99152,29.0000116825,54.0667,1.83063,2.667e-06
475,0.99152,29.0000116825,54.0665,1.89967,2.6084e-06
476,0.99152,29.0000116825,54.0664,1.66096,2.55109e-06
477,0.99152,29.0000116825,54.0663,1.75094,2.49503e-06
478,0.99152,29.0000116825,54.0662,1.70429,2.44021e-06
479,0.99152,29.0000116825,54.066,1.83557,2.38659e-06
480,0.99152,29.0000116825,54.066,1.81249,2.33415e-06
481,0.99152,29.0000116825,54.0659,1.93317,2.28286e-06
482,0.99152,29.0000116825,54.0658,1.83435,2.2327e-06
483,0.99152,29.0000116825,54.0657,1.88753,2.18364e-06
484,0.99152,29.0000116825,54.0656,1.86173,2.13566e-06
485,0.99152,29.0000116825,54.0656,1.84105,2.08873e-06
486,0.99152,29.0000116825,54.0655,1.79977,2.04284e-06
487,0.99152,29.0000116825,54.0654,1.88348,1.99795e-06
488,0.99152,29.0000116825,54.0653,1.93935,1.95405e-06
489,0.99152,29.0000116825,54.0653,2.02551,1.91111e-06
490,0.99152,29.0000116825,54.0652,1.79977,1.86912e-06
491,0.99152,29.0000116825,54.0652,1.84822,1.82805e-06
492,0.99152,29.0000116825,54.0652,2.01829,1.78788e-06
493,0.99152,29.0000116825,54.0651,1.80527,1.7486e-06
494,0.99152,29.0000116825,54.0652,1.96469,1.71018e-06
495,0.99152,29.0000116825,54.0651,1.89665,1.6726e-06
496,0.99152,29.0000116825,54.065,1.96928,1.63585e-06
497,0.99152,29.0000116825,54.0649,1.95285,1.5999e-06
498,0.99152,29.0000116825,54.0649,1.91939,1.56475e-06
499,0.99152,29.0000116825,54.0648,1.95369,1.53037e-06
500,0.99152,29.0000116825,54.0649,1.82056,1.49674e-06
501,0.99152,29.0000116825,54.0649,1.87132,1.46385e-06
502,0.99152,29.0000116825,54.0648,1.76226,1.43169e-06
503,0.99152,29.0000116825,54.0648,2.0171,1.40023e-06
504,0.99152,29.0000116825,54.0647,1.89278,1.36946e-06
505,0.99152,29.0000116825,54.0646,1.96242,1.33937e-06
506,0.99152,29.0000116825,54.0646,1.89278,1.30994e-06
507,0.99152,29.0000116825,54.0647,1.89278,1.28116e-06
508,0.99152,29.0000116825,54.0646,1.89278,1.25301e-06
509,0.99152,29.0000116825,54.0647,1.89278,1.22547e-06
510,0.99152,29.0000116825,54.0647,1.89278,1.19855e-06
511,0.99152,29.0000116825,54.0647,1.96242,1.17221e-06
512,0.99152,29.0000116825,54.0646,1.89278,1.14645e-06
513,0.99152,29.0000116825,54.0645,1.96242,1.12126e-06
514,0.99152,29.0000116825,54.0646,1.89278,1.09663e-06
515,0.99152,29.0000116825,54.0645,1.89278,1.07253e-06
516,0.99152,29.0000116825,54.0645,1.97035,1.04896e-06
517,0.99152,29.0000116825,54.0645,1.89278,1.02591e-06
0.99152,54.0645,16.856992483139038,0.625,0.460477953147,0.0601174219743
