9,20,0.1,2,1000, .1 
0,0.495322,1726.0000205,1.7463e+06,658.358,0.0999327
1,0.516667,1653.00005436,792071.0,428.478,0.0977369
2,0.550585,1537.00000763,384276.0,288.063,0.0955893
3,0.595906,1381.99998736,200646.0,196.631,0.0934889
4,0.636842,1241.99990988,110268.0,146.033,0.0914347
5,0.683333,1082.99998641,60596.3,111.787,0.0894256
6,0.757018,830.999969244,34137.8,78.1019,0.0874607
7,0.804094,670.000094175,20775.1,59.4076,0.0855389
8,0.845029,530.000016689,13024.6,46.2554,0.0836594
9,0.875439,426.000087261,8309.79,35.8417,0.0818211
10,0.895614,357.000024319,5489.33,30.2572,0.0800233
11,0.917544,281.999902725,3548.68,23.4585,0.0782649
12,0.933918,226.000034809,2377.78,19.0217,0.0765452
13,0.943275,193.999993801,1629.93,16.2957,0.0748633
14,0.956725,148.000087738,1149.91,12.1248,0.0732183
15,0.962573,127.999960184,855.941,10.6026,0.0716095
16,0.966667,114.000095129,636.007,9.2013,0.0700361
17,0.97076,100.000026226,469.411,8.14227,0.0684972
18,0.974269,87.9999089241,347.086,6.71658,0.0669921
19,0.978655,72.9999661446,273.623,5.40289,0.0655201
20,0.979532,69.9999368191,220.492,4.89084,0.0640804
21,0.982456,59.999974966,177.656,4.35605,0.0626724
22,0.983626,56.000071764,143.514,3.95825,0.0612953
23,0.985965,48.000061512,117.386,3.54184,0.0599484
24,0.98655,45.9999060631,96.8581,3.46105,0.0586312
25,0.987135,43.9999544621,78.5565,3.11438,0.0573429
26,0.988304,40.00005126,64.9754,3.07011,0.0560829
27,0.990351,32.9999148846,54.4032,2.60758,0.0548506
28,0.99152,29.0000116825,46.9556,2.51451,0.0536454
29,0.992105,27.0000600815,40.0827,2.20223,0.0524666
30,0.99269,24.9999046326,34.5236,2.20322,0.0513138
31,0.993567,22.000079155,31.3706,1.89229,0.0501863
32,0.993567,22.000079155,28.0183,1.56167,0.0490835
33,0.994444,19.0000498295,25.792,1.47408,0.048005
34,0.994152,19.9999237061,23.7472,1.37488,0.0469502
35,0.995029,17.0000982285,22.3386,1.38227,0.0459186
36,0.995029,17.0000982285,20.9419,1.11009,0.0449096
37,0.994737,17.999972105,19.6425,1.2009,0.0439228
38,0.995906,14.000068903,18.6828,1.1094,0.0429577
39,0.995029,17.0000982285,17.4679,1.14051,0.0420138
40,0.995906,14.000068903,16.3565,1.08723,0.0410906
41,0.995614,14.9999427795,15.4727,1.27308,0.0401877
42,0.995614,14.9999427795,14.9239,1.25431,0.0393047
43,0.996199,12.9999911785,14.4049,1.06709,0.0384411
44,0.996199,12.9999911785,13.7432,0.944183,0.0375964
45,0.995322,16.000020504,13.3196,1.58455,0.0367703
46,0.996199,12.9999911785,12.7586,1.18402,0.0359623
47,0.996784,11.0000395775,12.3411,1.06081,0.0351721
48,0.996199,12.9999911785,11.9253,1.10049,0.0343993
49,0.996784,11.0000395775,11.3858,1.09538,0.0336435
50,0.996491,11.9999134541,10.8574,1.03593,0.0329042
51,0.996199,12.9999911785,10.6479,1.24628,0.0321812
52,0.996199,12.9999911785,10.3522,1.19649,0.0314741
53,0.996784,11.0000395775,9.74489,0.957103,0.0307825
54,0.996784,11.0000395775,9.29704,0.97893,0.0301061
55,0.997076,9.99996185303,8.79974,0.914019,0.0294446
56,0.997368,9.00008797646,8.61501,0.892657,0.0287976
57,0.996491,11.9999134541,8.27462,1.06873,0.0281649
58,0.997368,9.00008797646,8.04539,0.895241,0.027546
59,0.997661,8.000010252,7.67339,0.886623,0.0269407
60,0.997076,9.99996185303,7.43995,1.12514,0.0263488
61,0.997953,6.99993252754,7.33567,0.9172,0.0257698
62,0.998246,6.00005865097,7.2426,0.762837,0.0252036
63,0.998538,4.99998092651,7.01752,0.72204,0.0246498
64,0.997953,6.99993252754,6.94421,0.814395,0.0241081
65,0.998538,4.99998092651,6.78187,0.72213,0.0235784
66,0.99883,3.99990320206,6.71826,0.687003,0.0230603
67,0.997953,6.99993252754,6.71184,1.13067,0.0225536
68,0.99883,3.99990320206,6.48026,0.686887,0.0220581
69,0.998246,6.00005865097,6.49712,0.763299,0.0215734
70,0.99883,3.99990320206,6.34242,0.686999,0.0210993
71,0.99883,3.99990320206,6.24417,0.698764,0.0206357
72,0.99883,3.99990320206,6.19095,0.704379,0.0201823
73,0.998538,4.99998092651,6.13597,0.765356,0.0197388
74,0.99883,3.99990320206,6.05092,0.687087,0.0193051
75,0.99883,3.99990320206,5.97514,0.720607,0.0188809
76,0.998538,4.99998092651,5.89229,1.07718,0.0184661
77,0.998246,6.00005865097,5.82231,0.898517,0.0180603
78,0.998538,4.99998092651,5.82716,0.832289,0.0176635
79,0.99883,3.99990320206,5.74522,0.720578,0.0172754
80,0.999123,3.00002932549,5.6354,0.667926,0.0168958
81,0.998538,4.99998092651,5.58808,0.715775,0.0165245
82,0.99883,3.99990320206,5.51189,0.704314,0.0161614
83,0.998246,6.00005865097,5.50434,0.792175,0.0158063
84,0.999123,3.00002932549,5.44826,0.667868,0.015459
85,0.99883,3.99990320206,5.36065,0.672152,0.0151193
86,0.99883,3.99990320206,5.28139,0.713183,0.0147871
87,0.998538,4.99998092651,5.26355,0.745992,0.0144622
88,0.998538,4.99998092651,5.21197,0.886706,0.0141444
89,0.998246,6.00005865097,5.23139,0.79751,0.0138336
90,0.99883,3.99990320206,5.14094,0.720444,0.0135297
91,0.99883,3.99990320206,5.09811,0.672,0.0132324
92,0.999123,3.00002932549,5.05302,0.667747,0.0129416
93,0.998538,4.99998092651,5.01719,0.74606,0.0126572
94,0.999123,3.00002932549,4.94935,0.667684,0.0123791
95,0.998538,4.99998092651,4.88374,0.683421,0.0121071
96,0.998538,4.99998092651,4.83067,0.703649,0.0118411
97,0.997661,8.000010252,4.84744,0.907381,0.0115809
98,0.998538,4.99998092651,4.8137,1.08163,0.0113264
99,0.998538,4.99998092651,4.75914,0.769701,0.0110776
100,0.99883,3.99990320206,4.74088,0.720388,0.0108342
101,0.998538,4.99998092651,4.67985,0.68319,0.0105961
102,0.998246,6.00005865097,4.65886,0.808146,0.0103633
103,0.999123,3.00002932549,4.60343,0.667565,0.0101356
104,0.997953,6.99993252754,4.56801,0.852037,0.00991286
105,0.997953,6.99993252754,4.55237,1.10167,0.00969504
106,0.99883,3.99990320206,4.53684,0.704368,0.00948201
107,0.99883,3.99990320206,4.48218,0.671592,0.00927367
108,0.999123,3.00002932549,4.42798,0.667525,0.0090699
109,0.998538,4.99998092651,4.42792,0.765337,0.0088706
110,0.998538,4.99998092651,4.40398,0.768651,0.00867569
111,0.998538,4.99998092651,4.3537,0.682821,0.00848506
112,0.999123,3.00002932549,4.31086,0.667487,0.00829862
113,0.997953,6.99993252754,4.2983,0.796829,0.00811627
114,0.998538,4.99998092651,4.2774,0.76977,0.00793794
115,0.998538,4.99998092651,4.25151,0.838567,0.00776352
116,0.998538,4.99998092651,4.2113,0.723897,0.00759293
117,0.999123,3.00002932549,4.18134,0.667443,0.00742609
118,0.998538,4.99998092651,4.17208,0.673842,0.00726292
119,0.998538,4.99998092651,4.14111,0.703351,0.00710333
120,0.998246,6.00005865097,4.16163,0.808223,0.00694725
121,0.999123,3.00002932549,4.10103,0.667428,0.0067946
122,0.997953,6.99993252754,4.08455,0.786612,0.0066453
123,0.99883,3.99990320206,4.07257,0.883399,0.00649928
124,0.997953,6.99993252754,4.05731,0.813492,0.00635647
125,0.997953,6.99993252754,4.03938,0.742771,0.00621681
126,0.99883,3.99990320206,4.02086,0.671295,0.0060802
127,0.999123,3.00002932549,3.99728,0.667378,0.0059466
128,0.998538,4.99998092651,3.97811,0.746172,0.00581594
129,0.99883,3.99990320206,3.95551,0.76289,0.00568815
130,0.997953,6.99993252754,3.95305,0.935826,0.00556316
131,0.998538,4.99998092651,3.93207,0.715048,0.00544092
132,0.998538,4.99998092651,3.90651,0.67357,0.00532137
133,0.99883,3.99990320206,3.90445,0.723748,0.00520444
134,0.999123,3.00002932549,3.88671,0.667356,0.00509009
135,0.998538,4.99998092651,3.8688,0.768859,0.00497824
136,0.998538,4.99998092651,3.86749,0.765309,0.00486886
137,0.998538,4.99998092651,3.84016,0.715002,0.00476187
138,0.99883,3.99990320206,3.81667,0.66966,0.00465724
139,0.998538,4.99998092651,3.81969,0.765306,0.00455491
140,0.99883,3.99990320206,3.80633,0.671126,0.00445482
141,0.99883,3.99990320206,3.79413,0.762935,0.00435694
142,0.998538,4.99998092651,3.76907,0.778304,0.0042612
143,0.998246,6.00005865097,3.75515,0.742825,0.00416757
144,0.998538,4.99998092651,3.73155,0.673379,0.004076
145,0.998538,4.99998092651,3.73243,0.714955,0.00398644
146,0.998538,4.99998092651,3.7306,0.769721,0.00389884
147,0.998538,4.99998092651,3.71143,0.765295,0.00381317
148,0.998538,4.99998092651,3.70633,0.768856,0.00372939
149,0.99883,3.99990320206,3.69356,0.778282,0.00364744
150,0.99883,3.99990320206,3.67506,0.671048,0.0035673
151,0.998538,4.99998092651,3.66478,0.745116,0.00348891
152,0.998538,4.99998092651,3.65444,0.769721,0.00341225
153,0.998246,6.00005865097,3.64211,0.767263,0.00333727
154,0.99883,3.99990320206,3.63741,0.67102,0.00326394
155,0.999123,3.00002932549,3.6316,0.667255,0.00319223
156,0.998246,6.00005865097,3.62336,0.768562,0.00312208
157,0.998538,4.99998092651,3.60988,0.726146,0.00305348
158,0.99883,3.99990320206,3.60542,0.671009,0.00298639
159,0.99883,3.99990320206,3.58749,0.670989,0.00292077
160,0.998538,4.99998092651,3.57604,0.762976,0.00285659
161,0.997661,8.000010252,3.57291,0.913738,0.00279382
162,0.99883,3.99990320206,3.56301,0.670965,0.00273243
163,0.998538,4.99998092651,3.5498,0.741236,0.00267239
164,0.997661,8.000010252,3.54667,0.852205,0.00261367
165,0.99883,3.99990320206,3.54425,0.704262,0.00255624
166,0.999123,3.00002932549,3.52883,0.670948,0.00250008
167,0.998246,6.00005865097,3.5219,0.766906,0.00244514
168,0.99883,3.99990320206,3.52132,0.720127,0.00239142
169,0.99883,3.99990320206,3.51076,0.711395,0.00233887
170,0.998538,4.99998092651,3.498,0.673117,0.00228748
171,0.998246,6.00005865097,3.50412,0.87441,0.00223721
172,0.999123,3.00002932549,3.48809,0.667217,0.00218806
173,0.998538,4.99998092651,3.48316,0.714863,0.00213998
174,0.99883,3.99990320206,3.47474,0.670914,0.00209296
175,0.999123,3.00002932549,3.46695,0.720112,0.00204697
176,0.997368,9.00008797646,3.46594,1.1722,0.00200199
177,0.99883,3.99990320206,3.46184,0.670902,0.001958
178,0.99883,3.99990320206,3.46053,0.670904,0.00191498
179,0.999123,3.00002932549,3.44932,0.667206,0.0018729
180,0.997953,6.99993252754,3.45194,0.856149,0.00183175
181,0.999123,3.00002932549,3.43445,0.667199,0.0017915
182,0.999123,3.00002932549,3.42754,0.714831,0.00175213
183,0.99883,3.99990320206,3.42224,0.673029,0.00171363
184,0.998538,4.99998092651,3.42769,0.976434,0.00167598
185,0.998538,4.99998092651,3.42082,0.754783,0.00163915
186,0.99883,3.99990320206,3.41149,0.670871,0.00160314
187,0.998538,4.99998092651,3.40889,0.723507,0.00156791
188,0.99883,3.99990320206,3.40013,0.704243,0.00153346
189,0.998538,4.99998092651,3.39484,0.713398,0.00149977
190,0.999123,3.00002932549,3.39691,0.670853,0.00146681
191,0.998246,6.00005865097,3.39435,0.797806,0.00143458
192,0.999123,3.00002932549,3.38355,0.670846,0.00140306
193,0.999123,3.00002932549,3.38,0.667176,0.00137223
194,0.998538,4.99998092651,3.3765,0.691638,0.00134208
195,0.99883,3.99990320206,3.36931,0.67084,0.00131259
196,0.998246,6.00005865097,3.3668,0.870444,0.00128375
197,0.998538,4.99998092651,3.36421,0.713386,0.00125554
198,0.99883,3.99990320206,3.36227,0.817736,0.00122795
199,0.99883,3.99990320206,3.35568,0.670832,0.00120097
200,0.999123,3.00002932549,3.35395,0.667173,0.00117458
201,0.997953,6.99993252754,3.3519,1.09644,0.00114877
202,0.998246,6.00005865097,3.34806,0.768477,0.00112353
203,0.99883,3.99990320206,3.34561,0.704242,0.00109884
204,0.999123,3.00002932549,3.34096,0.754804,0.0010747
205,0.99883,3.99990320206,3.3355,0.672941,0.00105108
206,0.99883,3.99990320206,3.33526,0.763024,0.00102799
207,0.99883,3.99990320206,3.33153,0.670813,0.0010054
208,0.998538,4.99998092651,3.32844,0.746251,0.000983309
209,0.999123,3.00002932549,3.3261,0.696964,0.000961703
210,0.99883,3.99990320206,3.32219,0.670808,0.000940571
211,0.99883,3.99990320206,3.31612,0.765346,0.000919905
212,0.998246,6.00005865097,3.31498,0.770308,0.000899691
213,0.99883,3.99990320206,3.31336,0.670803,0.000879923
214,0.999123,3.00002932549,3.3081,0.670797,0.000860588
215,0.998538,4.99998092651,3.30827,0.797817,0.000841678
216,0.999123,3.00002932549,3.30559,0.667156,0.000823184
217,0.998538,4.99998092651,3.30284,0.726081,0.000805097
218,0.99883,3.99990320206,3.29904,0.670794,0.000787406
219,0.998538,4.99998092651,3.299,0.765289,0.000770105
220,0.999123,3.00002932549,3.2949,0.725398,0.000753183
221,0.99883,3.99990320206,3.2959,0.746258,0.000736633
222,0.999123,3.00002932549,3.29204,0.66715,0.000720448
223,0.999123,3.00002932549,3.28798,0.670783,0.000704617
224,0.99883,3.99990320206,3.28672,0.827235,0.000689135
225,0.99883,3.99990320206,3.28578,0.711369,0.000673992
226,0.998538,4.99998092651,3.28364,0.723444,0.000659183
227,0.999123,3.00002932549,3.27969,0.680915,0.000644699
228,0.998538,4.99998092651,3.2817,0.838736,0.000630533
229,0.999123,3.00002932549,3.27861,0.667147,0.000616678
230,0.999123,3.00002932549,3.27659,0.780143,0.000603128
231,0.999123,3.00002932549,3.27413,0.778188,0.000589875
232,0.999123,3.00002932549,3.27261,0.704233,0.000576914
233,0.99883,3.99990320206,3.26935,0.670773,0.000564238
234,0.998538,4.99998092651,3.26777,0.770275,0.00055184
235,0.99883,3.99990320206,3.26839,0.704232,0.000539714
236,0.99883,3.99990320206,3.26664,0.786713,0.000527855
237,0.999123,3.00002932549,3.26409,0.667141,0.000516257
238,0.998538,4.99998092651,3.26299,0.723434,0.000504913
239,0.999123,3.00002932549,3.261,0.886089,0.000493818
240,0.999123,3.00002932549,3.25908,0.765342,0.000482968
241,0.998538,4.99998092651,3.25883,0.797828,0.000472355
242,0.999123,3.00002932549,3.25616,0.669234,0.000461977
243,0.999123,3.00002932549,3.25537,0.670763,0.000451825
244,0.999123,3.00002932549,3.25381,0.805845,0.000441898
245,0.999123,3.00002932549,3.25334,0.769024,0.000432188
246,0.99883,3.99990320206,3.25247,0.768446,0.000422691
247,0.999123,3.00002932549,3.24975,0.67076,0.000413404
248,0.999123,3.00002932549,3.24813,0.704231,0.00040432
249,0.99883,3.99990320206,3.24742,1.05385,0.000395436
250,0.998538,4.99998092651,3.24885,0.922082,0.000386747
251,0.999123,3.00002932549,3.2461,0.70423,0.000378249
252,0.999123,3.00002932549,3.24461,0.711364,0.000369938
253,0.999123,3.00002932549,3.24334,0.76304,0.000361809
254,0.999123,3.00002932549,3.24232,0.670755,0.000353859
255,0.999123,3.00002932549,3.2412,0.76534,0.000346084
256,0.999123,3.00002932549,3.23926,0.670753,0.000338479
257,0.99883,3.99990320206,3.23868,0.770255,0.000331042
258,0.999123,3.00002932549,3.23874,0.704229,0.000323768
259,0.999123,3.00002932549,3.23681,0.67075,0.000316654
260,0.999123,3.00002932549,3.23591,0.883347,0.000309696
261,0.99883,3.99990320206,3.23608,0.797831,0.000302891
262,0.999123,3.00002932549,3.23414,0.739359,0.000296236
263,0.999123,3.00002932549,3.23276,0.670748,0.000289727
264,0.999123,3.00002932549,3.23267,0.723419,0.00028336
265,0.99883,3.99990320206,3.23196,0.701064,0.000277134
266,0.999123,3.00002932549,3.23149,0.754834,0.000271045
267,0.999123,3.00002932549,3.22978,0.726765,0.000265089
268,0.999123,3.00002932549,3.22895,0.723417,0.000259264
269,0.999123,3.00002932549,3.22742,0.681601,0.000253567
270,0.999123,3.00002932549,3.22737,0.714753,0.000247996
271,0.999123,3.00002932549,3.22603,0.680862,0.000242547
272,0.999123,3.00002932549,3.22665,1.05251,0.000237217
273,0.999123,3.00002932549,3.22587,0.765286,0.000232005
274,0.999123,3.00002932549,3.22547,0.704228,0.000226907
275,0.999123,3.00002932549,3.22434,0.711363,0.000221921
276,0.999123,3.00002932549,3.22307,0.681595,0.000217045
277,0.999123,3.00002932549,3.22283,0.815383,0.000212276
278,0.999123,3.00002932549,3.22169,0.713303,0.000207612
279,0.999123,3.00002932549,3.22168,0.714751,0.00020305
280,0.999123,3.00002932549,3.22058,0.680856,0.000198588
281,0.999123,3.00002932549,3.22069,0.723413,0.000194225
282,0.99883,3.99990320206,3.22025,1.0764,0.000189957
283,0.999123,3.00002932549,3.21918,0.875084,0.000185783
284,0.999123,3.00002932549,3.2194,0.883789,0.000181701
285,0.999123,3.00002932549,3.21809,0.696898,0.000177708
286,0.999123,3.00002932549,3.21769,0.680852,0.000173803
287,0.999123,3.00002932549,3.21733,0.670738,0.000169985
288,0.999123,3.00002932549,3.21636,0.713304,0.00016625
289,0.999123,3.00002932549,3.21629,0.797835,0.000162596
290,0.999123,3.00002932549,3.21585,0.670737,0.000159024
291,0.999123,3.00002932549,3.21497,0.696896,0.00015553
292,0.999123,3.00002932549,3.2143,0.670736,0.000152112
293,0.999123,3.00002932549,3.21389,0.855583,0.00014877
294,0.999123,3.00002932549,3.21327,1.05382,0.000145501
295,0.99883,3.99990320206,3.21411,0.884905,0.000142304
296,0.999123,3.00002932549,3.2131,0.714748,0.000139177
297,0.999123,3.00002932549,3.21274,0.797836,0.000136119
298,0.999123,3.00002932549,3.21214,0.723409,0.000133128
299,0.999123,3.00002932549,3.21178,0.670734,0.000130203
300,0.999123,3.00002932549,3.21122,0.670734,0.000127342
301,0.999123,3.00002932549,3.21077,0.701046,0.000124544
302,0.999123,3.00002932549,3.21075,0.75484,0.000121807
303,0.999123,3.00002932549,3.21023,0.670733,0.000119131
304,0.999123,3.00002932549,3.20956,0.667124,0.000116513
305,0.999123,3.00002932549,3.21009,0.963043,0.000113953
306,0.999123,3.00002932549,3.20923,0.670732,0.000111449
307,0.999123,3.00002932549,3.20868,0.731141,0.000109
308,0.999123,3.00002932549,3.20842,0.767877,0.000106605
309,0.999123,3.00002932549,3.20887,0.797836,0.000104263
310,0.999123,3.00002932549,3.20825,0.734372,0.000101972
311,0.999123,3.00002932549,3.20766,0.670731,9.9731e-05
312,0.999123,3.00002932549,3.20733,0.720063,9.75397e-05
313,0.999123,3.00002932549,3.20699,0.823889,9.53965e-05
314,0.999123,3.00002932549,3.20698,0.711361,9.33003e-05
315,0.999123,3.00002932549,3.20638,0.67073,9.12502e-05
316,0.999123,3.00002932549,3.20592,0.69722,8.92452e-05
317,0.999123,3.00002932549,3.20567,0.725947,8.72842e-05
318,0.999123,3.00002932549,3.20551,0.67073,8.53663e-05
319,0.999123,3.00002932549,3.20507,0.713305,8.34906e-05
320,0.999123,3.00002932549,3.20525,1.12185,8.1656e-05
321,0.999123,3.00002932549,3.20481,0.746268,7.98618e-05
322,0.999123,3.00002932549,3.20466,0.821688,7.8107e-05
323,0.999123,3.00002932549,3.20451,0.670729,7.63908e-05
324,0.999123,3.00002932549,3.20438,0.704226,7.47123e-05
325,0.999123,3.00002932549,3.20416,0.670729,7.30706e-05
326,0.999123,3.00002932549,3.20378,0.704226,7.1465e-05
327,0.999123,3.00002932549,3.20358,0.768431,6.98947e-05
328,0.999123,3.00002932549,3.20319,0.670728,6.83589e-05
329,0.999123,3.00002932549,3.20307,0.723404,6.68569e-05
330,0.999123,3.00002932549,3.20302,0.704226,6.53879e-05
331,0.999123,3.00002932549,3.20272,0.746269,6.39511e-05
332,0.999123,3.00002932549,3.2024,0.672788,6.25459e-05
333,0.999123,3.00002932549,3.20236,0.723404,6.11716e-05
334,0.999123,3.00002932549,3.20225,0.714743,5.98275e-05
335,0.999123,3.00002932549,3.20203,0.704226,5.85129e-05
336,0.999123,3.00002932549,3.20182,0.747723,5.72272e-05
337,0.999123,3.00002932549,3.20154,0.670727,5.59697e-05
338,0.999123,3.00002932549,3.2015,0.770228,5.47399e-05
339,0.999123,3.00002932549,3.20124,0.704226,5.35371e-05
340,0.999123,3.00002932549,3.20133,0.765285,5.23607e-05
341,0.999123,3.00002932549,3.20108,0.670727,5.12102e-05
342,0.999123,3.00002932549,3.20093,0.704226,5.0085e-05
343,0.999123,3.00002932549,3.20076,0.765285,4.89845e-05
344,0.999123,3.00002932549,3.20053,0.696887,4.79082e-05
345,0.999123,3.00002932549,3.20043,0.670726,4.68555e-05
346,0.999123,3.00002932549,3.20017,0.769041,4.58259e-05
347,0.999123,3.00002932549,3.20023,0.881736,4.4819e-05
348,0.999123,3.00002932549,3.19999,0.670726,4.38342e-05
349,0.999123,3.00002932549,3.19985,0.734372,4.2871e-05
350,0.999123,3.00002932549,3.19972,0.697216,4.1929e-05
351,0.999123,3.00002932549,3.19978,1.0881,4.10077e-05
352,0.999123,3.00002932549,3.1996,0.714742,4.01067e-05
353,0.999123,3.00002932549,3.1995,0.667121,3.92254e-05
354,0.999123,3.00002932549,3.19941,0.696886,3.83635e-05
355,0.999123,3.00002932549,3.19924,0.670726,3.75205e-05
356,0.999123,3.00002932549,3.19921,0.797838,3.66961e-05
357,0.999123,3.00002932549,3.19897,0.667121,3.58898e-05
358,0.999123,3.00002932549,3.19886,0.832709,3.51012e-05
359,0.999123,3.00002932549,3.19881,0.921245,3.43299e-05
360,0.999123,3.00002932549,3.19888,0.768429,3.35756e-05
361,0.999123,3.00002932549,3.19866,0.742804,3.28378e-05
362,0.999123,3.00002932549,3.19846,0.670725,3.21163e-05
363,0.999123,3.00002932549,3.19829,0.704226,3.14106e-05
364,0.999123,3.00002932549,3.1983,1.08108,3.07204e-05
365,0.999123,3.00002932549,3.1982,0.807718,3.00454e-05
366,0.999123,3.00002932549,3.19807,0.696885,2.93852e-05
367,0.999123,3.00002932549,3.19801,0.735836,2.87395e-05
368,0.999123,3.00002932549,3.1979,0.691606,2.8108e-05
369,0.999123,3.00002932549,3.19785,0.716673,2.74904e-05
370,0.999123,3.00002932549,3.19778,0.704226,2.68864e-05
371,0.999123,3.00002932549,3.1977,0.720061,2.62956e-05
372,0.999123,3.00002932549,3.19762,0.754844,2.57178e-05
373,0.999123,3.00002932549,3.19749,0.672782,2.51527e-05
374,0.999123,3.00002932549,3.1975,0.742804,2.46e-05
375,0.999123,3.00002932549,3.19733,0.670724,2.40595e-05
376,0.999123,3.00002932549,3.1974,0.746269,2.35308e-05
377,0.999123,3.00002932549,3.19719,0.696884,2.30138e-05
378,0.999123,3.00002932549,3.19718,0.780146,2.25081e-05
379,0.999123,3.00002932549,3.1972,0.807719,2.20135e-05
380,0.999123,3.00002932549,3.19705,0.713306,2.15298e-05
381,0.999123,3.00002932549,3.19694,0.670724,2.10568e-05
382,0.999123,3.00002932549,3.1969,0.779738,2.05941e-05
383,0.999123,3.00002932549,3.19687,0.670724,2.01416e-05
384,0.999123,3.00002932549,3.1968,0.746269,1.9699e-05
385,0.999123,3.00002932549,3.19674,0.733466,1.92662e-05
386,0.999123,3.00002932549,3.19663,0.670724,1.88428e-05
387,0.999123,3.00002932549,3.19656,0.684117,1.84288e-05
388,0.999123,3.00002932549,3.19657,1.10786,1.80239e-05
389,0.999123,3.00002932549,3.19652,0.670724,1.76278e-05
390,0.999123,3.00002932549,3.19644,0.66712,1.72405e-05
391,0.999123,3.00002932549,3.19646,0.905212,1.68617e-05
392,0.999123,3.00002932549,3.19637,0.670724,1.64912e-05
393,0.999123,3.00002932549,3.19626,0.713306,1.61288e-05
394,0.999123,3.00002932549,3.19619,0.670724,1.57744e-05
395,0.999123,3.00002932549,3.19619,0.855592,1.54278e-05
396,0.999123,3.00002932549,3.19619,1.08809,1.50888e-05
397,0.999123,3.00002932549,3.19609,0.66712,1.47573e-05
398,0.999123,3.00002932549,3.19611,0.838752,1.4433e-05
399,0.999123,3.00002932549,3.19605,0.670724,1.41159e-05
400,0.999123,3.00002932549,3.19598,0.739345,1.38057e-05
401,0.999123,3.00002932549,3.19591,0.684117,1.35023e-05
402,0.999123,3.00002932549,3.19587,0.669188,1.32057e-05
403,0.999123,3.00002932549,3.19587,0.768428,1.29155e-05
404,0.999123,3.00002932549,3.19587,0.754568,1.26317e-05
405,0.999123,3.00002932549,3.19578,0.670723,1.23541e-05
406,0.999123,3.00002932549,3.19573,0.71136,1.20827e-05
407,0.999123,3.00002932549,3.1957,0.67278,1.18172e-05
408,0.999123,3.00002932549,3.19573,1.0764,1.15575e-05
409,0.999123,3.00002932549,3.19568,0.670723,1.13036e-05
410,0.999123,3.00002932549,3.19563,0.681566,1.10552e-05
411,0.999123,3.00002932549,3.19559,0.727324,1.08123e-05
412,0.999123,3.00002932549,3.19557,0.769042,1.05747e-05
413,0.999123,3.00002932549,3.19552,0.7234,1.03424e-05
414,0.999123,3.00002932549,3.1955,0.670723,1.01151e-05
415,0.999123,3.00002932549,3.19547,0.768428,9.89286e-06
416,0.999123,3.00002932549,3.19542,0.704226,9.67548e-06
417,0.999123,3.00002932549,3.1954,0.797839,9.46288e-06
418,0.999123,3.00002932549,3.19535,0.669187,9.25496e-06
419,0.999123,3.00002932549,3.19532,0.670723,9.0516e-06
420,0.999123,3.00002932549,3.1953,0.74103,8.8527e-06
421,0.999123,3.00002932549,3.19527,0.670723,8.65819e-06
422,0.999123,3.00002932549,3.19524,0.746269,8.46794e-06
423,0.999123,3.00002932549,3.19523,0.670723,8.28187e-06
424,0.999123,3.00002932549,3.19519,0.71474,8.0999e-06
425,0.999123,3.00002932549,3.19517,0.724233,7.92192e-06
426,0.999123,3.00002932549,3.19516,0.704226,7.74785e-06
427,0.999123,3.00002932549,3.19512,0.670723,7.57761e-06
428,0.999123,3.00002932549,3.19514,0.754568,7.41111e-06
429,0.999123,3.00002932549,3.1951,0.724925,7.24826e-06
430,0.999123,3.00002932549,3.19509,0.797839,7.089e-06
431,0.999123,3.00002932549,3.19505,0.7234,6.93323e-06
432,0.999123,3.00002932549,3.19502,0.684116,6.78089e-06
433,0.999123,3.00002932549,3.195,0.684116,6.63189e-06
434,0.999123,3.00002932549,3.19498,0.670723,6.48617e-06
435,0.999123,3.00002932549,3.19493,0.704226,6.34365e-06
436,0.999123,3.00002932549,3.19494,0.797839,6.20426e-06
437,0.999123,3.00002932549,3.19491,0.727324,6.06794e-06
438,0.999123,3.00002932549,3.19491,0.768262,5.9346e-06
439,0.999123,3.00002932549,3.19489,0.767584,5.80421e-06
440,0.999123,3.00002932549,3.19487,0.681565,5.67667e-06
441,0.999123,3.00002932549,3.19484,0.681565,5.55194e-06
442,0.999123,3.00002932549,3.19482,0.80772,5.42994e-06
443,0.999123,3.00002932549,3.19481,0.641037,5.31063e-06
444,0.999123,3.00002932549,3.19484,1.11988,5.19394e-06
445,0.999123,3.00002932549,3.19483,1.01341,5.07981e-06
446,0.999123,3.00002932549,3.19475,0.918725,4.9682e-06
447,0.999123,3.00002932549,3.19475,0.713306,4.85903e-06
448,0.999123,3.00002932549,3.19472,0.763049,4.75226e-06
449,0.999123,3.00002932549,3.19469,0.667119,4.64784e-06
450,0.999123,3.00002932549,3.1947,0.884907,4.54572e-06
451,0.999123,3.00002932549,3.19467,0.72006,4.44583e-06
452,0.999123,3.00002932549,3.19468,0.767415,4.34815e-06
453,0.999123,3.00002932549,3.19467,0.71136,4.2526e-06
454,0.999123,3.00002932549,3.19466,0.816414,4.15916e-06
455,0.999123,3.00002932549,3.19467,1.05249,4.06777e-06
456,0.999123,3.00002932549,3.19459,0.713306,3.97839e-06
457,0.999123,3.00002932549,3.19462,0.767415,3.89097e-06
458,0.999123,3.00002932549,3.1946,0.754845,3.80548e-06
459,0.999123,3.00002932549,3.19458,0.667119,3.72186e-06
460,0.999123,3.00002932549,3.19454,0.667119,3.64008e-06
461,0.999123,3.00002932549,3.19455,0.838752,3.5601e-06
462,0.999123,3.00002932549,3.19451,0.667119,3.48187e-06
463,0.999123,3.00002932549,3.19461,1.21791,3.40537e-06
464,0.999123,3.00002932549,3.19453,0.905873,3.33054e-06
465,0.999123,3.00002932549,3.19452,0.902726,3.25736e-06
466,0.999123,3.00002932549,3.19449,0.795868,3.18578e-06
467,0.999123,3.00002932549,3.19448,0.713306,3.11579e-06
468,0.999123,3.00002932549,3.19446,0.691606,3.04732e-06
469,0.999123,3.00002932549,3.19446,0.691606,2.98036e-06
470,0.999123,3.00002932549,3.19446,0.790047,2.91488e-06
471,0.999123,3.00002932549,3.19444,0.670722,2.85083e-06
472,0.999123,3.00002932549,3.19443,0.670722,2.78818e-06
473,0.999123,3.00002932549,3.19443,0.7234,2.72692e-06
474,0.999123,3.00002932549,3.19441,0.697213,2.667e-06
475,0.999123,3.00002932549,3.19442,0.670723,2.6084e-06
476,0.999123,3.00002932549,3.19441,0.700078,2.55109e-06
477,0.999123,3.00002932549,3.1944,0.700078,2.49503e-06
478,0.999123,3.00002932549,3.19438,0.697213,2.44021e-06
479,0.999123,3.00002932549,3.19438,0.697213,2.38659e-06
480,0.999123,3.00002932549,3.19438,0.697213,2.33415e-06
481,0.999123,3.00002932549,3.19441,0.700078,2.28286e-06
482,0.999123,3.00002932549,3.19441,0.700078,2.2327e-06
483,0.999123,3.00002932549,3.1944,0.702048,2.18364e-06
484,0.999123,3.00002932549,3.1944,0.700078,2.13566e-06
485,0.999123,3.00002932549,3.1944,0.697213,2.08873e-06
0.999123,3.1944,15.940468788146973,0.867188,0.158227791502,0.0250656316072
