21,20,0.1,2,1000, .1 
0,0.513158,1664.99996781,1.36977e+06,578.192,0.0999327
1,0.560234,1504.00009274,645739.0,371.0,0.0977369
2,0.598246,1373.99997711,335004.0,255.506,0.0955893
3,0.651754,1191.00002289,187003.0,182.71,0.0934889
4,0.703801,1013.00004959,110898.0,135.145,0.0914347
5,0.746784,866.000039577,69987.0,103.126,0.0894256
6,0.780702,749.999992847,45259.9,80.5529,0.0874607
7,0.818129,622.000032663,31164.3,59.4124,0.0855389
8,0.841228,543.000007868,23067.4,47.2846,0.0836594
9,0.854094,499.000053406,17981.5,40.6449,0.0818211
10,0.868421,449.999914169,14370.1,33.3424,0.0800233
11,0.876608,421.999980211,12012.4,28.0285,0.0782649
12,0.885088,392.999968529,10159.5,26.3176,0.0765452
13,0.889474,378.000025749,8589.41,24.2522,0.0748633
14,0.897661,350.000091791,7326.09,21.3292,0.0732183
15,0.904094,328.000012636,6363.43,19.2785,0.0716095
16,0.908772,311.999992132,5542.65,18.3503,0.0700361
17,0.911696,302.000030279,4847.69,17.2155,0.0684972
18,0.915497,289.000039101,4234.13,16.25,0.0669921
19,0.92076,271.000066996,3689.88,15.9986,0.0655201
20,0.92807,245.999958515,3272.01,13.7414,0.0640804
21,0.930702,237.000074387,2901.89,13.3299,0.0626724
22,0.933918,226.000034809,2549.82,13.2129,0.0612953
23,0.937719,213.000043631,2224.48,12.2464,0.0599484
24,0.94152,200.000052452,1952.08,11.4202,0.0586312
25,0.945322,187.000061274,1737.48,10.3304,0.0573429
26,0.948538,176.000021696,1550.94,9.4384,0.0560829
27,0.951462,166.000059843,1393.89,9.03003,0.0548506
28,0.953509,158.999923468,1258.68,8.72557,0.0536454
29,0.956725,148.000087738,1136.54,7.99475,0.0524666
30,0.95848,142.000029087,1027.04,7.80079,0.0513138
31,0.961403,132.000067234,929.499,7.43271,0.0501863
32,0.963158,126.000008583,840.78,7.30983,0.0490835
33,0.965789,116.999920607,768.17,6.66747,0.048005
34,0.966667,114.000095129,705.29,6.32268,0.0469502
35,0.968713,106.999958754,647.681,5.89633,0.0459186
36,0.969298,105.000007153,598.367,5.94763,0.0449096
37,0.973099,92.000015974,556.553,5.19116,0.0439228
38,0.974561,87.0000350475,522.918,4.81935,0.0429577
39,0.976023,82.000054121,492.519,4.68173,0.0420138
40,0.976023,82.000054121,464.267,4.62852,0.0410906
41,0.976316,80.9999763966,437.338,4.66337,0.0401877
42,0.975439,84.000005722,412.562,4.55708,0.0393047
43,0.977193,77.9999470711,390.784,4.41417,0.0384411
44,0.977485,77.0000731945,371.701,4.04049,0.0375964
45,0.97807,74.9999177456,354.179,3.95273,0.0367703
46,0.978655,72.9999661446,338.75,3.73994,0.0359623
47,0.978655,72.9999661446,324.144,3.67365,0.0351721
48,0.979532,69.9999368191,309.655,3.58735,0.0343993
49,0.980409,66.9999074936,296.371,3.53329,0.0336435
50,0.980994,64.9999558926,285.281,3.24359,0.0329042
51,0.981287,64.000082016,275.565,3.15154,0.0321812
52,0.981287,64.000082016,266.601,3.15968,0.0314741
53,0.982164,61.0000526905,258.054,3.21811,0.0307825
54,0.983041,58.000023365,249.422,3.28217,0.0301061
55,0.982456,59.999974966,241.336,3.18785,0.0294446
56,0.984211,53.9999163151,233.893,3.10418,0.0287976
57,0.984211,53.9999163151,226.627,3.00281,0.0281649
58,0.983918,54.9999940395,219.442,2.95944,0.027546
59,0.984211,53.9999163151,212.408,3.10017,0.0269407
60,0.985088,51.0000908375,205.812,3.10255,0.0263488
61,0.984795,51.9999647141,199.712,3.27429,0.0257698
62,0.985088,51.0000908375,193.094,3.14816,0.0252036
63,0.983918,54.9999940395,186.776,3.11852,0.0246498
64,0.984795,51.9999647141,180.366,3.17374,0.0241081
65,0.985673,48.9999353886,175.69,3.05548,0.0235784
66,0.985965,48.000061512,170.839,3.08903,0.0230603
67,0.985965,48.000061512,165.766,2.82382,0.0225536
68,0.986842,45.0000321865,162.16,2.7831,0.0220581
69,0.987135,43.9999544621,158.913,2.60542,0.0215734
70,0.986842,45.0000321865,155.724,2.53729,0.0210993
71,0.987719,42.000002861,152.377,2.36851,0.0206357
72,0.986842,45.0000321865,149.615,2.50083,0.0201823
73,0.987135,43.9999544621,146.535,2.42463,0.0197388
74,0.987427,43.0000805855,143.723,2.33516,0.0193051
75,0.987719,42.000002861,141.029,2.46325,0.0188809
76,0.987719,42.000002861,138.444,2.65471,0.0184661
77,0.987719,42.000002861,135.654,2.36548,0.0180603
78,0.988304,40.00005126,133.018,2.31482,0.0176635
79,0.987719,42.000002861,130.92,2.4878,0.0172754
80,0.988012,40.9999251366,128.466,2.47699,0.0168958
81,0.987719,42.000002861,126.322,2.50512,0.0165245
82,0.988012,40.9999251366,124.126,2.45241,0.0161614
83,0.989181,37.0000219345,121.884,2.24305,0.0158063
84,0.988596,38.9999735355,119.716,2.26257,0.015459
85,0.989181,37.0000219345,117.897,2.414,0.0151193
86,0.987427,43.0000805855,115.823,2.39352,0.0147871
87,0.988596,38.9999735355,113.806,2.43801,0.0144622
88,0.988304,40.00005126,111.9,2.43047,0.0141444
89,0.988596,38.9999735355,110.079,2.30823,0.0138336
90,0.989181,37.0000219345,108.377,2.19148,0.0135297
91,0.989181,37.0000219345,106.706,2.20026,0.0132324
92,0.988889,38.000099659,105.335,2.27307,0.0129416
93,0.990643,32.000041008,104.243,2.08927,0.0126572
94,0.989474,35.9999442101,102.85,2.00593,0.0123791
95,0.989181,37.0000219345,101.902,2.30482,0.0121071
96,0.989474,35.9999442101,100.797,2.18161,0.0118411
97,0.989766,35.0000703335,99.6475,1.94906,0.0115809
98,0.989766,35.0000703335,98.6596,2.32226,0.0113264
99,0.989766,35.0000703335,97.7031,2.05935,0.0110776
100,0.990058,33.999992609,96.6747,1.91975,0.0108342
101,0.990351,32.9999148846,95.8669,1.95905,0.0105961
102,0.991228,30.000089407,95.0134,1.94062,0.0103633
103,0.989474,35.9999442101,94.1582,2.05026,0.0101356
104,0.989766,35.0000703335,93.2717,2.01518,0.00991286
105,0.990351,32.9999148846,92.5138,1.93319,0.00969504
106,0.990351,32.9999148846,91.8216,2.07931,0.00948201
107,0.989181,37.0000219345,90.9639,2.23019,0.00927367
108,0.990351,32.9999148846,90.1303,2.00542,0.0090699
109,0.990351,32.9999148846,89.4998,2.02833,0.0088706
110,0.990058,33.999992609,88.8137,2.0962,0.00867569
111,0.989766,35.0000703335,87.9859,2.01852,0.00848506
112,0.990058,33.999992609,87.4055,2.01403,0.00829862
113,0.989766,35.0000703335,86.7596,2.01735,0.00811627
114,0.990351,32.9999148846,86.0956,2.07129,0.00793794
115,0.990643,32.000041008,85.5469,2.06531,0.00776352
116,0.990351,32.9999148846,84.9121,1.90578,0.00759293
117,0.990643,32.000041008,84.4039,1.90009,0.00742609
118,0.990643,32.000041008,83.8936,1.96316,0.00726292
119,0.990643,32.000041008,83.3322,2.06162,0.00710333
120,0.990643,32.000041008,82.8437,1.96054,0.00694725
121,0.990643,32.000041008,82.2331,1.93855,0.0067946
122,0.990936,30.9999632835,81.8305,1.90285,0.0066453
123,0.990643,32.000041008,81.3317,2.08912,0.00649928
124,0.990643,32.000041008,80.798,1.93752,0.00635647
125,0.990936,30.9999632835,80.3588,2.08257,0.00621681
126,0.990936,30.9999632835,79.9306,1.97584,0.0060802
127,0.991228,30.000089407,79.4649,1.92348,0.0059466
128,0.990643,32.000041008,79.0486,2.17239,0.00581594
129,0.990643,32.000041008,78.6118,1.98204,0.00568815
130,0.991228,30.000089407,78.2274,1.94885,0.00556316
131,0.991228,30.000089407,77.7982,1.95063,0.00544092
132,0.990643,32.000041008,77.4062,2.03235,0.00532137
133,0.991228,30.000089407,76.9595,1.8845,0.00520444
134,0.990936,30.9999632835,76.6319,1.92832,0.00509009
135,0.991228,30.000089407,76.2331,1.91781,0.00497824
136,0.990936,30.9999632835,75.8221,1.92921,0.00486886
137,0.99152,29.0000116825,75.4934,1.91853,0.00476187
138,0.990351,32.9999148846,75.1115,2.02981,0.00465724
139,0.991228,30.000089407,74.8078,1.88175,0.00455491
140,0.991228,30.000089407,74.4724,2.04549,0.00445482
141,0.991813,27.9999339581,74.16,1.83736,0.00435694
142,0.990643,32.000041008,73.835,1.95657,0.0042612
143,0.99152,29.0000116825,73.5648,1.88993,0.00416757
144,0.991228,30.000089407,73.2648,1.8738,0.004076
145,0.991228,30.000089407,72.9855,2.11071,0.00398644
146,0.99152,29.0000116825,72.6732,1.93202,0.00389884
147,0.99152,29.0000116825,72.4202,2.0267,0.00381317
148,0.990936,30.9999632835,72.1286,1.85984,0.00372939
149,0.992105,27.0000600815,71.89,1.8885,0.00364744
150,0.991228,30.000089407,71.6242,2.00935,0.0035673
151,0.991228,30.000089407,71.3626,2.0112,0.00348891
152,0.991228,30.000089407,71.1438,2.0818,0.00341225
153,0.99152,29.0000116825,70.9071,1.95864,0.00333727
154,0.99152,29.0000116825,70.6529,1.93976,0.00326394
155,0.990936,30.9999632835,70.4055,1.90578,0.00319223
156,0.991228,30.000089407,70.1653,2.05505,0.00312208
157,0.990936,30.9999632835,69.9999,2.06162,0.00305348
158,0.991813,27.9999339581,69.7637,1.85597,0.00298639
159,0.99152,29.0000116825,69.5186,2.04298,0.00292077
160,0.99152,29.0000116825,69.3621,2.06087,0.00285659
161,0.991228,30.000089407,69.1,1.91801,0.00279382
162,0.991228,30.000089407,68.9284,1.97517,0.00273243
163,0.99152,29.0000116825,68.7348,1.88553,0.00267239
164,0.991228,30.000089407,68.5123,2.00911,0.00261367
165,0.990936,30.9999632835,68.3871,2.03004,0.00255624
166,0.991228,30.000089407,68.1868,1.90845,0.00250008
167,0.991813,27.9999339581,67.9828,1.81478,0.00244514
168,0.991813,27.9999339581,67.8339,1.80586,0.00239142
169,0.991228,30.000089407,67.6529,2.03197,0.00233887
170,0.991813,27.9999339581,67.5066,1.77492,0.00228748
171,0.992105,27.0000600815,67.3498,1.7564,0.00223721
172,0.99152,29.0000116825,67.1977,1.83462,0.00218806
173,0.991228,30.000089407,67.0702,1.88212,0.00213998
174,0.991228,30.000089407,66.9128,1.78266,0.00209296
175,0.990643,32.000041008,66.7611,1.71379,0.00204697
176,0.991813,27.9999339581,66.6132,1.77196,0.00200199
177,0.992105,27.0000600815,66.4701,1.79175,0.001958
178,0.99152,29.0000116825,66.3537,1.98464,0.00191498
179,0.991228,30.000089407,66.2456,1.83759,0.0018729
180,0.991813,27.9999339581,66.0927,1.73968,0.00183175
181,0.992105,27.0000600815,65.9898,1.7413,0.0017915
182,0.991228,30.000089407,65.8719,1.98516,0.00175213
183,0.991228,30.000089407,65.7298,1.87863,0.00171363
184,0.99152,29.0000116825,65.6354,1.92558,0.00167598
185,0.99152,29.0000116825,65.5213,1.77294,0.00163915
186,0.991228,30.000089407,65.3857,1.78132,0.00160314
187,0.991228,30.000089407,65.3025,1.90351,0.00156791
188,0.991813,27.9999339581,65.1733,1.67052,0.00153346
189,0.991813,27.9999339581,65.0832,1.70411,0.00149977
190,0.990936,30.9999632835,64.9891,1.86176,0.00146681
191,0.991228,30.000089407,64.876,1.87946,0.00143458
192,0.992105,27.0000600815,64.789,1.80907,0.00140306
193,0.991813,27.9999339581,64.7007,1.78748,0.00137223
194,0.992398,25.999982357,64.6008,1.63627,0.00134208
195,0.991813,27.9999339581,64.5219,1.76377,0.00131259
196,0.99152,29.0000116825,64.4406,1.78957,0.00128375
197,0.992105,27.0000600815,64.3772,1.70063,0.00125554
198,0.991228,30.000089407,64.272,1.54471,0.00122795
199,0.991228,30.000089407,64.2071,1.69492,0.00120097
200,0.992105,27.0000600815,64.1381,1.76584,0.00117458
201,0.991813,27.9999339581,64.054,1.68843,0.00114877
202,0.99152,29.0000116825,63.9991,1.91235,0.00112353
203,0.992398,25.999982357,63.934,1.74767,0.00109884
204,0.992105,27.0000600815,63.851,1.71081,0.0010747
205,0.991813,27.9999339581,63.7891,1.74078,0.00105108
206,0.991813,27.9999339581,63.7251,1.66693,0.00102799
207,0.992105,27.0000600815,63.6635,1.6886,0.0010054
208,0.991228,30.000089407,63.6035,1.85619,0.000983309
209,0.991813,27.9999339581,63.5389,1.73336,0.000961703
210,0.992398,25.999982357,63.4811,1.62371,0.000940571
211,0.992105,27.0000600815,63.4188,1.64213,0.000919905
212,0.992398,25.999982357,63.3594,1.69431,0.000899691
213,0.992398,25.999982357,63.313,1.69438,0.000879923
214,0.992105,27.0000600815,63.2602,1.68912,0.000860588
215,0.991813,27.9999339581,63.206,1.7243,0.000841678
216,0.992398,25.999982357,63.1499,1.7486,0.000823184
217,0.992398,25.999982357,63.0992,1.74272,0.000805097
218,0.992105,27.0000600815,63.0562,1.78207,0.000787406
219,0.991228,30.000089407,62.9986,1.6594,0.000770105
220,0.992105,27.0000600815,62.9543,1.81416,0.000753183
221,0.991813,27.9999339581,62.9083,1.73522,0.000736633
222,0.992105,27.0000600815,62.8567,1.81179,0.000720448
223,0.992105,27.0000600815,62.8227,1.75829,0.000704617
224,0.991813,27.9999339581,62.7726,1.65497,0.000689135
225,0.992105,27.0000600815,62.7261,1.73102,0.000673992
226,0.991813,27.9999339581,62.6899,1.64987,0.000659183
227,0.992105,27.0000600815,62.6465,1.65511,0.000644699
228,0.99269,24.9999046326,62.607,1.71481,0.000630533
229,0.992105,27.0000600815,62.5725,1.80033,0.000616678
230,0.99152,29.0000116825,62.5312,1.80129,0.000603128
231,0.992105,27.0000600815,62.4999,1.74939,0.000589875
232,0.992398,25.999982357,62.4624,1.71813,0.000576914
233,0.991813,27.9999339581,62.4237,1.95977,0.000564238
234,0.992398,25.999982357,62.3905,1.76733,0.00055184
235,0.992105,27.0000600815,62.3498,1.68847,0.000539714
236,0.992398,25.999982357,62.3218,1.7496,0.000527855
237,0.991813,27.9999339581,62.2931,1.76919,0.000516257
238,0.991813,27.9999339581,62.2528,1.78585,0.000504913
239,0.992105,27.0000600815,62.2264,1.72553,0.000493818
240,0.991813,27.9999339581,62.1906,1.6684,0.000482968
241,0.992398,25.999982357,62.1638,1.69055,0.000472355
242,0.992105,27.0000600815,62.1382,1.78264,0.000461977
243,0.991813,27.9999339581,62.1037,1.77184,0.000451825
244,0.99269,24.9999046326,62.0811,1.74312,0.000441898
245,0.99152,29.0000116825,62.0541,1.80171,0.000432188
246,0.992398,25.999982357,62.0266,1.7837,0.000422691
247,0.992105,27.0000600815,61.9999,1.74997,0.000413404
248,0.992105,27.0000600815,61.98,1.8703,0.00040432
249,0.992398,25.999982357,61.9496,1.71632,0.000395436
250,0.99269,24.9999046326,61.9265,1.88696,0.000386747
251,0.992105,27.0000600815,61.9008,1.71637,0.000378249
252,0.992398,25.999982357,61.8765,1.69845,0.000369938
253,0.992398,25.999982357,61.8573,1.78297,0.000361809
254,0.992105,27.0000600815,61.8357,2.05939,0.000353859
255,0.992398,25.999982357,61.8112,1.74716,0.000346084
256,0.991813,27.9999339581,61.7889,1.70425,0.000338479
257,0.992398,25.999982357,61.771,1.74347,0.000331042
258,0.992398,25.999982357,61.7479,1.63907,0.000323768
259,0.992398,25.999982357,61.7256,1.74548,0.000316654
260,0.99269,24.9999046326,61.7067,1.64806,0.000309696
261,0.992398,25.999982357,61.6877,1.7262,0.000302891
262,0.992398,25.999982357,61.6654,1.65625,0.000296236
263,0.992105,27.0000600815,61.6501,1.85822,0.000289727
264,0.991813,27.9999339581,61.633,1.73512,0.00028336
265,0.992398,25.999982357,61.6157,1.69126,0.000277134
266,0.99269,24.9999046326,61.5977,1.71917,0.000271045
267,0.992398,25.999982357,61.5797,1.62542,0.000265089
268,0.992398,25.999982357,61.5631,1.67949,0.000259264
269,0.99269,24.9999046326,61.5473,1.69656,0.000253567
270,0.99269,24.9999046326,61.5337,1.69658,0.000247996
271,0.99269,24.9999046326,61.5141,1.72978,0.000242547
272,0.992398,25.999982357,61.5036,1.75055,0.000237217
273,0.992105,27.0000600815,61.4846,1.81028,0.000232005
274,0.991813,27.9999339581,61.4723,1.83441,0.000226907
275,0.99269,24.9999046326,61.4569,1.66181,0.000221921
276,0.992398,25.999982357,61.4423,1.75061,0.000217045
277,0.992398,25.999982357,61.4293,1.83446,0.000212276
278,0.992105,27.0000600815,61.4171,1.71687,0.000207612
279,0.992105,27.0000600815,61.4026,1.64382,0.00020305
280,0.992398,25.999982357,61.3894,1.66719,0.000198588
281,0.99269,24.9999046326,61.3788,1.64843,0.000194225
282,0.992398,25.999982357,61.364,1.66916,0.000189957
283,0.992105,27.0000600815,61.3537,1.64106,0.000185783
284,0.99269,24.9999046326,61.343,1.69043,0.000181701
285,0.99269,24.9999046326,61.3298,1.69156,0.000177708
286,0.992105,27.0000600815,61.3187,1.67916,0.000173803
287,0.991813,27.9999339581,61.3104,1.83458,0.000169985
288,0.992398,25.999982357,61.2976,1.68102,0.00016625
289,0.992398,25.999982357,61.2889,1.75079,0.000162596
290,0.99269,24.9999046326,61.2779,1.72671,0.000159024
291,0.992105,27.0000600815,61.2668,1.83462,0.00015553
292,0.99269,24.9999046326,61.2581,1.64009,0.000152112
293,0.991813,27.9999339581,61.2477,1.66927,0.00014877
294,0.99152,29.0000116825,61.2387,1.80367,0.000145501
295,0.992105,27.0000600815,61.2291,1.80175,0.000142304
296,0.99269,24.9999046326,61.2193,1.52355,0.000139177
297,0.992105,27.0000600815,61.2113,1.80832,0.000136119
298,0.992398,25.999982357,61.2035,1.76158,0.000133128
299,0.992105,27.0000600815,61.1944,1.71709,0.000130203
300,0.992398,25.999982357,61.1858,1.76658,0.000127342
301,0.99269,24.9999046326,61.1796,1.73682,0.000124544
302,0.992398,25.999982357,61.1708,1.69814,0.000121807
303,0.992398,25.999982357,61.1634,1.72685,0.000119131
304,0.99269,24.9999046326,61.1557,1.86951,0.000116513
305,0.992398,25.999982357,61.1478,1.73556,0.000113953
306,0.99269,24.9999046326,61.1415,1.76664,0.000111449
307,0.992398,25.999982357,61.1349,1.75097,0.000109
308,0.992105,27.0000600815,61.1273,1.76902,0.000106605
309,0.99269,24.9999046326,61.1216,1.69709,0.000104263
310,0.99269,24.9999046326,61.1151,1.75099,0.000101972
311,0.99269,24.9999046326,61.1072,1.7159,9.9731e-05
312,0.99269,24.9999046326,61.1012,1.68009,9.75397e-05
313,0.992398,25.999982357,61.0949,1.66941,9.53965e-05
314,0.992398,25.999982357,61.0893,1.77099,9.33003e-05
315,0.99269,24.9999046326,61.0836,1.76908,9.12502e-05
316,0.992982,24.000030756,61.0779,1.69714,8.92452e-05
317,0.99269,24.9999046326,61.0722,1.65693,8.72842e-05
318,0.99269,24.9999046326,61.0662,1.76408,8.53663e-05
319,0.992398,25.999982357,61.0614,1.80258,8.34906e-05
320,0.99269,24.9999046326,61.0569,1.78389,8.1656e-05
321,0.99269,24.9999046326,61.0514,1.72699,7.98618e-05
322,0.993275,22.9999530315,61.0452,1.62608,7.8107e-05
323,0.99269,24.9999046326,61.0413,1.68058,7.63908e-05
324,0.99269,24.9999046326,61.0362,1.72407,7.47123e-05
325,0.992982,24.000030756,61.0311,1.73566,7.30706e-05
326,0.99269,24.9999046326,61.0274,1.68019,7.1465e-05
327,0.99269,24.9999046326,61.0231,1.7511,6.98947e-05
328,0.99269,24.9999046326,61.0182,1.72669,6.83589e-05
329,0.99269,24.9999046326,61.0137,1.72703,6.68569e-05
330,0.992982,24.000030756,61.0102,1.64884,6.53879e-05
331,0.992398,25.999982357,61.0058,1.73695,6.39511e-05
332,0.992982,24.000030756,61.0016,1.802,6.25459e-05
333,0.992982,24.000030756,60.9979,1.64504,6.11716e-05
334,0.992982,24.000030756,60.9934,1.66231,5.98275e-05
335,0.992398,25.999982357,60.9904,1.80201,5.85129e-05
336,0.99269,24.9999046326,60.9869,1.83491,5.72272e-05
337,0.99269,24.9999046326,60.9829,1.60422,5.59697e-05
338,0.992982,24.000030756,60.9791,1.58959,5.47399e-05
339,0.992398,25.999982357,60.9759,1.77108,5.35371e-05
340,0.992982,24.000030756,60.9726,1.63894,5.23607e-05
341,0.993275,22.9999530315,60.9691,1.64889,5.12102e-05
342,0.99269,24.9999046326,60.9661,1.67957,5.0085e-05
343,0.99269,24.9999046326,60.9629,1.7697,4.89845e-05
344,0.992982,24.000030756,60.96,1.87422,4.79082e-05
345,0.99269,24.9999046326,60.957,1.80204,4.68555e-05
346,0.993275,22.9999530315,60.954,1.70291,4.58259e-05
347,0.993275,22.9999530315,60.9508,1.66767,4.4819e-05
348,0.993275,22.9999530315,60.9483,1.64358,4.38342e-05
349,0.993567,22.000079155,60.9452,1.76919,4.2871e-05
350,0.993275,22.9999530315,60.9427,1.75119,4.1929e-05
351,0.992982,24.000030756,60.9402,1.72712,4.10077e-05
352,0.993275,22.9999530315,60.9378,1.63211,4.01067e-05
353,0.993275,22.9999530315,60.9351,1.72713,3.92254e-05
354,0.993275,22.9999530315,60.933,1.71347,3.83635e-05
355,0.993567,22.000079155,60.9299,1.64175,3.75205e-05
356,0.993275,22.9999530315,60.9277,1.72714,3.66961e-05
357,0.993275,22.9999530315,60.9254,1.60386,3.58898e-05
358,0.993275,22.9999530315,60.9231,1.61915,3.51012e-05
359,0.992982,24.000030756,60.9211,1.67962,3.43299e-05
360,0.992982,24.000030756,60.9193,1.87276,3.35756e-05
361,0.993275,22.9999530315,60.9167,1.74448,3.28378e-05
362,0.993275,22.9999530315,60.9147,1.76864,3.21163e-05
363,0.993275,22.9999530315,60.9125,1.71738,3.14106e-05
364,0.993275,22.9999530315,60.9105,1.78406,3.07204e-05
365,0.993275,22.9999530315,60.9089,1.72716,3.00454e-05
366,0.993275,22.9999530315,60.907,1.73515,2.93852e-05
367,0.993275,22.9999530315,60.905,1.91193,2.87395e-05
368,0.993275,22.9999530315,60.9033,1.66853,2.8108e-05
369,0.993567,22.000079155,60.9014,1.62838,2.74904e-05
370,0.993275,22.9999530315,60.8996,1.76928,2.68864e-05
371,0.993275,22.9999530315,60.8981,1.76866,2.62956e-05
372,0.993275,22.9999530315,60.8963,1.66242,2.57178e-05
373,0.993275,22.9999530315,60.8946,1.72718,2.51527e-05
374,0.993275,22.9999530315,60.8933,2.12925,2.46e-05
375,0.993275,22.9999530315,60.8914,1.73516,2.40595e-05
376,0.993275,22.9999530315,60.8901,1.68275,2.35308e-05
377,0.993275,22.9999530315,60.8888,1.69737,2.30138e-05
378,0.993275,22.9999530315,60.8873,1.78409,2.25081e-05
379,0.993567,22.000079155,60.8857,1.69029,2.20135e-05
380,0.993275,22.9999530315,60.8845,1.83502,2.15298e-05
381,0.993275,22.9999530315,60.8829,1.80274,2.10568e-05
382,0.993275,22.9999530315,60.8819,2.04097,2.05941e-05
383,0.993275,22.9999530315,60.8804,1.69221,2.01416e-05
384,0.993275,22.9999530315,60.879,1.66243,1.9699e-05
385,0.993275,22.9999530315,60.8779,1.71868,1.92662e-05
386,0.993275,22.9999530315,60.8767,1.66244,1.88428e-05
387,0.993275,22.9999530315,60.8753,1.76925,1.84288e-05
388,0.993275,22.9999530315,60.8744,1.80213,1.80239e-05
389,0.993275,22.9999530315,60.8729,1.61977,1.76278e-05
390,0.993275,22.9999530315,60.8718,1.66187,1.72405e-05
391,0.993275,22.9999530315,60.8708,1.87308,1.68617e-05
392,0.993275,22.9999530315,60.8699,1.6644,1.64912e-05
393,0.993275,22.9999530315,60.8688,1.66961,1.61288e-05
394,0.993567,22.000079155,60.8678,1.8698,1.57744e-05
395,0.993275,22.9999530315,60.8669,1.6974,1.54278e-05
396,0.993275,22.9999530315,60.8661,1.89507,1.50888e-05
397,0.993275,22.9999530315,60.8651,1.93518,1.47573e-05
398,0.993275,22.9999530315,60.8641,1.6804,1.4433e-05
399,0.993275,22.9999530315,60.863,1.71165,1.41159e-05
400,0.993275,22.9999530315,60.8622,1.64368,1.38057e-05
401,0.993275,22.9999530315,60.8611,1.68588,1.35023e-05
402,0.993275,22.9999530315,60.8605,1.716,1.32057e-05
403,0.993275,22.9999530315,60.8598,1.69741,1.29155e-05
404,0.993567,22.000079155,60.8588,1.64607,1.26317e-05
405,0.993275,22.9999530315,60.8581,1.83504,1.23541e-05
406,0.993275,22.9999530315,60.8573,1.80402,1.20827e-05
407,0.993275,22.9999530315,60.8568,2.03941,1.18172e-05
408,0.993275,22.9999530315,60.8558,1.69741,1.15575e-05
409,0.993275,22.9999530315,60.8551,1.72006,1.13036e-05
410,0.993275,22.9999530315,60.8543,1.64369,1.10552e-05
411,0.993275,22.9999530315,60.8537,1.73713,1.08123e-05
412,0.993275,22.9999530315,60.853,1.70443,1.05747e-05
413,0.993275,22.9999530315,60.8524,1.83691,1.03424e-05
414,0.993275,22.9999530315,60.8515,1.64663,1.01151e-05
415,0.993275,22.9999530315,60.851,1.6878,9.89286e-06
416,0.993567,22.000079155,60.8504,1.75979,9.67548e-06
417,0.993275,22.9999530315,60.8499,1.79285,9.46288e-06
418,0.993275,22.9999530315,60.8492,1.65003,9.25496e-06
419,0.993275,22.9999530315,60.8485,1.72435,9.0516e-06
420,0.993275,22.9999530315,60.848,1.73944,8.8527e-06
421,0.993275,22.9999530315,60.8476,1.79285,8.65819e-06
422,0.993275,22.9999530315,60.8469,1.57574,8.46794e-06
423,0.993275,22.9999530315,60.8464,1.68753,8.28187e-06
424,0.993275,22.9999530315,60.8459,1.73452,8.0999e-06
425,0.993275,22.9999530315,60.8454,1.66368,7.92192e-06
426,0.993275,22.9999530315,60.8449,1.65003,7.74785e-06
427,0.993275,22.9999530315,60.8443,1.67302,7.57761e-06
428,0.993275,22.9999530315,60.8439,1.703,7.41111e-06
429,0.993275,22.9999530315,60.8433,1.55774,7.24826e-06
430,0.993567,22.000079155,60.8429,1.62945,7.089e-06
431,0.993275,22.9999530315,60.8424,1.84098,6.93323e-06
432,0.993275,22.9999530315,60.842,1.80403,6.78089e-06
433,0.993275,22.9999530315,60.8414,1.63464,6.63189e-06
434,0.993275,22.9999530315,60.8411,1.64015,6.48617e-06
435,0.993275,22.9999530315,60.8406,1.75563,6.34365e-06
436,0.993275,22.9999530315,60.8403,1.76726,6.20426e-06
437,0.993275,22.9999530315,60.8398,1.68781,6.06794e-06
438,0.993275,22.9999530315,60.8395,1.86873,5.9346e-06
439,0.993275,22.9999530315,60.8391,1.66956,5.80421e-06
440,0.993275,22.9999530315,60.8387,1.64392,5.67667e-06
441,0.993275,22.9999530315,60.8385,1.74107,5.55194e-06
442,0.993275,22.9999530315,60.838,1.62629,5.42994e-06
443,0.993275,22.9999530315,60.8377,1.65266,5.31063e-06
444,0.993275,22.9999530315,60.8373,1.65266,5.19394e-06
445,0.993275,22.9999530315,60.837,1.63211,5.07981e-06
446,0.993275,22.9999530315,60.8367,1.63402,4.9682e-06
447,0.993275,22.9999530315,60.8363,1.68782,4.85903e-06
448,0.993275,22.9999530315,60.836,1.70585,4.75226e-06
449,0.993275,22.9999530315,60.8357,1.65004,4.64784e-06
450,0.993275,22.9999530315,60.8355,1.64692,4.54572e-06
451,0.993275,22.9999530315,60.8352,1.72436,4.44583e-06
452,0.993275,22.9999530315,60.835,1.79286,4.34815e-06
453,0.993275,22.9999530315,60.8346,1.64056,4.2526e-06
454,0.993275,22.9999530315,60.8344,1.65266,4.15916e-06
455,0.993275,22.9999530315,60.8341,1.65772,4.06777e-06
456,0.993275,22.9999530315,60.8339,1.60396,3.97839e-06
457,0.993275,22.9999530315,60.8336,1.79843,3.89097e-06
458,0.993275,22.9999530315,60.8332,1.6592,3.80548e-06
459,0.993275,22.9999530315,60.833,1.66957,3.72186e-06
460,0.993567,22.000079155,60.8328,1.69617,3.64008e-06
461,0.993275,22.9999530315,60.8325,1.6319,3.5601e-06
462,0.993275,22.9999530315,60.8324,1.64015,3.48187e-06
463,0.993275,22.9999530315,60.8321,1.70445,3.40537e-06
464,0.993275,22.9999530315,60.832,1.71794,3.33054e-06
465,0.993275,22.9999530315,60.8318,1.7461,3.25736e-06
466,0.993275,22.9999530315,60.8315,1.6877,3.18578e-06
467,0.993275,22.9999530315,60.8314,1.68614,3.11579e-06
468,0.993275,22.9999530315,60.8313,1.68614,3.04732e-06
469,0.993275,22.9999530315,60.8311,1.66781,2.98036e-06
470,0.993275,22.9999530315,60.8309,1.55019,2.91488e-06
471,0.993275,22.9999530315,60.8306,1.65253,2.85083e-06
472,0.993567,22.000079155,60.8303,1.65254,2.78818e-06
473,0.993275,22.9999530315,60.8301,1.61468,2.72692e-06
474,0.993275,22.9999530315,60.8299,1.95534,2.667e-06
475,0.993567,22.000079155,60.8298,1.88866,2.6084e-06
476,0.993275,22.9999530315,60.8296,1.63478,2.55109e-06
477,0.993275,22.9999530315,60.8295,1.63272,2.49503e-06
478,0.993275,22.9999530315,60.8294,1.62425,2.44021e-06
479,0.993567,22.000079155,60.8292,1.63478,2.38659e-06
480,0.993275,22.9999530315,60.829,1.75625,2.33415e-06
481,0.993275,22.9999530315,60.8289,1.6244,2.28286e-06
482,0.993275,22.9999530315,60.8288,1.74996,2.2327e-06
483,0.993275,22.9999530315,60.8287,1.69304,2.18364e-06
484,0.993275,22.9999530315,60.8286,1.69304,2.13566e-06
485,0.993275,22.9999530315,60.8285,1.61328,2.08873e-06
486,0.993275,22.9999530315,60.8283,1.67372,2.04284e-06
487,0.993275,22.9999530315,60.8281,1.76464,1.99795e-06
488,0.993275,22.9999530315,60.8279,1.6954,1.95405e-06
489,0.993275,22.9999530315,60.8279,1.69308,1.91111e-06
490,0.993275,22.9999530315,60.8278,2.04853,1.86912e-06
491,0.993275,22.9999530315,60.8278,2.05455,1.82805e-06
492,0.993275,22.9999530315,60.8277,1.7808,1.78788e-06
493,0.993275,22.9999530315,60.8275,1.7814,1.7486e-06
494,0.993275,22.9999530315,60.8275,1.7808,1.71018e-06
495,0.993275,22.9999530315,60.8274,1.80454,1.6726e-06
496,0.993275,22.9999530315,60.8272,1.73218,1.63585e-06
497,0.993275,22.9999530315,60.8272,1.6954,1.5999e-06
498,0.993275,22.9999530315,60.8272,1.71097,1.56475e-06
499,0.993275,22.9999530315,60.827,1.73218,1.53037e-06
500,0.993275,22.9999530315,60.8271,1.69305,1.49674e-06
501,0.993275,22.9999530315,60.8271,1.82176,1.46385e-06
502,0.993275,22.9999530315,60.827,1.78141,1.43169e-06
503,0.993275,22.9999530315,60.827,1.7808,1.40023e-06
0.993275,60.827,17.275137186050415,0.3125,0.425685189769,0.075045740809
