68,20,0.3,2,1000, .1 
0,0.466959,1823.0000174,1.45273e+06,587.694,0.0999648
1,0.490351,1743.00001681,681577.0,386.89,0.0988102
2,0.524561,1625.99999428,341363.0,263.585,0.0976689
3,0.572515,1462.00008988,183603.0,183.42,0.0965409
4,0.60848,1338.99990678,105379.0,134.978,0.0954258
5,0.651462,1192.00010061,62442.1,100.538,0.0943236
6,0.697953,1032.9999733,38853.1,74.0153,0.0932342
7,0.727485,932.000073195,25890.4,57.9031,0.0921573
8,0.747368,864.000087976,18085.4,46.2835,0.0910929
9,0.769883,787.000014782,13130.8,37.6077,0.0900408
10,0.79269,709.000067711,9793.36,30.3971,0.0890008
11,0.806433,662.000083923,7568.72,26.1665,0.0879728
12,0.823977,601.999905109,5953.55,22.6084,0.0869567
13,0.841813,541.000056267,4788.43,19.5965,0.0859524
14,0.854971,496.00002408,3811.74,18.2678,0.0849596
15,0.872515,436.000049114,2997.88,16.4992,0.0839783
16,0.885965,389.999939203,2313.07,15.6359,0.0830084
17,0.90117,337.999974489,1723.22,14.1252,0.0820496
18,0.912866,297.999923229,1261.38,12.547,0.081102
19,0.931287,234.999918938,925.566,10.1572,0.0801652
20,0.942105,198.000100851,711.349,8.45342,0.0792393
21,0.949708,171.999914646,553.2,7.72465,0.0783241
22,0.956725,148.000087738,425.544,6.7726,0.0774195
23,0.963158,126.000008583,325.445,6.13293,0.0765252
24,0.966959,113.000017405,250.855,5.53905,0.0756414
25,0.97076,100.000026226,191.765,4.81498,0.0747677
26,0.974269,87.9999089241,146.917,4.22991,0.0739041
27,0.976316,80.9999763966,109.875,3.7435,0.0730505
28,0.977778,75.99999547,82.7098,3.30189,0.0722068
29,0.982456,59.999974966,65.1819,2.56614,0.0713728
30,0.983626,56.000071764,52.7549,2.39133,0.0705485
31,0.985088,51.0000908375,42.268,2.29695,0.0697336
32,0.985965,48.000061512,33.7921,1.96686,0.0689282
33,0.988012,40.9999251366,27.9052,1.65048,0.0681321
34,0.989474,35.9999442101,23.2837,1.61838,0.0673451
35,0.990643,32.000041008,19.0609,1.29188,0.0665673
36,0.991813,27.9999339581,16.1844,1.20803,0.0657984
37,0.992105,27.0000600815,13.8623,1.22498,0.0650385
38,0.99269,24.9999046326,11.3854,1.21922,0.0642873
39,0.99269,24.9999046326,9.24533,1.19144,0.0635447
40,0.993275,22.9999530315,7.37506,1.19451,0.0628108
41,0.994737,17.999972105,5.8035,0.920105,0.0620853
42,0.995906,14.000068903,4.43252,0.895704,0.0613682
43,0.996199,12.9999911785,3.36772,0.805359,0.0606594
44,0.995906,14.000068903,2.37063,0.755016,0.0599588
45,0.996784,11.0000395775,1.92321,0.672226,0.0592663
46,0.997661,8.000010252,1.62829,0.434667,0.0585818
47,0.998246,6.00005865097,1.46275,0.373955,0.0579051
48,0.997953,6.99993252754,1.38194,0.449328,0.0572363
49,0.998246,6.00005865097,1.22475,0.373975,0.0565752
50,0.998246,6.00005865097,1.12797,0.402658,0.0559218
51,0.998246,6.00005865097,1.07299,0.431255,0.0552759
52,0.998246,6.00005865097,0.976937,0.478824,0.0546375
53,0.998538,4.99998092651,0.880386,0.352647,0.0540064
54,0.997661,8.000010252,0.823824,0.488677,0.0533826
55,0.998538,4.99998092651,0.70008,0.352571,0.052766
56,0.998246,6.00005865097,0.653182,0.454388,0.0521566
57,0.998538,4.99998092651,0.568576,0.395392,0.0515542
58,0.99883,3.99990320206,0.561839,0.404513,0.0509587
59,0.999123,3.00002932549,0.495932,0.221243,0.0503701
60,0.999123,3.00002932549,0.511236,0.221235,0.0497884
61,0.999123,3.00002932549,0.515033,0.221296,0.0492133
62,0.999123,3.00002932549,0.518767,0.221356,0.0486449
63,0.999123,3.00002932549,0.522437,0.221416,0.048083
64,0.999123,3.00002932549,0.523468,0.221433,0.0475277
65,0.99883,3.99990320206,0.528812,0.404345,0.0469787
66,0.999123,3.00002932549,0.485475,0.221364,0.0464361
67,0.999123,3.00002932549,0.488942,0.221421,0.0458998
68,0.999123,3.00002932549,0.492334,0.221478,0.0453696
69,0.999123,3.00002932549,0.497461,0.221515,0.0448456
70,0.999123,3.00002932549,0.510996,0.221508,0.0443276
71,0.999123,3.00002932549,0.514253,0.221563,0.0438157
72,0.999123,3.00002932549,0.517441,0.221618,0.0433096
73,0.999123,3.00002932549,0.520571,0.221671,0.0428094
74,0.999123,3.00002932549,0.523643,0.221725,0.0423149
75,0.999123,3.00002932549,0.526673,0.221777,0.0418262
76,0.999123,3.00002932549,0.539226,0.221771,0.0413431
77,0.998538,4.99998092651,0.532605,0.47079,0.0408656
78,0.999123,3.00002932549,0.496987,0.221724,0.0403936
79,0.999123,3.00002932549,0.499843,0.221774,0.039927
80,0.99883,3.99990320206,0.503667,0.401879,0.0394658
81,0.999123,3.00002932549,0.518587,0.221822,0.03901
82,0.999123,3.00002932549,0.521324,0.221871,0.0385594
83,0.999123,3.00002932549,0.52402,0.221919,0.0381141
84,0.999123,3.00002932549,0.526662,0.221967,0.0376739
85,0.999123,3.00002932549,0.529268,0.222014,0.0372387
86,0.999123,3.00002932549,0.531832,0.222061,0.0368086
87,0.999123,3.00002932549,0.544207,0.22204,0.0363835
88,0.999123,3.00002932549,0.548553,0.222082,0.0359632
89,0.999123,3.00002932549,0.550999,0.222128,0.0355479
90,0.99883,3.99990320206,0.56903,0.404835,0.0351373
91,0.999123,3.00002932549,0.515296,0.222083,0.0347314
92,0.999415,1.99995160103,0.517685,0.237121,0.0343303
93,0.999415,1.99995160103,0.518947,0.237139,0.0339338
94,0.999415,1.99995160103,0.520186,0.237158,0.0335418
95,0.999415,1.99995160103,0.52141,0.237176,0.0331544
96,0.999415,1.99995160103,0.522618,0.237194,0.0327715
97,0.999415,1.99995160103,0.523809,0.237212,0.032393
98,0.999415,1.99995160103,0.524987,0.237229,0.0320188
99,0.999415,1.99995160103,0.526148,0.237247,0.031649
100,0.999415,1.99995160103,0.527288,0.237264,0.0312835
101,0.999415,1.99995160103,0.528428,0.237281,0.0309222
102,0.999415,1.99995160103,0.529538,0.237298,0.030565
103,0.999123,3.00002932549,0.533543,0.413435,0.030212
104,0.999415,1.99995160103,0.513736,0.237195,0.029863
105,0.999415,1.99995160103,0.514812,0.237211,0.0295181
106,0.999415,1.99995160103,0.515884,0.237227,0.0291772
107,0.999415,1.99995160103,0.516932,0.237243,0.0288402
108,0.999415,1.99995160103,0.517973,0.237258,0.0285071
109,0.999415,1.99995160103,0.518996,0.237274,0.0281778
110,0.999415,1.99995160103,0.520013,0.237289,0.0278523
111,0.999415,1.99995160103,0.521008,0.237304,0.0275307
112,0.999415,1.99995160103,0.521999,0.237319,0.0272127
113,0.999415,1.99995160103,0.522977,0.237333,0.0268984
114,0.999415,1.99995160103,0.52394,0.237348,0.0265877
115,0.999123,3.00002932549,0.525761,0.361953,0.0262806
116,0.999415,1.99995160103,0.527709,0.237371,0.0259771
117,0.999415,1.99995160103,0.528634,0.237385,0.025677
118,0.999415,1.99995160103,0.529542,0.237398,0.0253804
119,0.999415,1.99995160103,0.530446,0.237412,0.0250873
120,0.999415,1.99995160103,0.531339,0.237426,0.0247975
121,0.999415,1.99995160103,0.532249,0.303491,0.0245111
122,0.999123,3.00002932549,0.538671,0.222446,0.024228
123,0.999123,3.00002932549,0.540272,0.222477,0.0239482
124,0.999123,3.00002932549,0.545406,0.413785,0.0236716
125,0.999415,1.99995160103,0.521063,0.237383,0.0233982
126,0.999415,1.99995160103,0.52189,0.237396,0.0231279
127,0.999415,1.99995160103,0.522709,0.237409,0.0228608
128,0.999415,1.99995160103,0.52351,0.237421,0.0225968
129,0.999415,1.99995160103,0.524314,0.237433,0.0223358
130,0.999415,1.99995160103,0.525106,0.237445,0.0220778
131,0.999415,1.99995160103,0.525882,0.237457,0.0218228
132,0.999415,1.99995160103,0.526646,0.237469,0.0215707
133,0.999415,1.99995160103,0.527402,0.23748,0.0213216
134,0.999415,1.99995160103,0.528149,0.237492,0.0210753
135,0.999415,1.99995160103,0.528893,0.237503,0.0208319
136,0.999415,1.99995160103,0.529614,0.237514,0.0205913
137,0.999415,1.99995160103,0.530336,0.237525,0.0203535
138,0.999415,1.99995160103,0.531044,0.237536,0.0201184
139,0.999415,1.99995160103,0.531745,0.237547,0.019886
140,0.999415,1.99995160103,0.532439,0.237558,0.0196563
141,0.999415,1.99995160103,0.533126,0.237568,0.0194293
142,0.999415,1.99995160103,0.533793,0.237579,0.0192049
143,0.999415,1.99995160103,0.534461,0.237589,0.0189831
144,0.999123,3.00002932549,0.535462,0.361971,0.0187638
145,0.999123,3.00002932549,0.539622,0.41409,0.0185471
146,0.999415,1.99995160103,0.51848,0.2226,0.0183329
147,0.999415,1.99995160103,0.522987,0.237559,0.0181211
148,0.999415,1.99995160103,0.523615,0.237568,0.0179118
149,0.999415,1.99995160103,0.524231,0.237578,0.0177049
150,0.999415,1.99995160103,0.524855,0.237587,0.0175004
151,0.999415,1.99995160103,0.525457,0.237597,0.0172983
152,0.999415,1.99995160103,0.526055,0.237606,0.0170985
153,0.999415,1.99995160103,0.52664,0.237615,0.016901
154,0.999415,1.99995160103,0.52723,0.237624,0.0167058
155,0.999415,1.99995160103,0.527804,0.237633,0.0165129
156,0.999123,3.00002932549,0.532049,0.317181,0.0163221
157,0.999415,1.99995160103,0.531713,0.237609,0.0161336
158,0.999415,1.99995160103,0.532273,0.237617,0.0159473
159,0.999415,1.99995160103,0.532823,0.237626,0.0157631
160,0.999415,1.99995160103,0.533371,0.237634,0.015581
161,0.999415,1.99995160103,0.533911,0.237643,0.0154011
162,0.999415,1.99995160103,0.534445,0.237651,0.0152232
163,0.999415,1.99995160103,0.534968,0.237659,0.0150473
164,0.999415,1.99995160103,0.535486,0.237667,0.0148735
165,0.999415,1.99995160103,0.535998,0.237675,0.0147018
166,0.999123,3.00002932549,0.53684,0.414247,0.0145319
167,0.999415,1.99995160103,0.521809,0.237646,0.0143641
168,0.999415,1.99995160103,0.522309,0.237654,0.0141982
169,0.999415,1.99995160103,0.522798,0.237661,0.0140342
170,0.999415,1.99995160103,0.523277,0.237669,0.0138721
171,0.999415,1.99995160103,0.523761,0.237676,0.0137119
172,0.999415,1.99995160103,0.524232,0.237684,0.0135535
173,0.999415,1.99995160103,0.524698,0.237691,0.013397
174,0.999415,1.99995160103,0.525159,0.237698,0.0132422
175,0.999415,1.99995160103,0.525608,0.237705,0.0130893
176,0.999415,1.99995160103,0.526056,0.237712,0.0129381
177,0.999415,1.99995160103,0.526499,0.237719,0.0127887
178,0.999415,1.99995160103,0.527227,0.361915,0.012641
179,0.999415,1.99995160103,0.528298,0.23773,0.012495
180,0.999415,1.99995160103,0.528711,0.237736,0.0123506
181,0.999415,1.99995160103,0.52914,0.237743,0.012208
182,0.999415,1.99995160103,0.529556,0.23775,0.012067
183,0.999415,1.99995160103,0.529971,0.237756,0.0119276
184,0.999415,1.99995160103,0.530376,0.237762,0.0117898
185,0.999415,1.99995160103,0.53078,0.237769,0.0116537
186,0.999123,3.00002932549,0.533576,0.414409,0.0115191
187,0.999123,3.00002932549,0.521368,0.222767,0.011386
188,0.999415,1.99995160103,0.523592,0.237718,0.0112545
189,0.999415,1.99995160103,0.523976,0.237724,0.0111245
190,0.999415,1.99995160103,0.524362,0.23773,0.010996
191,0.999415,1.99995160103,0.524728,0.237735,0.010869
192,0.999415,1.99995160103,0.525668,0.23774,0.0107435
193,0.999415,1.99995160103,0.526039,0.237746,0.0106194
194,0.999415,1.99995160103,0.526401,0.237752,0.0104967
195,0.999415,1.99995160103,0.526753,0.237757,0.0103755
196,0.999415,1.99995160103,0.527112,0.237763,0.0102557
197,0.999415,1.99995160103,0.52746,0.237768,0.0101372
198,0.999415,1.99995160103,0.527809,0.237774,0.0100201
199,0.999415,1.99995160103,0.528143,0.237779,0.0099044
200,0.999415,1.99995160103,0.528485,0.237784,0.00979
201,0.999415,1.99995160103,0.528816,0.23779,0.00967693
202,0.999415,1.99995160103,0.529148,0.237795,0.00956516
203,0.999415,1.99995160103,0.530299,0.237797,0.00945468
204,0.999415,1.99995160103,0.530623,0.237802,0.00934548
205,0.999415,1.99995160103,0.53094,0.237807,0.00923754
206,0.999415,1.99995160103,0.531249,0.237812,0.00913084
207,0.999415,1.99995160103,0.531567,0.237817,0.00902538
208,0.999123,3.00002932549,0.532258,0.414538,0.00892114
209,0.999415,1.99995160103,0.522818,0.237799,0.0088181
210,0.999415,1.99995160103,0.523123,0.237803,0.00871625
211,0.999415,1.99995160103,0.523419,0.237808,0.00861558
212,0.999415,1.99995160103,0.523712,0.237813,0.00851607
213,0.999415,1.99995160103,0.523999,0.237817,0.00841771
214,0.999415,1.99995160103,0.524285,0.237822,0.00832048
215,0.999415,1.99995160103,0.524568,0.237826,0.00822438
216,0.999415,1.99995160103,0.524843,0.23783,0.00812939
217,0.999415,1.99995160103,0.525457,0.222894,0.00803549
218,0.999415,1.99995160103,0.527132,0.237835,0.00794268
219,0.999415,1.99995160103,0.5274,0.237839,0.00785094
220,0.999415,1.99995160103,0.527666,0.237843,0.00776026
221,0.999415,1.99995160103,0.527924,0.237848,0.00767063
222,0.999415,1.99995160103,0.52819,0.237852,0.00758204
223,0.999415,1.99995160103,0.528446,0.237856,0.00749446
224,0.999123,3.00002932549,0.52994,0.414557,0.0074079
225,0.999415,1.99995160103,0.524844,0.361829,0.00732234
226,0.999415,1.99995160103,0.525532,0.237816,0.00723777
227,0.999415,1.99995160103,0.525774,0.23782,0.00715417
228,0.999415,1.99995160103,0.526012,0.237824,0.00707154
229,0.999415,1.99995160103,0.526258,0.237828,0.00698986
230,0.999415,1.99995160103,0.526495,0.237831,0.00690913
231,0.999415,1.99995160103,0.526725,0.237835,0.00682933
232,0.999415,1.99995160103,0.526958,0.237839,0.00675045
233,0.999415,1.99995160103,0.527187,0.237842,0.00667248
234,0.999415,1.99995160103,0.527414,0.237846,0.00659541
235,0.999415,1.99995160103,0.527636,0.237849,0.00651924
236,0.999415,1.99995160103,0.527862,0.237853,0.00644394
237,0.999415,1.99995160103,0.528074,0.237856,0.00636951
238,0.999415,1.99995160103,0.528283,0.23786,0.00629594
239,0.999415,1.99995160103,0.528504,0.237863,0.00622322
240,0.999415,1.99995160103,0.528712,0.237866,0.00615135
241,0.999415,1.99995160103,0.528923,0.237869,0.0060803
242,0.999415,1.99995160103,0.529123,0.237873,0.00601007
243,0.999415,1.99995160103,0.529328,0.237876,0.00594065
244,0.999415,1.99995160103,0.529832,0.237879,0.00587204
245,0.999415,1.99995160103,0.530034,0.237882,0.00580421
246,0.999415,1.99995160103,0.530223,0.237885,0.00573717
247,0.999415,1.99995160103,0.530423,0.237888,0.00567091
248,0.999415,1.99995160103,0.530607,0.237891,0.00560541
249,0.999415,1.99995160103,0.530801,0.237894,0.00554067
250,0.999415,1.99995160103,0.530985,0.237897,0.00547667
251,0.999415,1.99995160103,0.53117,0.2379,0.00541342
252,0.999123,3.00002932549,0.53181,0.414702,0.00535089
253,0.999415,1.99995160103,0.525915,0.237889,0.00528909
254,0.999415,1.99995160103,0.526092,0.237892,0.005228
255,0.999415,1.99995160103,0.526271,0.237894,0.00516762
256,0.999415,1.99995160103,0.527055,0.237884,0.00510793
257,0.999415,1.99995160103,0.527227,0.237887,0.00504893
258,0.999415,1.99995160103,0.527395,0.23789,0.00499062
259,0.999415,1.99995160103,0.527566,0.237893,0.00493298
260,0.999415,1.99995160103,0.527727,0.237895,0.004876
261,0.999415,1.99995160103,0.527889,0.237898,0.00481968
262,0.999415,1.99995160103,0.528055,0.2379,0.00476401
263,0.999415,1.99995160103,0.528216,0.237903,0.00470899
264,0.999415,1.99995160103,0.528369,0.237905,0.0046546
265,0.999415,1.99995160103,0.528521,0.237908,0.00460084
266,0.999415,1.99995160103,0.528681,0.23791,0.0045477
267,0.999415,1.99995160103,0.528834,0.237913,0.00449517
268,0.999415,1.99995160103,0.528981,0.237915,0.00444325
269,0.999415,1.99995160103,0.529181,0.237917,0.00439193
270,0.999415,1.99995160103,0.52933,0.23792,0.00434121
271,0.999415,1.99995160103,0.529483,0.237922,0.00429107
272,0.999415,1.99995160103,0.529622,0.237924,0.0042415
273,0.999415,1.99995160103,0.529761,0.237926,0.00419251
274,0.999415,1.99995160103,0.530196,0.41475,0.00414409
275,0.999415,1.99995160103,0.525911,0.237918,0.00409622
276,0.999415,1.99995160103,0.526054,0.23792,0.00404891
277,0.999415,1.99995160103,0.52619,0.237922,0.00400215
278,0.999415,1.99995160103,0.526349,0.361845,0.00395592
279,0.999415,1.99995160103,0.52675,0.237925,0.00391023
280,0.999415,1.99995160103,0.526879,0.237927,0.00386507
281,0.999415,1.99995160103,0.527008,0.237929,0.00382043
282,0.999415,1.99995160103,0.527137,0.237931,0.0037763
283,0.999415,1.99995160103,0.527264,0.237933,0.00373268
284,0.999415,1.99995160103,0.527387,0.237935,0.00368957
285,0.999415,1.99995160103,0.527511,0.237937,0.00364696
286,0.999415,1.99995160103,0.527635,0.237939,0.00360483
287,0.999415,1.99995160103,0.527757,0.237941,0.0035632
288,0.999415,1.99995160103,0.528287,0.237934,0.00352204
289,0.999415,1.99995160103,0.528404,0.237936,0.00348136
290,0.999415,1.99995160103,0.52866,0.414776,0.00344115
291,0.999415,1.99995160103,0.526265,0.237925,0.00340141
292,0.999415,1.99995160103,0.526382,0.237927,0.00336212
293,0.999415,1.99995160103,0.526493,0.237929,0.00332329
294,0.999415,1.99995160103,0.526608,0.237931,0.0032849
295,0.999415,1.99995160103,0.526712,0.237933,0.00324696
296,0.999415,1.99995160103,0.526822,0.237934,0.00320946
297,0.999415,1.99995160103,0.526933,0.237936,0.00317239
298,0.999415,1.99995160103,0.52704,0.237938,0.00313575
299,0.999415,1.99995160103,0.527143,0.237939,0.00309953
300,0.999123,3.00002932549,0.529156,0.348755,0.00306373
301,0.999415,1.99995160103,0.527618,0.237942,0.00302835
302,0.999415,1.99995160103,0.527725,0.237943,0.00299337
303,0.999415,1.99995160103,0.52782,0.237945,0.00295879
304,0.999415,1.99995160103,0.527919,0.237946,0.00292462
305,0.999415,1.99995160103,0.528013,0.237948,0.00289084
306,0.999415,1.99995160103,0.528113,0.237949,0.00285745
307,0.999415,1.99995160103,0.528208,0.237951,0.00282445
308,0.999415,1.99995160103,0.528298,0.237952,0.00279182
309,0.999415,1.99995160103,0.528397,0.237954,0.00275958
310,0.999415,1.99995160103,0.528629,0.237955,0.00272771
311,0.999415,1.99995160103,0.528723,0.237957,0.0026962
312,0.999415,1.99995160103,0.528808,0.237958,0.00266506
313,0.999415,1.99995160103,0.528898,0.237959,0.00263428
314,0.999415,1.99995160103,0.528989,0.237961,0.00260385
315,0.999415,1.99995160103,0.529077,0.237962,0.00257378
316,0.999415,1.99995160103,0.529165,0.237964,0.00254405
317,0.999415,1.99995160103,0.529249,0.237965,0.00251467
318,0.999415,1.99995160103,0.529334,0.237966,0.00248562
319,0.999415,1.99995160103,0.529413,0.237968,0.00245691
320,0.999415,1.99995160103,0.529495,0.237969,0.00242854
321,0.999415,1.99995160103,0.529573,0.23797,0.00240049
322,0.999415,1.99995160103,0.529759,0.41484,0.00237276
323,0.999415,1.99995160103,0.527556,0.223033,0.00234535
324,0.999415,1.99995160103,0.528016,0.237965,0.00231827
325,0.999415,1.99995160103,0.528096,0.237966,0.00229149
326,0.999415,1.99995160103,0.528167,0.237967,0.00226502
327,0.999415,1.99995160103,0.528242,0.237968,0.00223886
328,0.999415,1.99995160103,0.528323,0.23797,0.002213
329,0.999415,1.99995160103,0.52839,0.237971,0.00218744
330,0.999415,1.99995160103,0.528465,0.237972,0.00216218
331,0.999415,1.99995160103,0.528593,0.361838,0.0021372
332,0.999415,1.99995160103,0.528771,0.237974,0.00211252
333,0.999415,1.99995160103,0.528841,0.237975,0.00208812
334,0.999415,1.99995160103,0.528908,0.237976,0.002064
335,0.999415,1.99995160103,0.528975,0.237977,0.00204016
336,0.999415,1.99995160103,0.529051,0.237978,0.0020166
337,0.999415,1.99995160103,0.529112,0.237979,0.00199331
338,0.999415,1.99995160103,0.529181,0.23798,0.00197028
339,0.999415,1.99995160103,0.529476,0.237976,0.00194753
340,0.999415,1.99995160103,0.529535,0.237977,0.00192503
341,0.999415,1.99995160103,0.529605,0.237978,0.0019028
342,0.999415,1.99995160103,0.529836,0.414865,0.00188082
343,0.999415,1.99995160103,0.527761,0.237975,0.0018591
344,0.999415,1.99995160103,0.527817,0.237976,0.00183762
345,0.999415,1.99995160103,0.52788,0.237977,0.0018164
346,0.999415,1.99995160103,0.527942,0.237978,0.00179542
347,0.999415,1.99995160103,0.527999,0.237979,0.00177468
348,0.999415,1.99995160103,0.528059,0.237979,0.00175418
349,0.999415,1.99995160103,0.528123,0.23798,0.00173392
350,0.999415,1.99995160103,0.528177,0.237981,0.0017139
351,0.999415,1.99995160103,0.52823,0.237982,0.0016941
352,0.999415,1.99995160103,0.52829,0.237983,0.00167453
353,0.999415,1.99995160103,0.528346,0.237984,0.00165519
354,0.999415,1.99995160103,0.528402,0.237985,0.00163608
355,0.999415,1.99995160103,0.528455,0.237986,0.00161718
356,0.999415,1.99995160103,0.528507,0.237987,0.0015985
357,0.999415,1.99995160103,0.528561,0.237987,0.00158004
358,0.999415,1.99995160103,0.52861,0.237988,0.00156179
359,0.999415,1.99995160103,0.528664,0.237989,0.00154375
360,0.999415,1.99995160103,0.528723,0.414877,0.00152592
361,0.999415,1.99995160103,0.527378,0.352188,0.00150829
362,0.999415,1.99995160103,0.527651,0.237986,0.00149087
363,0.999415,1.99995160103,0.527703,0.237987,0.00147365
364,0.999415,1.99995160103,0.52775,0.237987,0.00145663
365,0.999415,1.99995160103,0.527802,0.237988,0.00143981
366,0.999415,1.99995160103,0.527848,0.237989,0.00142318
367,0.999415,1.99995160103,0.527897,0.23799,0.00140674
368,0.999415,1.99995160103,0.527941,0.23799,0.00139049
369,0.999415,1.99995160103,0.527995,0.237991,0.00137443
370,0.999415,1.99995160103,0.528105,0.237992,0.00135856
371,0.999415,1.99995160103,0.528151,0.237992,0.00134287
372,0.999415,1.99995160103,0.528195,0.237993,0.00132736
373,0.999415,1.99995160103,0.52839,0.237991,0.00131203
374,0.999415,1.99995160103,0.528441,0.237991,0.00129687
375,0.999415,1.99995160103,0.528477,0.237992,0.00128189
376,0.999415,1.99995160103,0.528525,0.237993,0.00126709
377,0.999415,1.99995160103,0.52857,0.237993,0.00125245
378,0.999415,1.99995160103,0.528609,0.237994,0.00123799
379,0.999415,1.99995160103,0.528651,0.237995,0.00122369
380,0.999415,1.99995160103,0.528776,0.414894,0.00120955
381,0.999415,1.99995160103,0.527458,0.237992,0.00119558
382,0.999415,1.99995160103,0.527496,0.237993,0.00118177
383,0.999415,1.99995160103,0.527542,0.237993,0.00116812
384,0.999415,1.99995160103,0.527577,0.237994,0.00115463
385,0.999415,1.99995160103,0.527616,0.237995,0.0011413
386,0.999415,1.99995160103,0.527646,0.237995,0.00112811
387,0.999415,1.99995160103,0.527687,0.237996,0.00111508
388,0.999415,1.99995160103,0.527722,0.237996,0.00110221
389,0.999415,1.99995160103,0.527759,0.237997,0.00108948
390,0.999415,1.99995160103,0.527799,0.237998,0.00107689
391,0.999415,1.99995160103,0.527888,0.237998,0.00106445
392,0.999415,1.99995160103,0.527925,0.237999,0.00105216
393,0.999415,1.99995160103,0.527958,0.237999,0.00104001
394,0.999415,1.99995160103,0.527995,0.238,0.00102799
395,0.999415,1.99995160103,0.528029,0.238,0.00101612
396,0.999415,1.99995160103,0.528063,0.238001,0.00100438
397,0.999415,1.99995160103,0.528097,0.238001,0.000992784
398,0.999415,1.99995160103,0.528131,0.238002,0.000981317
399,0.999415,1.99995160103,0.528161,0.238002,0.000969983
400,0.999415,1.99995160103,0.528201,0.238003,0.000958779
401,0.999415,1.99995160103,0.528232,0.238003,0.000947705
402,0.999415,1.99995160103,0.528373,0.238002,0.000936759
403,0.999415,1.99995160103,0.52848,0.414906,0.00092594
404,0.999415,1.99995160103,0.527792,0.237999,0.000915245
405,0.999415,1.99995160103,0.52782,0.237999,0.000904674
406,0.999415,1.99995160103,0.5279,0.361824,0.000894225
407,0.999415,1.99995160103,0.527955,0.238,0.000883896
408,0.999415,1.99995160103,0.52798,0.238,0.000873688
409,0.999415,1.99995160103,0.528008,0.238001,0.000863596
410,0.999415,1.99995160103,0.528035,0.238001,0.000853622
411,0.999415,1.99995160103,0.528068,0.238002,0.000843762
412,0.999415,1.99995160103,0.528092,0.238002,0.000834017
413,0.999415,1.99995160103,0.528119,0.238003,0.000824384
414,0.999415,1.99995160103,0.528153,0.238003,0.000814862
415,0.999415,1.99995160103,0.528177,0.238004,0.000805451
416,0.999415,1.99995160103,0.528197,0.238004,0.000796147
417,0.999415,1.99995160103,0.52823,0.238004,0.000786952
418,0.999415,1.99995160103,0.528255,0.238005,0.000777863
419,0.999415,1.99995160103,0.528279,0.238005,0.000768878
420,0.999415,1.99995160103,0.528346,0.238006,0.000759998
421,0.999415,1.99995160103,0.528375,0.238006,0.00075122
422,0.999415,1.99995160103,0.528402,0.238006,0.000742543
423,0.999415,1.99995160103,0.528422,0.238007,0.000733966
424,0.999415,1.99995160103,0.528442,0.238007,0.000725489
425,0.999415,1.99995160103,0.528469,0.238008,0.00071711
426,0.999415,1.99995160103,0.528504,0.414919,0.000708827
427,0.999415,1.99995160103,0.527772,0.238006,0.00070064
428,0.999415,1.99995160103,0.527801,0.238006,0.000692548
429,0.999415,1.99995160103,0.527817,0.238007,0.000684549
430,0.999415,1.99995160103,0.527843,0.238007,0.000676642
431,0.999415,1.99995160103,0.527872,0.238008,0.000668827
432,0.999415,1.99995160103,0.527889,0.238008,0.000661102
433,0.999415,1.99995160103,0.527907,0.238008,0.000653466
434,0.999415,1.99995160103,0.528009,0.238007,0.000645919
435,0.999415,1.99995160103,0.528034,0.238007,0.000638458
436,0.999415,1.99995160103,0.528052,0.238008,0.000631084
437,0.999415,1.99995160103,0.528075,0.238008,0.000623795
438,0.999415,1.99995160103,0.528093,0.238008,0.00061659
439,0.999415,1.99995160103,0.528116,0.238009,0.000609469
440,0.999415,1.99995160103,0.52813,0.238009,0.000602429
441,0.999415,1.99995160103,0.528164,0.238009,0.000595471
442,0.999415,1.99995160103,0.528179,0.23801,0.000588593
443,0.999415,1.99995160103,0.528203,0.23801,0.000581795
444,0.999415,1.99995160103,0.528289,0.348809,0.000575075
445,0.999415,1.99995160103,0.528322,0.23801,0.000568433
446,0.999415,1.99995160103,0.528342,0.238011,0.000561868
447,0.999415,1.99995160103,0.528362,0.238011,0.000555378
448,0.999415,1.99995160103,0.528384,0.238011,0.000548963
449,0.999415,1.99995160103,0.528394,0.238011,0.000542623
450,0.999415,1.99995160103,0.528465,0.414926,0.000536355
451,0.999415,1.99995160103,0.52789,0.223083,0.00053016
452,0.999415,1.99995160103,0.527998,0.23801,0.000524037
453,0.999415,1.99995160103,0.528019,0.238011,0.000517984
454,0.999415,1.99995160103,0.528031,0.238011,0.000512002
455,0.999415,1.99995160103,0.528052,0.238011,0.000506088
456,0.999415,1.99995160103,0.528068,0.238011,0.000500243
457,0.999415,1.99995160103,0.528081,0.238012,0.000494465
458,0.999415,1.99995160103,0.528092,0.238012,0.000488754
459,0.999415,1.99995160103,0.528109,0.238012,0.000483109
460,0.999415,1.99995160103,0.528127,0.238013,0.000477529
461,0.999415,1.99995160103,0.528145,0.238013,0.000472013
462,0.999415,1.99995160103,0.528163,0.238013,0.000466561
463,0.999415,1.99995160103,0.528176,0.238013,0.000461173
464,0.999415,1.99995160103,0.528194,0.238014,0.000455846
465,0.999415,1.99995160103,0.528212,0.238014,0.000450581
466,0.999415,1.99995160103,0.528225,0.238014,0.000445377
467,0.999415,1.99995160103,0.528239,0.238014,0.000440233
468,0.999415,1.99995160103,0.528251,0.238014,0.000435148
469,0.999415,1.99995160103,0.528265,0.238015,0.000430122
470,0.999415,1.99995160103,0.528291,0.361826,0.000425154
471,0.999415,1.99995160103,0.528541,0.414932,0.000420243
472,0.999415,1.99995160103,0.527892,0.238014,0.00041539
473,0.999415,1.99995160103,0.527907,0.238014,0.000410592
474,0.999415,1.99995160103,0.527926,0.238014,0.000405849
475,0.999415,1.99995160103,0.527934,0.238015,0.000401162
476,0.999415,1.99995160103,0.527944,0.238015,0.000396528
477,0.999415,1.99995160103,0.528011,0.238014,0.000391949
478,0.999415,1.99995160103,0.528019,0.238014,0.000387421
479,0.999415,1.99995160103,0.528026,0.238014,0.000382947
480,0.999415,1.99995160103,0.528046,0.238015,0.000378524
481,0.999415,1.99995160103,0.528061,0.238015,0.000374152
482,0.999415,1.99995160103,0.52807,0.238015,0.00036983
483,0.999415,1.99995160103,0.528081,0.238015,0.000365559
484,0.999415,1.99995160103,0.528097,0.238016,0.000361336
485,0.999415,1.99995160103,0.528113,0.238016,0.000357163
486,0.999415,1.99995160103,0.528122,0.238016,0.000353038
487,0.999415,1.99995160103,0.528134,0.238016,0.00034896
488,0.999415,1.99995160103,0.528184,0.414935,0.000344929
489,0.999415,1.99995160103,0.527805,0.238015,0.000340946
490,0.999415,1.99995160103,0.527818,0.238016,0.000337008
491,0.999415,1.99995160103,0.52783,0.238016,0.000333115
492,0.999415,1.99995160103,0.52784,0.238016,0.000329268
493,0.999415,1.99995160103,0.527852,0.238016,0.000325465
494,0.999415,1.99995160103,0.527857,0.238016,0.000321705
495,0.999415,1.99995160103,0.52789,0.223089,0.00031799
496,0.999415,1.99995160103,0.527955,0.238016,0.000314317
497,0.999415,1.99995160103,0.527965,0.238017,0.000310687
498,0.999415,1.99995160103,0.527969,0.238017,0.000307098
499,0.999415,1.99995160103,0.527979,0.238017,0.000303551
500,0.999415,1.99995160103,0.527992,0.238017,0.000300045
501,0.999415,1.99995160103,0.528,0.238017,0.00029658
502,0.999415,1.99995160103,0.528017,0.361824,0.000293154
503,0.999415,1.99995160103,0.52805,0.238017,0.000289768
504,0.999415,1.99995160103,0.528052,0.238018,0.000286421
505,0.999415,1.99995160103,0.528061,0.238018,0.000283113
506,0.999415,1.99995160103,0.528068,0.238018,0.000279843
507,0.999415,1.99995160103,0.528095,0.414939,0.000276611
508,0.999415,1.99995160103,0.5278,0.238017,0.000273416
509,0.999415,1.99995160103,0.527813,0.238017,0.000270258
510,0.999415,1.99995160103,0.527855,0.238017,0.000267137
511,0.999415,1.99995160103,0.527864,0.238017,0.000264051
512,0.999415,1.99995160103,0.52787,0.238017,0.000261001
513,0.999415,1.99995160103,0.52788,0.238017,0.000257987
514,0.999415,1.99995160103,0.527883,0.238018,0.000255007
515,0.999415,1.99995160103,0.527897,0.238018,0.000252062
516,0.999415,1.99995160103,0.5279,0.238018,0.00024915
517,0.999415,1.99995160103,0.527914,0.238018,0.000246273
518,0.999415,1.99995160103,0.52795,0.348816,0.000243428
519,0.999415,1.99995160103,0.527957,0.238018,0.000240617
520,0.999415,1.99995160103,0.52796,0.238018,0.000237837
521,0.999415,1.99995160103,0.527965,0.238018,0.00023509
522,0.999415,1.99995160103,0.527973,0.238018,0.000232375
523,0.999415,1.99995160103,0.527984,0.238019,0.000229691
524,0.999415,1.99995160103,0.527992,0.238019,0.000227038
525,0.999415,1.99995160103,0.528012,0.238019,0.000224416
526,0.999415,1.99995160103,0.528018,0.238019,0.000221824
527,0.999415,1.99995160103,0.528042,0.41494,0.000219262
528,0.999415,1.99995160103,0.527879,0.238018,0.000216729
529,0.999415,1.99995160103,0.527887,0.238018,0.000214226
530,0.999415,1.99995160103,0.527897,0.238018,0.000211752
531,0.999415,1.99995160103,0.527901,0.238019,0.000209306
532,0.999415,1.99995160103,0.527907,0.238019,0.000206889
533,0.999415,1.99995160103,0.527915,0.238019,0.000204499
534,0.999415,1.99995160103,0.527926,0.238019,0.000202137
535,0.999415,1.99995160103,0.52793,0.238019,0.000199802
536,0.999415,1.99995160103,0.527935,0.238019,0.000197495
537,0.999415,1.99995160103,0.527946,0.238019,0.000195213
538,0.999415,1.99995160103,0.52795,0.238019,0.000192959
539,0.999415,1.99995160103,0.527959,0.238019,0.00019073
540,0.999415,1.99995160103,0.527965,0.23802,0.000188527
541,0.999415,1.99995160103,0.527969,0.23802,0.00018635
542,0.999415,1.99995160103,0.52799,0.23802,0.000184197
543,0.999415,1.99995160103,0.527997,0.23802,0.00018207
544,0.999415,1.99995160103,0.528002,0.23802,0.000179967
545,0.999415,1.99995160103,0.528013,0.23802,0.000177888
546,0.999415,1.99995160103,0.528014,0.23802,0.000175834
547,0.999415,1.99995160103,0.528023,0.23802,0.000173803
548,0.999415,1.99995160103,0.528024,0.23802,0.000171795
549,0.999415,1.99995160103,0.528031,0.23802,0.000169811
550,0.999415,1.99995160103,0.528031,0.23802,0.00016785
551,0.999415,1.99995160103,0.528041,0.238021,0.000165911
552,0.999415,1.99995160103,0.528048,0.238021,0.000163995
553,0.999415,1.99995160103,0.528053,0.238021,0.000162101
554,0.999415,1.99995160103,0.528058,0.238021,0.000160228
555,0.999415,1.99995160103,0.528066,0.238021,0.000158378
556,0.999415,1.99995160103,0.528086,0.238021,0.000156548
557,0.999415,1.99995160103,0.528091,0.238021,0.00015474
558,0.999415,1.99995160103,0.528112,0.414944,0.000152953
559,0.999415,1.99995160103,0.528004,0.361823,0.000151186
560,0.999415,1.99995160103,0.52796,0.23802,0.00014944
561,0.999415,1.99995160103,0.527961,0.23802,0.000147714
562,0.999415,1.99995160103,0.527968,0.238021,0.000146008
563,0.999415,1.99995160103,0.527973,0.238021,0.000144322
564,0.999415,1.99995160103,0.527979,0.238021,0.000142655
565,0.999415,1.99995160103,0.527987,0.238021,0.000141007
566,0.999415,1.99995160103,0.527995,0.238021,0.000139378
567,0.999415,1.99995160103,0.527996,0.238021,0.000137769
568,0.999415,1.99995160103,0.528001,0.238021,0.000136177
569,0.999415,1.99995160103,0.528014,0.238021,0.000134604
570,0.999415,1.99995160103,0.528015,0.238021,0.00013305
571,0.999415,1.99995160103,0.528028,0.238021,0.000131513
572,0.999415,1.99995160103,0.528025,0.238021,0.000129994
573,0.999415,1.99995160103,0.528031,0.238021,0.000128493
574,0.999415,1.99995160103,0.528028,0.238021,0.000127009
575,0.999415,1.99995160103,0.528036,0.238021,0.000125542
576,0.999415,1.99995160103,0.528033,0.238022,0.000124092
577,0.999415,1.99995160103,0.528046,0.238022,0.000122658
578,0.999415,1.99995160103,0.528053,0.414946,0.000121242
579,0.999415,1.99995160103,0.527932,0.223095,0.000119841
580,0.999415,1.99995160103,0.527951,0.238021,0.000118457
581,0.999415,1.99995160103,0.527948,0.238021,0.000117089
582,0.999415,1.99995160103,0.527955,0.238021,0.000115736
583,0.999415,1.99995160103,0.527959,0.238022,0.0001144
584,0.999415,1.99995160103,0.527965,0.238022,0.000113078
585,0.999415,1.99995160103,0.527967,0.238022,0.000111772
586,0.999415,1.99995160103,0.527973,0.238022,0.000110481
587,0.999415,1.99995160103,0.527994,0.238021,0.000109205
588,0.999415,1.99995160103,0.528,0.238022,0.000107944
589,0.999415,1.99995160103,0.528002,0.238022,0.000106697
590,0.999415,1.99995160103,0.528008,0.238022,0.000105465
591,0.999415,1.99995160103,0.528005,0.238022,0.000104247
592,0.999415,1.99995160103,0.528007,0.238022,0.000103043
593,0.999415,1.99995160103,0.528016,0.238022,0.000101852
594,0.999415,1.99995160103,0.528018,0.238022,0.000100676
595,0.999415,1.99995160103,0.528024,0.238022,9.95133e-05
596,0.999415,1.99995160103,0.528026,0.238022,9.83639e-05
597,0.999415,1.99995160103,0.528023,0.238022,9.72278e-05
598,0.999415,1.99995160103,0.528037,0.238022,9.61048e-05
599,0.999415,1.99995160103,0.528043,0.238022,9.49948e-05
600,0.999415,1.99995160103,0.52805,0.414947,9.38976e-05
601,0.999415,1.99995160103,0.527983,0.238022,9.28131e-05
602,0.999415,1.99995160103,0.527985,0.238022,9.17411e-05
603,0.999415,1.99995160103,0.527982,0.238022,9.06814e-05
604,0.999415,1.99995160103,0.528007,0.361823,8.96341e-05
605,0.999415,1.99995160103,0.528,0.238022,8.85988e-05
606,0.999415,1.99995160103,0.528011,0.238022,8.75755e-05
607,0.999415,1.99995160103,0.528013,0.238022,8.6564e-05
608,0.999415,1.99995160103,0.528022,0.238022,8.55642e-05
609,0.999415,1.99995160103,0.528013,0.238022,8.45759e-05
610,0.999415,1.99995160103,0.528027,0.238022,8.35991e-05
611,0.999415,1.99995160103,0.528025,0.238022,8.26335e-05
612,0.999415,1.99995160103,0.528032,0.238022,8.1679e-05
613,0.999415,1.99995160103,0.52803,0.238022,8.07357e-05
614,0.999415,1.99995160103,0.528037,0.238022,7.98031e-05
615,0.999415,1.99995160103,0.528047,0.238022,7.88814e-05
616,0.999415,1.99995160103,0.528045,0.238022,7.79703e-05
617,0.999415,1.99995160103,0.528053,0.238022,7.70698e-05
618,0.999415,1.99995160103,0.528051,0.238022,7.61796e-05
619,0.999415,1.99995160103,0.52805,0.238022,7.52997e-05
620,0.999415,1.99995160103,0.528048,0.238022,7.443e-05
621,0.999415,1.99995160103,0.528056,0.238023,7.35703e-05
622,0.999415,1.99995160103,0.528055,0.238023,7.27206e-05
623,0.999415,1.99995160103,0.528054,0.238023,7.18807e-05
624,0.999415,1.99995160103,0.528054,0.414948,7.10504e-05
625,0.999415,1.99995160103,0.527996,0.238022,7.02298e-05
626,0.999415,1.99995160103,0.527994,0.238022,6.94187e-05
627,0.999415,1.99995160103,0.527993,0.238023,6.86168e-05
628,0.999415,1.99995160103,0.527996,0.238023,6.78243e-05
629,0.999415,1.99995160103,0.527999,0.238023,6.7041e-05
630,0.999415,1.99995160103,0.527997,0.238023,6.62666e-05
631,0.999415,1.99995160103,0.528011,0.238023,6.55012e-05
632,0.999415,1.99995160103,0.528009,0.238023,6.47447e-05
633,0.999415,1.99995160103,0.528012,0.238023,6.39969e-05
634,0.999415,1.99995160103,0.528011,0.238023,6.32577e-05
635,0.999415,1.99995160103,0.528014,0.238023,6.25271e-05
636,0.999415,1.99995160103,0.528013,0.238023,6.18049e-05
637,0.999415,1.99995160103,0.52802,0.238023,6.1091e-05
638,0.999415,1.99995160103,0.528019,0.238023,6.03855e-05
639,0.999415,1.99995160103,0.528022,0.238023,5.9688e-05
640,0.999415,1.99995160103,0.52802,0.238023,5.89986e-05
641,0.999415,1.99995160103,0.528012,0.238023,5.83172e-05
642,0.999415,1.99995160103,0.528022,0.238023,5.76436e-05
643,0.999415,1.99995160103,0.528025,0.238023,5.69778e-05
644,0.999415,1.99995160103,0.528024,0.238023,5.63197e-05
645,0.999415,1.99995160103,0.528025,0.361823,5.56692e-05
646,0.999415,1.99995160103,0.528044,0.414949,5.50262e-05
647,0.999415,1.99995160103,0.527983,0.223096,5.43907e-05
648,0.999415,1.99995160103,0.527994,0.238023,5.37625e-05
649,0.999415,1.99995160103,0.527993,0.238023,5.31415e-05
650,0.999415,1.99995160103,0.527996,0.238023,5.25277e-05
651,0.999415,1.99995160103,0.528004,0.238023,5.1921e-05
652,0.999415,1.99995160103,0.528003,0.238023,5.13213e-05
653,0.999415,1.99995160103,0.528006,0.238023,5.07286e-05
654,0.999415,1.99995160103,0.528,0.238023,5.01426e-05
655,0.999415,1.99995160103,0.52801,0.238023,4.95635e-05
656,0.999415,1.99995160103,0.528013,0.238023,4.8991e-05
657,0.999415,1.99995160103,0.528012,0.238023,4.84252e-05
658,0.999415,1.99995160103,0.528011,0.238023,4.78659e-05
659,0.999415,1.99995160103,0.528019,0.238023,4.7313e-05
660,0.999415,1.99995160103,0.528017,0.238023,4.67665e-05
661,0.999415,1.99995160103,0.528016,0.238023,4.62264e-05
662,0.999415,1.99995160103,0.528019,0.238023,4.56924e-05
663,0.999415,1.99995160103,0.528023,0.238023,4.51647e-05
664,0.999415,1.99995160103,0.528021,0.238023,4.46431e-05
665,0.999415,1.99995160103,0.52802,0.238023,4.41274e-05
666,0.999415,1.99995160103,0.528039,0.414949,4.36178e-05
667,0.999415,1.99995160103,0.527987,0.238023,4.3114e-05
668,0.999415,1.99995160103,0.527986,0.238023,4.2616e-05
669,0.999415,1.99995160103,0.527985,0.238023,4.21238e-05
670,0.999415,1.99995160103,0.527992,0.238023,4.16372e-05
671,0.999415,1.99995160103,0.527991,0.238023,4.11563e-05
672,0.999415,1.99995160103,0.52799,0.238023,4.0681e-05
673,0.999415,1.99995160103,0.527993,0.238023,4.02111e-05
674,0.999415,1.99995160103,0.527996,0.238023,3.97467e-05
675,0.999415,1.99995160103,0.528,0.238023,3.92876e-05
676,0.999415,1.99995160103,0.528005,0.238023,3.88338e-05
677,0.999415,1.99995160103,0.528004,0.238023,3.83853e-05
678,0.999415,1.99995160103,0.528007,0.238023,3.79419e-05
679,0.999415,1.99995160103,0.528011,0.238023,3.75037e-05
680,0.999415,1.99995160103,0.528013,0.238023,3.70705e-05
681,0.999415,1.99995160103,0.528016,0.41495,3.66424e-05
682,0.999415,1.99995160103,0.527982,0.238023,3.62191e-05
683,0.999415,1.99995160103,0.527987,0.361823,3.58008e-05
684,0.999415,1.99995160103,0.527987,0.238023,3.53873e-05
685,0.999415,1.99995160103,0.527992,0.238024,3.49786e-05
686,0.999415,1.99995160103,0.527991,0.238024,3.45746e-05
687,0.999415,1.99995160103,0.527994,0.238024,3.41752e-05
688,0.999415,1.99995160103,0.528002,0.238024,3.37805e-05
689,0.999415,1.99995160103,0.528001,0.238024,3.33903e-05
690,0.999415,1.99995160103,0.527999,0.238024,3.30047e-05
691,0.999415,1.99995160103,0.527998,0.238024,3.26235e-05
692,0.999415,1.99995160103,0.528006,0.238024,3.22467e-05
693,0.999415,1.99995160103,0.528,0.238024,3.18742e-05
694,0.999415,1.99995160103,0.528017,0.41495,3.15061e-05
695,0.999415,1.99995160103,0.527987,0.238024,3.11422e-05
696,0.999415,1.99995160103,0.527987,0.238024,3.07825e-05
0.999415,0.527987,25.459544897079468,1.00684,0.154381053606,0.0279304334546
