12,20,0.1,2,1000, .1 
0,0.504678,1693.9999795,2.03886e+06,706.035,0.0999327
1,0.55117,1535.00005603,953904.0,453.631,0.0977369
2,0.606725,1344.99996543,491309.0,308.575,0.0955893
3,0.671053,1124.99998927,274351.0,215.616,0.0934889
4,0.721345,953.000074625,170687.0,153.608,0.0914347
5,0.758772,824.999910593,115607.0,118.859,0.0894256
6,0.784503,737.000001669,82201.3,96.6916,0.0874607
7,0.802924,673.999997377,59694.5,79.0235,0.0855389
8,0.82193,609.000041485,44791.8,65.7211,0.0836594
9,0.837719,554.999921322,34799.4,53.0879,0.0818211
10,0.845906,526.999987364,28271.3,46.1646,0.0800233
11,0.856725,489.999965429,23563.3,37.5637,0.0782649
12,0.866082,457.999924421,20439.0,31.3518,0.0765452
13,0.872807,434.99997139,18184.2,28.0307,0.0748633
14,0.877778,418.000077009,16411.1,25.9142,0.0732183
15,0.87924,413.000096083,14862.4,24.9685,0.0716095
16,0.883626,397.999949455,13519.4,22.9884,0.0700361
17,0.886257,389.000065327,12342.2,22.4302,0.0684972
18,0.890351,374.999996424,11284.1,20.9762,0.0669921
19,0.893567,363.999956846,10378.7,20.1128,0.0655201
20,0.898246,347.999936342,9535.81,19.3999,0.0640804
21,0.901462,337.000100613,8768.97,19.1422,0.0626724
22,0.905556,323.00003171,8062.91,18.503,0.0612953
23,0.912573,299.000000954,7427.52,17.4757,0.0599484
24,0.916082,287.0000875,6884.83,16.7216,0.0586312
25,0.922807,263.99993062,6380.07,16.0007,0.0573429
26,0.923684,260.999901295,5905.98,15.9229,0.0560829
27,0.925439,255.000046492,5457.99,15.9162,0.0548506
28,0.928655,244.000006914,5020.44,15.4961,0.0536454
29,0.931871,232.999967337,4627.13,15.0204,0.0524666
30,0.935088,221.999927759,4258.83,14.8943,0.0513138
31,0.940936,202.000004053,3919.65,13.7793,0.0501863
32,0.942398,197.000023127,3612.0,13.8763,0.0490835
33,0.945029,187.99993515,3313.77,13.6798,0.048005
34,0.947368,179.999924898,3039.27,13.1596,0.0469502
35,0.950292,169.999963045,2783.38,12.6086,0.0459186
36,0.951754,164.999982119,2558.75,12.493,0.0449096
37,0.954678,155.000020266,2344.43,12.0766,0.0439228
38,0.95614,150.000039339,2152.46,11.6183,0.0429577
39,0.958187,142.999902964,1984.71,11.0061,0.0420138
40,0.960526,135.00009656,1836.12,10.2741,0.0410906
41,0.960526,135.00009656,1706.06,10.005,0.0401877
42,0.963743,124.000056982,1592.47,9.29055,0.0393047
43,0.966082,116.00004673,1488.89,8.69706,0.0384411
44,0.967251,111.99993968,1400.65,8.5563,0.0375964
45,0.968129,108.999910355,1316.05,8.42567,0.0367703
46,0.969883,103.000055552,1236.64,8.11137,0.0359623
47,0.97076,100.000026226,1160.95,7.98046,0.0351721
48,0.971637,96.9999969006,1090.71,7.88837,0.0343993
49,0.971637,96.9999969006,1024.03,7.77806,0.0336435
50,0.973099,92.000015974,960.51,7.60798,0.0329042
51,0.973684,90.000064373,901.334,7.45122,0.0321812
52,0.974854,85.9999573231,846.478,7.45204,0.0314741
53,0.975439,84.000005722,792.797,7.31975,0.0307825
54,0.976316,80.9999763966,743.148,7.08443,0.0301061
55,0.976901,79.0000247955,697.592,6.94661,0.0294446
56,0.977193,77.9999470711,653.385,6.94758,0.0287976
57,0.97807,74.9999177456,617.671,6.44777,0.0281649
58,0.978655,72.9999661446,584.532,6.11598,0.027546
59,0.979532,69.9999368191,553.652,5.91736,0.0269407
60,0.980117,67.999985218,525.5,5.86546,0.0263488
61,0.980409,66.9999074936,498.069,5.76779,0.0257698
62,0.981287,64.000082016,473.532,5.55728,0.0252036
63,0.981871,61.9999265671,450.729,5.54074,0.0246498
64,0.982456,59.999974966,428.938,5.34098,0.0241081
65,0.983918,54.9999940395,409.203,4.87016,0.0235784
66,0.983626,56.000071764,392.148,4.87969,0.0230603
67,0.984211,53.9999163151,376.388,4.80227,0.0225536
68,0.983918,54.9999940395,360.77,4.80853,0.0220581
69,0.984503,53.0000424385,346.549,4.63403,0.0215734
70,0.984211,53.9999163151,332.919,4.67346,0.0210993
71,0.98538,50.000013113,319.571,4.46348,0.0206357
72,0.985088,51.0000908375,307.251,4.47075,0.0201823
73,0.985965,48.000061512,295.687,4.40034,0.0197388
74,0.986257,46.9999837875,285.405,4.39943,0.0193051
75,0.986257,46.9999837875,275.292,4.32493,0.0188809
76,0.98655,45.9999060631,266.078,4.13101,0.0184661
77,0.987719,42.000002861,257.322,4.12963,0.0180603
78,0.986842,45.0000321865,248.934,4.21176,0.0176635
79,0.987719,42.000002861,241.11,4.11193,0.0172754
80,0.988012,40.9999251366,233.184,4.01951,0.0168958
81,0.988304,40.00005126,225.842,3.96062,0.0165245
82,0.988596,38.9999735355,218.422,3.9577,0.0161614
83,0.988596,38.9999735355,211.625,4.00269,0.0158063
84,0.988596,38.9999735355,204.425,4.01898,0.015459
85,0.988596,38.9999735355,197.712,3.87482,0.0151193
86,0.988889,38.000099659,191.545,3.76251,0.0147871
87,0.988889,38.000099659,185.579,3.81346,0.0144622
88,0.988889,38.000099659,179.819,3.80862,0.0141444
89,0.988889,38.000099659,174.237,3.8021,0.0138336
90,0.988889,38.000099659,168.527,3.81701,0.0135297
91,0.989181,37.0000219345,163.506,3.72676,0.0132324
92,0.989474,35.9999442101,158.298,3.74418,0.0129416
93,0.990058,33.999992609,153.782,3.86723,0.0126572
94,0.990351,32.9999148846,148.81,3.71601,0.0123791
95,0.990058,33.999992609,144.453,3.72449,0.0121071
96,0.990058,33.999992609,139.734,3.72872,0.0118411
97,0.989766,35.0000703335,135.376,3.78317,0.0115809
98,0.989766,35.0000703335,131.152,3.78551,0.0113264
99,0.990058,33.999992609,126.791,3.67293,0.0110776
100,0.989181,37.0000219345,122.535,3.79892,0.0108342
101,0.990351,32.9999148846,118.802,3.67354,0.0105961
102,0.990643,32.000041008,114.736,3.64598,0.0103633
103,0.990643,32.000041008,110.896,3.27147,0.0101356
104,0.990643,32.000041008,108.342,3.43896,0.00991286
105,0.991228,30.000089407,105.459,3.2136,0.00969504
106,0.990936,30.9999632835,103.367,3.06414,0.00948201
107,0.991813,27.9999339581,101.167,2.68302,0.00927367
108,0.992105,27.0000600815,99.5974,2.51648,0.0090699
109,0.992398,25.999982357,98.2436,2.50682,0.0088706
110,0.992105,27.0000600815,96.9275,2.58301,0.00867569
111,0.992398,25.999982357,95.6852,2.50963,0.00848506
112,0.992398,25.999982357,94.3971,2.51097,0.00829862
113,0.99269,24.9999046326,93.1843,2.42626,0.00811627
114,0.99269,24.9999046326,92.0201,2.42766,0.00793794
115,0.992398,25.999982357,90.8796,2.50639,0.00776352
116,0.99269,24.9999046326,89.8032,2.43035,0.00759293
117,0.99269,24.9999046326,88.6975,2.43159,0.00742609
118,0.992982,24.000030756,87.6217,2.28076,0.00726292
119,0.99269,24.9999046326,86.7016,2.36432,0.00710333
120,0.992982,24.000030756,85.8478,2.2832,0.00694725
121,0.992982,24.000030756,84.9507,2.28437,0.0067946
122,0.992982,24.000030756,84.0887,2.28547,0.0066453
123,0.992398,25.999982357,83.2416,2.46118,0.00649928
124,0.992982,24.000030756,82.4695,2.28775,0.00635647
125,0.992982,24.000030756,81.6411,2.28884,0.00621681
126,0.99269,24.9999046326,80.8769,2.37206,0.0060802
127,0.992982,24.000030756,80.2407,2.17272,0.0059466
128,0.993275,22.9999530315,79.6273,2.16768,0.00581594
129,0.992982,24.000030756,78.9998,2.19117,0.00568815
130,0.993275,22.9999530315,78.4209,2.16869,0.00556316
131,0.993275,22.9999530315,77.8542,2.2558,0.00544092
132,0.992982,24.000030756,77.3179,2.19273,0.00532137
133,0.993567,22.000079155,76.7637,2.14519,0.00520444
134,0.993275,22.9999530315,76.284,2.36914,0.00509009
135,0.99386,21.0000014305,75.8274,2.18095,0.00497824
136,0.99386,21.0000014305,75.3461,2.1814,0.00486886
137,0.99386,21.0000014305,74.8216,2.18182,0.00476187
138,0.993567,22.000079155,74.4103,2.26852,0.00465724
139,0.99386,21.0000014305,73.9814,2.20737,0.00455491
140,0.993275,22.9999530315,73.5167,2.32979,0.00445482
141,0.99386,21.0000014305,73.0914,2.18357,0.00435694
142,0.99386,21.0000014305,72.7225,2.18397,0.0042612
143,0.99386,21.0000014305,72.282,2.18441,0.00416757
144,0.993567,22.000079155,71.8937,2.20941,0.004076
145,0.99386,21.0000014305,71.4561,2.18513,0.00398644
146,0.99386,21.0000014305,71.1197,2.18551,0.00389884
147,0.99386,21.0000014305,70.724,2.18589,0.00381317
148,0.993275,22.9999530315,70.4367,2.33669,0.00372939
149,0.994152,19.9999237061,70.1091,1.87242,0.00364744
150,0.99386,21.0000014305,69.8587,1.90485,0.0035673
151,0.99386,21.0000014305,69.6121,1.97283,0.00348891
152,0.99386,21.0000014305,69.4098,2.02127,0.00341225
153,0.994152,19.9999237061,69.1779,1.87331,0.00333727
154,0.994152,19.9999237061,68.9349,1.87352,0.00326394
155,0.99386,21.0000014305,68.7287,1.90585,0.00319223
156,0.99386,21.0000014305,68.5228,2.02203,0.00312208
157,0.994152,19.9999237061,68.3418,1.87412,0.00305348
158,0.994152,19.9999237061,68.1192,1.87432,0.00298639
159,0.994152,19.9999237061,67.9015,1.87451,0.00292077
160,0.993567,22.000079155,67.7692,2.04649,0.00285659
161,0.994444,19.0000498295,67.5699,1.82964,0.00279382
162,0.994152,19.9999237061,67.3895,1.8626,0.00273243
163,0.994152,19.9999237061,67.2201,1.91996,0.00267239
164,0.994444,19.0000498295,67.077,1.83001,0.00261367
165,0.994444,19.0000498295,66.9163,1.83011,0.00255624
166,0.994737,17.999972105,66.7718,1.74875,0.00250008
167,0.994737,17.999972105,66.6272,1.74889,0.00244514
168,0.994444,19.0000498295,66.4865,1.95623,0.00239142
169,0.994444,19.0000498295,66.3924,1.8909,0.00233887
170,0.994737,17.999972105,66.2521,1.74929,0.00228748
171,0.994737,17.999972105,66.1328,1.74939,0.00223721
172,0.994737,17.999972105,66.0033,1.74951,0.00218806
173,0.994737,17.999972105,65.9191,1.74964,0.00213998
174,0.994737,17.999972105,65.7951,1.74975,0.00209296
175,0.994737,17.999972105,65.6756,1.74986,0.00204697
176,0.994444,19.0000498295,65.575,1.85295,0.00200199
177,0.994444,19.0000498295,65.4698,1.78432,0.001958
178,0.994444,19.0000498295,65.365,1.88091,0.00191498
179,0.994444,19.0000498295,65.2587,1.89188,0.0018729
180,0.994737,17.999972105,65.1629,1.75038,0.00183175
181,0.994737,17.999972105,65.0728,1.7505,0.0017915
182,0.994444,19.0000498295,64.9777,1.89214,0.00175213
183,0.994737,17.999972105,64.8861,1.75067,0.00171363
184,0.994737,17.999972105,64.7918,1.75075,0.00167598
185,0.994737,17.999972105,64.6961,1.74128,0.00163915
186,0.994444,19.0000498295,64.6218,1.89245,0.00160314
187,0.994737,17.999972105,64.5363,1.75102,0.00156791
188,0.994737,17.999972105,64.4452,1.7511,0.00153346
189,0.994444,19.0000498295,64.3637,1.88189,0.00149977
190,0.994444,19.0000498295,64.2978,1.89273,0.00146681
191,0.994737,17.999972105,64.2138,1.75134,0.00143458
192,0.994737,17.999972105,64.1304,1.75142,0.00140306
193,0.994444,19.0000498295,64.0547,1.89293,0.00137223
194,0.994444,19.0000498295,63.9942,1.83997,0.00134208
195,0.995029,17.0000982285,63.9207,1.75586,0.00131259
196,0.994737,17.999972105,63.8485,1.75171,0.00128375
197,0.994737,17.999972105,63.78,1.72204,0.00125554
198,0.994737,17.999972105,63.7329,1.8435,0.00122795
199,0.994444,19.0000498295,63.6625,1.88262,0.00120097
200,0.995029,17.0000982285,63.6042,1.75622,0.00117458
201,0.995029,17.0000982285,63.5373,1.75629,0.00114877
202,0.994737,17.999972105,63.4806,1.85909,0.00112353
203,0.995029,17.0000982285,63.4209,1.75642,0.00109884
204,0.995029,17.0000982285,63.3627,1.75648,0.0010747
205,0.995029,17.0000982285,63.3058,1.75654,0.00105108
206,0.994737,17.999972105,63.2548,1.85533,0.00102799
207,0.994737,17.999972105,63.2175,1.96968,0.0010054
208,0.995029,17.0000982285,63.1573,1.75672,0.000983309
209,0.994444,19.0000498295,63.1058,1.75053,0.000961703
210,0.994444,19.0000498295,63.0691,2.11532,0.000940571
211,0.994737,17.999972105,63.0172,1.75265,0.000919905
212,0.995029,17.0000982285,62.9712,1.75693,0.000899691
213,0.994737,17.999972105,62.9267,1.85971,0.000879923
214,0.995029,17.0000982285,62.8847,1.7629,0.000860588
215,0.994737,17.999972105,62.8366,1.75285,0.000841678
216,0.995029,17.0000982285,62.7961,1.75713,0.000823184
217,0.994737,17.999972105,62.7557,1.85989,0.000805097
218,0.994737,17.999972105,62.7151,1.97015,0.000787406
219,0.995029,17.0000982285,62.6754,1.75727,0.000770105
220,0.994737,17.999972105,62.6366,1.86002,0.000753183
221,0.995029,17.0000982285,62.6014,1.8838,0.000736633
222,0.995029,17.0000982285,62.5662,1.84469,0.000720448
223,0.994737,17.999972105,62.5275,1.84472,0.000704617
224,0.994737,17.999972105,62.4917,1.95449,0.000689135
225,0.995029,17.0000982285,62.4573,1.8448,0.000673992
226,0.994737,17.999972105,62.4269,1.75331,0.000659183
227,0.994737,17.999972105,62.3917,1.86029,0.000644699
228,0.995029,17.0000982285,62.3606,1.75763,0.000630533
229,0.994737,17.999972105,62.327,1.76353,0.000616678
230,0.994737,17.999972105,62.2963,1.76356,0.000603128
231,0.995029,17.0000982285,62.2623,1.86043,0.000589875
232,0.994444,19.0000498295,62.2374,1.8842,0.000576914
233,0.994737,17.999972105,62.2085,1.97063,0.000564238
234,0.994444,19.0000498295,62.1799,1.85651,0.00055184
235,0.995029,17.0000982285,62.1547,1.75787,0.000539714
236,0.995029,17.0000982285,62.127,1.7579,0.000527855
237,0.995029,17.0000982285,62.0991,1.75792,0.000516257
238,0.994737,17.999972105,62.072,1.7537,0.000504913
239,0.995029,17.0000982285,62.0504,1.84522,0.000493818
240,0.994737,17.999972105,62.0247,1.75376,0.000482968
241,0.995029,17.0000982285,62.0012,1.75804,0.000472355
242,0.995029,17.0000982285,61.9762,1.75806,0.000461977
243,0.994737,17.999972105,61.9549,1.89643,0.000451825
244,0.995029,17.0000982285,61.932,1.75812,0.000441898
245,0.995029,17.0000982285,61.9072,1.75814,0.000432188
246,0.995029,17.0000982285,61.8843,1.86085,0.000422691
247,0.995029,17.0000982285,61.8656,1.75394,0.000413404
248,0.995029,17.0000982285,61.8449,1.75821,0.00040432
249,0.994737,17.999972105,61.8238,1.75398,0.000395436
250,0.995029,17.0000982285,61.8068,1.75826,0.000386747
251,0.995029,17.0000982285,61.7862,1.75828,0.000378249
252,0.995029,17.0000982285,61.7661,1.7583,0.000369938
253,0.995029,17.0000982285,61.7461,1.84553,0.000361809
254,0.994737,17.999972105,61.7305,1.97779,0.000353859
255,0.995029,17.0000982285,61.7115,1.85783,0.000346084
256,0.995029,17.0000982285,61.6921,1.78814,0.000338479
257,0.995029,17.0000982285,61.6753,1.86108,0.000331042
258,0.995029,17.0000982285,61.6614,1.75842,0.000323768
259,0.995029,17.0000982285,61.6441,1.75844,0.000316654
260,0.994737,17.999972105,61.6266,1.75421,0.000309696
261,0.995029,17.0000982285,61.6135,1.75848,0.000302891
262,0.995029,17.0000982285,61.5971,1.76436,0.000296236
263,0.994444,19.0000498295,61.5823,1.75223,0.000289727
264,0.995029,17.0000982285,61.569,1.75853,0.00028336
265,0.995029,17.0000982285,61.5541,1.76441,0.000277134
266,0.995029,17.0000982285,61.5395,1.90233,0.000271045
267,0.995029,17.0000982285,61.5252,1.75432,0.000265089
268,0.994737,17.999972105,61.5129,1.86126,0.000259264
269,0.995029,17.0000982285,61.5006,1.75861,0.000253567
270,0.995029,17.0000982285,61.4871,1.75862,0.000247996
271,0.995029,17.0000982285,61.4733,1.75863,0.000242547
272,0.994737,17.999972105,61.4611,1.85729,0.000237217
273,0.994737,17.999972105,61.4533,2.04948,0.000232005
274,0.995029,17.0000982285,61.4397,1.84585,0.000226907
275,0.994737,17.999972105,61.4274,1.94392,0.000221921
276,0.995029,17.0000982285,61.4169,1.85813,0.000217045
277,0.994737,17.999972105,61.4057,1.98957,0.000212276
278,0.995029,17.0000982285,61.3939,1.78845,0.000207612
279,0.994737,17.999972105,61.3835,1.97263,0.00020305
280,0.995029,17.0000982285,61.3755,1.75449,0.000198588
281,0.995029,17.0000982285,61.3658,1.75876,0.000194225
282,0.995029,17.0000982285,61.3549,1.75877,0.000189957
283,0.995029,17.0000982285,61.3463,1.75878,0.000185783
284,0.995029,17.0000982285,61.3368,1.75453,0.000181701
285,0.995029,17.0000982285,61.3275,1.7588,0.000177708
286,0.994737,17.999972105,61.3181,1.86147,0.000173803
287,0.995029,17.0000982285,61.31,1.88522,0.000169985
288,0.995029,17.0000982285,61.3018,1.75883,0.00016625
289,0.995029,17.0000982285,61.293,1.76471,0.000162596
290,0.995029,17.0000982285,61.2853,1.75885,0.000159024
291,0.995029,17.0000982285,61.2768,1.75886,0.00015553
292,0.995029,17.0000982285,61.2685,1.75887,0.000152112
293,0.995029,17.0000982285,61.26,1.75888,0.00014877
294,0.994737,17.999972105,61.2527,1.86709,0.000145501
295,0.994737,17.999972105,61.2466,1.7526,0.000142304
296,0.995029,17.0000982285,61.2387,1.7589,0.000139177
297,0.994737,17.999972105,61.2319,1.86156,0.000136119
298,0.995029,17.0000982285,61.2255,1.88531,0.000133128
299,0.995029,17.0000982285,61.2191,1.76479,0.000130203
300,0.994737,17.999972105,61.213,1.85564,0.000127342
301,0.995029,17.0000982285,61.2069,1.84609,0.000124544
302,0.995029,17.0000982285,61.2002,1.75895,0.000121807
303,0.995029,17.0000982285,61.1939,1.75895,0.000119131
304,0.995029,17.0000982285,61.1874,1.86161,0.000116513
305,0.995029,17.0000982285,61.182,1.75897,0.000113953
306,0.995029,17.0000982285,61.1759,1.75897,0.000111449
307,0.995029,17.0000982285,61.17,1.75472,0.000109
308,0.995029,17.0000982285,61.1642,1.86164,0.000106605
309,0.995029,17.0000982285,61.1599,1.88539,0.000104263
310,0.995029,17.0000982285,61.1551,1.76487,0.000101972
311,0.995029,17.0000982285,61.1495,1.86166,9.9731e-05
312,0.995029,17.0000982285,61.1449,1.75901,9.75397e-05
313,0.995029,17.0000982285,61.1398,1.75902,9.53965e-05
314,0.995029,17.0000982285,61.1347,1.75902,9.33003e-05
315,0.994737,17.999972105,61.1309,1.75477,9.12502e-05
316,0.995029,17.0000982285,61.1257,1.75903,8.92452e-05
317,0.995029,17.0000982285,61.121,1.75904,8.72842e-05
318,0.995029,17.0000982285,61.1163,1.75478,8.53663e-05
319,0.995029,17.0000982285,61.1127,1.75905,8.34906e-05
320,0.995029,17.0000982285,61.1082,1.76492,8.1656e-05
321,0.995029,17.0000982285,61.104,1.76493,7.98618e-05
322,0.995029,17.0000982285,61.0994,1.75906,7.8107e-05
323,0.994444,19.0000498295,61.0975,2.1901,7.63908e-05
324,0.995029,17.0000982285,61.0925,1.78877,7.47123e-05
325,0.995029,17.0000982285,61.0886,1.75907,7.30706e-05
326,0.995029,17.0000982285,61.0851,1.75908,7.1465e-05
327,0.995029,17.0000982285,61.0812,1.75482,6.98947e-05
328,0.995029,17.0000982285,61.0779,1.75909,6.83589e-05
329,0.995029,17.0000982285,61.0751,1.75909,6.68569e-05
330,0.995029,17.0000982285,61.0715,1.75909,6.53879e-05
331,0.995029,17.0000982285,61.0679,1.7591,6.39511e-05
332,0.995029,17.0000982285,61.0644,1.76497,6.25459e-05
333,0.995029,17.0000982285,61.0614,1.96204,6.11716e-05
334,0.995029,17.0000982285,61.0586,1.75911,5.98275e-05
335,0.995029,17.0000982285,61.0555,1.75911,5.85129e-05
336,0.995029,17.0000982285,61.0523,1.76498,5.72272e-05
337,0.995029,17.0000982285,61.0492,1.86177,5.59697e-05
338,0.994737,17.999972105,61.0471,1.75486,5.47399e-05
339,0.995029,17.0000982285,61.0442,1.75486,5.35371e-05
340,0.995029,17.0000982285,61.0414,1.75913,5.23607e-05
341,0.995029,17.0000982285,61.0392,1.89744,5.12102e-05
342,0.995029,17.0000982285,61.0364,1.765,5.0085e-05
343,0.995029,17.0000982285,61.0337,1.76501,4.89845e-05
344,0.995029,17.0000982285,61.0309,1.75914,4.79082e-05
345,0.995029,17.0000982285,61.0288,1.89392,4.68555e-05
346,0.995029,17.0000982285,61.0265,1.75914,4.58259e-05
347,0.995029,17.0000982285,61.0241,1.76502,4.4819e-05
348,0.995029,17.0000982285,61.022,1.75915,4.38342e-05
349,0.995029,17.0000982285,61.0198,1.75489,4.2871e-05
350,0.995029,17.0000982285,61.0176,1.75915,4.1929e-05
351,0.995029,17.0000982285,61.0158,1.75916,4.10077e-05
352,0.995029,17.0000982285,61.0136,1.75916,4.01067e-05
353,0.995029,17.0000982285,61.0114,1.75916,3.92254e-05
354,0.995029,17.0000982285,61.0095,1.7549,3.83635e-05
355,0.995029,17.0000982285,61.0076,1.97356,3.75205e-05
356,0.995029,17.0000982285,61.006,1.75917,3.66961e-05
357,0.995029,17.0000982285,61.0042,1.75917,3.58898e-05
358,0.995029,17.0000982285,61.0022,1.86737,3.51012e-05
359,0.995029,17.0000982285,61.0006,1.76504,3.43299e-05
360,0.995029,17.0000982285,60.9987,1.75918,3.35756e-05
361,0.995029,17.0000982285,60.997,1.75492,3.28378e-05
362,0.995029,17.0000982285,60.9953,1.86737,3.21163e-05
363,0.995029,17.0000982285,60.9938,1.75918,3.14106e-05
364,0.995029,17.0000982285,60.9922,1.8975,3.07204e-05
365,0.995029,17.0000982285,60.9906,1.8578,3.00454e-05
366,0.995029,17.0000982285,60.9893,1.76506,2.93852e-05
367,0.995029,17.0000982285,60.9877,1.75919,2.87395e-05
368,0.995029,17.0000982285,60.986,1.75919,2.8108e-05
369,0.995029,17.0000982285,60.9845,1.75493,2.74904e-05
370,0.995029,17.0000982285,60.9835,1.75919,2.68864e-05
371,0.995029,17.0000982285,60.9821,1.76506,2.62956e-05
372,0.995029,17.0000982285,60.9808,1.97178,2.57178e-05
373,0.995029,17.0000982285,60.9797,1.76289,2.51527e-05
374,0.995029,17.0000982285,60.9785,1.7592,2.46e-05
375,0.995029,17.0000982285,60.9772,1.7592,2.40595e-05
376,0.995029,17.0000982285,60.9759,1.89751,2.35308e-05
377,0.995029,17.0000982285,60.9748,1.76507,2.30138e-05
378,0.995029,17.0000982285,60.9735,1.75494,2.25081e-05
379,0.995029,17.0000982285,60.9726,1.97303,2.20135e-05
380,0.995029,17.0000982285,60.9716,1.75921,2.15298e-05
381,0.995029,17.0000982285,60.9706,1.75494,2.10568e-05
382,0.995029,17.0000982285,60.9695,1.75921,2.05941e-05
383,0.995029,17.0000982285,60.9684,1.76508,2.01416e-05
384,0.995029,17.0000982285,60.9675,1.75921,1.9699e-05
385,0.995029,17.0000982285,60.9666,1.79671,1.92662e-05
386,0.995029,17.0000982285,60.9657,1.89753,1.88428e-05
387,0.995029,17.0000982285,60.9648,1.86186,1.84288e-05
388,0.995029,17.0000982285,60.9638,1.75922,1.80239e-05
389,0.995029,17.0000982285,60.9628,1.75922,1.76278e-05
390,0.995029,17.0000982285,60.9617,1.75922,1.72405e-05
391,0.995029,17.0000982285,60.9608,1.86741,1.68617e-05
392,0.995029,17.0000982285,60.96,1.89587,1.64912e-05
393,0.995029,17.0000982285,60.9594,1.89753,1.61288e-05
394,0.995029,17.0000982285,60.9585,1.76509,1.57744e-05
395,0.995029,17.0000982285,60.9575,1.75922,1.54278e-05
396,0.995029,17.0000982285,60.9567,1.85784,1.50888e-05
397,0.995029,17.0000982285,60.956,1.75923,1.47573e-05
398,0.995029,17.0000982285,60.9553,1.75496,1.4433e-05
399,0.995029,17.0000982285,60.9546,1.75923,1.41159e-05
400,0.995029,17.0000982285,60.9539,1.75923,1.38057e-05
401,0.995029,17.0000982285,60.9532,1.75923,1.35023e-05
402,0.995029,17.0000982285,60.9525,1.75923,1.32057e-05
403,0.995029,17.0000982285,60.9519,1.97181,1.29155e-05
404,0.995029,17.0000982285,60.951,1.75497,1.26317e-05
405,0.995029,17.0000982285,60.9504,1.7651,1.23541e-05
406,0.995029,17.0000982285,60.9497,1.7651,1.20827e-05
407,0.995029,17.0000982285,60.9492,1.7651,1.18172e-05
408,0.995029,17.0000982285,60.9486,1.89755,1.15575e-05
409,0.995029,17.0000982285,60.9479,1.75923,1.13036e-05
410,0.995029,17.0000982285,60.9475,1.90299,1.10552e-05
411,0.995029,17.0000982285,60.9469,1.76511,1.08123e-05
412,0.995029,17.0000982285,60.9463,1.75924,1.05747e-05
413,0.995029,17.0000982285,60.9458,1.86743,1.03424e-05
414,0.995029,17.0000982285,60.9452,1.76511,1.01151e-05
415,0.995029,17.0000982285,60.9446,1.85863,9.89286e-06
416,0.995029,17.0000982285,60.944,1.79385,9.67548e-06
417,0.995029,17.0000982285,60.9436,1.86743,9.46288e-06
418,0.995029,17.0000982285,60.9431,1.76511,9.25496e-06
419,0.995029,17.0000982285,60.9426,1.84636,9.0516e-06
420,0.995029,17.0000982285,60.9422,1.85863,8.8527e-06
421,0.995029,17.0000982285,60.9419,1.85863,8.65819e-06
422,0.995029,17.0000982285,60.9415,1.75498,8.46794e-06
423,0.995029,17.0000982285,60.9411,1.75924,8.28187e-06
424,0.995029,17.0000982285,60.9407,1.75924,8.0999e-06
425,0.995029,17.0000982285,60.9403,1.76511,7.92192e-06
426,0.995029,17.0000982285,60.9399,1.76511,7.74785e-06
427,0.995029,17.0000982285,60.9397,1.76511,7.57761e-06
428,0.995029,17.0000982285,60.9393,1.75498,7.41111e-06
429,0.995029,17.0000982285,60.939,1.83419,7.24826e-06
430,0.995029,17.0000982285,60.9387,1.84105,7.089e-06
431,0.995029,17.0000982285,60.9383,1.85863,6.93323e-06
432,0.995029,17.0000982285,60.9381,1.76511,6.78089e-06
433,0.995029,17.0000982285,60.9378,1.76511,6.63189e-06
434,0.995029,17.0000982285,60.9375,1.86744,6.48617e-06
435,0.995029,17.0000982285,60.9373,1.75295,6.34365e-06
436,0.995029,17.0000982285,60.937,1.79386,6.20426e-06
437,0.995029,17.0000982285,60.9366,1.76512,6.06794e-06
438,0.995029,17.0000982285,60.9364,1.86744,5.9346e-06
439,0.995029,17.0000982285,60.936,1.76512,5.80421e-06
440,0.995029,17.0000982285,60.9357,1.75295,5.67667e-06
441,0.995029,17.0000982285,60.9355,1.75295,5.55194e-06
442,0.995029,17.0000982285,60.9352,1.79918,5.42994e-06
443,0.995029,17.0000982285,60.935,1.75295,5.31063e-06
444,0.995029,17.0000982285,60.9347,1.76512,5.19394e-06
445,0.995029,17.0000982285,60.9344,1.75295,5.07981e-06
446,0.995029,17.0000982285,60.9341,1.76512,4.9682e-06
447,0.995029,17.0000982285,60.934,1.73935,4.85903e-06
448,0.995029,17.0000982285,60.9337,1.75295,4.75226e-06
449,0.995029,17.0000982285,60.9334,1.97634,4.64784e-06
450,0.995029,17.0000982285,60.9332,1.75295,4.54572e-06
451,0.995029,17.0000982285,60.933,1.73948,4.44583e-06
452,0.995029,17.0000982285,60.9326,1.79918,4.34815e-06
453,0.995029,17.0000982285,60.9324,1.76512,4.2526e-06
454,0.995029,17.0000982285,60.9322,1.76512,4.15916e-06
455,0.995029,17.0000982285,60.932,1.75295,4.06777e-06
456,0.995029,17.0000982285,60.9317,1.75295,3.97839e-06
457,0.995029,17.0000982285,60.9315,1.76512,3.89097e-06
458,0.995029,17.0000982285,60.9313,1.75295,3.80548e-06
459,0.995029,17.0000982285,60.9311,1.75295,3.72186e-06
460,0.995029,17.0000982285,60.9309,1.76512,3.64008e-06
461,0.995029,17.0000982285,60.9306,1.76512,3.5601e-06
462,0.995029,17.0000982285,60.9304,1.7764,3.48187e-06
463,0.995029,17.0000982285,60.9302,1.73936,3.40537e-06
464,0.995029,17.0000982285,60.93,1.72701,3.33054e-06
465,0.995029,17.0000982285,60.9297,1.75295,3.25736e-06
466,0.995029,17.0000982285,60.9296,1.91211,3.18578e-06
467,0.995029,17.0000982285,60.9293,1.76512,3.11579e-06
468,0.995029,17.0000982285,60.9292,1.86744,3.04732e-06
469,0.995029,17.0000982285,60.9291,1.76512,2.98036e-06
470,0.995029,17.0000982285,60.9289,1.76512,2.91488e-06
471,0.995029,17.0000982285,60.9287,1.76512,2.85083e-06
472,0.995029,17.0000982285,60.9286,1.79918,2.78818e-06
473,0.995029,17.0000982285,60.9285,1.72701,2.72692e-06
474,0.995029,17.0000982285,60.9285,1.86744,2.667e-06
475,0.995029,17.0000982285,60.9283,1.73936,2.6084e-06
476,0.995029,17.0000982285,60.9282,1.72701,2.55109e-06
477,0.995029,17.0000982285,60.9282,1.91211,2.49503e-06
478,0.995029,17.0000982285,60.9281,1.72701,2.44021e-06
479,0.995029,17.0000982285,60.9281,1.91211,2.38659e-06
0.995029,60.9281,15.813353538513184,0.5,0.442102329375,0.0562797508691
