66,20,0.2,2,1000, .1 
0,0.524269,1627.000072,1.69343e+06,603.765,0.099953
1,0.562573,1496.00008249,860930.0,409.228,0.0984127
2,0.590936,1399.00008559,472094.0,288.193,0.0968962
3,0.626608,1276.99998021,274171.0,210.718,0.0954031
4,0.664035,1149.00002003,167902.0,160.179,0.0939329
5,0.692982,1050.00007153,105157.0,122.577,0.0924855
6,0.731287,919.000082016,69460.5,96.5843,0.0910603
7,0.766667,798.000054359,46715.9,78.3241,0.0896571
8,0.795906,698.000028133,31397.5,64.8354,0.0882755
9,0.831287,577.000000477,22203.1,47.4699,0.0869152
10,0.851462,507.999937534,16895.5,38.4569,0.0855758
11,0.865497,460.00007987,13372.9,33.4871,0.0842571
12,0.880409,408.999989033,10731.3,28.9764,0.0829588
13,0.892982,365.999908447,8773.95,25.5454,0.0816804
14,0.904386,326.999934912,7268.75,22.6582,0.0804217
15,0.917836,281.000028849,6219.53,18.7316,0.0791824
16,0.924854,256.999998093,5430.85,16.894,0.0779623
17,0.934211,224.999957085,4805.94,14.9365,0.0767609
18,0.940351,203.999955654,4354.42,12.7468,0.075578
19,0.945322,187.000061274,4009.95,11.7621,0.0744134
20,0.949415,172.999992371,3710.99,11.2005,0.0732667
21,0.952632,161.999952793,3450.32,10.1737,0.0721377
22,0.957018,147.000010014,3245.26,9.46211,0.0710261
23,0.957602,145.000058413,3062.16,9.23299,0.0699316
24,0.959649,137.999922037,2892.78,8.63177,0.068854
25,0.961111,132.999941111,2752.81,8.06218,0.0677929
26,0.962573,127.999960184,2634.75,7.95347,0.0667483
27,0.965205,119.000076056,2521.7,7.65115,0.0657197
28,0.964912,119.999949932,2415.62,7.65731,0.064707
29,0.964912,119.999949932,2311.53,7.65033,0.0637099
30,0.963743,124.000056982,2210.74,7.44419,0.0627281
31,0.96462,121.000027657,2119.94,7.17237,0.0617615
32,0.965789,116.999920607,2034.27,7.162,0.0608098
33,0.965789,116.999920607,1950.93,6.99425,0.0598727
34,0.966374,114.999969006,1871.7,6.61379,0.0589501
35,0.966959,113.000017405,1802.06,6.53671,0.0580417
36,0.969591,103.999929428,1735.05,6.38865,0.0571473
37,0.969591,103.999929428,1670.32,6.38617,0.0562667
38,0.969883,103.000055552,1606.95,6.28741,0.0553996
39,0.970175,101.999977827,1545.4,6.29765,0.0545459
40,0.970175,101.999977827,1484.59,6.27472,0.0537054
41,0.97076,100.000026226,1425.7,6.15087,0.0528778
42,0.969006,106.000084877,1371.86,6.05041,0.052063
43,0.971637,96.9999969006,1321.52,5.88544,0.0512607
44,0.971053,98.9999485016,1273.62,5.79945,0.0504708
45,0.971637,96.9999969006,1227.21,5.76735,0.049693
46,0.971345,98.000074625,1182.11,5.66877,0.0489273
47,0.97193,95.9999191761,1138.63,5.67553,0.0481733
48,0.973392,90.9999382496,1096.68,5.68332,0.047431
49,0.972222,95.0000452995,1054.0,5.63763,0.0467001
50,0.973684,90.000064373,1014.29,5.49263,0.0459805
51,0.973392,90.9999382496,976.625,5.46952,0.0452719
52,0.974269,87.9999089241,940.128,5.44591,0.0445743
53,0.973977,88.9999866486,904.275,5.40866,0.0438874
54,0.974561,87.0000350475,869.677,5.38937,0.0432111
55,0.974561,87.0000350475,835.315,5.3218,0.0425452
56,0.975731,82.9999279976,803.036,5.34662,0.0418896
57,0.976023,82.000054121,770.653,5.27045,0.0412441
58,0.976316,80.9999763966,739.867,5.27531,0.0406086
59,0.976608,79.9998986721,708.795,5.26911,0.0399828
60,0.976901,79.0000247955,680.504,5.15689,0.0393667
61,0.977193,77.9999470711,653.284,4.96788,0.0387601
62,0.977485,77.0000731945,628.389,4.95779,0.0381628
63,0.978655,72.9999661446,603.836,4.78076,0.0375747
64,0.979825,69.0000629425,580.687,4.77644,0.0369957
65,0.979825,69.0000629425,558.163,4.77138,0.0364256
66,0.978947,72.000092268,536.31,4.78207,0.0358643
67,0.979825,69.0000629425,514.918,4.57059,0.0353116
68,0.980117,67.999985218,494.54,4.5196,0.0347675
69,0.979532,69.9999368191,474.983,4.54439,0.0342317
70,0.97924,71.0000145435,455.383,4.42252,0.0337042
71,0.97924,71.0000145435,436.748,4.49837,0.0331849
72,0.97924,71.0000145435,418.682,4.5794,0.0326735
73,0.978947,72.000092268,400.344,4.54897,0.03217
74,0.978363,74.000043869,382.584,4.5221,0.0316743
75,0.978363,74.000043869,364.966,4.3632,0.0311862
76,0.97924,71.0000145435,349.326,4.10987,0.0307056
77,0.980117,67.999985218,336.09,4.05073,0.0302324
78,0.980409,66.9999074936,323.228,4.04951,0.0297666
79,0.981579,63.0000042915,310.764,3.79846,0.0293079
80,0.981871,61.9999265671,300.075,3.80479,0.0288562
81,0.981287,64.000082016,289.824,3.75641,0.0284116
82,0.980994,64.9999558926,279.755,3.79002,0.0279738
83,0.980117,67.999985218,271.18,3.83015,0.0275427
84,0.979532,69.9999368191,262.234,3.82989,0.0271183
85,0.979825,69.0000629425,253.146,3.82157,0.0267004
86,0.979825,69.0000629425,244.895,3.81972,0.0262889
87,0.980702,66.000033617,237.35,3.61855,0.0258838
88,0.980117,67.999985218,229.882,3.57184,0.025485
89,0.981287,64.000082016,223.324,3.74426,0.0250923
90,0.982456,59.999974966,216.636,2.69308,0.0247056
91,0.982164,61.0000526905,212.306,2.65241,0.0243249
92,0.981579,63.0000042915,207.95,2.63576,0.0239501
93,0.982456,59.999974966,203.938,2.54824,0.023581
94,0.982456,59.999974966,200.159,2.57706,0.0232176
95,0.982456,59.999974966,196.13,2.58951,0.0228598
96,0.982749,59.0001010895,192.234,2.54715,0.0225076
97,0.982749,59.0001010895,188.646,2.33836,0.0221607
98,0.982456,59.999974966,185.09,2.52588,0.0218192
99,0.983041,58.000023365,181.739,2.51577,0.021483
100,0.982749,59.0001010895,178.405,2.4875,0.021152
101,0.982456,59.999974966,175.254,2.37724,0.020826
102,0.983041,58.000023365,172.322,2.43004,0.0205051
103,0.982164,61.0000526905,169.22,2.41312,0.0201891
104,0.983333,56.9999456406,166.151,2.33524,0.019878
105,0.983333,56.9999456406,163.161,2.2037,0.0195717
106,0.982164,61.0000526905,160.375,2.39305,0.0192701
107,0.982456,59.999974966,157.45,2.35655,0.0189732
108,0.983041,58.000023365,154.828,2.41694,0.0186808
109,0.983626,56.000071764,151.896,2.29103,0.0183929
110,0.983333,56.9999456406,149.294,2.39213,0.0181095
111,0.983041,58.000023365,146.964,2.24815,0.0178304
112,0.983333,56.9999456406,144.994,2.1909,0.0175557
113,0.984211,53.9999163151,142.782,2.0905,0.0172851
114,0.984503,53.0000424385,141.009,1.92254,0.0170188
115,0.984503,53.0000424385,139.14,1.90831,0.0167565
116,0.984211,53.9999163151,137.415,1.99402,0.0164983
117,0.984503,53.0000424385,135.719,1.91407,0.0162441
118,0.98538,50.000013113,133.994,1.85353,0.0159938
119,0.985673,48.9999353886,132.526,1.69447,0.0157473
120,0.985088,51.0000908375,131.265,1.7445,0.0155046
121,0.98538,50.000013113,129.867,1.79251,0.0152657
122,0.985088,51.0000908375,128.716,1.79974,0.0150305
123,0.984795,51.9999647141,127.476,1.7982,0.0147989
124,0.98538,50.000013113,126.254,1.80901,0.0145708
125,0.984795,51.9999647141,125.033,1.8198,0.0143463
126,0.985965,48.000061512,123.815,1.69349,0.0141252
127,0.985088,51.0000908375,122.897,1.63049,0.0139076
128,0.985673,48.9999353886,122.033,1.7854,0.0136932
129,0.985673,48.9999353886,121.189,1.62901,0.0134822
130,0.986257,46.9999837875,120.298,1.73865,0.0132745
131,0.985965,48.000061512,119.673,1.64788,0.0130699
132,0.985965,48.000061512,118.67,1.64779,0.0128685
133,0.986257,46.9999837875,117.953,1.62358,0.0126702
134,0.985965,48.000061512,117.255,1.64789,0.012475
135,0.985965,48.000061512,116.411,1.5677,0.0122827
136,0.98538,50.000013113,115.72,1.58535,0.0120935
137,0.985965,48.000061512,115.033,1.56798,0.0119071
138,0.985673,48.9999353886,114.336,1.57338,0.0117236
139,0.985965,48.000061512,113.598,1.59529,0.011543
140,0.985673,48.9999353886,112.998,1.59743,0.0113651
141,0.98538,50.000013113,112.277,1.57437,0.01119
142,0.986257,46.9999837875,111.59,1.57729,0.0110175
143,0.985965,48.000061512,110.966,1.60722,0.0108478
144,0.985965,48.000061512,110.293,1.58694,0.0106806
145,0.985673,48.9999353886,109.658,1.57537,0.010516
146,0.986257,46.9999837875,109.034,1.56023,0.010354
147,0.985965,48.000061512,108.476,1.60715,0.0101944
148,0.98538,50.000013113,107.77,1.53659,0.0100373
149,0.985673,48.9999353886,107.282,1.57541,0.00988264
150,0.985673,48.9999353886,106.629,1.59101,0.00973035
151,0.98538,50.000013113,106.105,1.56549,0.00958041
152,0.985673,48.9999353886,105.468,1.5354,0.00943278
153,0.985965,48.000061512,104.997,1.60722,0.00928742
154,0.985965,48.000061512,104.378,1.53558,0.00914431
155,0.985965,48.000061512,103.887,1.55111,0.00900339
156,0.985673,48.9999353886,103.32,1.57558,0.00886466
157,0.98655,45.9999060631,102.786,1.62079,0.00872805
158,0.985673,48.9999353886,102.314,1.57517,0.00859356
159,0.986257,46.9999837875,101.813,1.53503,0.00846113
160,0.985673,48.9999353886,101.487,1.56719,0.00833075
161,0.986257,46.9999837875,100.951,1.5939,0.00820237
162,0.985673,48.9999353886,100.575,1.56725,0.00807598
163,0.986257,46.9999837875,100.07,1.53929,0.00795153
164,0.985673,48.9999353886,99.732,1.56724,0.007829
165,0.985965,48.000061512,99.2822,1.54972,0.00770836
166,0.98538,50.000013113,98.8424,1.57892,0.00758957
167,0.985965,48.000061512,98.4837,1.50416,0.00747262
168,0.985673,48.9999353886,98.0718,1.56748,0.00735747
169,0.985673,48.9999353886,97.7047,1.46611,0.00724409
170,0.985965,48.000061512,97.2585,1.5179,0.00713246
171,0.986257,46.9999837875,96.942,1.55018,0.00702255
172,0.985965,48.000061512,96.5306,1.51798,0.00691434
173,0.985673,48.9999353886,96.2044,1.57871,0.00680779
174,0.98655,45.9999060631,95.8274,1.56117,0.00670289
175,0.985965,48.000061512,95.5051,1.57591,0.0065996
176,0.98655,45.9999060631,95.1487,1.47807,0.0064979
177,0.985965,48.000061512,94.8234,1.57252,0.00639777
178,0.986842,45.0000321865,94.4932,1.481,0.00629918
179,0.985965,48.000061512,94.1546,1.57263,0.00620211
180,0.986257,46.9999837875,93.8564,1.57868,0.00610654
181,0.986842,45.0000321865,93.4964,1.48132,0.00601244
182,0.98655,45.9999060631,93.209,1.64978,0.00591979
183,0.986842,45.0000321865,92.9056,1.48831,0.00582857
184,0.986257,46.9999837875,92.6098,1.58514,0.00573875
185,0.98655,45.9999060631,92.3022,1.56832,0.00565032
186,0.98655,45.9999060631,91.9961,1.6021,0.00556325
187,0.986842,45.0000321865,91.7193,1.6337,0.00547752
188,0.986842,45.0000321865,91.4424,1.53019,0.00539311
189,0.985965,48.000061512,91.1581,1.57657,0.00531001
190,0.987427,43.0000805855,90.8694,1.47403,0.00522818
191,0.986257,46.9999837875,90.6048,1.60035,0.00514762
192,0.987135,43.9999544621,90.3373,1.55472,0.00506829
193,0.98655,45.9999060631,90.0631,1.50362,0.00499019
194,0.98655,45.9999060631,89.8272,1.60228,0.0049133
195,0.987135,43.9999544621,89.5632,1.54316,0.00483758
196,0.98655,45.9999060631,89.3355,1.60225,0.00476304
197,0.98655,45.9999060631,89.1251,1.54688,0.00468964
198,0.985965,48.000061512,88.9138,1.45758,0.00461737
199,0.987135,43.9999544621,88.6801,1.4716,0.00454622
200,0.98655,45.9999060631,88.4724,1.48089,0.00447617
201,0.987135,43.9999544621,88.2678,1.46916,0.00440719
202,0.98655,45.9999060631,88.0527,1.48697,0.00433928
203,0.98655,45.9999060631,87.872,1.50659,0.00427241
204,0.986257,46.9999837875,87.6566,1.48253,0.00420657
205,0.986842,45.0000321865,87.4587,1.4039,0.00414175
206,0.98655,45.9999060631,87.2499,1.51597,0.00407793
207,0.98655,45.9999060631,87.0743,1.46556,0.00401509
208,0.98655,45.9999060631,86.8657,1.65812,0.00395322
209,0.985965,48.000061512,86.7384,1.51866,0.0038923
210,0.985965,48.000061512,86.5405,1.52814,0.00383232
211,0.987135,43.9999544621,86.3458,1.42361,0.00377326
212,0.98655,45.9999060631,86.1714,1.48709,0.00371512
213,0.986257,46.9999837875,85.9958,1.50006,0.00365787
214,0.98655,45.9999060631,85.8537,1.4871,0.0036015
215,0.98655,45.9999060631,85.6493,1.40868,0.00354601
216,0.986257,46.9999837875,85.5159,1.54388,0.00349136
217,0.98655,45.9999060631,85.3344,1.43563,0.00343756
218,0.98655,45.9999060631,85.1786,1.56961,0.00338459
219,0.986842,45.0000321865,85.0549,1.47787,0.00333243
220,0.98655,45.9999060631,84.9449,1.55694,0.00328108
221,0.985965,48.000061512,84.7776,1.77409,0.00323052
222,0.985965,48.000061512,84.6675,1.571,0.00318074
223,0.987135,43.9999544621,84.5269,1.44207,0.00313173
224,0.986842,45.0000321865,84.3532,1.44481,0.00308347
225,0.986842,45.0000321865,84.2507,1.54003,0.00303595
226,0.986842,45.0000321865,84.1346,1.44472,0.00298917
227,0.986257,46.9999837875,84.0076,1.57225,0.00294311
228,0.986842,45.0000321865,83.8727,1.45016,0.00289776
229,0.986257,46.9999837875,83.7574,1.70133,0.0028531
230,0.98655,45.9999060631,83.6462,1.55653,0.00280914
231,0.986842,45.0000321865,83.5381,1.47735,0.00276585
232,0.987427,43.0000805855,83.427,1.54369,0.00272323
233,0.986842,45.0000321865,83.3124,1.59399,0.00268126
234,0.986842,45.0000321865,83.1824,1.35867,0.00263995
235,0.98655,45.9999060631,83.0841,1.55625,0.00259926
236,0.98655,45.9999060631,82.964,1.63034,0.00255921
237,0.986257,46.9999837875,82.8771,1.43445,0.00251977
238,0.98655,45.9999060631,82.7898,1.55616,0.00248094
239,0.98655,45.9999060631,82.6668,1.43636,0.00244271
240,0.986842,45.0000321865,82.5888,1.47527,0.00240507
241,0.987135,43.9999544621,82.459,1.43243,0.00236801
242,0.986257,46.9999837875,82.3758,1.54901,0.00233152
243,0.986257,46.9999837875,82.2765,1.60565,0.00229559
244,0.986842,45.0000321865,82.1927,1.86774,0.00226022
245,0.98655,45.9999060631,82.1044,1.55587,0.00222539
246,0.987135,43.9999544621,81.9959,1.53787,0.0021911
247,0.98655,45.9999060631,81.9226,1.84944,0.00215733
248,0.987135,43.9999544621,81.826,1.72162,0.00212409
249,0.98655,45.9999060631,81.7255,1.69047,0.00209136
250,0.986842,45.0000321865,81.6795,1.61385,0.00205913
251,0.987135,43.9999544621,81.5746,1.58111,0.0020274
252,0.987427,43.0000805855,81.4639,1.53926,0.00199616
253,0.98655,45.9999060631,81.4093,1.74952,0.0019654
254,0.987135,43.9999544621,81.3215,1.68613,0.00193511
255,0.986842,45.0000321865,81.2349,1.6136,0.00190529
256,0.987135,43.9999544621,81.1556,1.53748,0.00187593
257,0.987135,43.9999544621,81.0853,1.60254,0.00184702
258,0.987427,43.0000805855,81.0083,1.67296,0.00181856
259,0.987135,43.9999544621,80.948,1.63651,0.00179054
260,0.987135,43.9999544621,80.8579,1.63469,0.00176295
261,0.987135,43.9999544621,80.7955,1.62867,0.00173578
262,0.987427,43.0000805855,80.7315,1.7724,0.00170903
263,0.987427,43.0000805855,80.6595,1.63412,0.0016827
264,0.987427,43.0000805855,80.5891,1.52405,0.00165677
265,0.987719,42.000002861,80.5166,1.74274,0.00163124
266,0.987427,43.0000805855,80.4439,1.73496,0.0016061
267,0.987427,43.0000805855,80.3855,1.524,0.00158135
268,0.987427,43.0000805855,80.3237,1.60406,0.00155698
269,0.987427,43.0000805855,80.276,1.73494,0.00153299
270,0.987427,43.0000805855,80.2046,1.73496,0.00150937
271,0.987719,42.000002861,80.1411,1.48922,0.00148611
272,0.987427,43.0000805855,80.0858,1.73331,0.00146321
273,0.987427,43.0000805855,80.0202,1.5962,0.00144066
274,0.987719,42.000002861,79.9685,1.49106,0.00141846
275,0.986842,45.0000321865,79.9154,1.66179,0.0013966
276,0.987427,43.0000805855,79.8733,1.60394,0.00137508
277,0.987427,43.0000805855,79.8007,1.52563,0.00135389
278,0.987719,42.000002861,79.7457,1.63493,0.00133303
279,0.987427,43.0000805855,79.7006,1.67476,0.00131249
280,0.987719,42.000002861,79.6413,1.51871,0.00129226
281,0.987427,43.0000805855,79.5904,1.44573,0.00127235
282,0.988012,40.9999251366,79.5435,1.6247,0.00125274
283,0.987719,42.000002861,79.4929,1.51866,0.00123344
284,0.988012,40.9999251366,79.4459,1.62521,0.00121443
285,0.987135,43.9999544621,79.3969,1.55767,0.00119572
286,0.987135,43.9999544621,79.3539,1.55764,0.00117729
287,0.987719,42.000002861,79.3034,1.62521,0.00115915
288,0.987719,42.000002861,79.2582,1.51856,0.00114129
289,0.987427,43.0000805855,79.2145,1.53028,0.0011237
290,0.987427,43.0000805855,79.1721,1.73333,0.00110638
291,0.987719,42.000002861,79.1302,1.51851,0.00108933
292,0.987135,43.9999544621,79.0874,1.52346,0.00107255
293,0.987135,43.9999544621,79.0397,1.77109,0.00105602
294,0.987427,43.0000805855,78.9959,1.62846,0.00103975
295,0.987135,43.9999544621,78.9578,1.63419,0.00102373
296,0.987427,43.0000805855,78.9268,1.73497,0.00100795
297,0.987135,43.9999544621,78.8753,1.4878,0.000992418
298,0.987719,42.000002861,78.845,1.62341,0.000977125
299,0.987427,43.0000805855,78.8071,1.59608,0.000962068
300,0.986842,45.0000321865,78.764,1.66373,0.000947243
301,0.987719,42.000002861,78.735,1.74296,0.000932646
302,0.986842,45.0000321865,78.6934,1.55909,0.000918275
303,0.987427,43.0000805855,78.6513,1.60354,0.000904124
304,0.987427,43.0000805855,78.6198,1.73497,0.000890192
305,0.987135,43.9999544621,78.5861,1.55546,0.000876474
306,0.987719,42.000002861,78.5422,1.6035,0.000862968
307,0.987135,43.9999544621,78.5083,1.55667,0.00084967
308,0.987719,42.000002861,78.4861,1.49038,0.000836577
309,0.986842,45.0000321865,78.443,1.46888,0.000823685
310,0.987427,43.0000805855,78.4257,1.86991,0.000810993
311,0.987135,43.9999544621,78.3903,1.63576,0.000798495
312,0.987427,43.0000805855,78.3512,1.49251,0.000786191
313,0.987427,43.0000805855,78.3283,1.77279,0.000774076
314,0.987719,42.000002861,78.2988,1.73497,0.000762148
315,0.987719,42.000002861,78.2566,1.41001,0.000750403
316,0.988304,40.00005126,78.23,1.50665,0.00073884
317,0.987427,43.0000805855,78.2004,1.55867,0.000727454
318,0.987719,42.000002861,78.1725,1.51626,0.000716245
319,0.987427,43.0000805855,78.1443,1.5231,0.000705208
320,0.987135,43.9999544621,78.1181,1.4891,0.00069434
321,0.988012,40.9999251366,78.0825,1.37354,0.000683641
322,0.987135,43.9999544621,78.0712,1.69262,0.000673106
323,0.987719,42.000002861,78.0365,1.44249,0.000662734
324,0.987719,42.000002861,78.0108,1.73315,0.000652521
325,0.987719,42.000002861,77.9856,1.51803,0.000642466
326,0.987719,42.000002861,77.9593,1.52811,0.000632566
327,0.987719,42.000002861,77.9337,1.63482,0.000622818
328,0.987719,42.000002861,77.9117,1.51801,0.000613221
329,0.988012,40.9999251366,77.8829,1.39588,0.000603771
330,0.987719,42.000002861,77.8593,1.7732,0.000594467
331,0.987135,43.9999544621,77.8466,1.63391,0.000585307
332,0.987427,43.0000805855,77.8123,1.50692,0.000576287
333,0.988012,40.9999251366,77.7976,1.81767,0.000567407
334,0.987427,43.0000805855,77.7736,1.52479,0.000558663
335,0.988012,40.9999251366,77.7448,1.45889,0.000550055
336,0.987135,43.9999544621,77.731,1.63559,0.000541578
337,0.988012,40.9999251366,77.7025,1.39779,0.000533233
338,0.988012,40.9999251366,77.6831,1.62452,0.000525016
339,0.987719,42.000002861,77.6617,1.63595,0.000516925
340,0.987719,42.000002861,77.647,1.62502,0.00050896
341,0.987135,43.9999544621,77.6265,1.63556,0.000501117
342,0.987135,43.9999544621,77.606,1.62971,0.000493395
343,0.987719,42.000002861,77.5836,1.58092,0.000485792
344,0.988012,40.9999251366,77.5659,1.63242,0.000478306
345,0.987135,43.9999544621,77.5499,1.63382,0.000470935
346,0.987427,43.0000805855,77.5277,1.60318,0.000463678
347,0.987719,42.000002861,77.5102,1.625,0.000456533
348,0.987427,43.0000805855,77.4929,1.60143,0.000449498
349,0.987135,43.9999544621,77.4733,1.65841,0.000442572
350,0.988012,40.9999251366,77.4582,1.62499,0.000435752
351,0.987135,43.9999544621,77.443,1.6355,0.000429037
352,0.987719,42.000002861,77.4243,1.62327,0.000422426
353,0.987719,42.000002861,77.4066,1.49203,0.000415916
354,0.987135,43.9999544621,77.3933,1.63549,0.000409507
355,0.988012,40.9999251366,77.3739,1.73336,0.000403197
356,0.987427,43.0000805855,77.3592,1.66761,0.000396983
357,0.987719,42.000002861,77.3452,1.70451,0.000390866
358,0.987719,42.000002861,77.3323,1.62497,0.000384843
359,0.988012,40.9999251366,77.3109,1.6031,0.000378913
360,0.987427,43.0000805855,77.3038,1.73497,0.000373074
361,0.987719,42.000002861,77.2835,1.48981,0.000367325
362,0.987719,42.000002861,77.2717,1.60308,0.000361664
363,0.987427,43.0000805855,77.2592,1.52456,0.000356091
364,0.987719,42.000002861,77.2438,1.48979,0.000350604
365,0.987427,43.0000805855,77.2284,1.63542,0.000345201
366,0.987427,43.0000805855,77.2184,1.52454,0.000339882
367,0.987427,43.0000805855,77.2051,1.60306,0.000334644
368,0.988304,40.00005126,77.1879,1.54735,0.000329488
369,0.987427,43.0000805855,77.1813,1.52452,0.00032441
370,0.988596,38.9999735355,77.1625,1.54734,0.000319411
371,0.988596,38.9999735355,77.1517,1.56802,0.000314489
372,0.987427,43.0000805855,77.1426,1.5245,0.000309643
373,0.987719,42.000002861,77.1269,1.60937,0.000304871
374,0.988012,40.9999251366,77.1168,1.76213,0.000300173
375,0.987135,43.9999544621,77.1067,1.63537,0.000295548
376,0.987427,43.0000805855,77.0948,1.64192,0.000290994
377,0.988012,40.9999251366,77.0842,1.82804,0.000286509
378,0.987719,42.000002861,77.0709,1.56355,0.000282094
379,0.988012,40.9999251366,77.0611,1.67342,0.000277747
380,0.988304,40.00005126,77.0499,1.71096,0.000273467
381,0.987427,43.0000805855,77.0412,1.63364,0.000269253
382,0.987427,43.0000805855,77.0299,1.60299,0.000265104
383,0.988012,40.9999251366,77.0188,1.51744,0.000261019
384,0.987719,42.000002861,77.0094,1.48967,0.000256997
385,0.987135,43.9999544621,76.9987,1.60752,0.000253037
386,0.988304,40.00005126,76.9895,1.66638,0.000249137
387,0.987719,42.000002861,76.9809,1.51756,0.000245298
388,0.988012,40.9999251366,76.9715,1.51558,0.000241518
389,0.988304,40.00005126,76.9612,1.52675,0.000237797
390,0.987719,42.000002861,76.9511,1.52674,0.000234132
391,0.988304,40.00005126,76.9419,1.60296,0.000230524
392,0.988304,40.00005126,76.9324,1.39532,0.000226972
393,0.988304,40.00005126,76.9257,1.73493,0.000223474
394,0.987719,42.000002861,76.9171,1.49872,0.000220031
395,0.988304,40.00005126,76.9064,1.38282,0.00021664
396,0.987719,42.000002861,76.9023,1.73332,0.000213302
397,0.988012,40.9999251366,76.8921,1.40926,0.000210015
398,0.987719,42.000002861,76.8843,1.52854,0.000206779
399,0.988304,40.00005126,76.8765,1.81577,0.000203592
400,0.988012,40.9999251366,76.8679,1.44342,0.000200455
401,0.988596,38.9999735355,76.8594,1.4377,0.000197366
402,0.988304,40.00005126,76.8529,1.51739,0.000194325
403,0.988596,38.9999735355,76.8437,1.61053,0.00019133
404,0.988304,40.00005126,76.8368,1.45858,0.000188382
405,0.987719,42.000002861,76.8315,1.66526,0.000185479
406,0.988596,38.9999735355,76.8232,1.59956,0.000182621
407,0.988012,40.9999251366,76.8162,1.51564,0.000179807
408,0.988012,40.9999251366,76.8076,1.40628,0.000177036
409,0.988012,40.9999251366,76.8028,1.4092,0.000174308
410,0.988012,40.9999251366,76.7956,1.52667,0.000171622
411,0.988304,40.00005126,76.79,1.61114,0.000168977
412,0.988012,40.9999251366,76.7831,1.52666,0.000166373
413,0.988012,40.9999251366,76.7761,1.51746,0.000163809
414,0.988889,38.000099659,76.7694,1.51553,0.000161285
415,0.988304,40.00005126,76.7637,1.52666,0.0001588
416,0.987719,42.000002861,76.7569,1.52848,0.000156353
417,0.988304,40.00005126,76.7502,1.40719,0.000153943
418,0.987427,43.0000805855,76.7469,1.52665,0.000151571
419,0.988304,40.00005126,76.739,1.40917,0.000149236
420,0.988889,38.000099659,76.7326,1.50293,0.000146936
421,0.988304,40.00005126,76.7287,1.52664,0.000144672
422,0.988012,40.9999251366,76.7226,1.40916,0.000142442
423,0.988889,38.000099659,76.7167,1.56949,0.000140247
424,0.988304,40.00005126,76.7125,1.50635,0.000138086
425,0.988304,40.00005126,76.7058,1.39718,0.000135958
426,0.988596,38.9999735355,76.7003,1.56859,0.000133863
427,0.988012,40.9999251366,76.6964,1.47,0.0001318
428,0.988596,38.9999735355,76.6908,1.40914,0.000129769
429,0.989181,37.0000219345,76.6853,1.60901,0.00012777
430,0.988304,40.00005126,76.6819,1.52844,0.000125801
431,0.988889,38.000099659,76.6754,1.36835,0.000123862
432,0.988889,38.000099659,76.6711,1.58015,0.000121954
433,0.988304,40.00005126,76.6668,1.40714,0.000120074
434,0.988596,38.9999735355,76.6612,1.58015,0.000118224
435,0.988304,40.00005126,76.6569,1.44376,0.000116402
436,0.988304,40.00005126,76.653,1.40912,0.000114608
437,0.988889,38.000099659,76.649,1.56801,0.000112842
438,0.988889,38.000099659,76.644,1.58015,0.000111103
439,0.988304,40.00005126,76.6403,1.40713,0.000109391
440,0.989181,37.0000219345,76.635,1.58015,0.000107706
441,0.988596,38.9999735355,76.6317,1.45851,0.000106046
442,0.988889,38.000099659,76.6283,1.45692,0.000104412
443,0.988889,38.000099659,76.6229,1.45571,0.000102803
444,0.988012,40.9999251366,76.6207,1.51739,0.000101219
445,0.988596,38.9999735355,76.6159,1.52841,9.9659e-05
446,0.988596,38.9999735355,76.6121,1.5686,9.81233e-05
447,0.988596,38.9999735355,76.6081,1.40711,9.66112e-05
448,0.989181,37.0000219345,76.6041,1.58015,9.51225e-05
449,0.988596,38.9999735355,76.6008,1.4585,9.36567e-05
450,0.988889,38.000099659,76.5967,1.33293,9.22135e-05
451,0.988889,38.000099659,76.5935,1.61002,9.07924e-05
452,0.988304,40.00005126,76.5898,1.35062,8.93934e-05
453,0.988304,40.00005126,76.5866,1.45691,8.80159e-05
454,0.988889,38.000099659,76.5833,1.54332,8.66595e-05
455,0.988889,38.000099659,76.5801,1.34547,8.53242e-05
456,0.988889,38.000099659,76.5761,1.44533,8.40093e-05
457,0.988596,38.9999735355,76.5738,1.58015,8.27148e-05
458,0.988889,38.000099659,76.5702,1.34547,8.14402e-05
459,0.988596,38.9999735355,76.5665,1.46996,8.01852e-05
460,0.988596,38.9999735355,76.5642,1.58015,7.89496e-05
461,0.988889,38.000099659,76.5607,1.34546,7.7733e-05
462,0.989181,37.0000219345,76.5574,1.33292,7.65352e-05
463,0.988889,38.000099659,76.5553,1.58014,7.53558e-05
464,0.989181,37.0000219345,76.5519,1.33291,7.41946e-05
465,0.989474,35.9999442101,76.5484,1.36829,7.30512e-05
466,0.988304,40.00005126,76.547,1.45848,7.19255e-05
467,0.989181,37.0000219345,76.5433,1.36829,7.08172e-05
468,0.988889,38.000099659,76.5406,1.45848,6.97259e-05
469,0.988596,38.9999735355,76.5387,1.33117,6.86515e-05
470,0.988889,38.000099659,76.5352,1.44531,6.75936e-05
471,0.989181,37.0000219345,76.5329,1.61146,6.6552e-05
472,0.989181,37.0000219345,76.5303,1.44527,6.55264e-05
473,0.989474,35.9999442101,76.5275,1.3329,6.45167e-05
474,0.989181,37.0000219345,76.525,1.568,6.35225e-05
475,0.988596,38.9999735355,76.5228,1.42923,6.25436e-05
476,0.989181,37.0000219345,76.5207,1.45688,6.15798e-05
477,0.989474,35.9999442101,76.5181,1.58753,6.06309e-05
478,0.988889,38.000099659,76.5154,1.3192,5.96966e-05
479,0.989181,37.0000219345,76.5133,1.45688,5.87767e-05
480,0.988889,38.000099659,76.5111,1.55503,5.7871e-05
481,0.989474,35.9999442101,76.5089,1.50387,5.69792e-05
482,0.988889,38.000099659,76.5066,1.46994,5.61012e-05
483,0.989474,35.9999442101,76.504,1.55725,5.52367e-05
484,0.989181,37.0000219345,76.5018,1.33187,5.43855e-05
485,0.989474,35.9999442101,76.5002,1.45846,5.35474e-05
486,0.989181,37.0000219345,76.4988,1.56861,5.27223e-05
487,0.989181,37.0000219345,76.4957,1.39409,5.19099e-05
488,0.989181,37.0000219345,76.4946,1.45688,5.11099e-05
489,0.989474,35.9999442101,76.4921,1.46812,5.03224e-05
490,0.989181,37.0000219345,76.4903,1.46993,4.95469e-05
491,0.989181,37.0000219345,76.4885,1.58014,4.87834e-05
492,0.989181,37.0000219345,76.4865,1.35315,4.80317e-05
493,0.989181,37.0000219345,76.4846,1.33288,4.72915e-05
494,0.989474,35.9999442101,76.4826,1.58014,4.65627e-05
495,0.988889,38.000099659,76.4815,1.45846,4.58452e-05
496,0.989474,35.9999442101,76.4792,1.34885,4.51388e-05
497,0.989181,37.0000219345,76.478,1.70058,4.44432e-05
498,0.989181,37.0000219345,76.4756,1.33114,4.37584e-05
499,0.989474,35.9999442101,76.4741,1.45753,4.3084e-05
500,0.988889,38.000099659,76.4729,1.46993,4.24201e-05
501,0.989181,37.0000219345,76.4711,1.46993,4.17665e-05
502,0.989474,35.9999442101,76.4692,1.59739,4.11228e-05
503,0.989181,37.0000219345,76.4679,1.44529,4.04891e-05
504,0.989474,35.9999442101,76.4659,1.45845,3.98652e-05
505,0.989474,35.9999442101,76.4646,1.59832,3.92509e-05
506,0.989181,37.0000219345,76.4632,1.34542,3.86461e-05
507,0.989474,35.9999442101,76.4617,1.46992,3.80505e-05
508,0.989474,35.9999442101,76.4599,1.60901,3.74642e-05
509,0.989474,35.9999442101,76.4589,1.34542,3.68869e-05
510,0.989474,35.9999442101,76.457,1.40373,3.63185e-05
511,0.989181,37.0000219345,76.4564,1.58014,3.57588e-05
512,0.989181,37.0000219345,76.4546,1.45686,3.52078e-05
513,0.989474,35.9999442101,76.4531,1.46992,3.46652e-05
514,0.989474,35.9999442101,76.452,1.54635,3.41311e-05
515,0.989181,37.0000219345,76.4508,1.45845,3.36051e-05
516,0.989474,35.9999442101,76.4491,1.31918,3.30872e-05
517,0.989474,35.9999442101,76.4479,1.44526,3.25774e-05
518,0.989181,37.0000219345,76.4469,1.46992,3.20754e-05
519,0.989474,35.9999442101,76.4452,1.50221,3.15811e-05
520,0.989474,35.9999442101,76.4442,1.44526,3.10945e-05
521,0.989474,35.9999442101,76.443,1.48794,3.06153e-05
522,0.989474,35.9999442101,76.4417,1.55725,3.01435e-05
523,0.988889,38.000099659,76.4406,1.45752,2.9679e-05
524,0.989474,35.9999442101,76.4399,1.45686,2.92217e-05
525,0.989474,35.9999442101,76.4385,1.44526,2.87714e-05
526,0.989181,37.0000219345,76.4375,1.34541,2.8328e-05
527,0.989474,35.9999442101,76.4362,1.46992,2.78915e-05
528,0.989474,35.9999442101,76.4351,1.51705,2.74617e-05
529,0.989181,37.0000219345,76.4342,1.33286,2.70385e-05
530,0.989474,35.9999442101,76.4331,1.4447,2.66219e-05
531,0.989474,35.9999442101,76.4323,1.71122,2.62116e-05
532,0.989474,35.9999442101,76.4307,1.35919,2.58077e-05
533,0.989474,35.9999442101,76.4299,1.70001,2.541e-05
534,0.989181,37.0000219345,76.4293,1.36292,2.50185e-05
535,0.989474,35.9999442101,76.4281,1.35589,2.46329e-05
536,0.989474,35.9999442101,76.4274,1.6685,2.42534e-05
537,0.989181,37.0000219345,76.4262,1.35419,2.38796e-05
538,0.989474,35.9999442101,76.4255,1.33112,2.35116e-05
539,0.989474,35.9999442101,76.4245,1.568,2.31493e-05
540,0.989474,35.9999442101,76.4234,1.46991,2.27926e-05
541,0.989474,35.9999442101,76.4223,1.38061,2.24414e-05
542,0.989474,35.9999442101,76.4218,1.515,2.20956e-05
543,0.989474,35.9999442101,76.4209,1.31844,2.17551e-05
544,0.989474,35.9999442101,76.4198,1.44526,2.14198e-05
545,0.989474,35.9999442101,76.419,1.48552,2.10898e-05
546,0.989474,35.9999442101,76.4184,1.3454,2.07648e-05
547,0.989474,35.9999442101,76.4176,1.36822,2.04448e-05
548,0.989474,35.9999442101,76.4168,1.58014,2.01298e-05
549,0.989474,35.9999442101,76.4159,1.30391,1.98196e-05
550,0.989474,35.9999442101,76.4151,1.46991,1.95141e-05
551,0.989474,35.9999442101,76.4143,1.70001,1.92134e-05
552,0.989474,35.9999442101,76.4135,1.38101,1.89174e-05
553,0.989474,35.9999442101,76.4128,1.56947,1.86259e-05
554,0.989474,35.9999442101,76.4121,1.43302,1.83388e-05
555,0.989474,35.9999442101,76.4113,1.45685,1.80562e-05
556,0.989474,35.9999442101,76.4104,1.45842,1.7778e-05
557,0.989474,35.9999442101,76.4099,1.45843,1.75041e-05
558,0.989474,35.9999442101,76.4089,1.30391,1.72343e-05
559,0.989474,35.9999442101,76.4088,1.54266,1.69687e-05
560,0.989474,35.9999442101,76.4081,1.45842,1.67073e-05
561,0.989474,35.9999442101,76.4074,1.33285,1.64498e-05
562,0.989474,35.9999442101,76.4067,1.45843,1.61963e-05
563,0.989474,35.9999442101,76.406,1.46991,1.59467e-05
564,0.989474,35.9999442101,76.4056,1.31843,1.5701e-05
565,0.989474,35.9999442101,76.4046,1.56862,1.54591e-05
566,0.989474,35.9999442101,76.4043,1.39911,1.52208e-05
567,0.989474,35.9999442101,76.4039,1.568,1.49863e-05
568,0.989474,35.9999442101,76.4033,1.45509,1.47553e-05
569,0.989474,35.9999442101,76.4025,1.4699,1.4528e-05
570,0.989474,35.9999442101,76.4024,1.51944,1.43041e-05
571,0.989474,35.9999442101,76.4015,1.45685,1.40837e-05
572,0.989474,35.9999442101,76.4013,1.56862,1.38667e-05
573,0.989474,35.9999442101,76.4005,1.44372,1.3653e-05
574,0.989474,35.9999442101,76.4001,1.34539,1.34426e-05
575,0.989474,35.9999442101,76.3996,1.44526,1.32354e-05
576,0.989474,35.9999442101,76.399,1.43203,1.30315e-05
577,0.989474,35.9999442101,76.3985,1.45842,1.28307e-05
578,0.989474,35.9999442101,76.3982,1.53347,1.2633e-05
579,0.989474,35.9999442101,76.3974,1.34539,1.24383e-05
580,0.989474,35.9999442101,76.3971,1.45842,1.22466e-05
581,0.989474,35.9999442101,76.3965,1.34881,1.20579e-05
582,0.989474,35.9999442101,76.396,1.45843,1.18721e-05
583,0.989474,35.9999442101,76.3959,1.62187,1.16891e-05
584,0.989474,35.9999442101,76.3954,1.50298,1.1509e-05
585,0.989474,35.9999442101,76.3951,1.4699,1.13317e-05
586,0.989474,35.9999442101,76.3946,1.36709,1.11571e-05
587,0.989474,35.9999442101,76.3941,1.58014,1.09851e-05
588,0.989474,35.9999442101,76.3936,1.44526,1.08159e-05
589,0.989474,35.9999442101,76.3933,1.45843,1.06492e-05
590,0.989474,35.9999442101,76.3931,1.45684,1.04851e-05
591,0.989474,35.9999442101,76.3926,1.4699,1.03235e-05
592,0.989474,35.9999442101,76.3921,1.56947,1.01644e-05
593,0.989474,35.9999442101,76.3918,1.43225,1.00078e-05
594,0.989474,35.9999442101,76.3915,1.31842,9.85358e-06
595,0.989474,35.9999442101,76.3911,1.44526,9.70174e-06
596,0.989474,35.9999442101,76.3908,1.50233,9.55223e-06
597,0.989474,35.9999442101,76.3904,1.41961,9.40504e-06
598,0.989474,35.9999442101,76.3899,1.51613,9.26011e-06
599,0.989474,35.9999442101,76.3896,1.43358,9.11741e-06
600,0.989474,35.9999442101,76.3892,1.34539,8.97691e-06
601,0.989474,35.9999442101,76.389,1.31747,8.83859e-06
602,0.989474,35.9999442101,76.3885,1.47115,8.70238e-06
603,0.989474,35.9999442101,76.3882,1.33284,8.56828e-06
604,0.989474,35.9999442101,76.3881,1.36864,8.43625e-06
605,0.989474,35.9999442101,76.3877,1.4581,8.30625e-06
606,0.989474,35.9999442101,76.3872,1.36756,8.17825e-06
607,0.989474,35.9999442101,76.3871,1.48941,8.05223e-06
608,0.989474,35.9999442101,76.3867,1.45842,7.92815e-06
609,0.989474,35.9999442101,76.3863,1.50219,7.80597e-06
610,0.989474,35.9999442101,76.386,1.42689,7.68569e-06
611,0.989474,35.9999442101,76.3857,1.55725,7.56725e-06
612,0.989474,35.9999442101,76.3852,1.41803,7.45064e-06
613,0.989474,35.9999442101,76.3849,1.4699,7.33583e-06
614,0.989474,35.9999442101,76.3847,1.41803,7.22279e-06
615,0.989474,35.9999442101,76.3843,1.47115,7.11149e-06
616,0.989474,35.9999442101,76.3841,1.70001,7.0019e-06
617,0.989474,35.9999442101,76.3839,1.44468,6.89401e-06
618,0.989474,35.9999442101,76.3837,1.44468,6.78777e-06
619,0.989474,35.9999442101,76.3833,1.59525,6.68318e-06
620,0.989474,35.9999442101,76.383,1.61065,6.58019e-06
621,0.989474,35.9999442101,76.3828,1.41954,6.47879e-06
622,0.989474,35.9999442101,76.3822,1.46383,6.37895e-06
623,0.989474,35.9999442101,76.3823,1.57023,6.28066e-06
624,0.989474,35.9999442101,76.3818,1.33887,6.18387e-06
625,0.989474,35.9999442101,76.3818,1.58514,6.08858e-06
626,0.989474,35.9999442101,76.3815,1.42112,5.99476e-06
627,0.989474,35.9999442101,76.3815,1.43289,5.90238e-06
628,0.989474,35.9999442101,76.3812,1.44179,5.81143e-06
629,0.989474,35.9999442101,76.381,1.38058,5.72187e-06
630,0.989474,35.9999442101,76.3807,1.66906,5.6337e-06
631,0.989474,35.9999442101,76.3803,1.42836,5.54689e-06
632,0.989474,35.9999442101,76.3801,1.43266,5.46141e-06
633,0.989474,35.9999442101,76.3799,1.46653,5.37725e-06
634,0.989474,35.9999442101,76.3799,1.44612,5.29439e-06
635,0.989474,35.9999442101,76.3797,1.64098,5.21281e-06
636,0.989474,35.9999442101,76.3794,1.4699,5.13248e-06
637,0.989474,35.9999442101,76.3793,1.33807,5.05339e-06
638,0.989474,35.9999442101,76.379,1.5389,4.97552e-06
639,0.989474,35.9999442101,76.379,1.37678,4.89885e-06
640,0.989474,35.9999442101,76.3787,1.479,4.82335e-06
641,0.989474,35.9999442101,76.3786,1.45418,4.74903e-06
642,0.989474,35.9999442101,76.3785,1.39839,4.67585e-06
643,0.989474,35.9999442101,76.3784,1.44736,4.60379e-06
644,0.989474,35.9999442101,76.378,1.35631,4.53285e-06
645,0.989474,35.9999442101,76.3781,1.48963,4.463e-06
646,0.989474,35.9999442101,76.3777,1.58014,4.39423e-06
647,0.989474,35.9999442101,76.3779,1.43202,4.32652e-06
648,0.989474,35.9999442101,76.3773,1.45568,4.25984e-06
649,0.989474,35.9999442101,76.3775,1.33322,4.1942e-06
650,0.989474,35.9999442101,76.3772,1.33184,4.12957e-06
651,0.989474,35.9999442101,76.3771,1.40368,4.06593e-06
652,0.989474,35.9999442101,76.377,1.52609,4.00328e-06
653,0.989474,35.9999442101,76.3768,1.34538,3.94159e-06
654,0.989474,35.9999442101,76.3768,1.44526,3.88085e-06
655,0.989474,35.9999442101,76.3766,1.45589,3.82105e-06
656,0.989474,35.9999442101,76.3765,1.58014,3.76217e-06
657,0.989474,35.9999442101,76.3764,1.58925,3.70419e-06
658,0.989474,35.9999442101,76.3763,1.31916,3.64711e-06
659,0.989474,35.9999442101,76.3762,1.33184,3.59091e-06
660,0.989474,35.9999442101,76.3762,1.56863,3.53558e-06
661,0.989474,35.9999442101,76.3759,1.43427,3.4811e-06
662,0.989474,35.9999442101,76.3761,1.39218,3.42745e-06
663,0.989474,35.9999442101,76.3759,1.44525,3.37464e-06
664,0.989474,35.9999442101,76.3757,1.33322,3.32263e-06
665,0.989474,35.9999442101,76.3754,1.4799,3.27143e-06
666,0.989474,35.9999442101,76.3756,1.31746,3.22102e-06
667,0.989474,35.9999442101,76.3755,1.44593,3.17139e-06
668,0.989474,35.9999442101,76.3754,1.51504,3.12252e-06
669,0.989474,35.9999442101,76.3752,1.43486,3.0744e-06
670,0.989474,35.9999442101,76.3751,1.30638,3.02702e-06
671,0.989474,35.9999442101,76.375,1.42252,2.98038e-06
672,0.989474,35.9999442101,76.3748,1.43429,2.93445e-06
673,0.989474,35.9999442101,76.3748,1.42252,2.88923e-06
674,0.989474,35.9999442101,76.3749,1.28215,2.84471e-06
675,0.989474,35.9999442101,76.3747,1.31996,2.80088e-06
676,0.989474,35.9999442101,76.3745,1.47066,2.75771e-06
677,0.989474,35.9999442101,76.3745,1.31547,2.71522e-06
678,0.989474,35.9999442101,76.3745,1.31547,2.67338e-06
679,0.989474,35.9999442101,76.3745,1.41835,2.63218e-06
680,0.989474,35.9999442101,76.3743,1.5823,2.59162e-06
681,0.989474,35.9999442101,76.3743,1.28887,2.55169e-06
682,0.989474,35.9999442101,76.3742,1.54366,2.51236e-06
683,0.989474,35.9999442101,76.374,1.30889,2.47365e-06
684,0.989474,35.9999442101,76.374,1.31547,2.43553e-06
685,0.989474,35.9999442101,76.3736,1.29378,2.398e-06
686,0.989474,35.9999442101,76.3737,1.26473,2.36105e-06
687,0.989474,35.9999442101,76.3737,1.33077,2.32467e-06
688,0.989474,35.9999442101,76.3735,1.26524,2.28884e-06
689,0.989474,35.9999442101,76.3736,1.28123,2.25357e-06
690,0.989474,35.9999442101,76.3736,1.56926,2.21885e-06
691,0.989474,35.9999442101,76.3734,1.38998,2.18465e-06
692,0.989474,35.9999442101,76.3734,1.45605,2.15099e-06
693,0.989474,35.9999442101,76.3733,1.40299,2.11784e-06
694,0.989474,35.9999442101,76.3731,1.38493,2.08521e-06
695,0.989474,35.9999442101,76.3732,1.51254,2.05307e-06
696,0.989474,35.9999442101,76.3734,1.45822,2.02144e-06
697,0.989474,35.9999442101,76.3732,1.5445,1.99029e-06
698,0.989474,35.9999442101,76.373,1.42135,1.95962e-06
699,0.989474,35.9999442101,76.3729,1.27919,1.92942e-06
700,0.989474,35.9999442101,76.373,1.41837,1.89969e-06
701,0.989474,35.9999442101,76.3729,1.45389,1.87042e-06
702,0.989474,35.9999442101,76.373,1.29046,1.84159e-06
703,0.989474,35.9999442101,76.373,1.28484,1.81321e-06
704,0.989474,35.9999442101,76.3728,1.23821,1.78527e-06
705,0.989474,35.9999442101,76.373,1.35697,1.75776e-06
706,0.989474,35.9999442101,76.3729,1.4825,1.73068e-06
707,0.989474,35.9999442101,76.3727,1.41491,1.70401e-06
708,0.989474,35.9999442101,76.3727,1.24533,1.67775e-06
709,0.989474,35.9999442101,76.3727,1.24976,1.6519e-06
710,0.989474,35.9999442101,76.3728,1.36472,1.62644e-06
711,0.989474,35.9999442101,76.3727,1.36876,1.60138e-06
712,0.989474,35.9999442101,76.3726,1.24976,1.5767e-06
713,0.989474,35.9999442101,76.3727,1.49956,1.5524e-06
714,0.989474,35.9999442101,76.3727,1.29929,1.52848e-06
715,0.989474,35.9999442101,76.3727,1.41112,1.50493e-06
716,0.989474,35.9999442101,76.3727,1.52199,1.48174e-06
717,0.989474,35.9999442101,76.3727,1.52562,1.4589e-06
718,0.989181,37.0000219345,76.3727,1.42179,1.43642e-06
719,0.989181,37.0000219345,76.3727,1.41112,1.41429e-06
720,0.989181,37.0000219345,76.3725,1.42179,1.39249e-06
721,0.989181,37.0000219345,76.3726,1.42179,1.37104e-06
722,0.989181,37.0000219345,76.3727,1.53549,1.34991e-06
723,0.989181,37.0000219345,76.3726,1.42179,1.32911e-06
724,0.989181,37.0000219345,76.3724,1.42179,1.30863e-06
725,0.989181,37.0000219345,76.3725,1.4179,1.28846e-06
726,0.989181,37.0000219345,76.3726,1.33932,1.26861e-06
727,0.989181,37.0000219345,76.3725,1.29265,1.24906e-06
728,0.989181,37.0000219345,76.3723,1.42179,1.22981e-06
729,0.989181,37.0000219345,76.3725,1.42179,1.21086e-06
730,0.989181,37.0000219345,76.3725,1.42179,1.1922e-06
731,0.989181,37.0000219345,76.3725,1.5355,1.17383e-06
732,0.989181,37.0000219345,76.3723,1.36224,1.15574e-06
733,0.989181,37.0000219345,76.3724,1.46435,1.13793e-06
734,0.989181,37.0000219345,76.3725,1.30589,1.1204e-06
735,0.989181,37.0000219345,76.3724,1.33566,1.10313e-06
736,0.989181,37.0000219345,76.3723,1.30589,1.08613e-06
737,0.989181,37.0000219345,76.3723,1.35473,1.06939e-06
738,0.989181,37.0000219345,76.3723,1.30274,1.05292e-06
739,0.989181,37.0000219345,76.372,1.30697,1.03669e-06
740,0.989181,37.0000219345,76.3719,1.40905,1.02072e-06
741,0.989181,37.0000219345,76.372,1.30697,1.00499e-06
742,0.989181,37.0000219345,76.3721,1.30697,9.895e-07
743,0.989181,37.0000219345,76.3721,1.35041,9.74252e-07
744,0.989181,37.0000219345,76.372,1.35523,9.59239e-07
745,0.989181,37.0000219345,76.3721,1.35041,9.44457e-07
746,0.989181,37.0000219345,76.3722,1.35473,9.29904e-07
747,0.989181,37.0000219345,76.372,1.47793,9.15574e-07
748,0.989181,37.0000219345,76.3718,1.35041,9.01465e-07
749,0.989181,37.0000219345,76.3718,1.35473,8.87574e-07
750,0.989181,37.0000219345,76.3719,1.35473,8.73897e-07
751,0.989181,37.0000219345,76.372,1.35473,8.6043e-07
752,0.989181,37.0000219345,76.372,1.35473,8.47172e-07
753,0.989181,37.0000219345,76.3719,1.31143,8.34117e-07
754,0.989181,37.0000219345,76.3721,1.35473,8.21263e-07
755,0.989181,37.0000219345,76.3721,1.33765,8.08608e-07
0.989181,76.3721,23.652145862579346,0.25,0.908664302131,0.138028797409
