25,20,0.1,2,1000, .1 
0,0.524854,1624.99991655,1.76615e+06,611.0,0.0999327
1,0.559064,1507.99999595,896742.0,425.861,0.0977369
2,0.601462,1362.99993753,471017.0,304.441,0.0955893
3,0.650877,1194.00005221,257928.0,221.04,0.0934889
4,0.696491,1037.99995422,145722.0,162.903,0.0914347
5,0.730994,919.999955893,86312.8,121.661,0.0894256
6,0.774561,770.999994278,53022.4,90.6163,0.0874607
7,0.812281,641.999956369,35687.6,65.9409,0.0855389
8,0.834795,565.000087023,26232.1,50.8473,0.0836594
9,0.850585,510.99996686,20270.4,41.7201,0.0818211
10,0.861404,473.999944925,16326.9,34.312,0.0800233
11,0.874269,429.999990463,13817.7,29.1296,0.0782649
12,0.882164,402.999930382,11910.9,26.3926,0.0765452
13,0.890058,376.000074148,10326.4,23.7652,0.0748633
14,0.895906,355.999946594,9033.87,22.1987,0.0732183
15,0.90117,337.999974489,7941.77,20.4021,0.0716095
16,0.909357,310.000040531,7071.96,18.3564,0.0700361
17,0.91462,292.000068426,6327.74,17.3619,0.0684972
18,0.923099,263.000056744,5725.19,15.6681,0.0669921
19,0.925439,255.000046492,5198.7,14.8612,0.0655201
20,0.92807,245.999958515,4731.72,14.7448,0.0640804
21,0.930994,235.999996662,4287.09,14.4867,0.0626724
22,0.934503,224.000083208,3876.88,14.0391,0.0612953
23,0.940643,203.000081778,3514.09,13.2029,0.0599484
24,0.945029,187.99993515,3189.63,12.6496,0.0586312
25,0.945614,185.999983549,2899.91,12.2839,0.0573429
26,0.948538,176.000021696,2626.61,12.1381,0.0560829
27,0.95117,166.99993372,2377.5,11.2923,0.0548506
28,0.953216,160.000001192,2161.85,11.0014,0.0536454
29,0.956433,148.999961615,1960.94,10.6829,0.0524666
30,0.957018,147.000010014,1774.02,10.2496,0.0513138
31,0.959649,137.999922037,1621.41,9.34428,0.0501863
32,0.963743,124.000056982,1488.45,8.63385,0.0490835
33,0.964035,122.999979258,1370.23,8.57106,0.048005
34,0.967836,109.999988079,1271.86,7.24105,0.0469502
35,0.969006,106.000084877,1197.35,7.1418,0.0459186
36,0.969591,103.999929428,1124.5,7.03628,0.0449096
37,0.970175,101.999977827,1055.63,6.96858,0.0439228
38,0.971345,98.000074625,987.986,6.98609,0.0429577
39,0.97193,95.9999191761,925.401,6.82322,0.0420138
40,0.972807,93.0000936985,865.857,6.36952,0.0410906
41,0.973392,90.9999382496,813.729,6.05963,0.0401877
42,0.974854,85.9999573231,770.865,5.9091,0.0393047
43,0.974561,87.0000350475,728.987,5.81987,0.0384411
44,0.976023,82.000054121,688.218,5.48477,0.0375964
45,0.975731,82.9999279976,650.388,5.51623,0.0367703
46,0.976608,79.9998986721,615.627,5.28217,0.0359623
47,0.977485,77.0000731945,582.947,5.25561,0.0351721
48,0.976901,79.0000247955,551.747,5.29862,0.0343993
49,0.976901,79.0000247955,520.952,5.24848,0.0336435
50,0.977778,75.99999547,490.814,5.27216,0.0329042
51,0.978363,74.000043869,461.741,5.21538,0.0321812
52,0.97924,71.0000145435,434.398,5.07998,0.0314741
53,0.979825,69.0000629425,410.941,4.75476,0.0307825
54,0.981287,64.000082016,389.87,4.49122,0.0301061
55,0.981871,61.9999265671,371.355,4.28336,0.0294446
56,0.982164,61.0000526905,353.786,4.22805,0.0287976
57,0.981871,61.9999265671,337.025,4.24002,0.0281649
58,0.981871,61.9999265671,320.918,4.29184,0.027546
59,0.982456,59.999974966,305.201,4.15959,0.0269407
60,0.983333,56.9999456406,290.548,4.16761,0.0263488
61,0.983918,54.9999940395,276.412,4.17612,0.0257698
62,0.984211,53.9999163151,262.738,4.05053,0.0252036
63,0.984795,51.9999647141,249.389,4.03106,0.0246498
64,0.985088,51.0000908375,237.526,3.92874,0.0241081
65,0.98538,50.000013113,225.874,3.82223,0.0235784
66,0.985088,51.0000908375,215.289,3.90782,0.0230603
67,0.985088,51.0000908375,204.372,3.8592,0.0225536
68,0.986257,46.9999837875,194.11,3.53992,0.0220581
69,0.986842,45.0000321865,186.687,2.9844,0.0215734
70,0.98655,45.9999060631,181.307,3.00722,0.0210993
71,0.987427,43.0000805855,175.708,2.8967,0.0206357
72,0.987427,43.0000805855,170.454,2.89654,0.0201823
73,0.986842,45.0000321865,165.593,3.02027,0.0197388
74,0.987427,43.0000805855,160.483,2.96441,0.0193051
75,0.988012,40.9999251366,155.706,2.92324,0.0188809
76,0.987719,42.000002861,151.07,2.88909,0.0184661
77,0.987135,43.9999544621,146.583,2.97412,0.0180603
78,0.988012,40.9999251366,142.287,2.85048,0.0176635
79,0.987135,43.9999544621,138.038,2.84916,0.0172754
80,0.988012,40.9999251366,134.018,2.68713,0.0168958
81,0.988596,38.9999735355,130.509,2.72962,0.0165245
82,0.988596,38.9999735355,126.835,2.62306,0.0161614
83,0.988596,38.9999735355,123.714,2.81618,0.0158063
84,0.988889,38.000099659,120.238,2.77007,0.015459
85,0.990058,33.999992609,117.19,2.52814,0.0151193
86,0.989766,35.0000703335,114.35,2.49171,0.0147871
87,0.989474,35.9999442101,111.62,2.5891,0.0144622
88,0.989766,35.0000703335,108.868,2.50102,0.0141444
89,0.989181,37.0000219345,106.197,2.66463,0.0138336
90,0.989474,35.9999442101,103.713,2.60207,0.0135297
91,0.990351,32.9999148846,101.111,2.52794,0.0132324
92,0.989766,35.0000703335,98.6898,2.51973,0.0129416
93,0.990058,33.999992609,96.263,2.53525,0.0126572
94,0.990058,33.999992609,93.938,2.59584,0.0123791
95,0.989766,35.0000703335,91.7678,2.50663,0.0121071
96,0.989766,35.0000703335,89.7331,2.47959,0.0118411
97,0.990058,33.999992609,87.8534,2.44056,0.0115809
98,0.990643,32.000041008,86.0447,2.38864,0.0113264
99,0.990058,33.999992609,84.1079,2.37734,0.0110776
100,0.990058,33.999992609,82.3926,2.46268,0.0108342
101,0.990351,32.9999148846,80.6645,2.46183,0.0105961
102,0.991228,30.000089407,78.9857,2.37313,0.0103633
103,0.990936,30.9999632835,77.2755,2.10307,0.0101356
104,0.990936,30.9999632835,76.199,2.38953,0.00991286
105,0.99152,29.0000116825,75.0354,1.98639,0.00969504
106,0.99152,29.0000116825,74.038,2.04708,0.00948201
107,0.99152,29.0000116825,72.9382,2.13993,0.00927367
108,0.991813,27.9999339581,71.8488,1.9817,0.0090699
109,0.991228,30.000089407,70.8792,2.07451,0.0088706
110,0.991813,27.9999339581,69.94,1.92892,0.00867569
111,0.991813,27.9999339581,69.0854,1.95833,0.00848506
112,0.992105,27.0000600815,68.2012,1.98634,0.00829862
113,0.992105,27.0000600815,67.3108,1.92295,0.00811627
114,0.99152,29.0000116825,66.4914,2.12116,0.00793794
115,0.992398,25.999982357,65.7769,1.78772,0.00776352
116,0.991813,27.9999339581,65.1186,1.8736,0.00759293
117,0.992398,25.999982357,64.4546,1.77109,0.00742609
118,0.99269,24.9999046326,63.8035,1.77556,0.00726292
119,0.992105,27.0000600815,63.2597,2.05717,0.00710333
120,0.992105,27.0000600815,62.6743,1.97868,0.00694725
121,0.99269,24.9999046326,62.0327,1.77745,0.0067946
122,0.992398,25.999982357,61.474,1.89201,0.0066453
123,0.992105,27.0000600815,60.8669,1.81586,0.00649928
124,0.992105,27.0000600815,60.3223,2.05999,0.00635647
125,0.992105,27.0000600815,59.8139,2.08016,0.00621681
126,0.992105,27.0000600815,59.2699,2.02746,0.0060802
127,0.992398,25.999982357,58.7414,1.796,0.0059466
128,0.992398,25.999982357,58.2378,1.80393,0.00581594
129,0.99269,24.9999046326,57.7262,1.96101,0.00568815
130,0.992398,25.999982357,57.2864,1.86075,0.00556316
131,0.99269,24.9999046326,56.797,1.8534,0.00544092
132,0.992398,25.999982357,56.3526,1.95991,0.00532137
133,0.99269,24.9999046326,55.9036,1.80749,0.00520444
134,0.993275,22.9999530315,55.499,1.64599,0.00509009
135,0.992982,24.000030756,55.1415,1.86559,0.00497824
136,0.992398,25.999982357,54.7739,1.89063,0.00486886
137,0.993275,22.9999530315,54.3837,1.64746,0.00476187
138,0.99269,24.9999046326,54.0352,1.83425,0.00465724
139,0.992982,24.000030756,53.7038,1.68823,0.00455491
140,0.993275,22.9999530315,53.3838,1.64897,0.00445482
141,0.99269,24.9999046326,53.0744,1.94148,0.00435694
142,0.99269,24.9999046326,52.7361,1.76257,0.0042612
143,0.992982,24.000030756,52.4055,1.73297,0.00416757
144,0.992982,24.000030756,52.0976,1.75904,0.004076
145,0.992982,24.000030756,51.7988,1.7594,0.00398644
146,0.992398,25.999982357,51.5366,2.00249,0.00389884
147,0.993275,22.9999530315,51.2334,1.652,0.00381317
148,0.992398,25.999982357,50.9706,2.04313,0.00372939
149,0.992982,24.000030756,50.6657,1.6485,0.00364744
150,0.99269,24.9999046326,50.4,1.8392,0.0035673
151,0.992398,25.999982357,50.1332,1.76527,0.00348891
152,0.99269,24.9999046326,49.9096,1.85602,0.00341225
153,0.992982,24.000030756,49.652,1.73706,0.00333727
154,0.992398,25.999982357,49.3868,1.89771,0.00326394
155,0.992982,24.000030756,49.1443,1.73784,0.00319223
156,0.992398,25.999982357,48.9013,1.83746,0.00312208
157,0.993275,22.9999530315,48.6661,1.87349,0.00305348
158,0.992982,24.000030756,48.4575,1.65173,0.00298639
159,0.99269,24.9999046326,48.2286,1.73509,0.00292077
160,0.992982,24.000030756,48.0103,1.81431,0.00285659
161,0.992982,24.000030756,47.7884,1.6974,0.00279382
162,0.99269,24.9999046326,47.6023,1.8431,0.00273243
163,0.99269,24.9999046326,47.3862,1.89653,0.00267239
164,0.99269,24.9999046326,47.1948,1.73661,0.00261367
165,0.993275,22.9999530315,46.99,1.65802,0.00255624
166,0.993275,22.9999530315,46.804,1.74125,0.00250008
167,0.99269,24.9999046326,46.6276,1.77074,0.00244514
168,0.993275,22.9999530315,46.4359,1.65889,0.00239142
169,0.99269,24.9999046326,46.2699,1.84492,0.00233887
170,0.992982,24.000030756,46.0821,1.7654,0.00228748
171,0.99269,24.9999046326,45.9113,1.94592,0.00223721
172,0.992982,24.000030756,45.7397,1.65556,0.00218806
173,0.99269,24.9999046326,45.6,1.97967,0.00213998
174,0.992398,25.999982357,45.4265,1.84223,0.00209296
175,0.992982,24.000030756,45.2702,1.76812,0.00204697
176,0.992982,24.000030756,45.1098,1.74378,0.00200199
177,0.992982,24.000030756,44.9563,1.65667,0.001958
178,0.99269,24.9999046326,44.8223,1.95207,0.00191498
179,0.992982,24.000030756,44.6828,1.77336,0.0018729
180,0.993275,22.9999530315,44.5349,1.66163,0.00183175
181,0.99269,24.9999046326,44.3989,1.84749,0.0017915
182,0.993275,22.9999530315,44.2631,1.662,0.00175213
183,0.992982,24.000030756,44.1316,1.74523,0.00171363
184,0.993275,22.9999530315,43.9969,1.81925,0.00167598
185,0.992398,25.999982357,43.8783,1.85244,0.00163915
186,0.993567,22.000079155,43.761,1.54632,0.00160314
187,0.992982,24.000030756,43.6663,1.61292,0.00156791
188,0.992982,24.000030756,43.5741,1.66147,0.00153346
189,0.992982,24.000030756,43.4821,1.83554,0.00149977
190,0.993275,22.9999530315,43.3761,1.59523,0.00146681
191,0.99269,24.9999046326,43.2941,1.73629,0.00143458
192,0.99269,24.9999046326,43.1995,1.60773,0.00140306
193,0.993275,22.9999530315,43.1097,1.6662,0.00137223
194,0.992982,24.000030756,43.031,1.72063,0.00134208
195,0.993275,22.9999530315,42.9522,1.6192,0.00131259
196,0.992982,24.000030756,42.8642,1.61486,0.00128375
197,0.993275,22.9999530315,42.7809,1.59598,0.00125554
198,0.992982,24.000030756,42.7113,1.8333,0.00122795
199,0.992982,24.000030756,42.6313,1.72961,0.00120097
200,0.993275,22.9999530315,42.5547,1.59628,0.00117458
201,0.993275,22.9999530315,42.4908,1.61974,0.00114877
202,0.993275,22.9999530315,42.4131,1.61981,0.00112353
203,0.992982,24.000030756,42.3433,1.7217,0.00109884
204,0.993275,22.9999530315,42.2741,1.73031,0.0010747
205,0.993275,22.9999530315,42.213,1.65121,0.00105108
206,0.993275,22.9999530315,42.1506,1.6556,0.00102799
207,0.993567,22.000079155,42.0871,1.54037,0.0010054
208,0.993567,22.000079155,42.0335,1.5026,0.000983309
209,0.993567,22.000079155,41.9777,1.54051,0.000961703
210,0.993567,22.000079155,41.9246,1.54059,0.000940571
211,0.99386,21.0000014305,41.8711,1.57385,0.000919905
212,0.993567,22.000079155,41.8149,1.59007,0.000899691
213,0.993567,22.000079155,41.7709,1.68917,0.000879923
214,0.99386,21.0000014305,41.7188,1.57404,0.000860588
215,0.994152,19.9999237061,41.6691,1.47828,0.000841678
216,0.993567,22.000079155,41.6207,1.54095,0.000823184
217,0.994152,19.9999237061,41.5733,1.4904,0.000805097
218,0.993567,22.000079155,41.5284,1.54106,0.000787406
219,0.99386,21.0000014305,41.4866,1.57432,0.000770105
220,0.993567,22.000079155,41.4429,1.70006,0.000753183
221,0.99386,21.0000014305,41.3973,1.46525,0.000736633
222,0.99386,21.0000014305,41.3589,1.54128,0.000720448
223,0.99386,21.0000014305,41.3191,1.57452,0.000704617
224,0.994152,19.9999237061,41.2761,1.49075,0.000689135
225,0.99386,21.0000014305,41.2384,1.57461,0.000673992
226,0.994152,19.9999237061,41.1993,1.47882,0.000659183
227,0.99386,21.0000014305,41.163,1.57935,0.000644699
228,0.993275,22.9999530315,41.1289,1.65676,0.000630533
229,0.993567,22.000079155,41.0924,1.74518,0.000616678
230,0.994152,19.9999237061,41.0573,1.47899,0.000603128
231,0.993567,22.000079155,41.0243,1.54169,0.000589875
232,0.99386,21.0000014305,40.9884,1.57491,0.000576914
233,0.99386,21.0000014305,40.9573,1.49113,0.000564238
234,0.99386,21.0000014305,40.9257,1.65266,0.00055184
235,0.99386,21.0000014305,40.8937,1.6218,0.000539714
236,0.99386,21.0000014305,40.8658,1.57507,0.000527855
237,0.994152,19.9999237061,40.835,1.57511,0.000516257
238,0.994152,19.9999237061,40.8042,1.4913,0.000504913
239,0.99386,21.0000014305,40.7773,1.57517,0.000493818
240,0.99386,21.0000014305,40.7471,1.4709,0.000482968
241,0.99386,21.0000014305,40.7219,1.57524,0.000472355
242,0.993567,22.000079155,40.697,1.69036,0.000461977
243,0.993567,22.000079155,40.6702,1.58659,0.000451825
244,0.994152,19.9999237061,40.644,1.47948,0.000441898
245,0.993567,22.000079155,40.6199,1.54219,0.000432188
246,0.994152,19.9999237061,40.5929,1.49155,0.000422691
247,0.99386,21.0000014305,40.571,1.57542,0.000413404
248,0.99386,21.0000014305,40.5461,1.58673,0.00040432
249,0.994152,19.9999237061,40.5229,1.51262,0.000395436
250,0.993567,22.000079155,40.5013,1.69057,0.000386747
251,0.99386,21.0000014305,40.4813,1.63615,0.000378249
252,0.994152,19.9999237061,40.4587,1.57556,0.000369938
253,0.994152,19.9999237061,40.4379,1.49173,0.000361809
254,0.99386,21.0000014305,40.4184,1.57561,0.000353859
255,0.993567,22.000079155,40.3963,1.5378,0.000346084
256,0.99386,21.0000014305,40.3776,1.69071,0.000338479
257,0.99386,21.0000014305,40.3589,1.61286,0.000331042
258,0.99386,21.0000014305,40.3397,1.57571,0.000323768
259,0.994152,19.9999237061,40.321,1.51286,0.000316654
260,0.99386,21.0000014305,40.3049,1.58703,0.000309696
261,0.99386,21.0000014305,40.2857,1.47145,0.000302891
262,0.99386,21.0000014305,40.2699,1.57579,0.000296236
263,0.99386,21.0000014305,40.2526,1.58709,0.000289727
264,0.993567,22.000079155,40.2349,1.55105,0.00028336
265,0.99386,21.0000014305,40.2223,1.57585,0.000277134
266,0.99386,21.0000014305,40.2051,1.55812,0.000271045
267,0.994152,19.9999237061,40.1893,1.51301,0.000265089
268,0.993567,22.000079155,40.1751,1.54273,0.000259264
269,0.994152,19.9999237061,40.1588,1.5381,0.000253567
270,0.994152,19.9999237061,40.1442,1.47161,0.000247996
271,0.99386,21.0000014305,40.1311,1.57596,0.000242547
272,0.993567,22.000079155,40.1176,1.70152,0.000237217
273,0.99386,21.0000014305,40.1045,1.57599,0.000232005
274,0.994152,19.9999237061,40.0901,1.47167,0.000226907
275,0.99386,21.0000014305,40.0785,1.57603,0.000221921
276,0.994152,19.9999237061,40.0655,1.57604,0.000217045
277,0.994152,19.9999237061,40.0533,1.48018,0.000212276
278,0.99386,21.0000014305,40.0416,1.57607,0.000207612
279,0.994152,19.9999237061,40.0288,1.55132,0.00020305
280,0.993567,22.000079155,40.018,1.69111,0.000198588
281,0.993567,22.000079155,40.0068,1.54294,0.000194225
282,0.994152,19.9999237061,39.9954,1.50497,0.000189957
283,0.99386,21.0000014305,39.9857,1.57614,0.000185783
284,0.994152,19.9999237061,39.9745,1.51326,0.000181701
285,0.99386,21.0000014305,39.9649,1.57616,0.000177708
286,0.99386,21.0000014305,39.9545,1.58745,0.000173803
287,0.994152,19.9999237061,39.9441,1.66322,0.000169985
288,0.99386,21.0000014305,39.9364,1.5762,0.00016625
289,0.99386,21.0000014305,39.9258,1.55365,0.000162596
290,0.99386,21.0000014305,39.916,1.50506,0.000159024
291,0.99386,21.0000014305,39.9079,1.55608,0.00015553
292,0.99386,21.0000014305,39.8982,1.50597,0.000152112
293,0.994152,19.9999237061,39.8896,1.50509,0.00014877
294,0.99386,21.0000014305,39.8816,1.69126,0.000145501
295,0.99386,21.0000014305,39.8731,1.64695,0.000142304
296,0.994152,19.9999237061,39.8651,1.50512,0.000139177
297,0.99386,21.0000014305,39.8577,1.55856,0.000136119
298,0.994152,19.9999237061,39.8503,1.55616,0.000133128
299,0.994152,19.9999237061,39.8421,1.51093,0.000130203
300,0.99386,21.0000014305,39.8348,1.5385,0.000127342
301,0.994152,19.9999237061,39.8272,1.52504,0.000124544
302,0.994152,19.9999237061,39.8208,1.65546,0.000121807
303,0.994152,19.9999237061,39.8137,1.50518,0.000119131
304,0.99386,21.0000014305,39.8075,1.55862,0.000116513
305,0.994152,19.9999237061,39.8006,1.51347,0.000113953
306,0.99386,21.0000014305,39.7942,1.52508,0.000111449
307,0.994152,19.9999237061,39.7875,1.55623,0.000109
308,0.994152,19.9999237061,39.7813,1.51349,0.000106605
309,0.994152,19.9999237061,39.7753,1.64145,0.000104263
310,0.99386,21.0000014305,39.7699,1.55867,0.000101972
311,0.994152,19.9999237061,39.7636,1.48601,9.9731e-05
312,0.99386,21.0000014305,39.7585,1.55627,9.75397e-05
313,0.994152,19.9999237061,39.7525,1.52514,9.53965e-05
314,0.994152,19.9999237061,39.7467,1.48603,9.33003e-05
315,0.99386,21.0000014305,39.742,1.54327,9.12502e-05
316,0.994152,19.9999237061,39.7369,1.67491,8.92452e-05
317,0.994152,19.9999237061,39.7318,1.66347,8.72842e-05
318,0.99386,21.0000014305,39.7273,1.55872,8.53663e-05
319,0.994152,19.9999237061,39.722,1.50529,8.34906e-05
320,0.99386,21.0000014305,39.7175,1.55632,8.1656e-05
321,0.994152,19.9999237061,39.7127,1.5053,7.98618e-05
322,0.99386,21.0000014305,39.7086,1.55875,7.8107e-05
323,0.994152,19.9999237061,39.7038,1.55875,7.63908e-05
324,0.994152,19.9999237061,39.6994,1.633,7.47123e-05
325,0.99386,21.0000014305,39.6954,1.56363,7.30706e-05
326,0.994152,19.9999237061,39.6913,1.55636,7.1465e-05
327,0.994152,19.9999237061,39.687,1.4861,6.98947e-05
328,0.99386,21.0000014305,39.6832,1.55878,6.83589e-05
329,0.99386,21.0000014305,39.6795,1.55637,6.68569e-05
330,0.994152,19.9999237061,39.6754,1.52524,6.53879e-05
331,0.994152,19.9999237061,39.6717,1.6231,6.39511e-05
332,0.994152,19.9999237061,39.6682,1.55638,6.25459e-05
333,0.994152,19.9999237061,39.6647,1.52525,6.11716e-05
334,0.994152,19.9999237061,39.6612,1.50536,5.98275e-05
335,0.994152,19.9999237061,39.6579,1.55881,5.85129e-05
336,0.994152,19.9999237061,39.6543,1.51363,5.72272e-05
337,0.994152,19.9999237061,39.6514,1.55882,5.59697e-05
338,0.994152,19.9999237061,39.648,1.62399,5.47399e-05
339,0.994152,19.9999237061,39.6451,1.58331,5.35371e-05
340,0.994152,19.9999237061,39.6423,1.55883,5.23607e-05
341,0.994152,19.9999237061,39.6391,1.55883,5.12102e-05
342,0.994152,19.9999237061,39.6362,1.55643,5.0085e-05
343,0.994152,19.9999237061,39.6333,1.50539,4.89845e-05
344,0.994152,19.9999237061,39.6306,1.55884,4.79082e-05
345,0.994152,19.9999237061,39.6279,1.62315,4.68555e-05
346,0.994152,19.9999237061,39.6254,1.55644,4.58259e-05
347,0.994152,19.9999237061,39.6229,1.55885,4.4819e-05
348,0.994152,19.9999237061,39.6202,1.55886,4.38342e-05
349,0.994152,19.9999237061,39.6175,1.50541,4.2871e-05
350,0.994152,19.9999237061,39.6152,1.55645,4.1929e-05
351,0.994152,19.9999237061,39.6127,1.55887,4.10077e-05
352,0.994152,19.9999237061,39.6107,1.63309,4.01067e-05
353,0.994152,19.9999237061,39.6084,1.67281,3.92254e-05
354,0.994152,19.9999237061,39.6061,1.56509,3.83635e-05
355,0.994152,19.9999237061,39.6039,1.55647,3.75205e-05
356,0.994152,19.9999237061,39.6019,1.55888,3.66961e-05
357,0.994152,19.9999237061,39.5996,1.50543,3.58898e-05
358,0.994152,19.9999237061,39.5977,1.55889,3.51012e-05
359,0.994152,19.9999237061,39.5956,1.82713,3.43299e-05
360,0.994152,19.9999237061,39.5938,1.63081,3.35756e-05
361,0.994152,19.9999237061,39.5918,1.55408,3.28378e-05
362,0.994152,19.9999237061,39.5899,1.48622,3.21163e-05
363,0.994152,19.9999237061,39.5881,1.5589,3.14106e-05
364,0.994152,19.9999237061,39.5862,1.56138,3.07204e-05
365,0.994152,19.9999237061,39.5845,1.55649,3.00454e-05
366,0.994152,19.9999237061,39.5829,1.51372,2.93852e-05
367,0.994152,19.9999237061,39.5814,1.5565,2.87395e-05
368,0.994152,19.9999237061,39.5796,1.60539,2.8108e-05
369,0.994152,19.9999237061,39.5781,1.67509,2.74904e-05
370,0.994152,19.9999237061,39.5765,1.55891,2.68864e-05
371,0.994152,19.9999237061,39.5749,1.51373,2.62956e-05
372,0.994152,19.9999237061,39.5734,1.55651,2.57178e-05
373,0.994152,19.9999237061,39.5719,1.51373,2.51527e-05
374,0.994152,19.9999237061,39.5704,1.5344,2.46e-05
375,0.994152,19.9999237061,39.5692,1.55892,2.40595e-05
376,0.994152,19.9999237061,39.5678,1.62321,2.35308e-05
377,0.994152,19.9999237061,39.5666,1.6751,2.30138e-05
378,0.994152,19.9999237061,39.5653,1.55893,2.25081e-05
379,0.994152,19.9999237061,39.564,1.51374,2.20135e-05
380,0.994152,19.9999237061,39.5627,1.52538,2.15298e-05
381,0.994152,19.9999237061,39.5615,1.51374,2.10568e-05
382,0.994152,19.9999237061,39.5604,1.56382,2.05941e-05
383,0.994152,19.9999237061,39.5592,1.62322,2.01416e-05
384,0.994152,19.9999237061,39.5582,1.55653,1.9699e-05
385,0.994152,19.9999237061,39.557,1.55894,1.92662e-05
386,0.994152,19.9999237061,39.556,1.51127,1.88428e-05
387,0.994152,19.9999237061,39.5549,1.55894,1.84288e-05
388,0.994152,19.9999237061,39.5538,1.51127,1.80239e-05
389,0.994152,19.9999237061,39.5528,1.55653,1.76278e-05
390,0.994152,19.9999237061,39.5518,1.55894,1.72405e-05
391,0.994152,19.9999237061,39.551,1.64172,1.68617e-05
392,0.994152,19.9999237061,39.55,1.51128,1.64912e-05
393,0.994152,19.9999237061,39.5491,1.50643,1.61288e-05
394,0.994152,19.9999237061,39.5481,1.50549,1.57744e-05
395,0.994152,19.9999237061,39.5472,1.55895,1.54278e-05
396,0.994152,19.9999237061,39.5465,1.71914,1.50888e-05
397,0.994152,19.9999237061,39.5456,1.51376,1.47573e-05
398,0.994152,19.9999237061,39.5448,1.52541,1.4433e-05
399,0.994152,19.9999237061,39.544,1.55654,1.41159e-05
400,0.994152,19.9999237061,39.5433,1.67513,1.38057e-05
401,0.994152,19.9999237061,39.5426,1.55655,1.35023e-05
402,0.994152,19.9999237061,39.5419,1.51377,1.32057e-05
403,0.994152,19.9999237061,39.5412,1.52541,1.29155e-05
404,0.994152,19.9999237061,39.5404,1.55655,1.26317e-05
405,0.994152,19.9999237061,39.5397,1.5692,1.23541e-05
406,0.994152,19.9999237061,39.5391,1.55896,1.20827e-05
407,0.994152,19.9999237061,39.5384,1.55896,1.18172e-05
408,0.994152,19.9999237061,39.5378,1.56681,1.15575e-05
409,0.994152,19.9999237061,39.5371,1.6558,1.13036e-05
410,0.994152,19.9999237061,39.5365,1.67514,1.10552e-05
411,0.994152,19.9999237061,39.5359,1.51377,1.08123e-05
412,0.994152,19.9999237061,39.5353,1.66846,1.05747e-05
413,0.99386,21.0000014305,39.5347,1.51378,1.03424e-05
414,0.994152,19.9999237061,39.5341,1.55656,1.01151e-05
415,0.994152,19.9999237061,39.5335,1.6295,9.89286e-06
416,0.99386,21.0000014305,39.533,1.51378,9.67548e-06
417,0.994152,19.9999237061,39.5324,1.55897,9.46288e-06
418,0.99386,21.0000014305,39.5319,1.72135,9.25496e-06
419,0.99386,21.0000014305,39.5314,1.70337,9.0516e-06
420,0.994152,19.9999237061,39.5309,1.52542,8.8527e-06
421,0.994152,19.9999237061,39.5303,1.62413,8.65819e-06
422,0.99386,21.0000014305,39.5299,1.50551,8.46794e-06
423,0.994152,19.9999237061,39.5294,1.50646,8.28187e-06
424,0.994152,19.9999237061,39.529,1.53446,8.0999e-06
425,0.994152,19.9999237061,39.5286,1.50646,7.92192e-06
426,0.994152,19.9999237061,39.5281,1.50646,7.74785e-06
427,0.994152,19.9999237061,39.5277,1.62413,7.57761e-06
428,0.994152,19.9999237061,39.5273,1.5186,7.41111e-06
429,0.994152,19.9999237061,39.5268,1.48629,7.24826e-06
430,0.994152,19.9999237061,39.5265,1.50646,7.089e-06
431,0.994152,19.9999237061,39.5261,1.52543,6.93323e-06
432,0.994152,19.9999237061,39.5257,1.50552,6.78089e-06
433,0.994152,19.9999237061,39.5253,1.6861,6.63189e-06
434,0.994152,19.9999237061,39.525,1.64175,6.48617e-06
435,0.994152,19.9999237061,39.5246,1.52543,6.34365e-06
436,0.994152,19.9999237061,39.5242,1.50646,6.20426e-06
437,0.994152,19.9999237061,39.5239,1.50552,6.06794e-06
438,0.994152,19.9999237061,39.5236,1.65581,5.9346e-06
439,0.994152,19.9999237061,39.5232,1.50552,5.80421e-06
440,0.994152,19.9999237061,39.5229,1.52544,5.67667e-06
441,0.994152,19.9999237061,39.5226,1.52544,5.55194e-06
442,0.994152,19.9999237061,39.5222,1.65581,5.42994e-06
443,0.994152,19.9999237061,39.5219,1.58347,5.31063e-06
444,0.994152,19.9999237061,39.5217,1.70757,5.19394e-06
445,0.994152,19.9999237061,39.5214,1.51379,5.07981e-06
446,0.994152,19.9999237061,39.5211,1.64175,4.9682e-06
447,0.994152,19.9999237061,39.5208,1.65582,4.85903e-06
448,0.994152,19.9999237061,39.5205,1.56388,4.75226e-06
449,0.994152,19.9999237061,39.5203,1.61334,4.64784e-06
450,0.994152,19.9999237061,39.5201,1.52544,4.54572e-06
451,0.994152,19.9999237061,39.5198,1.55899,4.44583e-06
452,0.994152,19.9999237061,39.5196,1.61334,4.34815e-06
453,0.994152,19.9999237061,39.5194,1.67516,4.2526e-06
454,0.994152,19.9999237061,39.5191,1.61334,4.15916e-06
455,0.994152,19.9999237061,39.5189,1.55417,4.06777e-06
456,0.994152,19.9999237061,39.5187,1.57916,3.97839e-06
457,0.994152,19.9999237061,39.5184,1.62254,3.89097e-06
458,0.994152,19.9999237061,39.5183,1.57917,3.80548e-06
459,0.994152,19.9999237061,39.518,1.62254,3.72186e-06
460,0.994152,19.9999237061,39.5178,1.72776,3.64008e-06
461,0.994152,19.9999237061,39.5176,1.5138,3.5601e-06
462,0.994152,19.9999237061,39.5175,1.71248,3.48187e-06
463,0.994152,19.9999237061,39.5172,1.63238,3.40537e-06
464,0.994152,19.9999237061,39.517,1.70758,3.33054e-06
465,0.994152,19.9999237061,39.5168,1.55899,3.25736e-06
466,0.994152,19.9999237061,39.5166,1.50553,3.18578e-06
467,0.994152,19.9999237061,39.5165,1.5531,3.11579e-06
468,0.99386,21.0000014305,39.5163,1.50553,3.04732e-06
469,0.99386,21.0000014305,39.5162,1.5531,2.98036e-06
470,0.99386,21.0000014305,39.516,1.58347,2.91488e-06
471,0.99386,21.0000014305,39.5159,1.74353,2.85083e-06
472,0.99386,21.0000014305,39.5157,1.62496,2.78818e-06
473,0.99386,21.0000014305,39.5156,1.61458,2.72692e-06
474,0.99386,21.0000014305,39.5155,1.65363,2.667e-06
475,0.99386,21.0000014305,39.5154,1.50735,2.6084e-06
476,0.99386,21.0000014305,39.5153,1.53821,2.55109e-06
477,0.99386,21.0000014305,39.5152,1.61712,2.49503e-06
478,0.99386,21.0000014305,39.5151,1.53821,2.44021e-06
479,0.99386,21.0000014305,39.515,1.53821,2.38659e-06
480,0.99386,21.0000014305,39.5149,1.53821,2.33415e-06
481,0.99386,21.0000014305,39.5148,1.62496,2.28286e-06
482,0.99386,21.0000014305,39.5147,1.53821,2.2327e-06
483,0.99386,21.0000014305,39.5146,1.50735,2.18364e-06
484,0.99386,21.0000014305,39.5146,1.53821,2.13566e-06
485,0.99386,21.0000014305,39.5145,1.60584,2.08873e-06
486,0.99386,21.0000014305,39.5144,1.60584,2.04284e-06
487,0.99386,21.0000014305,39.5143,1.53821,1.99795e-06
488,0.99386,21.0000014305,39.5142,1.53821,1.95405e-06
489,0.99386,21.0000014305,39.5141,1.53821,1.91111e-06
490,0.99386,21.0000014305,39.514,1.53821,1.86912e-06
491,0.99386,21.0000014305,39.514,1.53821,1.82805e-06
492,0.99386,21.0000014305,39.5139,1.53821,1.78788e-06
493,0.99386,21.0000014305,39.5138,1.5763,1.7486e-06
494,0.99386,21.0000014305,39.5138,1.53821,1.71018e-06
495,0.99386,21.0000014305,39.5137,1.53821,1.6726e-06
496,0.99386,21.0000014305,39.5137,1.53821,1.63585e-06
497,0.99386,21.0000014305,39.5136,1.53821,1.5999e-06
498,0.99386,21.0000014305,39.5136,1.53821,1.56475e-06
499,0.99386,21.0000014305,39.5135,1.53821,1.53037e-06
500,0.99386,21.0000014305,39.5134,1.53821,1.49674e-06
501,0.99386,21.0000014305,39.5133,1.50736,1.46385e-06
502,0.99386,21.0000014305,39.5134,1.53821,1.43169e-06
503,0.99386,21.0000014305,39.5133,1.60584,1.40023e-06
504,0.99386,21.0000014305,39.5132,1.53821,1.36946e-06
505,0.99386,21.0000014305,39.5132,1.53822,1.33937e-06
506,0.99386,21.0000014305,39.5132,1.60584,1.30994e-06
507,0.99386,21.0000014305,39.5131,1.60584,1.28116e-06
508,0.99386,21.0000014305,39.5131,1.50736,1.25301e-06
509,0.99386,21.0000014305,39.5131,1.53822,1.22547e-06
510,0.99386,21.0000014305,39.513,1.5763,1.19855e-06
511,0.99386,21.0000014305,39.513,1.5763,1.17221e-06
512,0.99386,21.0000014305,39.5129,1.50736,1.14645e-06
513,0.99386,21.0000014305,39.5129,1.50736,1.12126e-06
514,0.99386,21.0000014305,39.5129,1.57631,1.09663e-06
0.99386,39.5129,19.151477575302124,0.179688,0.31726650237,0.048704470421
