82,20,0.1,2,1000, .1 
0,0.529532,1609.0000999,1.03252e+06,444.098,0.0999327
1,0.556433,1517.00008392,570494.0,310.874,0.0977369
2,0.583333,1425.00006795,339461.0,229.42,0.0955893
3,0.600292,1367.00004458,212104.0,174.61,0.0934889
4,0.622807,1289.99997139,137715.0,137.13,0.0914347
5,0.647953,1204.00001407,91622.1,111.129,0.0894256
6,0.67807,1100.99995852,61594.5,90.6478,0.0874607
7,0.713743,979.000056982,42181.8,73.6778,0.0855389
8,0.749415,856.999951601,29748.6,59.6023,0.0836594
9,0.776316,764.999935627,21363.4,51.1358,0.0818211
10,0.807602,657.999976873,15296.4,43.9027,0.0800233
11,0.830702,578.999952078,10895.3,37.4816,0.0782649
12,0.856433,491.000043154,7854.79,31.2248,0.0765452
13,0.880994,407.000037432,5679.84,27.0068,0.0748633
14,0.896491,353.999994993,4112.25,23.5438,0.0732183
15,0.910819,305.000059605,2972.58,19.994,0.0716095
16,0.923977,260.000027418,2144.11,17.1476,0.0700361
17,0.935673,219.999976158,1599.19,14.3341,0.0684972
18,0.944152,190.999964476,1188.63,12.7541,0.0669921
19,0.952339,163.000030518,878.485,10.4032,0.0655201
20,0.957895,143.999980688,704.161,8.61102,0.0640804
21,0.962573,127.999960184,568.33,7.47068,0.0626724
22,0.967836,109.999988079,473.477,6.40104,0.0612953
23,0.971053,98.9999485016,408.062,5.27672,0.0599484
24,0.972807,93.0000936985,357.942,4.92707,0.0586312
25,0.975146,85.0000834465,315.488,4.65531,0.0573429
26,0.977485,77.0000731945,277.297,4.27927,0.0560829
27,0.978947,72.000092268,247.339,3.91703,0.0548506
28,0.980409,66.9999074936,223.873,3.6038,0.0536454
29,0.981579,63.0000042915,203.528,3.34383,0.0524666
30,0.982749,59.0001010895,187.025,3.24737,0.0513138
31,0.983626,56.000071764,171.737,3.05257,0.0501863
32,0.984503,53.0000424385,158.14,2.90285,0.0490835
33,0.985673,48.9999353886,145.833,2.72636,0.048005
34,0.985965,48.000061512,135.183,2.63286,0.0469502
35,0.986257,46.9999837875,125.317,2.63008,0.0459186
36,0.985673,48.9999353886,115.96,2.64414,0.0449096
37,0.985673,48.9999353886,106.97,2.64633,0.0439228
38,0.986842,45.0000321865,97.996,2.6025,0.0429577
39,0.987135,43.9999544621,89.9789,2.434,0.0420138
40,0.987719,42.000002861,83.1921,2.48978,0.0410906
41,0.988012,40.9999251366,76.672,2.34725,0.0401877
42,0.988304,40.00005126,71.053,2.28693,0.0393047
43,0.988596,38.9999735355,65.8175,2.16431,0.0384411
44,0.988889,38.000099659,60.5166,2.06495,0.0375964
45,0.990058,33.999992609,56.7109,1.90355,0.0367703
46,0.990351,32.9999148846,53.2054,1.89503,0.0359623
47,0.990351,32.9999148846,49.8262,1.9714,0.0351721
48,0.990936,30.9999632835,46.8795,1.81174,0.0343993
49,0.99152,29.0000116825,43.6622,1.85092,0.0336435
50,0.991228,30.000089407,40.7026,1.76794,0.0329042
51,0.992398,25.999982357,37.5459,1.73266,0.0321812
52,0.990936,30.9999632835,35.0088,1.80331,0.0314741
53,0.99152,29.0000116825,32.1718,1.76739,0.0307825
54,0.991228,30.000089407,29.4852,1.75274,0.0301061
55,0.991813,27.9999339581,26.9728,1.72161,0.0294446
56,0.99269,24.9999046326,24.8969,1.4656,0.0287976
57,0.993275,22.9999530315,23.5288,1.31828,0.0281649
58,0.992982,24.000030756,21.9008,1.40008,0.027546
59,0.99269,24.9999046326,20.6615,1.37681,0.0269407
60,0.993567,22.000079155,19.2464,1.1787,0.0263488
61,0.99386,21.0000014305,18.3304,1.0987,0.0257698
62,0.99386,21.0000014305,17.4767,1.17232,0.0252036
63,0.994737,17.999972105,16.7067,1.01938,0.0246498
64,0.995322,16.000020504,15.982,0.978195,0.0241081
65,0.995029,17.0000982285,15.3623,0.998973,0.0235784
66,0.994737,17.999972105,14.7492,1.04583,0.0230603
67,0.995029,17.0000982285,14.1805,1.01702,0.0225536
68,0.995322,16.000020504,13.7079,1.01687,0.0220581
69,0.995322,16.000020504,13.1718,1.08529,0.0215734
70,0.995614,14.9999427795,12.6298,1.00125,0.0210993
71,0.995029,17.0000982285,12.1045,1.25379,0.0206357
72,0.995322,16.000020504,11.681,1.05657,0.0201823
73,0.996199,12.9999911785,11.2939,0.922856,0.0197388
74,0.995906,14.000068903,10.7709,0.934576,0.0193051
75,0.995029,17.0000982285,10.3144,1.20855,0.0188809
76,0.995322,16.000020504,9.94849,1.05938,0.0184661
77,0.996199,12.9999911785,9.55274,0.888376,0.0180603
78,0.996491,11.9999134541,9.11617,0.876637,0.0176635
79,0.995029,17.0000982285,8.88601,1.21556,0.0172754
80,0.995614,14.9999427795,8.43769,1.07962,0.0168958
81,0.995906,14.000068903,8.19306,0.93225,0.0165245
82,0.996784,11.0000395775,7.92666,0.94835,0.0161614
83,0.996784,11.0000395775,7.65682,0.785241,0.0158063
84,0.997368,9.00008797646,7.44682,0.611351,0.015459
85,0.997661,8.000010252,7.31164,0.589823,0.0151193
86,0.997368,9.00008797646,7.20098,0.627231,0.0147871
87,0.997661,8.000010252,7.06727,0.566523,0.0144622
88,0.997368,9.00008797646,6.91088,0.683469,0.0141444
89,0.997953,6.99993252754,6.79418,0.542123,0.0138336
90,0.997368,9.00008797646,6.71603,0.661759,0.0135297
91,0.997661,8.000010252,6.58733,0.590557,0.0132324
92,0.997661,8.000010252,6.50849,0.567297,0.0129416
93,0.997661,8.000010252,6.39114,0.567443,0.0126572
94,0.997368,9.00008797646,6.29589,0.661957,0.0123791
95,0.997661,8.000010252,6.18409,0.590916,0.0121071
96,0.997953,6.99993252754,6.0959,0.543071,0.0118411
97,0.997661,8.000010252,6.00477,0.567896,0.0115809
98,0.997368,9.00008797646,5.922,0.589923,0.0113264
99,0.997953,6.99993252754,5.81489,0.543325,0.0110776
100,0.997661,8.000010252,5.70711,0.566297,0.0108342
101,0.997661,8.000010252,5.63475,0.621194,0.0105961
102,0.997368,9.00008797646,5.55473,0.617136,0.0103633
103,0.997661,8.000010252,5.47874,0.642859,0.0101356
104,0.997661,8.000010252,5.39433,0.642984,0.00991286
105,0.997953,6.99993252754,5.32113,0.643126,0.00969504
106,0.997661,8.000010252,5.24892,0.596386,0.00948201
107,0.997953,6.99993252754,5.1571,0.544064,0.00927367
108,0.997953,6.99993252754,5.10105,0.544061,0.0090699
109,0.997953,6.99993252754,5.01016,0.544192,0.0088706
110,0.997661,8.000010252,4.94951,0.566863,0.00867569
111,0.997661,8.000010252,4.88606,0.621739,0.00848506
112,0.997661,8.000010252,4.81604,0.596569,0.00829862
113,0.997661,8.000010252,4.75664,0.567033,0.00811627
114,0.997953,6.99993252754,4.6854,0.544612,0.00793794
115,0.997661,8.000010252,4.63945,0.596621,0.00776352
116,0.997953,6.99993252754,4.57994,0.544664,0.00759293
117,0.997661,8.000010252,4.51179,0.622006,0.00742609
118,0.997953,6.99993252754,4.46313,0.544829,0.00726292
119,0.997661,8.000010252,4.39387,0.596749,0.00710333
120,0.997953,6.99993252754,4.3564,0.544945,0.00694725
121,0.997953,6.99993252754,4.30607,0.545061,0.0067946
122,0.997953,6.99993252754,4.23772,0.545162,0.0066453
123,0.997661,8.000010252,4.20207,0.596856,0.00649928
124,0.997953,6.99993252754,4.14931,0.545208,0.00635647
125,0.997953,6.99993252754,4.08535,0.545302,0.00621681
126,0.997953,6.99993252754,4.04685,0.545357,0.0060802
127,0.997368,9.00008797646,4.02498,0.710994,0.0059466
128,0.997953,6.99993252754,3.96591,0.545433,0.00581594
129,0.997661,8.000010252,3.92144,0.596986,0.00568815
130,0.997953,6.99993252754,3.86824,0.54553,0.00556316
131,0.997953,6.99993252754,3.82276,0.545592,0.00544092
132,0.997953,6.99993252754,3.79466,0.601208,0.00532137
133,0.997661,8.000010252,3.7731,0.597083,0.00520444
134,0.997953,6.99993252754,3.7264,0.601171,0.00509009
135,0.997953,6.99993252754,3.6965,0.545788,0.00497824
136,0.997953,6.99993252754,3.65734,0.549728,0.00486886
137,0.997953,6.99993252754,3.63601,0.545833,0.00476187
138,0.998246,6.00005865097,3.59949,0.493559,0.00465724
139,0.997953,6.99993252754,3.57362,0.577462,0.00455491
140,0.997953,6.99993252754,3.53484,0.546022,0.00445482
141,0.997953,6.99993252754,3.51538,0.54976,0.00435694
142,0.998246,6.00005865097,3.48319,0.546085,0.0042612
143,0.997953,6.99993252754,3.46183,0.546111,0.00416757
144,0.997953,6.99993252754,3.43462,0.577516,0.004076
145,0.997661,8.000010252,3.40784,0.597309,0.00398644
146,0.998246,6.00005865097,3.38104,0.493774,0.00389884
147,0.998246,6.00005865097,3.35573,0.493794,0.00381317
148,0.997661,8.000010252,3.33235,0.56818,0.00372939
149,0.998246,6.00005865097,3.31843,0.493828,0.00364744
150,0.997953,6.99993252754,3.29111,0.546376,0.0035673
151,0.998246,6.00005865097,3.26419,0.493885,0.00348891
152,0.997661,8.000010252,3.23995,0.597417,0.00341225
153,0.998246,6.00005865097,3.22071,0.493914,0.00333727
154,0.997661,8.000010252,3.20735,0.671659,0.00326394
155,0.997953,6.99993252754,3.18855,0.546524,0.00319223
156,0.998246,6.00005865097,3.1606,0.549792,0.00312208
157,0.997661,8.000010252,3.13895,0.62083,0.00305348
158,0.997953,6.99993252754,3.12496,0.546629,0.00298639
159,0.998246,6.00005865097,3.10623,0.546643,0.00292077
160,0.997953,6.99993252754,3.0859,0.54668,0.00285659
161,0.998246,6.00005865097,3.06463,0.494117,0.00279382
162,0.998246,6.00005865097,3.04755,0.494106,0.00273243
163,0.997953,6.99993252754,3.027,0.546782,0.00267239
164,0.997661,8.000010252,3.01569,0.647756,0.00261367
165,0.997953,6.99993252754,3.00089,0.546811,0.00255624
166,0.998246,6.00005865097,2.98542,0.49415,0.00250008
167,0.997661,8.000010252,2.9708,0.62342,0.00244514
168,0.998246,6.00005865097,2.95033,0.549818,0.00239142
169,0.998246,6.00005865097,2.93381,0.494213,0.00233887
170,0.997953,6.99993252754,2.9176,0.546934,0.00228748
171,0.998246,6.00005865097,2.91067,0.494231,0.00223721
172,0.998246,6.00005865097,2.89423,0.494264,0.00218806
173,0.997661,8.000010252,2.88025,0.597679,0.00213998
174,0.998246,6.00005865097,2.86509,0.494283,0.00209296
175,0.997953,6.99993252754,2.84986,0.547047,0.00204697
176,0.998246,6.00005865097,2.83958,0.494312,0.00200199
177,0.997953,6.99993252754,2.82501,0.549831,0.001958
178,0.997953,6.99993252754,2.81127,0.623583,0.00191498
179,0.998246,6.00005865097,2.8026,0.49435,0.0018729
180,0.997953,6.99993252754,2.78818,0.597738,0.00183175
181,0.998246,6.00005865097,2.78086,0.494361,0.0017915
182,0.997953,6.99993252754,2.76919,0.547152,0.00175213
183,0.998246,6.00005865097,2.75599,0.494391,0.00171363
184,0.997953,6.99993252754,2.7483,0.577879,0.00167598
185,0.998246,6.00005865097,2.73322,0.494406,0.00163915
186,0.997953,6.99993252754,2.72319,0.568645,0.00160314
187,0.998246,6.00005865097,2.71367,0.494441,0.00156791
188,0.997953,6.99993252754,2.70735,0.547262,0.00153346
189,0.997953,6.99993252754,2.69671,0.54985,0.00149977
190,0.997953,6.99993252754,2.68646,0.547287,0.00146681
191,0.998246,6.00005865097,2.67476,0.494475,0.00143458
192,0.998246,6.00005865097,2.66461,0.494482,0.00140306
193,0.997661,8.000010252,2.66013,0.663629,0.00137223
194,0.998246,6.00005865097,2.64965,0.494497,0.00134208
195,0.997953,6.99993252754,2.64183,0.547358,0.00131259
196,0.998246,6.00005865097,2.63234,0.601259,0.00128375
197,0.997953,6.99993252754,2.6264,0.623782,0.00125554
198,0.997953,6.99993252754,2.61713,0.547398,0.00122795
199,0.998246,6.00005865097,2.61049,0.494536,0.00120097
200,0.998246,6.00005865097,2.60163,0.494553,0.00117458
201,0.997661,8.000010252,2.59475,0.597871,0.00114877
202,0.998246,6.00005865097,2.58597,0.494564,0.00112353
203,0.997953,6.99993252754,2.57991,0.547458,0.00109884
204,0.997953,6.99993252754,2.57441,0.549868,0.0010747
205,0.997953,6.99993252754,2.56707,0.547469,0.00105108
206,0.998246,6.00005865097,2.56019,0.494586,0.00102799
207,0.998246,6.00005865097,2.55168,0.494595,0.0010054
208,0.997661,8.000010252,2.54576,0.623878,0.000983309
209,0.997953,6.99993252754,2.54091,0.549874,0.000961703
210,0.998246,6.00005865097,2.53314,0.547522,0.000940571
211,0.997953,6.99993252754,2.53036,0.693326,0.000919905
212,0.998246,6.00005865097,2.52266,0.578019,0.000899691
213,0.998246,6.00005865097,2.51642,0.549881,0.000879923
214,0.997953,6.99993252754,2.51303,0.547553,0.000860588
215,0.998246,6.00005865097,2.50607,0.494642,0.000841678
216,0.997953,6.99993252754,2.50084,0.547579,0.000823184
217,0.998246,6.00005865097,2.49589,0.494655,0.000805097
218,0.998246,6.00005865097,2.49095,0.601269,0.000787406
219,0.997953,6.99993252754,2.48621,0.547599,0.000770105
220,0.997953,6.99993252754,2.48079,0.549883,0.000753183
221,0.997953,6.99993252754,2.47678,0.547607,0.000736633
222,0.998246,6.00005865097,2.47146,0.494674,0.000720448
223,0.997953,6.99993252754,2.46686,0.623957,0.000704617
224,0.997953,6.99993252754,2.46161,0.549888,0.000689135
225,0.998246,6.00005865097,2.45855,0.494688,0.000673992
226,0.998246,6.00005865097,2.45298,0.547644,0.000659183
227,0.997368,9.00008797646,2.45169,0.805162,0.000644699
228,0.998246,6.00005865097,2.44517,0.494708,0.000630533
229,0.997661,8.000010252,2.44188,0.597981,0.000616678
230,0.998246,6.00005865097,2.4384,0.494711,0.000603128
231,0.998246,6.00005865097,2.4334,0.494716,0.000589875
232,0.997953,6.99993252754,2.42985,0.547681,0.000576914
233,0.997953,6.99993252754,2.42666,0.578074,0.000564238
234,0.997953,6.99993252754,2.42411,0.601278,0.00055184
235,0.997953,6.99993252754,2.4201,0.547698,0.000539714
236,0.998246,6.00005865097,2.41598,0.578078,0.000527855
237,0.997953,6.99993252754,2.41308,0.61746,0.000516257
238,0.998246,6.00005865097,2.40962,0.494741,0.000504913
239,0.998246,6.00005865097,2.40611,0.547719,0.000493818
240,0.998246,6.00005865097,2.40302,0.494753,0.000482968
241,0.997661,8.000010252,2.40158,0.862455,0.000472355
242,0.997953,6.99993252754,2.39835,0.547732,0.000461977
243,0.998246,6.00005865097,2.3951,0.494757,0.000451825
244,0.998246,6.00005865097,2.39137,0.494761,0.000441898
245,0.997661,8.000010252,2.38868,0.598019,0.000432188
246,0.997953,6.99993252754,2.38656,0.601284,0.000422691
247,0.998246,6.00005865097,2.38298,0.547754,0.000413404
248,0.997953,6.99993252754,2.38211,0.578096,0.00040432
249,0.998246,6.00005865097,2.37848,0.549902,0.000395436
250,0.998246,6.00005865097,2.37557,0.547767,0.000386747
251,0.998246,6.00005865097,2.3729,0.494779,0.000378249
252,0.998246,6.00005865097,2.37048,0.549902,0.000369938
253,0.997953,6.99993252754,2.36894,0.547774,0.000361809
254,0.998246,6.00005865097,2.36631,0.578104,0.000353859
255,0.998246,6.00005865097,2.36325,0.494788,0.000346084
256,0.997953,6.99993252754,2.36143,0.547787,0.000338479
257,0.998246,6.00005865097,2.35986,0.494792,0.000331042
258,0.997953,6.99993252754,2.35809,0.732201,0.000323768
259,0.998246,6.00005865097,2.35582,0.494796,0.000316654
260,0.998246,6.00005865097,2.3532,0.494799,0.000309696
261,0.998246,6.00005865097,2.3513,0.598046,0.000302891
262,0.998246,6.00005865097,2.34997,0.4948,0.000296236
263,0.997953,6.99993252754,2.34822,0.624082,0.000289727
264,0.997953,6.99993252754,2.34695,0.60129,0.00028336
265,0.997953,6.99993252754,2.34439,0.59805,0.000277134
266,0.997953,6.99993252754,2.34255,0.547817,0.000271045
267,0.998246,6.00005865097,2.34062,0.49481,0.000265089
268,0.998246,6.00005865097,2.33914,0.693452,0.000259264
269,0.997953,6.99993252754,2.33769,0.624094,0.000253567
270,0.998246,6.00005865097,2.33579,0.54991,0.000247996
271,0.997953,6.99993252754,2.33494,0.601292,0.000242547
272,0.997953,6.99993252754,2.3332,0.547834,0.000237217
273,0.998246,6.00005865097,2.33142,0.601292,0.000232005
274,0.997953,6.99993252754,2.33027,0.598061,0.000226907
275,0.998246,6.00005865097,2.32831,0.494824,0.000221921
276,0.998246,6.00005865097,2.32688,0.547842,0.000217045
277,0.998246,6.00005865097,2.32568,0.494825,0.000212276
278,0.998246,6.00005865097,2.32468,0.578127,0.000207612
279,0.998246,6.00005865097,2.32282,0.568965,0.00020305
280,0.997953,6.99993252754,2.32219,0.598066,0.000198588
281,0.998246,6.00005865097,2.32079,0.54785,0.000194225
282,0.998246,6.00005865097,2.3194,0.494832,0.000189957
283,0.998246,6.00005865097,2.31834,0.494834,0.000185783
284,0.998246,6.00005865097,2.31701,0.547857,0.000181701
285,0.998246,6.00005865097,2.31573,0.549911,0.000177708
286,0.998246,6.00005865097,2.31487,0.54786,0.000173803
287,0.998246,6.00005865097,2.31358,0.494838,0.000169985
288,0.998246,6.00005865097,2.3126,0.598072,0.00016625
289,0.998246,6.00005865097,2.31195,0.69347,0.000162596
290,0.997953,6.99993252754,2.31083,0.578135,0.000159024
291,0.998246,6.00005865097,2.30951,0.547868,0.00015553
292,0.998246,6.00005865097,2.30857,0.494844,0.000152112
293,0.998246,6.00005865097,2.30754,0.578137,0.00014877
294,0.998246,6.00005865097,2.30677,0.598077,0.000145501
295,0.998246,6.00005865097,2.30595,0.549914,0.000142304
296,0.998246,6.00005865097,2.30476,0.494847,0.000139177
297,0.998246,6.00005865097,2.30408,0.547875,0.000136119
298,0.998246,6.00005865097,2.30308,0.601295,0.000133128
299,0.998246,6.00005865097,2.30239,0.547879,0.000130203
300,0.998246,6.00005865097,2.30135,0.494851,0.000127342
301,0.998246,6.00005865097,2.30051,0.549913,0.000124544
302,0.998246,6.00005865097,2.30014,0.732262,0.000121807
303,0.998246,6.00005865097,2.299,0.601296,0.000119131
304,0.998246,6.00005865097,2.29861,0.624135,0.000116513
305,0.998246,6.00005865097,2.29766,0.549914,0.000113953
306,0.998246,6.00005865097,2.29689,0.549914,0.000111449
307,0.998246,6.00005865097,2.29597,0.547888,0.000109
308,0.998246,6.00005865097,2.29537,0.578144,0.000106605
309,0.998246,6.00005865097,2.29483,0.601296,0.000104263
310,0.998246,6.00005865097,2.29436,0.598086,0.000101972
311,0.998246,6.00005865097,2.29356,0.494859,9.9731e-05
312,0.998246,6.00005865097,2.29284,0.49486,9.75397e-05
313,0.998246,6.00005865097,2.29209,0.568991,9.53965e-05
314,0.998246,6.00005865097,2.29161,0.494861,9.33003e-05
315,0.998246,6.00005865097,2.29104,0.547896,9.12502e-05
316,0.998246,6.00005865097,2.29054,0.693484,8.92452e-05
317,0.998246,6.00005865097,2.29015,0.624145,8.72842e-05
318,0.998246,6.00005865097,2.28948,0.549917,8.53663e-05
319,0.998246,6.00005865097,2.28891,0.494864,8.34906e-05
320,0.998246,6.00005865097,2.28838,0.5479,8.1656e-05
321,0.998246,6.00005865097,2.28785,0.59809,7.98618e-05
322,0.998246,6.00005865097,2.2873,0.494865,7.8107e-05
323,0.998246,6.00005865097,2.28695,0.624148,7.63908e-05
324,0.998246,6.00005865097,2.2864,0.494866,7.47123e-05
325,0.998246,6.00005865097,2.28579,0.494867,7.30706e-05
326,0.998246,6.00005865097,2.28545,0.568997,7.1465e-05
327,0.998246,6.00005865097,2.285,0.494868,6.98947e-05
328,0.998246,6.00005865097,2.28444,0.547907,6.83589e-05
329,0.998246,6.00005865097,2.28405,0.494869,6.68569e-05
330,0.998246,6.00005865097,2.28374,0.733785,6.53879e-05
331,0.998246,6.00005865097,2.28317,0.547908,6.39511e-05
332,0.998246,6.00005865097,2.28297,0.601298,6.25459e-05
333,0.998246,6.00005865097,2.28242,0.54791,6.11716e-05
334,0.998246,6.00005865097,2.28213,0.624153,5.98275e-05
335,0.998246,6.00005865097,2.2817,0.494871,5.85129e-05
336,0.998246,6.00005865097,2.28129,0.494871,5.72272e-05
337,0.998246,6.00005865097,2.28099,0.547912,5.59697e-05
338,0.998246,6.00005865097,2.28059,0.549918,5.47399e-05
339,0.998246,6.00005865097,2.28035,0.547913,5.35371e-05
340,0.998246,6.00005865097,2.27995,0.494873,5.23607e-05
341,0.998246,6.00005865097,2.27968,0.598097,5.12102e-05
342,0.998246,6.00005865097,2.27936,0.578152,5.0085e-05
343,0.998246,6.00005865097,2.27897,0.601298,4.89845e-05
344,0.998246,6.00005865097,2.27867,0.547916,4.79082e-05
345,0.998246,6.00005865097,2.27833,0.494875,4.68555e-05
346,0.998246,6.00005865097,2.27811,0.770553,4.58259e-05
347,0.998246,6.00005865097,2.27785,0.494875,4.4819e-05
348,0.998246,6.00005865097,2.27754,0.494875,4.38342e-05
349,0.998246,6.00005865097,2.2772,0.598098,4.2871e-05
350,0.998246,6.00005865097,2.27701,0.494876,4.1929e-05
351,0.998246,6.00005865097,2.27675,0.624159,4.10077e-05
352,0.998246,6.00005865097,2.27641,0.547919,4.01067e-05
353,0.998246,6.00005865097,2.27616,0.494877,3.92254e-05
354,0.998246,6.00005865097,2.27584,0.494877,3.83635e-05
355,0.998246,6.00005865097,2.27574,0.840196,3.75205e-05
356,0.998246,6.00005865097,2.27549,0.494877,3.66961e-05
357,0.998246,6.00005865097,2.27529,0.547921,3.58898e-05
358,0.998246,6.00005865097,2.27497,0.578155,3.51012e-05
359,0.998246,6.00005865097,2.27473,0.549919,3.43299e-05
360,0.998246,6.00005865097,2.27463,0.547922,3.35756e-05
361,0.998246,6.00005865097,2.27434,0.494879,3.28378e-05
362,0.998246,6.00005865097,2.27418,0.547922,3.21163e-05
363,0.998246,6.00005865097,2.27399,0.494879,3.14106e-05
364,0.998246,6.00005865097,2.27374,0.547923,3.07204e-05
365,0.998246,6.00005865097,2.27357,0.578156,3.00454e-05
366,0.998246,6.00005865097,2.27338,0.647352,2.93852e-05
367,0.998246,6.00005865097,2.2732,0.547924,2.87395e-05
368,0.998246,6.00005865097,2.27297,0.49488,2.8108e-05
369,0.998246,6.00005865097,2.2728,0.547925,2.74904e-05
370,0.998246,6.00005865097,2.27262,0.647352,2.68864e-05
371,0.998246,6.00005865097,2.27252,0.693496,2.62956e-05
372,0.998246,6.00005865097,2.27234,0.547925,2.57178e-05
373,0.998246,6.00005865097,2.27211,0.494881,2.51527e-05
374,0.998246,6.00005865097,2.27196,0.549919,2.46e-05
375,0.998246,6.00005865097,2.27183,0.547926,2.40595e-05
376,0.998246,6.00005865097,2.27163,0.578157,2.35308e-05
377,0.998246,6.00005865097,2.27149,0.494882,2.30138e-05
378,0.998246,6.00005865097,2.2714,0.617473,2.25081e-05
379,0.998246,6.00005865097,2.27121,0.494882,2.20135e-05
380,0.998246,6.00005865097,2.27107,0.547927,2.15298e-05
381,0.998246,6.00005865097,2.27095,0.601299,2.10568e-05
382,0.998246,6.00005865097,2.27084,0.624165,2.05941e-05
383,0.998246,6.00005865097,2.27065,0.494882,2.01416e-05
384,0.998246,6.00005865097,2.27047,0.494882,1.9699e-05
385,0.998246,6.00005865097,2.27043,0.569008,1.92662e-05
386,0.998246,6.00005865097,2.27033,0.494883,1.88428e-05
387,0.998246,6.00005865097,2.27024,0.732295,1.84288e-05
388,0.998246,6.00005865097,2.27005,0.578158,1.80239e-05
389,0.998246,6.00005865097,2.26992,0.494883,1.76278e-05
390,0.998246,6.00005865097,2.26985,0.547929,1.72405e-05
391,0.998246,6.00005865097,2.26975,0.549919,1.68617e-05
392,0.998246,6.00005865097,2.26967,0.601299,1.64912e-05
393,0.998246,6.00005865097,2.26956,0.54793,1.61288e-05
394,0.998246,6.00005865097,2.26944,0.549919,1.57744e-05
395,0.998246,6.00005865097,2.2693,0.54793,1.54278e-05
396,0.998246,6.00005865097,2.26923,0.494884,1.50888e-05
397,0.998246,6.00005865097,2.26919,0.624167,1.47573e-05
398,0.998246,6.00005865097,2.26913,0.54793,1.4433e-05
399,0.998246,6.00005865097,2.26903,0.693498,1.41159e-05
400,0.998246,6.00005865097,2.26893,0.54793,1.38057e-05
401,0.998246,6.00005865097,2.26883,0.494884,1.35023e-05
402,0.998246,6.00005865097,2.26876,0.598104,1.32057e-05
403,0.998246,6.00005865097,2.26869,0.494884,1.29155e-05
404,0.998246,6.00005865097,2.26857,0.547931,1.26317e-05
405,0.998246,6.00005865097,2.26853,0.64735,1.23541e-05
406,0.998246,6.00005865097,2.26842,0.494885,1.20827e-05
407,0.998246,6.00005865097,2.26835,0.547931,1.18172e-05
408,0.998246,6.00005865097,2.2683,0.671504,1.15575e-05
409,0.998246,6.00005865097,2.26819,0.494885,1.13036e-05
410,0.998246,6.00005865097,2.26814,0.770558,1.10552e-05
411,0.998246,6.00005865097,2.26804,0.494885,1.08123e-05
412,0.998246,6.00005865097,2.26799,0.578159,1.05747e-05
413,0.998246,6.00005865097,2.26791,0.494885,1.03424e-05
414,0.998246,6.00005865097,2.26786,0.547932,1.01151e-05
415,0.998246,6.00005865097,2.26782,0.54992,9.89286e-06
416,0.998246,6.00005865097,2.26773,0.494885,9.67548e-06
417,0.998246,6.00005865097,2.26764,0.569011,9.46288e-06
418,0.998246,6.00005865097,2.26765,0.598105,9.25496e-06
419,0.998246,6.00005865097,2.26761,0.569011,9.0516e-06
420,0.998246,6.00005865097,2.2675,0.578159,8.8527e-06
421,0.998246,6.00005865097,2.26746,0.704112,8.65819e-06
422,0.998246,6.00005865097,2.26743,0.54992,8.46794e-06
423,0.998246,6.00005865097,2.26737,0.494885,8.28187e-06
424,0.998246,6.00005865097,2.2673,0.547933,8.0999e-06
425,0.998246,6.00005865097,2.26728,0.6013,7.92192e-06
426,0.998246,6.00005865097,2.26725,0.624169,7.74785e-06
427,0.998246,6.00005865097,2.26718,0.54992,7.57761e-06
428,0.998246,6.00005865097,2.26717,0.494886,7.41111e-06
429,0.998246,6.00005865097,2.26711,0.732298,7.24826e-06
430,0.998246,6.00005865097,2.26708,0.494886,7.089e-06
431,0.998246,6.00005865097,2.26703,0.598106,6.93323e-06
432,0.998246,6.00005865097,2.26702,0.494886,6.78089e-06
433,0.998246,6.00005865097,2.26695,0.494886,6.63189e-06
434,0.998246,6.00005865097,2.26693,0.494886,6.48617e-06
435,0.998246,6.00005865097,2.26687,0.54992,6.34365e-06
436,0.998246,6.00005865097,2.26684,0.494886,6.20426e-06
437,0.998246,6.00005865097,2.26682,0.569011,6.06794e-06
438,0.998246,6.00005865097,2.26678,0.578159,5.9346e-06
439,0.998246,6.00005865097,2.26672,0.547934,5.80421e-06
440,0.998246,6.00005865097,2.26671,0.54992,5.67667e-06
441,0.998246,6.00005865097,2.26664,0.578159,5.55194e-06
442,0.998246,6.00005865097,2.26661,0.547934,5.42994e-06
443,0.998246,6.00005865097,2.26656,0.494886,5.31063e-06
444,0.998246,6.00005865097,2.26658,0.828382,5.19394e-06
445,0.998246,6.00005865097,2.26653,0.598106,5.07981e-06
446,0.998246,6.00005865097,2.26647,0.547934,4.9682e-06
447,0.998246,6.00005865097,2.26642,0.494887,4.85903e-06
448,0.998246,6.00005865097,2.26643,0.6013,4.75226e-06
449,0.998246,6.00005865097,2.26637,0.569012,4.64784e-06
450,0.998246,6.00005865097,2.26635,0.708486,4.54572e-06
451,0.998246,6.00005865097,2.2663,0.569012,4.44583e-06
452,0.998246,6.00005865097,2.26628,0.494887,4.34815e-06
453,0.998246,6.00005865097,2.26626,0.598106,4.2526e-06
454,0.998246,6.00005865097,2.26621,0.494887,4.15916e-06
455,0.998246,6.00005865097,2.26617,0.547935,4.06777e-06
456,0.998246,6.00005865097,2.26618,0.862389,3.97839e-06
457,0.998246,6.00005865097,2.26615,0.751175,3.89097e-06
458,0.998246,6.00005865097,2.26608,0.6013,3.80548e-06
459,0.998246,6.00005865097,2.26605,0.547935,3.72186e-06
460,0.998246,6.00005865097,2.26602,0.693501,3.64008e-06
461,0.998246,6.00005865097,2.26599,0.494887,3.5601e-06
462,0.998246,6.00005865097,2.26602,0.598107,3.48187e-06
463,0.998246,6.00005865097,2.26595,0.494887,3.40537e-06
464,0.998246,6.00005865097,2.26594,0.54992,3.33054e-06
465,0.998246,6.00005865097,2.26591,0.547935,3.25736e-06
466,0.998246,6.00005865097,2.26591,0.494887,3.18578e-06
467,0.998246,6.00005865097,2.26588,0.598107,3.11579e-06
468,0.998246,6.00005865097,2.26587,0.494887,3.04732e-06
469,0.998246,6.00005865097,2.26585,0.494887,2.98036e-06
470,0.998246,6.00005865097,2.26585,0.547935,2.91488e-06
471,0.998246,6.00005865097,2.26584,0.494887,2.85083e-06
472,0.998246,6.00005865097,2.26586,0.547935,2.78818e-06
473,0.998246,6.00005865097,2.26584,0.57816,2.72692e-06
474,0.998246,6.00005865097,2.26584,0.547935,2.667e-06
475,0.998246,6.00005865097,2.26585,0.762946,2.6084e-06
476,0.998246,6.00005865097,2.26582,0.494887,2.55109e-06
477,0.998246,6.00005865097,2.2658,0.54992,2.49503e-06
478,0.998246,6.00005865097,2.2658,0.598107,2.44021e-06
479,0.998246,6.00005865097,2.26578,0.494887,2.38659e-06
480,0.998246,6.00005865097,2.26579,0.547935,2.33415e-06
481,0.998246,6.00005865097,2.26578,0.547935,2.28286e-06
482,0.998246,6.00005865097,2.26575,0.494887,2.2327e-06
483,0.998246,6.00005865097,2.26574,0.547935,2.18364e-06
484,0.998246,6.00005865097,2.26577,0.57816,2.13566e-06
485,0.998246,6.00005865097,2.26576,0.725787,2.08873e-06
486,0.998246,6.00005865097,2.26575,0.547935,2.04284e-06
487,0.998246,6.00005865097,2.26571,0.494887,1.99795e-06
488,0.998246,6.00005865097,2.26573,0.547935,1.95405e-06
489,0.998246,6.00005865097,2.26575,0.735281,1.91111e-06
490,0.998246,6.00005865097,2.26574,0.723436,1.86912e-06
491,0.998246,6.00005865097,2.26572,0.762946,1.82805e-06
492,0.998246,6.00005865097,2.2657,0.494887,1.78788e-06
493,0.998246,6.00005865097,2.2657,0.494887,1.7486e-06
0.998246,2.2657,16.134710788726807,1.00391,0.192826496425,0.030138081157
