59,20,0.3,2,1000, .1 
0,0.453216,1870.00000119,1.66507e+06,662.604,0.0999648
1,0.473684,1799.99996245,721385.0,417.753,0.0988102
2,0.50848,1680.99998832,337987.0,271.984,0.0976689
3,0.542982,1562.99998999,174233.0,183.459,0.0965409
4,0.581871,1430.00004888,96959.4,129.927,0.0954258
5,0.619298,1302.00008869,56487.8,97.1657,0.0943236
6,0.665205,1144.99991298,34233.0,72.9495,0.0932342
7,0.708772,995.999951363,21168.0,56.7324,0.0921573
8,0.75731,830.000095367,13784.1,43.0736,0.0910929
9,0.794444,703.00000906,9497.81,34.1489,0.0900408
10,0.821637,609.999915361,6598.33,28.2566,0.0890008
11,0.84883,517.000025511,4678.93,23.2208,0.0879728
12,0.87807,416.999999285,3453.44,18.5298,0.0869567
13,0.894152,362.000005245,2644.06,15.5666,0.0859524
14,0.907602,316.000099182,2076.26,13.3952,0.0849596
15,0.919591,274.999970198,1650.11,11.5935,0.0839783
16,0.926023,253.000094891,1326.42,10.4484,0.0830084
17,0.938889,208.999936581,1078.39,8.80822,0.0820496
18,0.945322,187.000061274,897.893,7.49968,0.081102
19,0.94883,174.999943972,768.28,6.66816,0.0801652
20,0.953216,160.000001192,661.783,6.08851,0.0792393
21,0.955848,150.999913216,572.764,5.67582,0.0783241
22,0.95848,142.000029087,496.402,5.26091,0.0774195
23,0.961696,130.99998951,431.384,4.8946,0.0765252
24,0.961988,129.999911785,376.404,4.54372,0.0756414
25,0.964035,122.999979258,328.821,4.15287,0.0747677
26,0.966959,113.000017405,292.957,3.66143,0.0739041
27,0.969298,105.000007153,265.629,3.43008,0.0730505
28,0.97076,100.000026226,239.762,3.26893,0.0722068
29,0.971637,96.9999969006,217.574,2.87191,0.0713728
30,0.973099,92.000015974,200.01,2.66737,0.0705485
31,0.973977,88.9999866486,186.376,2.40366,0.0697336
32,0.974561,87.0000350475,174.066,2.29749,0.0689282
33,0.974561,87.0000350475,162.6,2.32455,0.0681321
34,0.975146,85.0000834465,151.982,2.28025,0.0673451
35,0.976608,79.9998986721,142.61,2.13172,0.0665673
36,0.977778,75.99999547,134.802,2.07191,0.0657984
37,0.978363,74.000043869,126.999,2.04465,0.0650385
38,0.97807,74.9999177456,119.832,2.10085,0.0642873
39,0.978947,72.000092268,112.496,1.87051,0.0635447
40,0.979532,69.9999368191,106.23,1.9328,0.0628108
41,0.980117,67.999985218,100.074,1.81753,0.0620853
42,0.980702,66.000033617,94.2935,1.79503,0.0613682
43,0.980702,66.000033617,89.1052,1.8308,0.0606594
44,0.982164,61.0000526905,84.3194,1.6623,0.0599588
45,0.981287,64.000082016,79.8753,1.67589,0.0592663
46,0.982164,61.0000526905,75.8617,1.60521,0.0585818
47,0.983041,58.000023365,72.3527,1.68941,0.0579051
48,0.983918,54.9999940395,69.1625,1.49869,0.0572363
49,0.984503,53.0000424385,66.228,1.4425,0.0565752
50,0.984503,53.0000424385,63.5791,1.50822,0.0559218
51,0.984211,53.9999163151,61.055,1.6021,0.0552759
52,0.985088,51.0000908375,58.8341,1.58256,0.0546375
53,0.98538,50.000013113,56.5978,1.48199,0.0540064
54,0.987135,43.9999544621,54.695,1.34149,0.0533826
55,0.988012,40.9999251366,52.7994,1.24573,0.052766
56,0.986842,45.0000321865,51.0894,1.402,0.0521566
57,0.988012,40.9999251366,49.1823,1.32575,0.0515542
58,0.988304,40.00005126,47.2685,1.26355,0.0509587
59,0.988304,40.00005126,45.7064,1.23311,0.0503701
60,0.988012,40.9999251366,44.1519,1.33147,0.0497884
61,0.988596,38.9999735355,42.5105,1.27338,0.0492133
62,0.988012,40.9999251366,40.9688,1.31949,0.0486449
63,0.988596,38.9999735355,39.2712,1.14506,0.048083
64,0.988304,40.00005126,37.949,1.32186,0.0475277
65,0.989181,37.0000219345,36.3923,1.30298,0.0469787
66,0.989181,37.0000219345,35.0712,1.23588,0.0464361
67,0.988596,38.9999735355,33.5187,1.20913,0.0458998
68,0.988889,38.000099659,32.0159,1.17246,0.0453696
69,0.988304,40.00005126,30.6749,1.21791,0.0448456
70,0.988889,38.000099659,29.4027,1.23765,0.0443276
71,0.989181,37.0000219345,28.0688,1.19975,0.0438157
72,0.989766,35.0000703335,26.7507,1.19588,0.0433096
73,0.989474,35.9999442101,25.6882,1.28545,0.0428094
74,0.990351,32.9999148846,24.68,1.18924,0.0423149
75,0.990936,30.9999632835,23.8475,1.09285,0.0418262
76,0.991813,27.9999339581,22.8372,1.20201,0.0413431
77,0.992105,27.0000600815,22.04,1.06773,0.0408656
78,0.990936,30.9999632835,21.3246,1.17921,0.0403936
79,0.991813,27.9999339581,20.4601,1.17263,0.039927
80,0.991813,27.9999339581,19.728,1.05482,0.0394658
81,0.992398,25.999982357,19.1984,1.09798,0.03901
82,0.99269,24.9999046326,18.5989,1.02198,0.0385594
83,0.992105,27.0000600815,18.0242,1.15166,0.0381141
84,0.992398,25.999982357,17.5719,1.08185,0.0376739
85,0.992398,25.999982357,17.1077,1.14627,0.0372387
86,0.992398,25.999982357,16.4658,0.993687,0.0368086
87,0.992105,27.0000600815,16.1007,1.10233,0.0363835
88,0.993567,22.000079155,15.5411,0.97,0.0359632
89,0.993567,22.000079155,15.0608,1.10714,0.0355479
90,0.99386,21.0000014305,14.6528,0.973714,0.0351373
91,0.993567,22.000079155,14.389,1.02958,0.0347314
92,0.993567,22.000079155,14.057,0.956086,0.0343303
93,0.99269,24.9999046326,13.6326,1.12901,0.0339338
94,0.99386,21.0000014305,13.1998,1.11884,0.0335418
95,0.99386,21.0000014305,12.88,0.947542,0.0331544
96,0.994444,19.0000498295,12.3911,0.911554,0.0327715
97,0.99386,21.0000014305,12.113,0.939222,0.032393
98,0.99386,21.0000014305,11.8156,0.998453,0.0320188
99,0.994152,19.9999237061,11.476,0.865054,0.031649
100,0.993567,22.000079155,11.1737,0.935785,0.0312835
101,0.994152,19.9999237061,10.8681,0.876287,0.0309222
102,0.994152,19.9999237061,10.5457,1.12541,0.030565
103,0.994152,19.9999237061,10.2713,1.00782,0.030212
104,0.994152,19.9999237061,9.86752,0.761949,0.029863
105,0.993567,22.000079155,9.66513,1.12026,0.0295181
106,0.994152,19.9999237061,9.29967,0.903511,0.0291772
107,0.994152,19.9999237061,9.0312,0.793932,0.0288402
108,0.994152,19.9999237061,8.74014,1.02254,0.0285071
109,0.995029,17.0000982285,8.43896,0.760723,0.0281778
110,0.994444,19.0000498295,8.39117,0.803665,0.0278523
111,0.995029,17.0000982285,8.08307,0.706745,0.0275307
112,0.995322,16.000020504,7.90041,0.728334,0.0272127
113,0.995029,17.0000982285,7.66667,0.770689,0.0268984
114,0.995029,17.0000982285,7.51668,0.760369,0.0265877
115,0.995029,17.0000982285,7.35718,0.765256,0.0262806
116,0.995322,16.000020504,7.18331,0.751563,0.0259771
117,0.995322,16.000020504,7.07748,0.771022,0.025677
118,0.995029,17.0000982285,6.90218,0.739895,0.0253804
119,0.994444,19.0000498295,6.90652,0.782256,0.0250873
120,0.995029,17.0000982285,6.6692,0.665958,0.0247975
121,0.995029,17.0000982285,6.52725,0.773101,0.0245111
122,0.995906,14.000068903,6.38118,0.617517,0.024228
123,0.995322,16.000020504,6.33666,0.750881,0.0239482
124,0.995029,17.0000982285,6.3574,0.930351,0.0236716
125,0.995322,16.000020504,6.2248,0.755399,0.0233982
126,0.994152,19.9999237061,6.13998,0.848836,0.0231279
127,0.995029,17.0000982285,6.11871,0.840953,0.0228608
128,0.995614,14.9999427795,5.93426,0.721888,0.0225968
129,0.995029,17.0000982285,5.91891,0.882588,0.0223358
130,0.994444,19.0000498295,5.85512,0.896395,0.0220778
131,0.995322,16.000020504,5.71149,0.830386,0.0218228
132,0.994737,17.999972105,5.71439,0.950783,0.0215707
133,0.995322,16.000020504,5.60022,0.829183,0.0213216
134,0.994444,19.0000498295,5.66995,0.985892,0.0210753
135,0.995614,14.9999427795,5.42399,0.835155,0.0208319
136,0.994444,19.0000498295,5.54061,1.09722,0.0205913
137,0.995322,16.000020504,5.32486,0.861649,0.0203535
138,0.995322,16.000020504,5.26367,0.907317,0.0201184
139,0.995322,16.000020504,5.18007,0.876476,0.019886
140,0.995614,14.9999427795,5.14989,0.924448,0.0196563
141,0.995322,16.000020504,5.10468,0.828969,0.0194293
142,0.995322,16.000020504,4.95584,0.92262,0.0192049
143,0.994444,19.0000498295,4.96258,0.919113,0.0189831
144,0.995322,16.000020504,4.84033,0.851468,0.0187638
145,0.995029,17.0000982285,4.80112,0.9462,0.0185471
146,0.994737,17.999972105,4.72872,1.0104,0.0183329
147,0.994444,19.0000498295,4.68758,0.932148,0.0181211
148,0.995614,14.9999427795,4.52424,0.916673,0.0179118
149,0.994152,19.9999237061,4.58906,0.976562,0.0177049
150,0.995614,14.9999427795,4.43654,0.861552,0.0175004
151,0.994152,19.9999237061,4.47502,1.04327,0.0172983
152,0.995906,14.000068903,4.26144,0.728451,0.0170985
153,0.995906,14.000068903,4.3139,0.883536,0.016901
154,0.995614,14.9999427795,4.31939,0.908695,0.0167058
155,0.996199,12.9999911785,4.21083,0.904008,0.0165129
156,0.996491,11.9999134541,4.1999,0.727664,0.0163221
157,0.995906,14.000068903,4.14588,0.789709,0.0161336
158,0.996199,12.9999911785,4.17132,1.10405,0.0159473
159,0.997076,9.99996185303,4.12144,0.858026,0.0157631
160,0.997076,9.99996185303,4.1158,0.99477,0.015581
161,0.997368,9.00008797646,4.05777,0.785993,0.0154011
162,0.996784,11.0000395775,4.10053,1.02671,0.0152232
163,0.997661,8.000010252,3.97967,0.55085,0.0150473
164,0.997953,6.99993252754,4.03599,0.647438,0.0148735
165,0.997076,9.99996185303,4.00376,0.725181,0.0147018
166,0.997368,9.00008797646,3.97969,0.71155,0.0145319
167,0.997368,9.00008797646,3.96759,0.78545,0.0143641
168,0.997953,6.99993252754,3.925,0.495582,0.0141982
169,0.997953,6.99993252754,3.92929,0.647517,0.0140342
170,0.998246,6.00005865097,3.88374,0.52219,0.0138721
171,0.997368,9.00008797646,3.85567,0.534751,0.0137119
172,0.996784,11.0000395775,3.88186,0.783374,0.0135535
173,0.997076,9.99996185303,3.86902,0.564031,0.013397
174,0.997953,6.99993252754,3.86041,0.647509,0.0132422
175,0.997953,6.99993252754,3.7981,0.578757,0.0130893
176,0.997368,9.00008797646,3.8406,0.670768,0.0129381
177,0.997953,6.99993252754,3.78945,0.611657,0.0127887
178,0.997661,8.000010252,3.76705,0.747927,0.012641
179,0.998246,6.00005865097,3.75129,0.522173,0.012495
180,0.997661,8.000010252,3.74064,0.583374,0.0123506
181,0.997661,8.000010252,3.79177,0.747768,0.012208
182,0.997661,8.000010252,3.70396,0.584047,0.012067
183,0.997368,9.00008797646,3.72409,0.658926,0.0119276
184,0.997661,8.000010252,3.68077,0.692781,0.0117898
185,0.997661,8.000010252,3.67002,0.55074,0.0116537
186,0.998246,6.00005865097,3.68977,0.638325,0.0115191
187,0.998246,6.00005865097,3.65814,0.522162,0.011386
188,0.998246,6.00005865097,3.62106,0.481212,0.0112545
189,0.997953,6.99993252754,3.68852,0.739769,0.0111245
190,0.997953,6.99993252754,3.63171,0.682136,0.010996
191,0.998538,4.99998092651,3.61282,0.508735,0.010869
192,0.998538,4.99998092651,3.59649,0.481226,0.0107435
193,0.998538,4.99998092651,3.58752,0.513454,0.0106194
194,0.997661,8.000010252,3.63653,0.777867,0.0104967
195,0.997661,8.000010252,3.57535,0.599136,0.0103755
196,0.997953,6.99993252754,3.60226,0.69075,0.0102557
197,0.998246,6.00005865097,3.55247,0.481154,0.0101372
198,0.997953,6.99993252754,3.5581,0.682175,0.0100201
199,0.998246,6.00005865097,3.56727,0.629461,0.0099044
200,0.998246,6.00005865097,3.52997,0.481156,0.00979
201,0.998246,6.00005865097,3.57485,0.638357,0.00967693
202,0.998538,4.99998092651,3.51779,0.508748,0.00956516
203,0.998246,6.00005865097,3.50576,0.61659,0.00945468
204,0.997661,8.000010252,3.55183,0.664965,0.00934548
205,0.998246,6.00005865097,3.5006,0.56275,0.00923754
206,0.997661,8.000010252,3.52438,0.649632,0.00913084
207,0.997661,8.000010252,3.48773,0.652025,0.00902538
208,0.997661,8.000010252,3.50604,0.588392,0.00892114
209,0.998538,4.99998092651,3.47975,0.682176,0.0088181
210,0.997953,6.99993252754,3.47979,0.495269,0.00871625
211,0.998538,4.99998092651,3.46835,0.553045,0.00861558
212,0.997953,6.99993252754,3.46089,0.642135,0.00851607
213,0.997953,6.99993252754,3.45455,0.739722,0.00841771
214,0.998246,6.00005865097,3.42747,0.562757,0.00832048
215,0.998246,6.00005865097,3.42846,0.481048,0.00822438
216,0.998246,6.00005865097,3.42982,0.638369,0.00812939
217,0.998538,4.99998092651,3.40671,0.508761,0.00803549
218,0.997953,6.99993252754,3.41366,0.57644,0.00794268
219,0.998246,6.00005865097,3.41001,0.638377,0.00785094
220,0.998246,6.00005865097,3.4054,0.562734,0.00776026
221,0.997661,8.000010252,3.40568,0.649655,0.00767063
222,0.998246,6.00005865097,3.38443,0.522877,0.00758204
223,0.998246,6.00005865097,3.365,0.481003,0.00749446
224,0.997368,9.00008797646,3.3851,0.807495,0.0074079
225,0.997661,8.000010252,3.36708,0.63062,0.00732234
226,0.998538,4.99998092651,3.36173,0.508771,0.00723777
227,0.99883,3.99990320206,3.34007,0.486689,0.00715417
228,0.998538,4.99998092651,3.34794,0.611674,0.00707154
229,0.998246,6.00005865097,3.34175,0.61635,0.00698986
230,0.99883,3.99990320206,3.3503,0.486693,0.00690913
231,0.998538,4.99998092651,3.34108,0.581549,0.00682933
232,0.998538,4.99998092651,3.33278,0.638256,0.00675045
233,0.997953,6.99993252754,3.33995,0.623484,0.00667248
234,0.998246,6.00005865097,3.3248,0.462833,0.00659541
235,0.998538,4.99998092651,3.33582,0.638219,0.00651924
236,0.99883,3.99990320206,3.32089,0.486682,0.00644394
237,0.998538,4.99998092651,3.31703,0.457529,0.00636951
238,0.998538,4.99998092651,3.31369,0.611694,0.00629594
239,0.99883,3.99990320206,3.31093,0.486698,0.00622322
240,0.997953,6.99993252754,3.30916,0.621517,0.00615135
241,0.998538,4.99998092651,3.32221,0.611673,0.0060803
242,0.99883,3.99990320206,3.30313,0.486714,0.00601007
243,0.998538,4.99998092651,3.30749,0.457499,0.00594065
244,0.998538,4.99998092651,3.31337,0.643295,0.00587204
245,0.99883,3.99990320206,3.29845,0.555214,0.00580421
246,0.998538,4.99998092651,3.30586,0.6382,0.00573717
247,0.99883,3.99990320206,3.29188,0.486722,0.00567091
248,0.998538,4.99998092651,3.29099,0.457508,0.00560541
249,0.998538,4.99998092651,3.31119,0.61168,0.00554067
250,0.99883,3.99990320206,3.28336,0.457486,0.00547667
251,0.997953,6.99993252754,3.31686,0.743836,0.00541342
252,0.99883,3.99990320206,3.2821,0.486738,0.00535089
253,0.998246,6.00005865097,3.29475,0.616167,0.00528909
254,0.99883,3.99990320206,3.28989,0.486747,0.005228
255,0.99883,3.99990320206,3.27795,0.48675,0.00516762
256,0.997953,6.99993252754,3.29091,0.623467,0.00510793
257,0.998246,6.00005865097,3.27709,0.482316,0.00504893
258,0.998538,4.99998092651,3.28221,0.638182,0.00499062
259,0.99883,3.99990320206,3.27591,0.486745,0.00493298
260,0.99883,3.99990320206,3.27209,0.486754,0.004876
261,0.998538,4.99998092651,3.26267,0.45746,0.00481968
262,0.998246,6.00005865097,3.29191,0.743783,0.00476401
263,0.99883,3.99990320206,3.27043,0.486751,0.00470899
264,0.998538,4.99998092651,3.26994,0.457465,0.0046546
265,0.998538,4.99998092651,3.26628,0.611652,0.00460084
266,0.998246,6.00005865097,3.27796,0.621352,0.0045477
267,0.99883,3.99990320206,3.26891,0.486776,0.00449517
268,0.99883,3.99990320206,3.25864,0.486778,0.00444325
269,0.998538,4.99998092651,3.26254,0.739339,0.00439193
270,0.99883,3.99990320206,3.25215,0.486773,0.00434121
271,0.997953,6.99993252754,3.26534,0.621338,0.00429107
272,0.99883,3.99990320206,3.2519,0.486774,0.0042415
273,0.99883,3.99990320206,3.24862,0.486782,0.00419251
274,0.998246,6.00005865097,3.25173,0.556675,0.00414409
275,0.99883,3.99990320206,3.25177,0.638145,0.00409622
276,0.99883,3.99990320206,3.24737,0.48678,0.00404891
277,0.997953,6.99993252754,3.24875,0.510205,0.00400215
278,0.998538,4.99998092651,3.24479,0.462101,0.00395592
279,0.99883,3.99990320206,3.24162,0.486791,0.00391023
280,0.998246,6.00005865097,3.24827,0.739303,0.00386507
281,0.998538,4.99998092651,3.24375,0.457432,0.00382043
282,0.998538,4.99998092651,3.24618,0.495335,0.0037763
283,0.99883,3.99990320206,3.23711,0.4868,0.00373268
284,0.998246,6.00005865097,3.23621,0.615997,0.00368957
285,0.998538,4.99998092651,3.24453,0.611643,0.00364696
286,0.99883,3.99990320206,3.23345,0.486808,0.00360483
287,0.998246,6.00005865097,3.2372,0.615977,0.0035632
288,0.998538,4.99998092651,3.23435,0.611641,0.00352204
289,0.99883,3.99990320206,3.23759,0.486811,0.00348136
290,0.998538,4.99998092651,3.23185,0.457421,0.00344115
291,0.998538,4.99998092651,3.23459,0.643203,0.00340141
292,0.99883,3.99990320206,3.23109,0.486811,0.00336212
293,0.998538,4.99998092651,3.22942,0.638102,0.00332329
294,0.99883,3.99990320206,3.22184,0.48682,0.0032849
295,0.998246,6.00005865097,3.22985,0.556595,0.00324696
296,0.99883,3.99990320206,3.2193,0.486822,0.00320946
297,0.997661,8.000010252,3.22833,0.699072,0.00317239
298,0.99883,3.99990320206,3.22251,0.486829,0.00313575
299,0.99883,3.99990320206,3.22309,0.486824,0.00309953
300,0.998246,6.00005865097,3.21998,0.501599,0.00306373
301,0.998538,4.99998092651,3.21668,0.649431,0.00302835
302,0.997953,6.99993252754,3.22078,0.564036,0.00299337
303,0.99883,3.99990320206,3.21423,0.486827,0.00295879
304,0.998246,6.00005865097,3.22192,0.615915,0.00292462
305,0.99883,3.99990320206,3.21412,0.486828,0.00289084
306,0.99883,3.99990320206,3.21211,0.495358,0.00285745
307,0.99883,3.99990320206,3.20529,0.486834,0.00282445
308,0.998246,6.00005865097,3.21657,0.556545,0.00279182
309,0.99883,3.99990320206,3.2089,0.486838,0.00275958
310,0.998538,4.99998092651,3.21237,0.638064,0.00272771
311,0.998538,4.99998092651,3.20591,0.457387,0.0026962
312,0.998538,4.99998092651,3.20781,0.618437,0.00266506
313,0.998246,6.00005865097,3.20827,0.615888,0.00263428
314,0.99883,3.99990320206,3.20523,0.486846,0.00260385
315,0.998538,4.99998092651,3.20734,0.611622,0.00257378
316,0.998538,4.99998092651,3.20418,0.466445,0.00254405
317,0.998538,4.99998092651,3.20625,0.638071,0.00251467
318,0.998538,4.99998092651,3.20657,0.581641,0.00248562
319,0.99883,3.99990320206,3.20138,0.486849,0.00245691
320,0.99883,3.99990320206,3.19576,0.486851,0.00242854
321,0.997953,6.99993252754,3.20742,0.69895,0.00240049
322,0.99883,3.99990320206,3.20051,0.486848,0.00237276
323,0.998538,4.99998092651,3.19958,0.615857,0.00234535
324,0.99883,3.99990320206,3.19809,0.486857,0.00231827
325,0.99883,3.99990320206,3.19279,0.486858,0.00229149
326,0.998246,6.00005865097,3.19711,0.739179,0.00226502
327,0.998246,6.00005865097,3.19691,0.517224,0.00223886
328,0.99883,3.99990320206,3.19489,0.555358,0.002213
329,0.99883,3.99990320206,3.18957,0.486853,0.00218744
330,0.998538,4.99998092651,3.18988,0.615844,0.00216218
331,0.998538,4.99998092651,3.19303,0.611624,0.0021372
332,0.998538,4.99998092651,3.1936,0.63804,0.00211252
333,0.998538,4.99998092651,3.19036,0.457372,0.00208812
334,0.99883,3.99990320206,3.18781,0.48686,0.002064
335,0.99883,3.99990320206,3.1862,0.486864,0.00204016
336,0.998246,6.00005865097,3.19003,0.556477,0.0020166
337,0.99883,3.99990320206,3.18463,0.486866,0.00199331
338,0.998538,4.99998092651,3.19159,0.643137,0.00197028
339,0.998538,4.99998092651,3.18538,0.457365,0.00194753
340,0.998538,4.99998092651,3.18508,0.611628,0.00192503
341,0.998538,4.99998092651,3.18731,0.643138,0.0019028
342,0.998538,4.99998092651,3.18204,0.482006,0.00188082
343,0.998538,4.99998092651,3.18583,0.638033,0.0018591
344,0.997661,8.000010252,3.18386,0.611527,0.00183762
345,0.99883,3.99990320206,3.1795,0.486867,0.0018164
346,0.998538,4.99998092651,3.18222,0.556457,0.00179542
347,0.99883,3.99990320206,3.18093,0.49538,0.00177468
348,0.99883,3.99990320206,3.17961,0.641247,0.00175418
349,0.998538,4.99998092651,3.18006,0.517239,0.00173392
350,0.998538,4.99998092651,3.1789,0.491074,0.0017139
351,0.99883,3.99990320206,3.17467,0.491076,0.0016941
352,0.997953,6.99993252754,3.18269,0.706014,0.00167453
353,0.99883,3.99990320206,3.17797,0.611605,0.00165519
354,0.998538,4.99998092651,3.17712,0.468228,0.00163608
355,0.99883,3.99990320206,3.17494,0.486875,0.00161718
356,0.998538,4.99998092651,3.17996,0.646309,0.0015985
357,0.998538,4.99998092651,3.17592,0.482011,0.00158004
358,0.99883,3.99990320206,3.17245,0.486876,0.00156179
359,0.998538,4.99998092651,3.17823,0.643117,0.00154375
360,0.998538,4.99998092651,3.17161,0.457343,0.00152592
361,0.998538,4.99998092651,3.1727,0.611615,0.00150829
362,0.998246,6.00005865097,3.17457,0.649342,0.00149087
363,0.998538,4.99998092651,3.17454,0.512855,0.00147365
364,0.998538,4.99998092651,3.17101,0.468215,0.00145663
365,0.998246,6.00005865097,3.17279,0.741872,0.00143981
366,0.99883,3.99990320206,3.17215,0.499516,0.00142318
367,0.99883,3.99990320206,3.16874,0.457338,0.00140674
368,0.99883,3.99990320206,3.17,0.486881,0.00139049
369,0.998246,6.00005865097,3.17186,0.739084,0.00137443
370,0.99883,3.99990320206,3.16836,0.490608,0.00135856
371,0.99883,3.99990320206,3.16916,0.486879,0.00134287
372,0.998538,4.99998092651,3.16887,0.638004,0.00132736
373,0.998538,4.99998092651,3.16744,0.491082,0.00131203
374,0.998538,4.99998092651,3.16834,0.491081,0.00129687
375,0.998246,6.00005865097,3.1679,0.629088,0.00128189
376,0.998538,4.99998092651,3.16702,0.614956,0.00126709
377,0.99883,3.99990320206,3.16619,0.491083,0.00125245
378,0.998538,4.99998092651,3.16559,0.477048,0.00123799
379,0.99883,3.99990320206,3.16441,0.486885,0.00122369
380,0.998246,6.00005865097,3.16866,0.741844,0.00120955
381,0.998246,6.00005865097,3.16619,0.634292,0.00119558
382,0.99883,3.99990320206,3.16353,0.486883,0.00118177
383,0.998538,4.99998092651,3.16231,0.491083,0.00116812
384,0.998538,4.99998092651,3.16473,0.499515,0.00115463
385,0.998538,4.99998092651,3.16198,0.55908,0.0011413
386,0.998246,6.00005865097,3.16192,0.629074,0.00112811
387,0.998538,4.99998092651,3.16497,0.614948,0.00111508
388,0.99883,3.99990320206,3.16007,0.486886,0.00110221
389,0.998538,4.99998092651,3.16008,0.457329,0.00108948
390,0.998538,4.99998092651,3.1628,0.739057,0.00107689
391,0.998538,4.99998092651,3.16288,0.510771,0.00106445
392,0.998246,6.00005865097,3.1622,0.641196,0.00105216
393,0.99883,3.99990320206,3.15888,0.491086,0.00104001
394,0.99883,3.99990320206,3.15804,0.499518,0.00102799
395,0.99883,3.99990320206,3.15883,0.486886,0.00101612
396,0.998246,6.00005865097,3.15901,0.615718,0.00100438
397,0.99883,3.99990320206,3.15779,0.491088,0.000992784
398,0.998538,4.99998092651,3.15943,0.611596,0.000981317
399,0.998538,4.99998092651,3.15751,0.621009,0.000969983
400,0.99883,3.99990320206,3.1575,0.486889,0.000958779
401,0.99883,3.99990320206,3.15674,0.486891,0.000947705
402,0.99883,3.99990320206,3.15552,0.486891,0.000936759
403,0.997953,6.99993252754,3.16108,0.741817,0.00092594
404,0.998538,4.99998092651,3.1564,0.491088,0.000915245
405,0.998246,6.00005865097,3.15672,0.641188,0.000904674
406,0.998538,4.99998092651,3.15491,0.468196,0.000894225
407,0.99883,3.99990320206,3.15386,0.486891,0.000883896
408,0.998538,4.99998092651,3.15657,0.621693,0.000873688
409,0.998538,4.99998092651,3.15333,0.457318,0.000863596
410,0.99883,3.99990320206,3.15396,0.637979,0.000853622
411,0.99883,3.99990320206,3.15318,0.482029,0.000843762
412,0.998538,4.99998092651,3.15402,0.49109,0.000834017
413,0.998538,4.99998092651,3.15332,0.491091,0.000824384
414,0.997953,6.99993252754,3.15539,0.741806,0.000814862
415,0.998538,4.99998092651,3.15419,0.468193,0.000805451
416,0.99883,3.99990320206,3.15272,0.614937,0.000796147
417,0.998538,4.99998092651,3.15215,0.615696,0.000786952
418,0.99883,3.99990320206,3.1535,0.637974,0.000777863
419,0.998538,4.99998092651,3.15175,0.491091,0.000768878
420,0.998538,4.99998092651,3.15302,0.49952,0.000759998
421,0.99883,3.99990320206,3.15142,0.491092,0.00075122
422,0.99883,3.99990320206,3.15135,0.64171,0.000742543
423,0.998538,4.99998092651,3.15244,0.614935,0.000733966
424,0.99883,3.99990320206,3.14991,0.486895,0.000725489
425,0.998538,4.99998092651,3.14989,0.477023,0.00071711
426,0.998538,4.99998092651,3.15147,0.637969,0.000708827
427,0.99883,3.99990320206,3.14933,0.491093,0.00070064
428,0.998538,4.99998092651,3.14886,0.491092,0.000692548
429,0.998538,4.99998092651,3.15068,0.741795,0.000684549
430,0.998538,4.99998092651,3.14868,0.468188,0.000676642
431,0.99883,3.99990320206,3.1494,0.491092,0.000668827
432,0.99883,3.99990320206,3.14887,0.486897,0.000661102
433,0.99883,3.99990320206,3.14735,0.486897,0.000653466
434,0.998246,6.00005865097,3.14819,0.646785,0.000645919
435,0.99883,3.99990320206,3.14707,0.611588,0.000638458
436,0.998246,6.00005865097,3.14945,0.64117,0.000631084
437,0.998538,4.99998092651,3.14757,0.468186,0.000623795
438,0.99883,3.99990320206,3.1469,0.491094,0.00061659
439,0.99883,3.99990320206,3.14645,0.641173,0.000609469
440,0.99883,3.99990320206,3.14586,0.486897,0.000602429
441,0.99883,3.99990320206,3.14559,0.468184,0.000595471
442,0.99883,3.99990320206,3.14626,0.614935,0.000588593
443,0.998538,4.99998092651,3.14638,0.637964,0.000581795
444,0.998538,4.99998092651,3.14695,0.61493,0.000575075
445,0.998246,6.00005865097,3.14553,0.468183,0.000568433
446,0.99883,3.99990320206,3.1458,0.646256,0.000561868
447,0.99883,3.99990320206,3.145,0.559093,0.000555378
448,0.99883,3.99990320206,3.14474,0.495398,0.000548963
449,0.998538,4.99998092651,3.14499,0.641698,0.000542623
450,0.99883,3.99990320206,3.14427,0.4869,0.000536355
451,0.99883,3.99990320206,3.14391,0.466345,0.00053016
452,0.99883,3.99990320206,3.14366,0.611588,0.000524037
453,0.998538,4.99998092651,3.14482,0.63796,0.000517984
454,0.998246,6.00005865097,3.14339,0.562914,0.000512002
455,0.998538,4.99998092651,3.14446,0.641166,0.000506088
456,0.99883,3.99990320206,3.14325,0.468181,0.000500243
457,0.99883,3.99990320206,3.14282,0.491097,0.000494465
458,0.998538,4.99998092651,3.14445,0.746182,0.000488754
459,0.99883,3.99990320206,3.14244,0.457307,0.000483109
460,0.99883,3.99990320206,3.14335,0.486903,0.000477529
461,0.99883,3.99990320206,3.14285,0.491096,0.000472013
462,0.99883,3.99990320206,3.14246,0.491097,0.000466561
463,0.99883,3.99990320206,3.14213,0.646251,0.000461173
464,0.998538,4.99998092651,3.14194,0.61493,0.000455846
465,0.998538,4.99998092651,3.14301,0.629011,0.000450581
466,0.99883,3.99990320206,3.14209,0.486904,0.000445377
467,0.99883,3.99990320206,3.14129,0.486904,0.000440233
468,0.99883,3.99990320206,3.14121,0.643071,0.000435148
469,0.998538,4.99998092651,3.14151,0.614929,0.000430122
470,0.99883,3.99990320206,3.14192,0.641162,0.000425154
471,0.99883,3.99990320206,3.14091,0.491097,0.000420243
472,0.99883,3.99990320206,3.14008,0.468178,0.00041539
473,0.998538,4.99998092651,3.14159,0.621677,0.000410592
474,0.99883,3.99990320206,3.14006,0.486905,0.000405849
475,0.99883,3.99990320206,3.14018,0.62378,0.000401162
476,0.99883,3.99990320206,3.14035,0.486905,0.000396528
477,0.998538,4.99998092651,3.14059,0.491098,0.000391949
478,0.99883,3.99990320206,3.13963,0.491098,0.000387421
479,0.998246,6.00005865097,3.141,0.746172,0.000382947
480,0.99883,3.99990320206,3.13964,0.491787,0.000378524
481,0.99883,3.99990320206,3.13979,0.641159,0.000374152
482,0.99883,3.99990320206,3.13893,0.468176,0.00036983
483,0.99883,3.99990320206,3.13866,0.486905,0.000365559
484,0.99883,3.99990320206,3.1395,0.621676,0.000361336
485,0.99883,3.99990320206,3.1389,0.491098,0.000357163
486,0.998538,4.99998092651,3.14014,0.641157,0.000353038
487,0.99883,3.99990320206,3.13881,0.623774,0.00034896
488,0.99883,3.99990320206,3.13863,0.499523,0.000344929
489,0.99883,3.99990320206,3.13861,0.491098,0.000340946
490,0.99883,3.99990320206,3.13835,0.486906,0.000337008
491,0.99883,3.99990320206,3.13802,0.491098,0.000333115
492,0.99883,3.99990320206,3.13774,0.491099,0.000329268
493,0.998246,6.00005865097,3.13894,0.741766,0.000325465
494,0.998538,4.99998092651,3.13851,0.641684,0.000321705
495,0.99883,3.99990320206,3.13707,0.457299,0.00031799
496,0.99883,3.99990320206,3.13738,0.486906,0.000314317
497,0.998538,4.99998092651,3.13787,0.611582,0.000310687
498,0.99883,3.99990320206,3.13727,0.62377,0.000307098
499,0.99883,3.99990320206,3.13777,0.491099,0.000303551
500,0.99883,3.99990320206,3.13705,0.486907,0.000300045
501,0.99883,3.99990320206,3.13682,0.491099,0.00029658
502,0.99883,3.99990320206,3.13662,0.491099,0.000293154
503,0.998246,6.00005865097,3.13811,0.741762,0.000289768
504,0.99883,3.99990320206,3.13664,0.468172,0.000286421
505,0.99883,3.99990320206,3.13698,0.741762,0.000283113
506,0.99883,3.99990320206,3.137,0.457298,0.000279843
507,0.99883,3.99990320206,3.1368,0.486907,0.000276611
508,0.99883,3.99990320206,3.13658,0.486908,0.000273416
509,0.99883,3.99990320206,3.13595,0.486908,0.000270258
510,0.998538,4.99998092651,3.13749,0.646765,0.000267137
511,0.99883,3.99990320206,3.1362,0.614763,0.000264051
512,0.998538,4.99998092651,3.13622,0.646242,0.000261001
513,0.99883,3.99990320206,3.13619,0.614924,0.000257987
514,0.99883,3.99990320206,3.13539,0.468171,0.000255007
515,0.998538,4.99998092651,3.13657,0.641152,0.000252062
516,0.99883,3.99990320206,3.13562,0.4911,0.00024915
517,0.99883,3.99990320206,3.13541,0.562921,0.000246273
518,0.99883,3.99990320206,3.1354,0.646241,0.000243428
519,0.99883,3.99990320206,3.13489,0.56531,0.000240617
520,0.99883,3.99990320206,3.13571,0.641152,0.000237837
521,0.99883,3.99990320206,3.1351,0.4911,0.00023509
522,0.99883,3.99990320206,3.13495,0.4911,0.000232375
523,0.99883,3.99990320206,3.1355,0.74616,0.000229691
524,0.99883,3.99990320206,3.13447,0.46817,0.000227038
525,0.99883,3.99990320206,3.13512,0.4911,0.000224416
526,0.99883,3.99990320206,3.13459,0.486909,0.000221824
527,0.99883,3.99990320206,3.13443,0.499524,0.000219262
528,0.99883,3.99990320206,3.13468,0.634242,0.000216729
529,0.99883,3.99990320206,3.13424,0.486909,0.000214226
530,0.99883,3.99990320206,3.1342,0.457296,0.000211752
531,0.99883,3.99990320206,3.13417,0.611582,0.000209306
532,0.998538,4.99998092651,3.13474,0.637946,0.000206889
533,0.99883,3.99990320206,3.13387,0.562922,0.000204499
534,0.998538,4.99998092651,3.1345,0.646238,0.000202137
535,0.99883,3.99990320206,3.13387,0.468169,0.000199802
536,0.99883,3.99990320206,3.13363,0.491101,0.000197495
537,0.998538,4.99998092651,3.13444,0.741756,0.000195213
538,0.99883,3.99990320206,3.13378,0.4911,0.000192959
539,0.99883,3.99990320206,3.13378,0.4911,0.00019073
540,0.99883,3.99990320206,3.13376,0.641149,0.000188527
541,0.99883,3.99990320206,3.13345,0.468169,0.00018635
542,0.99883,3.99990320206,3.13384,0.614922,0.000184197
543,0.99883,3.99990320206,3.13334,0.491101,0.00018207
544,0.998538,4.99998092651,3.13396,0.641148,0.000179967
545,0.99883,3.99990320206,3.13329,0.468168,0.000177888
546,0.99883,3.99990320206,3.13314,0.491101,0.000175834
547,0.99883,3.99990320206,3.133,0.641149,0.000173803
548,0.99883,3.99990320206,3.13333,0.607716,0.000171795
549,0.99883,3.99990320206,3.13332,0.637944,0.000169811
550,0.99883,3.99990320206,3.13285,0.559104,0.00016785
551,0.99883,3.99990320206,3.13265,0.491101,0.000165911
552,0.99883,3.99990320206,3.13311,0.746155,0.000163995
553,0.99883,3.99990320206,3.13273,0.468168,0.000162101
554,0.99883,3.99990320206,3.13285,0.491101,0.000160228
555,0.99883,3.99990320206,3.13273,0.495405,0.000158378
556,0.99883,3.99990320206,3.1324,0.457294,0.000156548
557,0.99883,3.99990320206,3.13256,0.637944,0.00015474
558,0.99883,3.99990320206,3.13241,0.61158,0.000152953
559,0.99883,3.99990320206,3.13238,0.491101,0.000151186
560,0.99883,3.99990320206,3.13253,0.641147,0.00014944
561,0.99883,3.99990320206,3.13224,0.491101,0.000147714
562,0.99883,3.99990320206,3.13223,0.646236,0.000146008
563,0.99883,3.99990320206,3.132,0.491101,0.000144322
564,0.99883,3.99990320206,3.13197,0.457294,0.000142655
565,0.99883,3.99990320206,3.13202,0.495405,0.000141007
566,0.99883,3.99990320206,3.1324,0.738983,0.000139378
567,0.99883,3.99990320206,3.13185,0.468167,0.000137769
568,0.99883,3.99990320206,3.13201,0.611579,0.000136177
569,0.99883,3.99990320206,3.13203,0.641146,0.000134604
570,0.99883,3.99990320206,3.13183,0.491101,0.00013305
571,0.99883,3.99990320206,3.13178,0.476994,0.000131513
572,0.99883,3.99990320206,3.13188,0.491102,0.000129994
573,0.99883,3.99990320206,3.13157,0.486912,0.000128493
574,0.99883,3.99990320206,3.13173,0.738982,0.000127009
575,0.99883,3.99990320206,3.13181,0.641674,0.000125542
576,0.99883,3.99990320206,3.13151,0.495405,0.000124092
577,0.99883,3.99990320206,3.13129,0.457293,0.000122658
578,0.99883,3.99990320206,3.13165,0.486912,0.000121242
579,0.99883,3.99990320206,3.13143,0.486912,0.000119841
580,0.99883,3.99990320206,3.13154,0.641145,0.000118457
581,0.99883,3.99990320206,3.1317,0.741749,0.000117089
582,0.99883,3.99990320206,3.13112,0.468166,0.000115736
583,0.99883,3.99990320206,3.13143,0.499524,0.0001144
584,0.99883,3.99990320206,3.13114,0.491102,0.000113078
585,0.99883,3.99990320206,3.1312,0.491102,0.000111772
586,0.99883,3.99990320206,3.13113,0.641145,0.000110481
587,0.99883,3.99990320206,3.13116,0.61492,0.000109205
588,0.99883,3.99990320206,3.13126,0.62375,0.000107944
589,0.99883,3.99990320206,3.13118,0.491102,0.000106697
590,0.99883,3.99990320206,3.13093,0.486912,0.000105465
591,0.99883,3.99990320206,3.1309,0.495406,0.000104247
592,0.99883,3.99990320206,3.13107,0.73898,0.000103043
593,0.99883,3.99990320206,3.13102,0.468165,0.000101852
594,0.99883,3.99990320206,3.13087,0.486912,0.000100676
595,0.99883,3.99990320206,3.1308,0.641144,9.95133e-05
596,0.99883,3.99990320206,3.13096,0.614919,9.83639e-05
597,0.99883,3.99990320206,3.13075,0.476992,9.72278e-05
598,0.99883,3.99990320206,3.1308,0.491102,9.61048e-05
599,0.99883,3.99990320206,3.13084,0.641144,9.49948e-05
600,0.99883,3.99990320206,3.1306,0.499524,9.38976e-05
601,0.99883,3.99990320206,3.13045,0.48205,9.28131e-05
602,0.99883,3.99990320206,3.13075,0.738979,9.17411e-05
603,0.99883,3.99990320206,3.13062,0.491102,9.06814e-05
604,0.99883,3.99990320206,3.13059,0.491102,8.96341e-05
605,0.99883,3.99990320206,3.13041,0.468164,8.85988e-05
606,0.99883,3.99990320206,3.13046,0.641143,8.75755e-05
607,0.99883,3.99990320206,3.13049,0.614919,8.6564e-05
608,0.99883,3.99990320206,3.13029,0.457291,8.55642e-05
609,0.99883,3.99990320206,3.13066,0.643055,8.45759e-05
610,0.99883,3.99990320206,3.13023,0.486913,8.35991e-05
611,0.99883,3.99990320206,3.13027,0.491102,8.26335e-05
612,0.99883,3.99990320206,3.1304,0.741746,8.1679e-05
613,0.99883,3.99990320206,3.13014,0.476992,8.07357e-05
614,0.99883,3.99990320206,3.13036,0.491102,7.98031e-05
615,0.99883,3.99990320206,3.13017,0.486913,7.88814e-05
616,0.99883,3.99990320206,3.13017,0.623747,7.79703e-05
617,0.99883,3.99990320206,3.13028,0.611578,7.70698e-05
618,0.99883,3.99990320206,3.1301,0.499524,7.61796e-05
619,0.99883,3.99990320206,3.13017,0.693803,7.52997e-05
620,0.99883,3.99990320206,3.13001,0.486913,7.443e-05
621,0.99883,3.99990320206,3.13004,0.491102,7.35703e-05
622,0.99883,3.99990320206,3.1299,0.491102,7.27206e-05
623,0.99883,3.99990320206,3.13014,0.741745,7.18807e-05
624,0.99883,3.99990320206,3.12997,0.457291,7.10504e-05
625,0.99883,3.99990320206,3.12998,0.512849,7.02298e-05
626,0.99883,3.99990320206,3.12999,0.637939,6.94187e-05
627,0.99883,3.99990320206,3.12979,0.488115,6.86168e-05
628,0.99883,3.99990320206,3.12993,0.623746,6.78243e-05
629,0.99883,3.99990320206,3.12987,0.621665,6.7041e-05
630,0.99883,3.99990320206,3.12982,0.491103,6.62666e-05
631,0.99883,3.99990320206,3.12977,0.491103,6.55012e-05
632,0.99883,3.99990320206,3.12965,0.457291,6.47447e-05
633,0.99883,3.99990320206,3.12996,0.738977,6.39969e-05
634,0.99883,3.99990320206,3.1296,0.457291,6.32577e-05
635,0.99883,3.99990320206,3.12985,0.637939,6.25271e-05
636,0.99883,3.99990320206,3.12975,0.486914,6.18049e-05
637,0.99883,3.99990320206,3.12963,0.486914,6.1091e-05
638,0.99883,3.99990320206,3.12979,0.637939,6.03855e-05
639,0.99883,3.99990320206,3.12954,0.486914,5.9688e-05
640,0.99883,3.99990320206,3.12962,0.563724,5.89986e-05
641,0.99883,3.99990320206,3.12969,0.741744,5.83172e-05
642,0.99883,3.99990320206,3.12948,0.476991,5.76436e-05
643,0.99883,3.99990320206,3.12965,0.491103,5.69778e-05
644,0.99883,3.99990320206,3.12951,0.491103,5.63197e-05
645,0.99883,3.99990320206,3.12956,0.641142,5.56692e-05
646,0.99883,3.99990320206,3.12952,0.614918,5.50262e-05
647,0.99883,3.99990320206,3.12942,0.468163,5.43907e-05
648,0.99883,3.99990320206,3.12945,0.491103,5.37625e-05
649,0.99883,3.99990320206,3.12951,0.641141,5.31415e-05
650,0.99883,3.99990320206,3.12937,0.482051,5.25277e-05
651,0.99883,3.99990320206,3.12937,0.643053,5.1921e-05
652,0.99883,3.99990320206,3.12932,0.611578,5.13213e-05
653,0.99883,3.99990320206,3.12928,0.468163,5.07286e-05
654,0.99883,3.99990320206,3.12936,0.486914,5.01426e-05
655,0.99883,3.99990320206,3.12936,0.646231,4.95635e-05
656,0.99883,3.99990320206,3.12926,0.562925,4.8991e-05
657,0.99883,3.99990320206,3.12935,0.641141,4.84252e-05
658,0.99883,3.99990320206,3.12923,0.499525,4.78659e-05
659,0.99883,3.99990320206,3.1291,0.491103,4.7313e-05
660,0.99883,3.99990320206,3.12931,0.614918,4.67665e-05
661,0.99883,3.99990320206,3.12915,0.468163,4.62264e-05
662,0.99883,3.99990320206,3.12934,0.646231,4.56924e-05
663,0.99883,3.99990320206,3.12917,0.491103,4.51647e-05
664,0.99883,3.99990320206,3.12907,0.491103,4.46431e-05
665,0.99883,3.99990320206,3.12911,0.641669,4.41274e-05
666,0.99883,3.99990320206,3.12913,0.618361,4.36178e-05
667,0.99883,3.99990320206,3.12901,0.45729,4.3114e-05
668,0.99883,3.99990320206,3.12918,0.637938,4.2616e-05
669,0.99883,3.99990320206,3.12906,0.562925,4.21238e-05
670,0.99883,3.99990320206,3.12903,0.693313,4.16372e-05
671,0.99883,3.99990320206,3.12904,0.614918,4.11563e-05
672,0.99883,3.99990320206,3.12894,0.468163,4.0681e-05
673,0.99883,3.99990320206,3.12906,0.637938,4.02111e-05
674,0.99883,3.99990320206,3.12897,0.491103,3.97467e-05
675,0.99883,3.99990320206,3.12892,0.562925,3.92876e-05
676,0.99883,3.99990320206,3.12903,0.628974,3.88338e-05
677,0.99883,3.99990320206,3.12892,0.614918,3.83853e-05
678,0.99883,3.99990320206,3.12896,0.491103,3.79419e-05
679,0.99883,3.99990320206,3.12885,0.491103,3.75037e-05
680,0.99883,3.99990320206,3.12889,0.641141,3.70705e-05
681,0.99883,3.99990320206,3.12891,0.491103,3.66424e-05
682,0.99883,3.99990320206,3.12882,0.468163,3.62191e-05
683,0.99883,3.99990320206,3.12886,0.614918,3.58008e-05
684,0.99883,3.99990320206,3.12886,0.637938,3.53873e-05
685,0.99883,3.99990320206,3.1288,0.491792,3.49786e-05
686,0.99883,3.99990320206,3.12879,0.637938,3.45746e-05
687,0.99883,3.99990320206,3.12875,0.45729,3.41752e-05
688,0.99883,3.99990320206,3.1288,0.618361,3.37805e-05
689,0.99883,3.99990320206,3.12878,0.486914,3.33903e-05
690,0.99883,3.99990320206,3.12882,0.64114,3.30047e-05
691,0.99883,3.99990320206,3.12876,0.526022,3.26235e-05
692,0.99883,3.99990320206,3.12875,0.468163,3.22467e-05
693,0.99883,3.99990320206,3.12879,0.741742,3.18742e-05
694,0.99883,3.99990320206,3.12872,0.491103,3.15061e-05
695,0.99883,3.99990320206,3.1287,0.45729,3.11422e-05
696,0.99883,3.99990320206,3.12868,0.486914,3.07825e-05
697,0.99883,3.99990320206,3.12865,0.486914,3.04269e-05
698,0.99883,3.99990320206,3.1287,0.738975,3.00755e-05
699,0.99883,3.99990320206,3.12871,0.500202,2.97281e-05
700,0.99883,3.99990320206,3.1287,0.637937,2.93848e-05
701,0.99883,3.99990320206,3.12862,0.562926,2.90454e-05
702,0.99883,3.99990320206,3.12858,0.491103,2.87099e-05
703,0.99883,3.99990320206,3.12861,0.623742,2.83783e-05
704,0.99883,3.99990320206,3.12858,0.491103,2.80505e-05
705,0.99883,3.99990320206,3.12857,0.495407,2.77265e-05
706,0.99883,3.99990320206,3.1286,0.738975,2.74063e-05
707,0.99883,3.99990320206,3.12855,0.468162,2.70898e-05
708,0.99883,3.99990320206,3.12864,0.491103,2.67769e-05
709,0.99883,3.99990320206,3.12857,0.491103,2.64676e-05
710,0.99883,3.99990320206,3.12855,0.499525,2.61619e-05
711,0.99883,3.99990320206,3.12849,0.64114,2.58597e-05
712,0.99883,3.99990320206,3.12857,0.621664,2.5561e-05
713,0.99883,3.99990320206,3.12852,0.64114,2.52658e-05
714,0.99883,3.99990320206,3.12849,0.468162,2.4974e-05
715,0.99883,3.99990320206,3.12851,0.491103,2.46855e-05
716,0.99883,3.99990320206,3.1285,0.499525,2.44004e-05
717,0.99883,3.99990320206,3.12843,0.486915,2.41186e-05
718,0.99883,3.99990320206,3.12855,0.693938,2.384e-05
719,0.99883,3.99990320206,3.12842,0.486915,2.35647e-05
720,0.99883,3.99990320206,3.1285,0.639378,2.32925e-05
721,0.99883,3.99990320206,3.12841,0.555432,2.30235e-05
722,0.99883,3.99990320206,3.12847,0.61836,2.27575e-05
723,0.99883,3.99990320206,3.1284,0.457289,2.24947e-05
724,0.99883,3.99990320206,3.12843,0.637937,2.22349e-05
725,0.99883,3.99990320206,3.12843,0.491103,2.19781e-05
726,0.99883,3.99990320206,3.12841,0.491103,2.17242e-05
727,0.99883,3.99990320206,3.12839,0.64623,2.14733e-05
728,0.99883,3.99990320206,3.12836,0.565294,2.12253e-05
729,0.99883,3.99990320206,3.12837,0.499525,2.09801e-05
730,0.99883,3.99990320206,3.12839,0.637937,2.07378e-05
731,0.99883,3.99990320206,3.12834,0.482052,2.04983e-05
732,0.99883,3.99990320206,3.12834,0.643052,2.02615e-05
733,0.99883,3.99990320206,3.12833,0.491103,2.00275e-05
734,0.99883,3.99990320206,3.12831,0.491103,1.97962e-05
735,0.99883,3.99990320206,3.1283,0.499525,1.95675e-05
736,0.99883,3.99990320206,3.12837,0.701151,1.93415e-05
737,0.99883,3.99990320206,3.1283,0.491103,1.91181e-05
738,0.99883,3.99990320206,3.12829,0.486915,1.88973e-05
739,0.99883,3.99990320206,3.12833,0.74174,1.8679e-05
740,0.99883,3.99990320206,3.12833,0.476989,1.84633e-05
741,0.99883,3.99990320206,3.1283,0.491103,1.82501e-05
742,0.99883,3.99990320206,3.1283,0.491103,1.80393e-05
743,0.99883,3.99990320206,3.12826,0.486915,1.78309e-05
744,0.99883,3.99990320206,3.12831,0.641139,1.7625e-05
745,0.99883,3.99990320206,3.12828,0.543027,1.74214e-05
746,0.99883,3.99990320206,3.12826,0.611577,1.72202e-05
747,0.99883,3.99990320206,3.12833,0.646229,1.70213e-05
748,0.99883,3.99990320206,3.12827,0.491103,1.68247e-05
749,0.99883,3.99990320206,3.12823,0.491103,1.66304e-05
750,0.99883,3.99990320206,3.1283,0.70115,1.64383e-05
751,0.99883,3.99990320206,3.12824,0.614917,1.62484e-05
752,0.99883,3.99990320206,3.12826,0.643052,1.60607e-05
753,0.99883,3.99990320206,3.12824,0.491103,1.58752e-05
754,0.99883,3.99990320206,3.12819,0.486915,1.56919e-05
755,0.99883,3.99990320206,3.12827,0.641139,1.55106e-05
756,0.99883,3.99990320206,3.12822,0.491103,1.53315e-05
757,0.99883,3.99990320206,3.12821,0.476989,1.51544e-05
758,0.99883,3.99990320206,3.12821,0.491103,1.49794e-05
759,0.99883,3.99990320206,3.12818,0.486915,1.48064e-05
760,0.99883,3.99990320206,3.1282,0.548911,1.46353e-05
761,0.99883,3.99990320206,3.12819,0.486915,1.44663e-05
762,0.99883,3.99990320206,3.12819,0.646229,1.42992e-05
763,0.99883,3.99990320206,3.12819,0.614917,1.41341e-05
764,0.99883,3.99990320206,3.12816,0.465023,1.39708e-05
765,0.99883,3.99990320206,3.12818,0.641139,1.38095e-05
766,0.99883,3.99990320206,3.12815,0.491103,1.365e-05
767,0.99883,3.99990320206,3.12814,0.501362,1.34923e-05
768,0.99883,3.99990320206,3.12818,0.611577,1.33365e-05
769,0.99883,3.99990320206,3.1282,0.741784,1.31824e-05
770,0.99883,3.99990320206,3.12817,0.491103,1.30302e-05
771,0.99883,3.99990320206,3.12815,0.641667,1.28797e-05
772,0.99883,3.99990320206,3.12811,0.468162,1.27309e-05
773,0.99883,3.99990320206,3.12816,0.522114,1.25839e-05
774,0.99883,3.99990320206,3.12812,0.486915,1.24385e-05
775,0.99883,3.99990320206,3.12813,0.637937,1.22949e-05
776,0.99883,3.99990320206,3.12811,0.491103,1.21528e-05
777,0.99883,3.99990320206,3.12815,0.74174,1.20125e-05
778,0.99883,3.99990320206,3.1281,0.476988,1.18737e-05
779,0.99883,3.99990320206,3.12811,0.491104,1.17366e-05
780,0.99883,3.99990320206,3.12812,0.643052,1.1601e-05
781,0.99883,3.99990320206,3.12809,0.499525,1.1467e-05
782,0.99883,3.99990320206,3.12811,0.491103,1.13346e-05
783,0.99883,3.99990320206,3.12809,0.491103,1.12037e-05
784,0.99883,3.99990320206,3.12808,0.491103,1.10743e-05
785,0.99883,3.99990320206,3.12806,0.468162,1.09464e-05
786,0.99883,3.99990320206,3.12809,0.637936,1.08199e-05
787,0.99883,3.99990320206,3.12809,0.746144,1.0695e-05
788,0.99883,3.99990320206,3.12808,0.488112,1.05714e-05
789,0.99883,3.99990320206,3.12811,0.614917,1.04493e-05
790,0.99883,3.99990320206,3.12806,0.491103,1.03286e-05
791,0.99883,3.99990320206,3.12805,0.491104,1.02093e-05
792,0.99883,3.99990320206,3.12804,0.491103,1.00914e-05
793,0.99883,3.99990320206,3.12808,0.705807,9.97488e-06
794,0.99883,3.99990320206,3.12805,0.491103,9.85966e-06
795,0.99883,3.99990320206,3.12803,0.486915,9.74578e-06
796,0.99883,3.99990320206,3.12807,0.637936,9.63322e-06
797,0.99883,3.99990320206,3.12806,0.457289,9.52196e-06
798,0.99883,3.99990320206,3.12805,0.637936,9.41198e-06
799,0.99883,3.99990320206,3.12804,0.491103,9.30327e-06
800,0.99883,3.99990320206,3.12802,0.486915,9.19582e-06
801,0.99883,3.99990320206,3.12804,0.738973,9.0896e-06
802,0.99883,3.99990320206,3.12803,0.457289,8.98462e-06
803,0.99883,3.99990320206,3.12806,0.643052,8.88084e-06
804,0.99883,3.99990320206,3.12805,0.491103,8.77827e-06
805,0.99883,3.99990320206,3.12802,0.491103,8.67688e-06
806,0.99883,3.99990320206,3.12802,0.491103,8.57666e-06
807,0.99883,3.99990320206,3.128,0.491103,8.4776e-06
808,0.99883,3.99990320206,3.12801,0.74174,8.37969e-06
809,0.99883,3.99990320206,3.12801,0.468162,8.2829e-06
810,0.99883,3.99990320206,3.12801,0.646229,8.18723e-06
811,0.99883,3.99990320206,3.12797,0.486915,8.09267e-06
812,0.99883,3.99990320206,3.128,0.491103,7.9992e-06
813,0.99883,3.99990320206,3.12798,0.491103,7.9068e-06
814,0.99883,3.99990320206,3.12798,0.646229,7.81548e-06
815,0.99883,3.99990320206,3.12798,0.614917,7.72521e-06
816,0.99883,3.99990320206,3.12797,0.486915,7.63599e-06
817,0.99883,3.99990320206,3.12795,0.486915,7.54779e-06
818,0.99883,3.99990320206,3.12795,0.62092,7.46061e-06
819,0.99883,3.99990320206,3.12798,0.486915,7.37444e-06
820,0.99883,3.99990320206,3.12797,0.491103,7.28926e-06
821,0.99883,3.99990320206,3.12796,0.491103,7.20508e-06
822,0.99883,3.99990320206,3.12795,0.491104,7.12186e-06
823,0.99883,3.99990320206,3.12795,0.628971,7.0396e-06
824,0.99883,3.99990320206,3.12797,0.692785,6.95829e-06
825,0.99883,3.99990320206,3.12794,0.641139,6.87792e-06
826,0.99883,3.99990320206,3.12794,0.491104,6.79848e-06
827,0.99883,3.99990320206,3.12797,0.741739,6.71996e-06
828,0.99883,3.99990320206,3.12794,0.491103,6.64234e-06
829,0.99883,3.99990320206,3.12793,0.468162,6.56562e-06
830,0.99883,3.99990320206,3.12794,0.641139,6.48979e-06
831,0.99883,3.99990320206,3.12792,0.491103,6.41484e-06
832,0.99883,3.99990320206,3.12794,0.614917,6.34074e-06
833,0.99883,3.99990320206,3.12791,0.491103,6.26751e-06
834,0.99883,3.99990320206,3.12791,0.476988,6.19511e-06
835,0.99883,3.99990320206,3.12795,0.741739,6.12356e-06
836,0.99883,3.99990320206,3.12793,0.641139,6.05283e-06
837,0.99883,3.99990320206,3.12791,0.499525,5.98292e-06
838,0.99883,3.99990320206,3.1279,0.491104,5.91382e-06
839,0.99883,3.99990320206,3.12792,0.641139,5.84552e-06
840,0.99883,3.99990320206,3.12791,0.468162,5.778e-06
841,0.99883,3.99990320206,3.12792,0.741739,5.71126e-06
842,0.99883,3.99990320206,3.12789,0.491103,5.6453e-06
843,0.99883,3.99990320206,3.12791,0.614917,5.58009e-06
844,0.99883,3.99990320206,3.12791,0.701149,5.51565e-06
845,0.99883,3.99990320206,3.12789,0.491103,5.45194e-06
846,0.99883,3.99990320206,3.12791,0.742195,5.38897e-06
847,0.99883,3.99990320206,3.12788,0.562926,5.32672e-06
848,0.99883,3.99990320206,3.12789,0.58361,5.2652e-06
849,0.99883,3.99990320206,3.12787,0.521646,5.20438e-06
850,0.99883,3.99990320206,3.12786,0.491104,5.14428e-06
851,0.99883,3.99990320206,3.12787,0.62374,5.08486e-06
852,0.99883,3.99990320206,3.12787,0.491792,5.02613e-06
853,0.99883,3.99990320206,3.12787,0.499525,4.96808e-06
854,0.99883,3.99990320206,3.12788,0.614917,4.91069e-06
855,0.99883,3.99990320206,3.12787,0.488111,4.85397e-06
856,0.99883,3.99990320206,3.12786,0.641139,4.79791e-06
857,0.99883,3.99990320206,3.12785,0.489991,4.7425e-06
858,0.99883,3.99990320206,3.12786,0.614917,4.68772e-06
859,0.99883,3.99990320206,3.12786,0.641139,4.63358e-06
860,0.99883,3.99990320206,3.12785,0.614917,4.58006e-06
861,0.99883,3.99990320206,3.12786,0.56002,4.52716e-06
862,0.99883,3.99990320206,3.12785,0.646229,4.47487e-06
863,0.99883,3.99990320206,3.12785,0.499525,4.42319e-06
864,0.99883,3.99990320206,3.12785,0.614917,4.3721e-06
865,0.99883,3.99990320206,3.12786,0.57744,4.3216e-06
866,0.99883,3.99990320206,3.12785,0.575802,4.27168e-06
867,0.99883,3.99990320206,3.12785,0.465022,4.22234e-06
868,0.99883,3.99990320206,3.12784,0.641139,4.17357e-06
869,0.99883,3.99990320206,3.12785,0.499525,4.12537e-06
870,0.99883,3.99990320206,3.12784,0.499525,4.07772e-06
871,0.99883,3.99990320206,3.12784,0.476988,4.03063e-06
872,0.99883,3.99990320206,3.12785,0.655206,3.98407e-06
873,0.99883,3.99990320206,3.12784,0.499525,3.93805e-06
874,0.99883,3.99990320206,3.12784,0.646229,3.89257e-06
875,0.99883,3.99990320206,3.12783,0.499525,3.84761e-06
876,0.99883,3.99990320206,3.12783,0.499525,3.80317e-06
877,0.99883,3.99990320206,3.12783,0.495408,3.75924e-06
878,0.99883,3.99990320206,3.12783,0.495408,3.71582e-06
879,0.99883,3.99990320206,3.12782,0.495408,3.67291e-06
880,0.99883,3.99990320206,3.12783,0.495408,3.63048e-06
881,0.99883,3.99990320206,3.12784,0.495408,3.58855e-06
882,0.99883,3.99990320206,3.12783,0.495408,3.54711e-06
883,0.99883,3.99990320206,3.12783,0.643051,3.50613e-06
884,0.99883,3.99990320206,3.12782,0.495408,3.46564e-06
885,0.99883,3.99990320206,3.12782,0.643051,3.42561e-06
886,0.99883,3.99990320206,3.12781,0.495408,3.38604e-06
887,0.99883,3.99990320206,3.12781,0.495408,3.34694e-06
888,0.99883,3.99990320206,3.12781,0.495407,3.30828e-06
889,0.99883,3.99990320206,3.12781,0.495407,3.27007e-06
890,0.99883,3.99990320206,3.12781,0.495407,3.2323e-06
891,0.99883,3.99990320206,3.12781,0.495407,3.19496e-06
892,0.99883,3.99990320206,3.12781,0.495407,3.15806e-06
893,0.99883,3.99990320206,3.12783,0.743393,3.12159e-06
894,0.99883,3.99990320206,3.12781,0.495407,3.08553e-06
895,0.99883,3.99990320206,3.12781,0.495407,3.04989e-06
896,0.99883,3.99990320206,3.12781,0.495407,3.01467e-06
0.99883,3.12781,29.498572826385498,0.986328,0.335595887837,0.0497435089916
