2,40,0.7,2,1000, .1 
0,0.520007,14226.9991636,1.39799e+06,376.458,0.0999988
1,0.664575,9941.99933767,103722.0,87.329,0.0996444
2,0.784919,6375.00014305,17501.6,29.1813,0.0992913
3,0.874055,3733.00013781,4546.96,15.2461,0.0989395
4,0.951518,1436.99943781,891.038,6.72364,0.0985889
5,0.978104,648.999345303,268.551,3.00948,0.0982395
6,0.987618,366.999850273,113.934,1.78383,0.0978914
7,0.992072,235.000462532,53.2776,1.28065,0.0975445
8,0.994399,165.999176502,26.5377,0.877547,0.0971989
9,0.995918,121.000027657,13.3311,0.687245,0.0968544
10,0.9972,83.0004715919,6.44014,0.475877,0.0965112
11,0.997976,60.0000429153,3.52405,0.362132,0.0961692
12,0.998077,57.0002174377,1.9741,0.315614,0.0958284
13,0.998583,41.9993233681,0.924552,0.300043,0.0954888
14,0.999089,27.0001959801,0.48643,0.188109,0.0951505
15,0.999157,25.0003123283,0.398149,0.213422,0.0948133
16,0.999359,19.0006613731,0.313649,0.148964,0.0944773
17,0.99919,24.0003705025,0.296535,0.183355,0.0941425
18,0.999325,20.000603199,0.202363,0.146735,0.0938089
19,0.999494,14.999127388,0.158832,0.133207,0.0934765
20,0.999494,14.999127388,0.137445,0.133958,0.0931453
21,0.999393,18.0007195473,0.114894,0.166509,0.0928152
22,0.999325,20.000603199,0.085121,0.220331,0.0924863
23,0.999561,12.9992437363,0.0579109,0.143014,0.0921585
24,0.999359,19.0006613731,0.130467,0.176105,0.091832
25,0.999426,17.0007777214,0.056881,0.139746,0.0915066
26,0.999528,13.9991855621,0.0500158,0.099492,0.0911823
27,0.999865,3.99976730347,0.00837221,0.0573596,0.0908592
28,0.999764,6.99959278107,0.0254522,0.0934861,0.0905372
29,0.999426,17.0007777214,0.0548927,0.151104,0.0902164
30,0.999696,8.9994764328,0.0307162,0.0846572,0.0898967
31,0.999764,6.99959278107,0.0180146,0.0843184,0.0895781
32,0.999663,9.99941825867,0.0310078,0.0852228,0.0892607
33,0.999865,3.99976730347,0.00753851,0.0813178,0.0889444
34,0.99973,7.99953460693,0.0369986,0.111879,0.0886292
35,0.999663,9.99941825867,0.0790313,0.139422,0.0883151
36,0.999764,6.99959278107,0.0415035,0.0883576,0.0880022
37,0.999831,4.99970912933,0.0104087,0.058659,0.0876903
38,0.999966,0.999941825867,0.00208511,0.0178614,0.0873796
39,1.0,0.0,0.0,0.0,0.08707
1.0,0.0,12.640794515609741,5.375,0.0568331601777,0.00622734540387
