87,40,0.9,2,1000, .1 
0,0.490553,15099.9996114,1.77499e+06,458.67,0.0999996
1,0.630668,10946.9991732,113676.0,90.1392,0.0998948
2,0.777058,6608.00072193,18037.4,31.0721,0.0997901
3,0.852328,4376.99977398,5742.98,12.0867,0.0996855
4,0.867341,3931.99916124,3307.08,7.02817,0.0995811
5,0.874224,3728.00042868,2285.56,5.1543,0.0994767
6,0.877126,3642.00013161,1701.02,4.10229,0.0993724
7,0.880128,3553.00000906,1312.27,3.40454,0.0992683
8,0.882794,3473.99930477,1029.26,2.93265,0.0991643
9,0.884784,3414.99920368,818.169,2.56582,0.0990603
10,0.886032,3377.99958944,656.9,2.28495,0.0989565
11,0.888023,3318.99948835,529.422,2.02179,0.0988528
12,0.889406,3278.00010681,427.064,1.8229,0.0987492
13,0.89197,3201.999228,343.167,1.66193,0.0986457
14,0.896457,3068.99989843,271.432,1.55411,0.0985423
15,0.906545,2769.99962568,208.385,1.46549,0.098439
16,0.919872,2374.9996376,151.297,1.38469,0.0983358
17,0.934987,1926.99919939,99.7314,1.30673,0.0982328
18,0.955162,1329.00042057,55.2658,1.17596,0.0981298
19,0.972841,805.000870228,22.8786,0.900129,0.098027
20,0.984986,445.000612736,9.05776,0.491153,0.0979242
21,0.989575,308.99969101,4.80735,0.326116,0.0978216
22,0.99197,238.00028801,2.68941,0.231369,0.0977191
23,0.993387,195.99919796,1.61484,0.191249,0.0976167
24,0.994231,171.000652313,1.0401,0.148572,0.0975144
25,0.995614,129.999504089,0.692763,0.126616,0.0974121
26,0.996491,103.999249935,0.463856,0.103937,0.0973101
27,0.996964,90.000064373,0.295388,0.0903117,0.0972081
28,0.997402,77.0008206367,0.17951,0.0838187,0.0971062
29,0.997874,62.9998683929,0.0925083,0.0719483,0.0970044
30,0.998313,50.0006246567,0.0489474,0.073209,0.0969027
31,0.998414,47.0007991791,0.0308831,0.072151,0.0968012
32,0.999157,25.0003123283,0.0133553,0.0457377,0.0966997
33,0.99919,24.0003705025,0.00963484,0.0475572,0.0965984
34,0.998819,34.999730587,0.0131495,0.0601534,0.0964971
35,0.999325,20.000603199,0.00701754,0.04527,0.096396
36,0.999224,23.0004286766,0.0109233,0.0506659,0.096295
37,0.999157,25.0003123283,0.00874606,0.0582069,0.096194
38,0.999325,20.000603199,0.00960841,0.040689,0.0960932
39,0.999123,26.0002541542,0.0103618,0.0543575,0.0959925
40,0.999528,13.9991855621,0.00577653,0.0356495,0.0958919
41,0.999426,17.0007777214,0.00475974,0.0369768,0.0957914
42,0.999494,14.999127388,0.00332227,0.0310109,0.095691
43,0.999393,18.0007195473,0.00555855,0.0462544,0.0955907
44,0.999426,17.0007777214,0.00666357,0.039576,0.0954905
45,0.999426,17.0007777214,0.00465597,0.0368743,0.0953904
46,0.99946,16.0008358955,0.00538067,0.0320802,0.0952905
47,0.999494,14.999127388,0.00488007,0.0433126,0.0951906
48,0.999325,20.000603199,0.00514557,0.038826,0.0950908
49,0.999291,21.0005450249,0.00823188,0.0548485,0.0949912
50,0.999325,20.000603199,0.00679869,0.0361856,0.0948916
51,0.999426,17.0007777214,0.00345917,0.0323834,0.0947921
52,0.999629,10.9993600845,0.00403167,0.032052,0.0946928
53,0.999528,13.9991855621,0.0033259,0.0262403,0.0945935
54,0.999494,14.999127388,0.00458309,0.0365157,0.0944944
55,0.999561,12.9992437363,0.0030007,0.0297546,0.0943954
56,0.999393,18.0007195473,0.00651022,0.0338307,0.0942964
57,0.999629,10.9993600845,0.00187415,0.0239465,0.0941976
58,0.999561,12.9992437363,0.00330844,0.0300211,0.0940989
59,0.999393,18.0007195473,0.00820202,0.0514327,0.0940003
60,0.999393,18.0007195473,0.00495489,0.0343592,0.0939017
61,0.999359,19.0006613731,0.0064433,0.0464875,0.0938033
62,0.999595,11.9993019104,0.00373207,0.0383583,0.093705
63,0.999764,6.99959278107,0.00239665,0.019792,0.0936068
64,0.999595,11.9993019104,0.00319721,0.0333842,0.0935087
65,0.999157,25.0003123283,0.0100567,0.050367,0.0934107
66,0.999123,26.0002541542,0.00734204,0.0435703,0.0933128
67,0.999291,21.0005450249,0.00589026,0.0418901,0.093215
68,0.999393,18.0007195473,0.00622156,0.0462443,0.0931173
69,0.999426,17.0007777214,0.00394207,0.0408538,0.0930197
70,0.999426,17.0007777214,0.00305418,0.0354116,0.0929222
71,0.99946,16.0008358955,0.00329566,0.0364381,0.0928248
72,0.99973,7.99953460693,0.00191567,0.0266717,0.0927275
73,0.99946,16.0008358955,0.00373975,0.036871,0.0926303
74,0.99919,24.0003705025,0.00550402,0.0477773,0.0925333
75,0.999258,22.0004868507,0.00428098,0.0435035,0.0924363
76,0.999393,18.0007195473,0.00603894,0.0428573,0.0923394
77,0.999561,12.9992437363,0.00206331,0.0278336,0.0922426
78,0.999629,10.9993600845,0.00292969,0.0271315,0.0921459
79,0.999291,21.0005450249,0.0088222,0.047956,0.0920494
80,0.999426,17.0007777214,0.00526583,0.039829,0.0919529
81,0.999696,8.9994764328,0.00251673,0.0248348,0.0918565
82,0.99973,7.99953460693,0.00154167,0.0200951,0.0917602
83,0.999359,19.0006613731,0.00512989,0.0395297,0.0916641
84,0.999291,21.0005450249,0.00670726,0.0427869,0.091568
85,0.999494,14.999127388,0.00375445,0.0248937,0.091472
86,0.999359,19.0006613731,0.00563645,0.0355041,0.0913762
87,0.999663,9.99941825867,0.00201673,0.0247275,0.0912804
88,0.999528,13.9991855621,0.00433316,0.0365435,0.0911847
89,0.999561,12.9992437363,0.00323997,0.0327852,0.0910892
90,0.999696,8.9994764328,0.00188546,0.0249619,0.0909937
91,0.999831,4.99970912933,0.000635969,0.0178292,0.0908983
92,0.999528,13.9991855621,0.00350286,0.0307599,0.090803
93,0.999595,11.9993019104,0.00285098,0.0265317,0.0907079
94,0.99946,16.0008358955,0.00567781,0.0437368,0.0906128
95,0.999561,12.9992437363,0.00412646,0.030705,0.0905178
96,0.999865,3.99976730347,0.00207638,0.0229424,0.090423
97,0.99946,16.0008358955,0.00512389,0.0359167,0.0903282
98,0.99946,16.0008358955,0.00534686,0.0427376,0.0902335
99,0.999595,11.9993019104,0.00309057,0.0331193,0.0901389
100,0.999359,19.0006613731,0.00404113,0.0346144,0.0900445
101,0.999595,11.9993019104,0.0032064,0.0278646,0.0899501
102,0.999426,17.0007777214,0.00417561,0.0464003,0.0898558
103,0.999494,14.999127388,0.00395647,0.0316449,0.0897617
104,0.999123,26.0002541542,0.010768,0.0504596,0.0896676
105,0.999393,18.0007195473,0.00358032,0.0320254,0.0895736
106,0.999595,11.9993019104,0.00242542,0.0281304,0.0894797
107,0.999595,11.9993019104,0.00481768,0.0339505,0.0893859
108,0.999696,8.9994764328,0.00202946,0.0181506,0.0892923
109,0.999629,10.9993600845,0.00185406,0.0325035,0.0891987
110,0.999595,11.9993019104,0.0029529,0.0345359,0.0891052
111,0.999426,17.0007777214,0.00252912,0.0315272,0.0890118
112,0.999325,20.000603199,0.00487735,0.0435297,0.0889185
113,0.999561,12.9992437363,0.00289918,0.0318957,0.0888253
114,0.999494,14.999127388,0.00491768,0.0327578,0.0887322
115,0.999494,14.999127388,0.00521837,0.0363264,0.0886392
116,0.999629,10.9993600845,0.0032435,0.0316221,0.0885463
117,0.999393,18.0007195473,0.00743451,0.0405136,0.0884535
118,0.999528,13.9991855621,0.00448739,0.0449885,0.0883608
119,0.99946,16.0008358955,0.00583391,0.0385667,0.0882682
120,0.999595,11.9993019104,0.00361348,0.0322728,0.0881757
121,0.999696,8.9994764328,0.0020867,0.0251295,0.0880833
122,0.999426,17.0007777214,0.00480275,0.0381151,0.0879909
123,0.999359,19.0006613731,0.00515251,0.0423567,0.0878987
124,0.999561,12.9992437363,0.00390853,0.0372721,0.0878066
125,0.999359,19.0006613731,0.00750848,0.0481386,0.0877146
126,0.999359,19.0006613731,0.00773718,0.0511153,0.0876226
127,0.999663,9.99941825867,0.00384301,0.0380435,0.0875308
128,0.99973,7.99953460693,0.00141353,0.0296074,0.0874391
129,0.999629,10.9993600845,0.00296965,0.0405054,0.0873474
130,0.999528,13.9991855621,0.0028552,0.0275672,0.0872559
131,0.999629,10.9993600845,0.00231563,0.0267442,0.0871644
132,0.999629,10.9993600845,0.00250828,0.0245448,0.0870731
133,0.999494,14.999127388,0.00419338,0.0293326,0.0869818
134,0.99973,7.99953460693,0.000904863,0.0185336,0.0868906
135,0.999899,2.9998254776,0.000686823,0.0225583,0.0867996
136,0.999629,10.9993600845,0.00212248,0.0378169,0.0867086
137,0.999359,19.0006613731,0.00729392,0.0516291,0.0866177
138,0.999629,10.9993600845,0.00398108,0.0298288,0.0865269
139,0.999595,11.9993019104,0.00354031,0.0313572,0.0864363
140,0.999426,17.0007777214,0.00456808,0.033612,0.0863457
141,0.99946,16.0008358955,0.0034183,0.0375908,0.0862552
142,0.99973,7.99953460693,0.00158888,0.0194209,0.0861648
143,0.999494,14.999127388,0.00346333,0.0287429,0.0860745
144,0.999663,9.99941825867,0.00225865,0.0202091,0.0859842
145,0.999494,14.999127388,0.00361474,0.0384966,0.0858941
146,0.999359,19.0006613731,0.0038788,0.0366432,0.0858041
147,0.999629,10.9993600845,0.00338351,0.0266425,0.0857142
148,0.99946,16.0008358955,0.00433987,0.0350182,0.0856243
149,0.999528,13.9991855621,0.0044574,0.0356355,0.0855346
150,0.999663,9.99941825867,0.00366459,0.0257067,0.0854449
151,0.999696,8.9994764328,0.00222488,0.0342999,0.0853554
152,0.999696,8.9994764328,0.00193625,0.0226686,0.0852659
153,0.999663,9.99941825867,0.00172029,0.0252098,0.0851766
154,0.999528,13.9991855621,0.00334665,0.0315564,0.0850873
155,0.999393,18.0007195473,0.00430857,0.0360491,0.0849981
156,0.999629,10.9993600845,0.00197626,0.0325936,0.084909
157,0.999561,12.9992437363,0.00264298,0.0306185,0.08482
158,0.999528,13.9991855621,0.00440705,0.0368746,0.0847312
159,0.999764,6.99959278107,0.00160649,0.026252,0.0846423
160,0.999561,12.9992437363,0.00231361,0.0366918,0.0845536
161,0.999426,17.0007777214,0.00329761,0.0351997,0.084465
162,0.999696,8.9994764328,0.0023454,0.0294575,0.0843765
163,0.999494,14.999127388,0.00253997,0.0317317,0.0842881
164,0.999426,17.0007777214,0.00605944,0.0314331,0.0841997
165,0.999393,18.0007195473,0.00489144,0.0383235,0.0841115
166,0.999696,8.9994764328,0.000993771,0.0209831,0.0840233
167,0.999393,18.0007195473,0.00507522,0.0396836,0.0839352
168,0.999831,4.99970912933,0.00106976,0.0240797,0.0838473
169,0.99973,7.99953460693,0.00327147,0.0345304,0.0837594
170,0.999528,13.9991855621,0.00214292,0.0327874,0.0836716
171,0.999696,8.9994764328,0.00197238,0.026592,0.0835839
172,0.999629,10.9993600845,0.00287008,0.0314481,0.0834963
173,0.999561,12.9992437363,0.00276837,0.0311859,0.0834088
174,0.999528,13.9991855621,0.00354854,0.0267038,0.0833214
175,0.999494,14.999127388,0.00391454,0.0314663,0.0832341
176,0.999663,9.99941825867,0.00154768,0.0278793,0.0831468
177,0.999764,6.99959278107,0.00160482,0.0237013,0.0830597
178,0.999629,10.9993600845,0.00211405,0.0288943,0.0829726
179,0.999393,18.0007195473,0.00405399,0.0399942,0.0828857
180,0.999696,8.9994764328,0.00177784,0.0277602,0.0827988
181,0.999629,10.9993600845,0.00277421,0.0301071,0.082712
182,0.99973,7.99953460693,0.00217119,0.0296105,0.0826253
183,0.999663,9.99941825867,0.00174996,0.0324068,0.0825387
184,0.99973,7.99953460693,0.00274152,0.0255147,0.0824522
185,0.999629,10.9993600845,0.00349569,0.0307077,0.0823658
186,0.999663,9.99941825867,0.00255424,0.0352333,0.0822795
187,0.999663,9.99941825867,0.0030803,0.0280263,0.0821932
188,0.999528,13.9991855621,0.00219229,0.0261014,0.0821071
189,0.999494,14.999127388,0.00311251,0.035085,0.082021
190,0.999764,6.99959278107,0.00141479,0.0187725,0.0819351
191,0.999528,13.9991855621,0.00313265,0.030867,0.0818492
192,0.999798,5.9996509552,0.00124203,0.0283845,0.0817634
193,0.999696,8.9994764328,0.00112099,0.0204607,0.0816777
194,0.999899,2.9998254776,0.000503906,0.0192381,0.0815921
195,0.99973,7.99953460693,0.0013562,0.0263061,0.0815066
196,0.999831,4.99970912933,0.000888674,0.0143076,0.0814212
197,0.99973,7.99953460693,0.00177343,0.032335,0.0813358
198,0.999595,11.9993019104,0.00240136,0.0266998,0.0812506
199,0.999865,3.99976730347,0.000696987,0.0240889,0.0811654
200,0.999764,6.99959278107,0.0011331,0.0196282,0.0810804
201,0.999528,13.9991855621,0.00454584,0.0477185,0.0809954
202,0.999629,10.9993600845,0.00208983,0.0248528,0.0809105
203,0.999561,12.9992437363,0.00276979,0.0362234,0.0808257
204,0.999629,10.9993600845,0.00223598,0.0291597,0.080741
205,0.999831,4.99970912933,0.00137681,0.0213901,0.0806564
206,0.999629,10.9993600845,0.00278342,0.0277516,0.0805718
207,0.999629,10.9993600845,0.00315192,0.0342412,0.0804874
208,0.999865,3.99976730347,0.000698748,0.0175628,0.080403
209,0.999899,2.9998254776,0.000523531,0.00565234,0.0803188
210,0.999966,0.999941825867,4.2468e-05,0.00130816,0.0802346
211,1.0,0.0,1.80567e-06,0.00130816,0.0801505
1.0,1.80567e-06,64.44385313987732,0.94648,0.0267013929745,0.00314323491542
