15,10,0.3,2,1000, .1 
0,0.541667,164.999992847,3.8534e+06,1466.08,0.0996661
1,0.541667,164.999992847,3.23748e+06,1323.51,0.0986712
2,0.555556,159.999990463,2.74033e+06,1198.29,0.0976861
3,0.563889,156.999993324,2.34403e+06,1067.69,0.0967109
4,0.558333,158.999998569,2.03774e+06,964.515,0.0957455
5,0.566667,156.000001431,1.78871e+06,889.768,0.0947897
6,0.569444,155.000009537,1.57759e+06,831.282,0.0938434
7,0.591667,147.000010014,1.39985e+06,763.067,0.0929065
8,0.6,143.999991417,1.25153e+06,708.975,0.0919791
9,0.602778,142.999999523,1.12348e+06,673.124,0.0910608
10,0.611111,140.000002384,1.01005e+06,636.683,0.0901518
11,0.613889,139.00001049,910810.0,595.806,0.0892518
12,0.613889,139.00001049,822714.0,567.763,0.0883608
13,0.622222,135.999991894,744950.0,536.851,0.0874787
14,0.625,135.0,675706.0,514.463,0.0866054
15,0.619444,137.000005245,613662.0,485.682,0.0857408
16,0.627778,134.000008106,558750.0,455.098,0.0848849
17,0.636111,130.99998951,510581.0,438.773,0.0840375
18,0.638889,129.999997616,466894.0,415.574,0.0831985
19,0.644444,127.999992371,428089.0,396.571,0.082368
20,0.65,126.000008583,393408.0,382.102,0.0815457
21,0.652778,124.999995232,361804.0,368.266,0.0807316
22,0.663889,121.000006199,333129.0,345.796,0.0799257
23,0.672222,118.00000906,307887.0,329.867,0.0791278
24,0.672222,118.00000906,284662.0,315.899,0.0783379
25,0.686111,113.000006676,263756.0,298.003,0.0775558
26,0.683333,113.999998569,244980.0,291.081,0.0767816
27,0.688889,111.999993324,227616.0,280.272,0.0760151
28,0.694444,110.000009537,212037.0,268.092,0.0752562
29,0.705556,105.999999046,198021.0,253.487,0.074505
30,0.711111,103.999993801,185979.0,242.975,0.0737612
31,0.716667,102.000010014,174961.0,233.79,0.0730248
32,0.713889,103.000001907,165020.0,227.296,0.0722958
33,0.725,98.9999914169,155991.0,221.079,0.0715741
34,0.719444,100.999996662,147443.0,217.532,0.0708596
35,0.725,98.9999914169,139509.0,210.016,0.0701522
36,0.736111,95.0000023842,132040.0,202.311,0.0694519
37,0.744444,92.0000052452,125152.0,194.058,0.0687585
38,0.741667,92.999997139,118747.0,189.123,0.0680721
39,0.75,90.0,112680.0,178.759,0.0673926
40,0.75,90.0,107216.0,174.578,0.0667198
41,0.752778,89.0000081062,101991.0,172.05,0.0660537
42,0.763889,84.9999976158,97120.9,164.72,0.0653943
43,0.769444,82.9999923706,92530.8,158.334,0.0647415
44,0.769444,82.9999923706,88287.6,156.87,0.0640952
45,0.769444,82.9999923706,84290.8,151.265,0.0634553
46,0.766667,84.000005722,80411.0,149.552,0.0628219
47,0.772222,82.0000004768,76690.7,146.261,0.0621947
48,0.772222,82.0000004768,73195.3,145.422,0.0615738
49,0.775,81.0000085831,69903.0,142.668,0.0609591
50,0.783333,77.9999899864,66751.4,139.51,0.0603506
51,0.786111,76.9999980927,64016.7,134.409,0.0597481
52,0.802778,71.0000038147,61461.0,124.53,0.0591516
53,0.811111,68.0000066757,59185.3,118.19,0.0585611
54,0.813889,66.9999933243,57202.5,112.685,0.0579765
55,0.811111,68.0000066757,55346.3,110.39,0.0573977
56,0.816667,66.0000014305,53552.7,106.214,0.0568247
57,0.822222,63.9999961853,51914.8,101.574,0.0562575
58,0.816667,66.0000014305,50368.6,100.878,0.0556959
59,0.822222,63.9999961853,48885.3,99.0624,0.0551398
60,0.822222,63.9999961853,47466.1,98.7336,0.0545894
61,0.830556,60.9999990463,46128.2,95.5872,0.0540444
62,0.833333,60.0000071526,45004.3,91.4213,0.0535049
63,0.830556,60.9999990463,43902.4,90.7349,0.0529708
64,0.827778,61.9999909401,42853.5,90.0184,0.052442
65,0.825,63.0000042915,41829.0,89.4021,0.0519184
66,0.827778,61.9999909401,40822.7,88.3916,0.0514001
67,0.827778,61.9999909401,39822.1,86.0173,0.050887
68,0.833333,60.0000071526,38878.0,85.0526,0.050379
69,0.827778,61.9999909401,38011.6,83.0631,0.0498761
70,0.833333,60.0000071526,37178.4,85.0933,0.0493782
71,0.833333,60.0000071526,36339.5,85.3749,0.0488852
72,0.838889,58.0000019073,35512.1,85.6236,0.0483972
73,0.838889,58.0000019073,34706.8,83.5476,0.0479141
74,0.836111,58.9999938011,33968.0,80.6337,0.0474357
75,0.841667,57.0000100136,33250.6,80.475,0.0469622
76,0.841667,57.0000100136,32556.2,80.3223,0.0464934
77,0.841667,57.0000100136,31871.0,80.1817,0.0460292
78,0.847222,55.0000047684,31212.5,75.7574,0.0455697
79,0.85,53.9999914169,30577.3,72.1434,0.0451148
80,0.85,53.9999914169,29969.7,72.0977,0.0446644
81,0.85,53.9999914169,29369.8,71.9184,0.0442185
82,0.855556,52.0000076294,28792.3,67.7689,0.0437771
83,0.855556,52.0000076294,28289.1,65.7894,0.0433401
84,0.855556,52.0000076294,27805.0,65.7697,0.0429074
85,0.852778,52.9999995232,27328.5,67.6446,0.0424791
86,0.855556,52.0000076294,26845.5,65.7658,0.042055
87,0.858333,50.999994278,26382.1,64.9484,0.0416352
88,0.858333,50.999994278,25927.4,64.954,0.0412195
89,0.861111,50.0000023842,25484.4,64.3009,0.0408081
90,0.858333,50.999994278,25054.9,64.1333,0.0404007
91,0.858333,50.999994278,24624.1,64.1782,0.0399973
92,0.861111,50.0000023842,24203.4,63.7344,0.0395981
93,0.863889,49.0000104904,23798.5,64.621,0.0392027
94,0.866667,47.999997139,23386.1,64.2592,0.0388114
95,0.869444,47.0000052452,22983.3,61.1143,0.0384239
96,0.875,45.0,22612.7,61.7825,0.0380404
97,0.872222,45.9999918938,22237.8,61.7959,0.0376606
98,0.869444,47.0000052452,21867.5,60.9236,0.0372846
99,0.877778,44.0000081062,21530.8,59.5956,0.0369124
100,0.877778,44.0000081062,21216.9,59.7116,0.0365439
101,0.875,45.0,20904.7,59.8683,0.0361791
102,0.872222,45.9999918938,20584.2,58.326,0.0358179
103,0.877778,44.0000081062,20278.0,59.249,0.0354604
104,0.877778,44.0000081062,19975.5,59.3568,0.0351064
105,0.877778,44.0000081062,19674.2,59.4689,0.0347559
106,0.877778,44.0000081062,19362.5,59.5831,0.0344089
107,0.877778,44.0000081062,19063.7,59.7039,0.0340654
108,0.877778,44.0000081062,18755.0,59.8265,0.0337254
109,0.877778,44.0000081062,18458.5,59.9556,0.0333887
110,0.877778,44.0000081062,18161.9,60.0739,0.0330554
111,0.877778,44.0000081062,17857.4,60.2082,0.0327254
112,0.877778,44.0000081062,17566.2,60.3526,0.0323987
113,0.880556,42.9999947548,17271.5,59.8468,0.0320753
114,0.880556,42.9999947548,16991.9,59.9864,0.031755
115,0.880556,42.9999947548,16703.3,60.1257,0.031438
116,0.883333,42.000002861,16416.0,60.1957,0.0311242
117,0.883333,42.000002861,16139.9,59.3733,0.0308135
118,0.886111,40.9999895096,15868.1,59.4104,0.0305059
119,0.883333,42.000002861,15605.7,59.697,0.0302013
120,0.883333,42.000002861,15337.1,59.8557,0.0298998
121,0.886111,40.9999895096,15076.3,59.9172,0.0296013
122,0.886111,40.9999895096,14808.1,60.0553,0.0293058
123,0.886111,40.9999895096,14551.5,60.2228,0.0290133
124,0.886111,40.9999895096,14287.9,60.3887,0.0287236
125,0.888889,39.9999976158,14031.2,60.4124,0.0284369
126,0.888889,39.9999976158,13769.0,60.5866,0.028153
127,0.891667,39.000005722,13514.8,60.1084,0.027872
128,0.891667,39.000005722,13270.6,56.0167,0.0275937
129,0.894444,37.9999923706,13039.6,54.3901,0.0273183
130,0.897222,37.0000004768,12826.5,54.3877,0.0270455
131,0.9,36.0000085831,12608.8,54.4001,0.0267755
132,0.897222,37.0000004768,12391.0,54.6784,0.0265082
133,0.897222,37.0000004768,12179.8,54.8276,0.0262436
134,0.902778,34.9999952316,11965.0,54.6786,0.0259816
135,0.9,36.0000085831,11753.0,56.3142,0.0257223
136,0.9,36.0000085831,11543.4,56.4642,0.0254655
137,0.911111,31.9999980927,11338.6,49.7639,0.0252112
138,0.908333,32.9999899864,11166.5,49.9667,0.0249596
139,0.905556,34.0000033379,10998.1,50.5029,0.0247104
140,0.905556,34.0000033379,10819.9,48.954,0.0244637
141,0.908333,32.9999899864,10649.5,49.0012,0.0242195
142,0.905556,34.0000033379,10480.5,49.2225,0.0239777
143,0.905556,34.0000033379,10312.3,49.3561,0.0237383
144,0.908333,32.9999899864,10144.1,49.4118,0.0235014
145,0.908333,32.9999899864,9979.91,47.9849,0.0232668
146,0.911111,31.9999980927,9826.49,48.7686,0.0230345
147,0.911111,31.9999980927,9670.54,48.1754,0.0228045
148,0.911111,31.9999980927,9517.01,49.0164,0.0225769
149,0.911111,31.9999980927,9369.76,46.2395,0.0223515
150,0.913889,31.0000061989,9238.01,45.8769,0.0221284
151,0.913889,31.0000061989,9108.09,45.5743,0.0219074
152,0.913889,31.0000061989,8981.35,46.0664,0.0216887
153,0.913889,31.0000061989,8852.67,46.1653,0.0214722
154,0.913889,31.0000061989,8724.42,45.8931,0.0212579
155,0.911111,31.9999980927,8598.26,46.0663,0.0210457
156,0.913889,31.0000061989,8472.96,46.4573,0.0208356
157,0.919444,29.0000009537,8355.59,41.7918,0.0206276
158,0.919444,29.0000009537,8259.36,42.3853,0.0204216
159,0.919444,29.0000009537,8160.23,42.4488,0.0202178
160,0.922222,28.0000090599,8063.53,40.0078,0.0200159
161,0.922222,28.0000090599,7979.37,40.2735,0.0198161
162,0.919444,29.0000009537,7894.49,40.2615,0.0196183
163,0.922222,28.0000090599,7809.68,40.2437,0.0194224
164,0.919444,29.0000009537,7725.97,40.3602,0.0192286
165,0.919444,29.0000009537,7642.85,40.2777,0.0190366
166,0.922222,28.0000090599,7562.22,40.3968,0.0188466
167,0.919444,29.0000009537,7480.39,40.5064,0.0186584
168,0.922222,28.0000090599,7398.69,40.5008,0.0184721
169,0.919444,29.0000009537,7317.69,40.6058,0.0182877
170,0.919444,29.0000009537,7237.58,40.6565,0.0181052
171,0.925,26.9999957085,7158.05,39.3679,0.0179244
172,0.919444,29.0000009537,7080.77,39.4487,0.0177455
173,0.925,26.9999957085,7005.62,39.4747,0.0175683
174,0.922222,28.0000090599,6929.07,39.5728,0.017393
175,0.922222,28.0000090599,6853.37,39.6263,0.0172193
176,0.925,26.9999957085,6777.56,39.6397,0.0170474
177,0.922222,28.0000090599,6702.86,39.7312,0.0168772
178,0.925,26.9999957085,6628.31,39.7488,0.0167088
179,0.922222,28.0000090599,6554.46,39.8359,0.016542
180,0.925,26.9999957085,6481.12,39.8576,0.0163768
181,0.919444,29.0000009537,6408.4,39.9783,0.0162133
182,0.922222,28.0000090599,6337.87,39.9905,0.0160515
183,0.925,26.9999957085,6265.76,40.0178,0.0158912
184,0.922222,28.0000090599,6194.64,40.0943,0.0157326
185,0.927778,26.0000038147,6128.08,37.9761,0.0155755
186,0.925,26.9999957085,6067.18,38.0329,0.01542
187,0.927778,26.0000038147,6007.5,37.1005,0.0152661
188,0.927778,26.0000038147,5950.4,37.3294,0.0151137
189,0.933333,23.9999985695,5892.74,35.822,0.0149628
190,0.930556,24.9999904633,5841.02,35.0443,0.0148135
191,0.930556,24.9999904633,5791.18,35.743,0.0146656
192,0.933333,23.9999985695,5741.4,34.7583,0.0145192
193,0.936111,23.0000066757,5692.92,35.6584,0.0143742
194,0.930556,24.9999904633,5644.7,34.7159,0.0142307
195,0.930556,24.9999904633,5597.04,34.7515,0.0140887
196,0.936111,23.0000066757,5550.98,35.7448,0.013948
197,0.933333,23.9999985695,5502.82,34.9381,0.0138088
198,0.933333,23.9999985695,5456.89,35.6882,0.0136709
199,0.930556,24.9999904633,5410.13,34.8909,0.0135344
200,0.936111,23.0000066757,5364.7,35.8609,0.0133993
201,0.933333,23.9999985695,5318.8,35.0791,0.0132656
202,0.933333,23.9999985695,5273.67,35.8008,0.0131331
203,0.933333,23.9999985695,5229.26,35.1484,0.013002
204,0.933333,23.9999985695,5184.6,35.1834,0.0128722
205,0.933333,23.9999985695,5141.47,35.8827,0.0127437
206,0.930556,24.9999904633,5096.81,35.1293,0.0126165
207,0.936111,23.0000066757,5054.49,36.0586,0.0124906
208,0.933333,23.9999985695,5010.53,35.3201,0.0123659
209,0.933333,23.9999985695,4968.42,35.9924,0.0122424
210,0.930556,24.9999904633,4925.58,35.2623,0.0121202
211,0.936111,23.0000066757,4884.16,36.1699,0.0119992
212,0.933333,23.9999985695,4841.95,35.4541,0.0118794
213,0.936111,23.0000066757,4801.26,37.63,0.0117608
214,0.933333,23.9999985695,4760.37,35.5192,0.0116434
215,0.933333,23.9999985695,4719.44,35.5524,0.0115272
216,0.930556,24.9999904633,4678.9,35.4565,0.0114121
217,0.936111,23.0000066757,4641.0,37.7108,0.0112982
218,0.933333,23.9999985695,4599.89,35.6491,0.0111854
219,0.933333,23.9999985695,4560.26,35.6816,0.0110737
220,0.936111,23.0000066757,4522.47,37.7719,0.0109632
221,0.933333,23.9999985695,4483.23,35.7442,0.0108537
222,0.933333,23.9999985695,4444.54,35.7762,0.0107454
223,0.936111,23.0000066757,4406.91,37.8324,0.0106381
224,0.930556,24.9999904633,4369.13,35.7056,0.0105319
225,0.933333,23.9999985695,4331.64,35.8692,0.0104268
226,0.936111,23.0000066757,4294.42,36.2168,0.0103227
227,0.930556,24.9999904633,4257.67,35.7967,0.0102196
228,0.938889,21.9999933243,4222.59,38.0573,0.0101176
229,0.933333,23.9999985695,4185.42,35.9905,0.0100166
230,0.930556,24.9999904633,4149.26,35.8856,0.00991661
231,0.936111,23.0000066757,4114.55,37.9889,0.00981762
232,0.936111,23.0000066757,4079.14,33.3646,0.00971961
233,0.936111,23.0000066757,4050.06,33.39,0.00962258
234,0.941667,21.0000014305,4023.1,35.1512,0.00952652
235,0.941667,21.0000014305,3995.7,33.5312,0.00943141
236,0.944444,20.0000095367,3971.21,34.9538,0.00933726
237,0.944444,20.0000095367,3943.49,32.1518,0.00924405
238,0.947222,18.9999961853,3919.55,32.1548,0.00915176
239,0.947222,18.9999961853,3895.1,32.1704,0.0090604
240,0.947222,18.9999961853,3870.87,32.1859,0.00896995
241,0.947222,18.9999961853,3846.85,32.2013,0.00888041
242,0.947222,18.9999961853,3823.05,32.2166,0.00879175
243,0.947222,18.9999961853,3799.46,32.2318,0.00870399
244,0.947222,18.9999961853,3776.08,32.2468,0.00861709
245,0.944444,20.0000095367,3753.11,32.2924,0.00853107
246,0.947222,18.9999961853,3730.64,32.2764,0.0084459
247,0.947222,18.9999961853,3707.88,32.2912,0.00836159
248,0.947222,18.9999961853,3685.33,32.3059,0.00827812
249,0.947222,18.9999961853,3662.98,32.3205,0.00819548
250,0.947222,18.9999961853,3640.83,32.3351,0.00811366
251,0.947222,18.9999961853,3618.88,32.3495,0.00803266
252,0.944444,20.0000095367,3597.22,32.4095,0.00795247
253,0.947222,18.9999961853,3576.2,32.3777,0.00787308
254,0.947222,18.9999961853,3554.84,32.3918,0.00779449
255,0.95,18.0000042915,3534.24,32.4176,0.00771668
256,0.95,18.0000042915,3513.82,32.4309,0.00763964
257,0.95,18.0000042915,3493.01,32.4422,0.00756337
258,0.95,18.0000042915,3472.96,32.4554,0.00748787
259,0.95,18.0000042915,3452.52,32.4666,0.00741312
260,0.947222,18.9999961853,3432.93,32.5408,0.00733911
261,0.95,18.0000042915,3413.35,32.4901,0.00726585
262,0.95,18.0000042915,3394.02,32.5029,0.00719331
263,0.95,18.0000042915,3374.32,32.5138,0.0071215
264,0.95,18.0000042915,3355.35,32.5264,0.00705041
265,0.95,18.0000042915,3336.01,32.5371,0.00698003
266,0.95,18.0000042915,3317.38,32.5495,0.00691034
267,0.947222,18.9999961853,3298.4,32.3501,0.00684136
268,0.95,18.0000042915,3280.58,32.5702,0.00677306
269,0.95,18.0000042915,3262.46,32.5824,0.00670545
270,0.95,18.0000042915,3244.0,32.5928,0.00663851
271,0.95,18.0000042915,3226.2,32.6048,0.00657224
272,0.95,18.0000042915,3208.08,32.615,0.00650663
273,0.95,18.0000042915,3190.61,32.6268,0.00644167
274,0.947222,18.9999961853,3172.92,32.4379,0.00637736
275,0.95,18.0000042915,3156.59,32.6481,0.0063137
276,0.95,18.0000042915,3139.13,32.6581,0.00625067
277,0.95,18.0000042915,3122.3,32.6695,0.00618827
278,0.952778,16.9999909401,3105.63,27.9565,0.00612649
279,0.952778,16.9999909401,3094.57,27.9635,0.00606533
280,0.952778,16.9999909401,3083.19,27.9692,0.00600478
281,0.952778,16.9999909401,3072.33,27.9761,0.00594484
282,0.952778,16.9999909401,3061.16,27.9817,0.00588549
283,0.952778,16.9999909401,3050.51,27.9885,0.00582673
284,0.952778,16.9999909401,3039.55,27.994,0.00576857
285,0.952778,16.9999909401,3029.1,28.0007,0.00571098
286,0.952778,16.9999909401,3018.35,28.0061,0.00565397
287,0.952778,16.9999909401,3007.69,28.0116,0.00559752
288,0.952778,16.9999909401,2997.54,28.0181,0.00554164
289,0.952778,16.9999909401,2987.09,28.0234,0.00548632
290,0.952778,16.9999909401,2977.12,28.0298,0.00543155
291,0.952778,16.9999909401,2966.87,28.0351,0.00537733
292,0.952778,16.9999909401,2957.09,28.0414,0.00532365
293,0.952778,16.9999909401,2947.03,28.0465,0.0052705
294,0.952778,16.9999909401,2937.44,28.0527,0.00521789
295,0.952778,16.9999909401,2927.57,28.0578,0.0051658
296,0.952778,16.9999909401,2918.16,28.0639,0.00511423
297,0.952778,16.9999909401,2908.48,28.069,0.00506317
298,0.952778,16.9999909401,2899.25,28.075,0.00501263
299,0.952778,16.9999909401,2889.75,28.0799,0.00496259
300,0.952778,16.9999909401,2880.69,28.0858,0.00491304
301,0.952778,16.9999909401,2871.38,28.0907,0.004864
302,0.952778,16.9999909401,2862.49,28.0965,0.00481544
303,0.952778,16.9999909401,2853.35,28.1013,0.00476737
304,0.952778,16.9999909401,2844.63,28.107,0.00471978
305,0.952778,16.9999909401,2835.67,28.1117,0.00467266
306,0.952778,16.9999909401,2827.12,28.1173,0.00462601
307,0.952778,16.9999909401,2818.32,28.122,0.00457983
308,0.952778,16.9999909401,2809.93,28.1275,0.00453411
309,0.952778,16.9999909401,2801.31,28.1321,0.00448885
310,0.952778,16.9999909401,2793.07,28.1375,0.00444404
311,0.952778,16.9999909401,2784.61,28.142,0.00439967
312,0.952778,16.9999909401,2776.23,28.1464,0.00435575
313,0.952778,16.9999909401,2768.23,28.1517,0.00431227
314,0.952778,16.9999909401,2760.01,28.1561,0.00426922
315,0.952778,16.9999909401,2752.17,28.1613,0.0042266
316,0.952778,16.9999909401,2744.1,28.1656,0.0041844
317,0.952778,16.9999909401,2736.41,28.1707,0.00414263
318,0.952778,16.9999909401,2728.5,28.175,0.00410128
319,0.952778,16.9999909401,2720.95,28.18,0.00406033
320,0.952778,16.9999909401,2713.19,28.1842,0.0040198
321,0.952778,16.9999909401,2705.79,28.1891,0.00397967
322,0.952778,16.9999909401,2698.18,28.1932,0.00393994
323,0.952778,16.9999909401,2690.91,28.1981,0.00390061
324,0.952778,16.9999909401,2683.45,28.2021,0.00386167
325,0.952778,16.9999909401,2676.33,28.2069,0.00382312
326,0.952778,16.9999909401,2669.01,28.2109,0.00378495
327,0.952778,16.9999909401,2662.02,28.2155,0.00374717
328,0.952778,16.9999909401,2654.84,28.2194,0.00370976
329,0.952778,16.9999909401,2647.98,28.2241,0.00367273
330,0.952778,16.9999909401,2640.94,28.2279,0.00363606
331,0.952778,16.9999909401,2634.22,28.2324,0.00359976
332,0.952778,16.9999909401,2627.31,28.2362,0.00356383
333,0.952778,16.9999909401,2620.47,28.2399,0.00352825
334,0.952778,16.9999909401,2613.94,28.2443,0.00349303
335,0.952778,16.9999909401,2607.23,28.248,0.00345815
336,0.952778,16.9999909401,2600.82,28.2523,0.00342363
337,0.952778,16.9999909401,2594.24,28.256,0.00338945
338,0.952778,16.9999909401,2587.96,28.2602,0.00335562
339,0.952778,16.9999909401,2581.51,28.2638,0.00332212
340,0.952778,16.9999909401,2575.35,28.2679,0.00328895
341,0.952778,16.9999909401,2569.02,28.2714,0.00325612
342,0.952778,16.9999909401,2562.97,28.2755,0.00322362
343,0.952778,16.9999909401,2556.77,28.279,0.00319143
344,0.952778,16.9999909401,2550.84,28.283,0.00315957
345,0.952778,16.9999909401,2544.75,28.2864,0.00312803
346,0.952778,16.9999909401,2538.94,28.2903,0.00309681
347,0.952778,16.9999909401,2532.97,28.2937,0.00306589
348,0.952778,16.9999909401,2527.27,28.2976,0.00303528
349,0.952778,16.9999909401,2521.41,28.3008,0.00300498
350,0.955556,15.9999990463,2515.97,26.6581,0.00297498
351,0.955556,15.9999990463,2510.96,26.6607,0.00294528
352,0.955556,15.9999990463,2505.99,26.6632,0.00291588
353,0.955556,15.9999990463,2501.23,26.6662,0.00288677
354,0.955556,15.9999990463,2496.36,26.6687,0.00285795
355,0.955556,15.9999990463,2491.55,26.6711,0.00282942
356,0.955556,15.9999990463,2486.92,26.674,0.00280118
357,0.955556,15.9999990463,2482.2,26.6764,0.00277321
358,0.955556,15.9999990463,2477.52,26.6789,0.00274553
359,0.955556,15.9999990463,2473.03,26.6816,0.00271812
360,0.955556,15.9999990463,2468.44,26.684,0.00269099
361,0.955556,15.9999990463,2464.03,28.3371,0.00266412
362,0.955556,15.9999990463,2459.31,26.6896,0.00263753
363,0.955556,15.9999990463,2454.86,26.692,0.0026112
364,0.955556,15.9999990463,2450.58,26.6946,0.00258513
365,0.955556,15.9999990463,2446.21,26.6969,0.00255932
366,0.955556,15.9999990463,2441.89,26.6991,0.00253377
367,0.955556,15.9999990463,2437.74,26.7017,0.00250848
368,0.955556,15.9999990463,2433.5,26.7039,0.00248343
369,0.955556,15.9999990463,2429.42,26.7065,0.00245864
370,0.955556,15.9999990463,2425.27,26.7087,0.0024341
371,0.955556,15.9999990463,2421.15,26.7108,0.0024098
372,0.955556,15.9999990463,2417.19,26.7133,0.00238574
373,0.955556,15.9999990463,2413.16,26.7154,0.00236193
374,0.955556,15.9999990463,2409.16,26.7175,0.00233835
375,0.955556,15.9999990463,2405.32,26.7199,0.002315
376,0.955556,15.9999990463,2401.4,26.722,0.00229189
377,0.955556,15.9999990463,2397.52,26.724,0.00226901
378,0.955556,15.9999990463,2393.79,26.7263,0.00224636
379,0.955556,15.9999990463,2389.99,26.7283,0.00222394
380,0.955556,15.9999990463,2386.33,26.7306,0.00220173
381,0.955556,15.9999990463,2382.6,26.7326,0.00217975
382,0.955556,15.9999990463,2378.91,26.7346,0.00215799
383,0.955556,15.9999990463,2375.36,26.7368,0.00213645
384,0.955556,15.9999990463,2371.74,26.7387,0.00211512
385,0.955556,15.9999990463,2368.15,26.7406,0.00209401
386,0.955556,15.9999990463,2364.71,26.7428,0.0020731
387,0.955556,15.9999990463,2361.19,26.7446,0.00205241
388,0.955556,15.9999990463,2357.71,26.7465,0.00203192
389,0.955556,15.9999990463,2354.37,26.7486,0.00201163
390,0.955556,15.9999990463,2350.95,26.7504,0.00199155
391,0.955556,15.9999990463,2347.67,26.7525,0.00197167
392,0.955556,15.9999990463,2344.33,26.7543,0.00195199
393,0.955556,15.9999990463,2341.01,26.756,0.0019325
394,0.955556,15.9999990463,2337.83,26.758,0.00191321
395,0.955556,15.9999990463,2334.58,26.7598,0.00189411
396,0.955556,15.9999990463,2331.36,26.7615,0.0018752
397,0.955556,15.9999990463,2328.27,26.7635,0.00185648
398,0.955556,15.9999990463,2325.11,26.7651,0.00183795
399,0.955556,15.9999990463,2321.99,26.7668,0.0018196
400,0.955556,15.9999990463,2318.99,26.7687,0.00180143
401,0.955556,15.9999990463,2315.93,26.7704,0.00178345
402,0.955556,15.9999990463,2312.99,26.7722,0.00176565
403,0.955556,15.9999990463,2309.98,26.7738,0.00174802
404,0.955556,15.9999990463,2307.01,26.7754,0.00173057
405,0.955556,15.9999990463,2304.16,26.7773,0.00171329
406,0.955556,15.9999990463,2301.24,26.7788,0.00169619
407,0.955556,15.9999990463,2298.36,26.7804,0.00167926
408,0.955556,15.9999990463,2295.58,26.7821,0.00166249
409,0.955556,15.9999990463,2292.76,26.7837,0.0016459
410,0.955556,15.9999990463,2289.96,26.7852,0.00162947
411,0.955556,15.9999990463,2287.26,26.7869,0.0016132
412,0.955556,15.9999990463,2284.52,26.7884,0.00159709
413,0.955556,15.9999990463,2281.8,26.7898,0.00158115
414,0.955556,15.9999990463,2279.19,26.7915,0.00156537
415,0.955556,15.9999990463,2276.52,26.7929,0.00154974
416,0.955556,15.9999990463,2273.96,26.7946,0.00153427
417,0.955556,15.9999990463,2271.35,26.796,0.00151895
418,0.955556,15.9999990463,2268.76,26.7974,0.00150379
419,0.955556,15.9999990463,2266.27,26.799,0.00148878
420,0.955556,15.9999990463,2263.74,26.8004,0.00147391
421,0.955556,15.9999990463,2261.22,26.8017,0.0014592
422,0.955556,15.9999990463,2258.81,26.8033,0.00144463
423,0.955556,15.9999990463,2256.35,26.8046,0.00143021
424,0.955556,15.9999990463,2253.91,26.8059,0.00141593
425,0.955556,15.9999990463,2251.57,26.8074,0.0014018
426,0.955556,15.9999990463,2249.18,26.8087,0.0013878
427,0.955556,15.9999990463,2246.88,26.8102,0.00137395
428,0.955556,15.9999990463,2244.54,26.8115,0.00136023
429,0.955556,15.9999990463,2242.22,26.8127,0.00134665
430,0.955556,15.9999990463,2239.99,26.8142,0.00133321
431,0.955556,15.9999990463,2237.72,26.8154,0.0013199
432,0.955556,15.9999990463,2235.46,26.8166,0.00130672
433,0.955556,15.9999990463,2233.3,26.818,0.00129368
434,0.955556,15.9999990463,2231.09,26.8192,0.00128077
435,0.955556,15.9999990463,2228.91,26.8204,0.00126798
436,0.955556,15.9999990463,2226.81,26.8218,0.00125532
437,0.955556,15.9999990463,2224.66,26.8229,0.00124279
438,0.955556,15.9999990463,2222.6,26.8243,0.00123038
439,0.955556,15.9999990463,2220.5,26.8254,0.0012181
440,0.955556,15.9999990463,2218.42,26.8265,0.00120594
441,0.955556,15.9999990463,2216.43,26.8278,0.0011939
442,0.955556,15.9999990463,2214.39,26.829,0.00118198
443,0.955556,15.9999990463,2212.37,26.8301,0.00117018
444,0.955556,15.9999990463,2210.43,26.8313,0.0011585
445,0.955556,15.9999990463,2208.45,26.8324,0.00114694
446,0.955556,15.9999990463,2206.49,26.8335,0.00113549
447,0.955556,15.9999990463,2204.61,26.8347,0.00112415
448,0.955556,15.9999990463,2202.68,26.8357,0.00111293
449,0.955556,15.9999990463,2200.78,26.8368,0.00110182
450,0.955556,15.9999990463,2198.96,26.838,0.00109082
451,0.955556,15.9999990463,2197.09,26.839,0.00107993
452,0.952778,16.9999909401,2195.3,28.5099,0.00106915
453,0.955556,15.9999990463,2193.38,26.8414,0.00105847
454,0.955556,15.9999990463,2191.57,26.8424,0.00104791
455,0.955556,15.9999990463,2189.83,26.8435,0.00103745
456,0.955556,15.9999990463,2188.06,26.8445,0.00102709
457,0.955556,15.9999990463,2186.3,26.8454,0.00101684
458,0.955556,15.9999990463,2184.61,26.8465,0.00100669
459,0.955556,15.9999990463,2182.89,26.8475,0.000996636
460,0.955556,15.9999990463,2181.23,26.8486,0.000986686
461,0.955556,15.9999990463,2179.54,26.8495,0.000976836
462,0.955556,15.9999990463,2177.87,26.8504,0.000967085
463,0.955556,15.9999990463,2176.27,26.8515,0.00095743
464,0.955556,15.9999990463,2174.63,26.8524,0.000947872
465,0.955556,15.9999990463,2173.01,26.8532,0.00093841
466,0.955556,15.9999990463,2171.45,26.8543,0.000929042
467,0.955556,15.9999990463,2169.86,26.8551,0.000919767
468,0.955556,15.9999990463,2168.29,26.856,0.000910585
469,0.955556,15.9999990463,2166.77,26.857,0.000901495
470,0.955556,15.9999990463,2165.23,26.8578,0.000892495
471,0.955556,15.9999990463,2163.7,26.8587,0.000883585
472,0.955556,15.9999990463,2162.23,26.8596,0.000874765
473,0.955556,15.9999990463,2160.73,26.8605,0.000866032
474,0.955556,15.9999990463,2159.29,26.8614,0.000857386
475,0.955556,15.9999990463,2157.82,26.8622,0.000848827
476,0.955556,15.9999990463,2156.37,26.863,0.000840353
477,0.955556,15.9999990463,2154.97,26.8639,0.000831964
478,0.955556,15.9999990463,2153.55,26.8647,0.000823659
479,0.955556,15.9999990463,2152.14,26.8655,0.000815436
480,0.955556,15.9999990463,2150.78,26.8664,0.000807296
481,0.955556,15.9999990463,2149.4,26.8672,0.000799236
482,0.955556,15.9999990463,2148.03,26.8679,0.000791258
483,0.955556,15.9999990463,2146.72,26.8688,0.000783359
484,0.955556,15.9999990463,2145.37,26.8695,0.000775539
485,0.955556,15.9999990463,2144.04,26.8703,0.000767796
486,0.955556,15.9999990463,2142.77,26.8711,0.000760131
487,0.955556,15.9999990463,2141.46,26.8718,0.000752543
488,0.955556,15.9999990463,2140.21,26.8726,0.00074503
489,0.955556,15.9999990463,2138.93,26.8733,0.000737593
490,0.955556,15.9999990463,2137.67,26.874,0.00073023
491,0.955556,15.9999990463,2136.45,26.8748,0.00072294
492,0.955556,15.9999990463,2135.21,26.8755,0.000715723
493,0.955556,15.9999990463,2133.99,26.8762,0.000708578
494,0.955556,15.9999990463,2132.81,26.877,0.000701504
495,0.955556,15.9999990463,2131.6,26.8776,0.000694501
496,0.955556,15.9999990463,2130.41,26.8783,0.000687568
497,0.955556,15.9999990463,2129.27,26.8791,0.000680704
498,0.955556,15.9999990463,2128.1,26.8797,0.000673908
499,0.955556,15.9999990463,2126.94,26.8804,0.000667181
500,0.955556,15.9999990463,2125.83,26.8811,0.00066052
501,0.955556,15.9999990463,2124.7,26.8817,0.000653926
502,0.955556,15.9999990463,2123.61,26.8824,0.000647398
503,0.955556,15.9999990463,2122.5,26.883,0.000640935
504,0.955556,15.9999990463,2121.4,26.8837,0.000634537
505,0.955556,15.9999990463,2120.34,26.8843,0.000628202
506,0.955556,15.9999990463,2119.27,26.8849,0.000621931
507,0.955556,15.9999990463,2118.2,26.8855,0.000615722
508,0.955556,15.9999990463,2117.17,26.8862,0.000609576
509,0.955556,15.9999990463,2116.13,26.8868,0.00060349
510,0.955556,15.9999990463,2115.09,26.8874,0.000597466
511,0.955556,15.9999990463,2114.1,26.888,0.000591501
512,0.955556,15.9999990463,2113.08,26.8886,0.000585596
513,0.955556,15.9999990463,2112.08,26.8891,0.00057975
514,0.955556,15.9999990463,2111.11,26.8898,0.000573963
515,0.955556,15.9999990463,2110.12,26.8903,0.000568233
516,0.955556,15.9999990463,2109.18,26.891,0.00056256
517,0.955556,15.9999990463,2108.21,26.8915,0.000556944
518,0.955556,15.9999990463,2107.26,26.892,0.000551384
519,0.955556,15.9999990463,2106.34,26.8926,0.00054588
520,0.955556,15.9999990463,2105.4,26.8932,0.00054043
521,0.955556,15.9999990463,2104.47,26.8937,0.000535035
522,0.955556,15.9999990463,2103.58,26.8943,0.000529694
523,0.955556,15.9999990463,2102.67,26.8948,0.000524406
524,0.955556,15.9999990463,2101.77,26.8953,0.000519171
525,0.955556,15.9999990463,2100.91,26.8958,0.000513988
526,0.955556,15.9999990463,2100.02,26.8963,0.000508857
527,0.955556,15.9999990463,2099.15,26.8968,0.000503777
528,0.955556,15.9999990463,2098.31,26.8974,0.000498748
529,0.955556,15.9999990463,2097.45,26.8979,0.000493769
530,0.955556,15.9999990463,2096.63,26.8984,0.00048884
531,0.955556,15.9999990463,2095.79,26.8989,0.00048396
532,0.955556,15.9999990463,2094.96,26.8993,0.000479128
533,0.955556,15.9999990463,2094.16,26.8999,0.000474345
534,0.955556,15.9999990463,2093.34,26.9003,0.00046961
535,0.955556,15.9999990463,2092.54,26.9008,0.000464922
536,0.955556,15.9999990463,2091.76,26.9013,0.000460281
537,0.955556,15.9999990463,2090.97,26.9017,0.000455685
538,0.955556,15.9999990463,2090.19,26.9022,0.000451136
539,0.955556,15.9999990463,2089.44,26.9027,0.000446633
540,0.955556,15.9999990463,2088.67,26.9031,0.000442174
541,0.955556,15.9999990463,2087.91,26.9035,0.00043776
542,0.955556,15.9999990463,2087.18,26.904,0.00043339
543,0.955556,15.9999990463,2086.43,26.9044,0.000429063
544,0.955556,15.9999990463,2085.72,26.9049,0.00042478
545,0.955556,15.9999990463,2084.99,26.9053,0.000420539
546,0.955556,15.9999990463,2084.26,26.9057,0.000416341
547,0.955556,15.9999990463,2083.57,26.9062,0.000412185
548,0.955556,15.9999990463,2082.86,26.9065,0.00040807
549,0.955556,15.9999990463,2082.16,26.9069,0.000403996
550,0.955556,15.9999990463,2081.48,26.9074,0.000399963
551,0.955556,15.9999990463,2080.8,26.9078,0.00039597
552,0.955556,15.9999990463,2080.12,26.9082,0.000392017
553,0.955556,15.9999990463,2079.46,26.9086,0.000388104
554,0.955556,15.9999990463,2078.8,26.909,0.00038423
555,0.955556,15.9999990463,2078.14,26.9093,0.000380394
556,0.955556,15.9999990463,2077.5,26.9098,0.000376596
557,0.955556,15.9999990463,2076.85,26.9101,0.000372837
558,0.955556,15.9999990463,2076.21,26.9105,0.000369115
559,0.955556,15.9999990463,2075.59,26.9109,0.00036543
560,0.955556,15.9999990463,2074.97,26.9112,0.000361782
561,0.955556,15.9999990463,2074.36,26.9116,0.00035817
562,0.955556,15.9999990463,2073.75,26.912,0.000354595
563,0.955556,15.9999990463,2073.14,26.9123,0.000351055
564,0.955556,15.9999990463,2072.55,26.9127,0.00034755
565,0.955556,15.9999990463,2071.95,26.913,0.000344081
566,0.955556,15.9999990463,2071.36,26.9134,0.000340646
567,0.955556,15.9999990463,2070.79,26.9138,0.000337245
568,0.955556,15.9999990463,2070.21,26.9141,0.000333878
569,0.955556,15.9999990463,2069.64,26.9144,0.000330545
570,0.955556,15.9999990463,2069.09,26.9148,0.000327246
571,0.955556,15.9999990463,2068.52,26.9151,0.000323979
572,0.955556,15.9999990463,2067.97,26.9154,0.000320744
573,0.955556,15.9999990463,2067.43,26.9158,0.000317542
574,0.955556,15.9999990463,2066.89,26.9161,0.000314372
575,0.955556,15.9999990463,2066.36,26.9164,0.000311234
576,0.955556,15.9999990463,2065.83,26.9167,0.000308127
577,0.955556,15.9999990463,2065.3,26.917,0.000305051
578,0.955556,15.9999990463,2064.79,26.9173,0.000302006
579,0.955556,15.9999990463,2064.27,26.9176,0.000298991
580,0.955556,15.9999990463,2063.75,26.9179,0.000296006
581,0.955556,15.9999990463,2063.26,26.9183,0.000293051
582,0.955556,15.9999990463,2062.76,26.9185,0.000290125
583,0.955556,15.9999990463,2062.25,26.9188,0.000287229
584,0.955556,15.9999990463,2061.77,26.9191,0.000284362
585,0.955556,15.9999990463,2061.29,26.9194,0.000281523
586,0.955556,15.9999990463,2060.8,26.9197,0.000278712
587,0.955556,15.9999990463,2060.34,26.92,0.00027593
588,0.955556,15.9999990463,2059.86,26.9203,0.000273176
589,0.955556,15.9999990463,2059.39,26.9205,0.000270449
590,0.955556,15.9999990463,2058.94,26.9208,0.000267749
591,0.955556,15.9999990463,2058.48,26.9211,0.000265076
592,0.955556,15.9999990463,2058.04,26.9214,0.000262429
593,0.955556,15.9999990463,2057.58,26.9216,0.00025981
594,0.955556,15.9999990463,2057.14,26.9219,0.000257216
595,0.955556,15.9999990463,2056.71,26.9222,0.000254648
596,0.955556,15.9999990463,2056.27,26.9224,0.000252106
597,0.955556,15.9999990463,2055.84,26.9227,0.000249589
598,0.955556,15.9999990463,2055.42,26.9229,0.000247098
599,0.955556,15.9999990463,2054.99,26.9232,0.000244631
600,0.955556,15.9999990463,2054.57,26.9234,0.000242189
601,0.955556,15.9999990463,2054.17,26.9237,0.000239771
602,0.955556,15.9999990463,2053.75,26.9239,0.000237377
603,0.955556,15.9999990463,2053.35,26.9241,0.000235008
604,0.955556,15.9999990463,2052.95,26.9244,0.000232662
605,0.955556,15.9999990463,2052.55,26.9246,0.000230339
606,0.955556,15.9999990463,2052.17,26.9249,0.000228039
607,0.955556,15.9999990463,2051.77,26.9251,0.000225763
608,0.955556,15.9999990463,2051.39,26.9253,0.000223509
609,0.955556,15.9999990463,2051.01,26.9256,0.000221278
610,0.955556,15.9999990463,2050.63,26.9258,0.000219069
611,0.955556,15.9999990463,2050.25,26.926,0.000216882
612,0.955556,15.9999990463,2049.89,26.9262,0.000214717
613,0.955556,15.9999990463,2049.52,26.9264,0.000212573
614,0.955556,15.9999990463,2049.16,26.9267,0.000210451
615,0.955556,15.9999990463,2048.81,26.9269,0.00020835
616,0.955556,15.9999990463,2048.45,26.9271,0.00020627
617,0.955556,15.9999990463,2048.1,26.9273,0.000204211
618,0.955556,15.9999990463,2047.75,26.9275,0.000202173
619,0.955556,15.9999990463,2047.4,26.9277,0.000200154
620,0.955556,15.9999990463,2047.07,26.9279,0.000198156
621,0.955556,15.9999990463,2046.73,26.9281,0.000196178
622,0.955556,15.9999990463,2046.39,26.9283,0.00019422
623,0.955556,15.9999990463,2046.06,26.9285,0.000192281
624,0.955556,15.9999990463,2045.73,26.9287,0.000190361
625,0.955556,15.9999990463,2045.41,26.9289,0.000188461
626,0.955556,15.9999990463,2045.09,26.9291,0.000186579
627,0.955556,15.9999990463,2044.77,26.9293,0.000184717
628,0.955556,15.9999990463,2044.45,26.9295,0.000182873
629,0.955556,15.9999990463,2044.14,26.9297,0.000181047
630,0.955556,15.9999990463,2043.83,26.9299,0.00017924
631,0.955556,15.9999990463,2043.53,26.9301,0.00017745
632,0.955556,15.9999990463,2043.23,26.9302,0.000175679
633,0.955556,15.9999990463,2042.92,26.9304,0.000173925
634,0.955556,15.9999990463,2042.63,26.9306,0.000172189
635,0.955556,15.9999990463,2042.34,26.9308,0.00017047
636,0.955556,15.9999990463,2042.04,26.9309,0.000168768
637,0.955556,15.9999990463,2041.76,26.9311,0.000167083
638,0.955556,15.9999990463,2041.47,26.9313,0.000165415
639,0.955556,15.9999990463,2041.19,26.9314,0.000163764
640,0.955556,15.9999990463,2040.91,26.9316,0.000162129
641,0.955556,15.9999990463,2040.64,26.9318,0.000160511
642,0.955556,15.9999990463,2040.36,26.9319,0.000158908
643,0.955556,15.9999990463,2040.09,26.9321,0.000157322
644,0.955556,15.9999990463,2039.82,26.9323,0.000155751
645,0.955556,15.9999990463,2039.56,26.9324,0.000154197
646,0.955556,15.9999990463,2039.29,26.9326,0.000152657
647,0.955556,15.9999990463,2039.03,26.9327,0.000151133
648,0.955556,15.9999990463,2038.78,26.9329,0.000149624
649,0.955556,15.9999990463,2038.52,26.933,0.000148131
650,0.955556,15.9999990463,2038.27,26.9332,0.000146652
651,0.955556,15.9999990463,2038.02,26.9333,0.000145188
652,0.955556,15.9999990463,2037.77,26.9335,0.000143739
653,0.955556,15.9999990463,2037.52,26.9336,0.000142304
654,0.955556,15.9999990463,2037.29,26.9338,0.000140883
655,0.955556,15.9999990463,2037.05,26.9339,0.000139477
656,0.955556,15.9999990463,2036.8,26.9341,0.000138084
657,0.955556,15.9999990463,2036.57,26.9342,0.000136706
658,0.955556,15.9999990463,2036.34,26.9344,0.000135341
659,0.955556,15.9999990463,2036.11,26.9345,0.00013399
660,0.955556,15.9999990463,2035.88,26.9346,0.000132652
661,0.955556,15.9999990463,2035.65,26.9348,0.000131328
662,0.955556,15.9999990463,2035.43,26.9349,0.000130017
663,0.955556,15.9999990463,2035.21,26.935,0.000128719
664,0.955556,15.9999990463,2034.98,26.9352,0.000127434
665,0.955556,15.9999990463,2034.77,26.9353,0.000126162
666,0.955556,15.9999990463,2034.55,26.9354,0.000124902
667,0.955556,15.9999990463,2034.34,26.9355,0.000123655
668,0.955556,15.9999990463,2034.13,26.9357,0.000122421
669,0.955556,15.9999990463,2033.92,26.9358,0.000121199
670,0.955556,15.9999990463,2033.71,26.9359,0.000119989
671,0.955556,15.9999990463,2033.51,26.9361,0.000118791
672,0.955556,15.9999990463,2033.31,26.9362,0.000117605
673,0.955556,15.9999990463,2033.11,26.9363,0.000116431
674,0.955556,15.9999990463,2032.91,26.9364,0.000115269
675,0.955556,15.9999990463,2032.71,26.9365,0.000114118
676,0.955556,15.9999990463,2032.52,26.9367,0.000112979
677,0.955556,15.9999990463,2032.32,26.9368,0.000111851
678,0.955556,15.9999990463,2032.13,26.9369,0.000110734
679,0.955556,15.9999990463,2031.95,26.937,0.000109629
680,0.955556,15.9999990463,2031.76,26.9371,0.000108535
681,0.955556,15.9999990463,2031.57,26.9372,0.000107451
682,0.955556,15.9999990463,2031.39,26.9373,0.000106378
683,0.955556,15.9999990463,2031.21,26.9374,0.000105316
684,0.955556,15.9999990463,2031.03,26.9375,0.000104265
685,0.955556,15.9999990463,2030.85,26.9377,0.000103224
686,0.955556,15.9999990463,2030.67,26.9378,0.000102194
687,0.955556,15.9999990463,2030.5,26.9379,0.000101173
688,0.955556,15.9999990463,2030.33,26.938,0.000100164
689,0.955556,15.9999990463,2030.15,26.9381,9.91636e-05
690,0.955556,15.9999990463,2029.98,26.9382,9.81737e-05
691,0.955556,15.9999990463,2029.82,26.9383,9.71936e-05
692,0.955556,15.9999990463,2029.65,26.9384,9.62233e-05
693,0.955556,15.9999990463,2029.49,26.9385,9.52627e-05
694,0.955556,15.9999990463,2029.33,26.9386,9.43117e-05
695,0.955556,15.9999990463,2029.16,26.9387,9.33702e-05
696,0.955556,15.9999990463,2029.01,26.9388,9.24381e-05
697,0.955556,15.9999990463,2028.85,26.9389,9.15153e-05
698,0.955556,15.9999990463,2028.69,26.9389,9.06017e-05
699,0.955556,15.9999990463,2028.54,26.939,8.96972e-05
700,0.955556,15.9999990463,2028.38,26.9391,8.88018e-05
701,0.955556,15.9999990463,2028.23,26.9392,8.79153e-05
702,0.955556,15.9999990463,2028.08,26.9393,8.70376e-05
703,0.955556,15.9999990463,2027.93,26.9394,8.61687e-05
704,0.955556,15.9999990463,2027.79,26.9395,8.53085e-05
705,0.955556,15.9999990463,2027.64,26.9396,8.44569e-05
706,0.955556,15.9999990463,2027.5,26.9397,8.36137e-05
707,0.955556,15.9999990463,2027.35,26.9397,8.2779e-05
708,0.955556,15.9999990463,2027.22,26.9398,8.19527e-05
709,0.955556,15.9999990463,2027.07,26.9399,8.11346e-05
710,0.955556,15.9999990463,2026.93,26.94,8.03246e-05
711,0.955556,15.9999990463,2026.8,26.9401,7.95227e-05
712,0.955556,15.9999990463,2026.66,26.9402,7.87288e-05
713,0.955556,15.9999990463,2026.53,26.9402,7.79429e-05
714,0.955556,15.9999990463,2026.4,26.9403,7.71648e-05
715,0.955556,15.9999990463,2026.26,26.9404,7.63945e-05
716,0.955556,15.9999990463,2026.14,26.9405,7.56318e-05
717,0.955556,15.9999990463,2026.01,26.9406,7.48768e-05
718,0.955556,15.9999990463,2025.88,26.9406,7.41293e-05
719,0.955556,15.9999990463,2025.75,26.9407,7.33893e-05
720,0.955556,15.9999990463,2025.63,26.9408,7.26566e-05
721,0.955556,15.9999990463,2025.5,26.9409,7.19313e-05
722,0.955556,15.9999990463,2025.38,26.9409,7.12132e-05
723,0.955556,15.9999990463,2025.26,26.941,7.05023e-05
724,0.955556,15.9999990463,2025.14,26.9411,6.97985e-05
725,0.955556,15.9999990463,2025.02,26.9412,6.91017e-05
726,0.955556,15.9999990463,2024.9,26.9412,6.84118e-05
727,0.955556,15.9999990463,2024.79,26.9413,6.77289e-05
728,0.955556,15.9999990463,2024.67,26.9414,6.70527e-05
729,0.955556,15.9999990463,2024.56,26.9414,6.63834e-05
730,0.955556,15.9999990463,2024.44,26.9415,6.57207e-05
731,0.955556,15.9999990463,2024.33,26.9416,6.50646e-05
732,0.955556,15.9999990463,2024.22,26.9416,6.4415e-05
733,0.955556,15.9999990463,2024.11,26.9417,6.3772e-05
734,0.955556,15.9999990463,2024.0,26.9418,6.31354e-05
735,0.955556,15.9999990463,2023.9,26.9418,6.25051e-05
736,0.955556,15.9999990463,2023.79,26.9419,6.18811e-05
737,0.955556,15.9999990463,2023.68,26.942,6.12633e-05
738,0.955556,15.9999990463,2023.58,26.942,6.06518e-05
739,0.955556,15.9999990463,2023.47,26.9421,6.00463e-05
740,0.955556,15.9999990463,2023.37,26.9421,5.94468e-05
741,0.955556,15.9999990463,2023.27,26.9422,5.88534e-05
742,0.955556,15.9999990463,2023.17,26.9423,5.82659e-05
743,0.955556,15.9999990463,2023.07,26.9423,5.76842e-05
744,0.955556,15.9999990463,2022.97,26.9424,5.71083e-05
745,0.955556,15.9999990463,2022.87,26.9424,5.65382e-05
746,0.955556,15.9999990463,2022.78,26.9425,5.59738e-05
747,0.955556,15.9999990463,2022.69,26.9426,5.5415e-05
748,0.955556,15.9999990463,2022.59,26.9426,5.48618e-05
749,0.955556,15.9999990463,2022.5,26.9427,5.43141e-05
750,0.955556,15.9999990463,2022.4,26.9427,5.37719e-05
751,0.955556,15.9999990463,2022.31,26.9428,5.32351e-05
752,0.955556,15.9999990463,2022.22,26.9428,5.27037e-05
753,0.955556,15.9999990463,2022.13,26.9429,5.21775e-05
754,0.955556,15.9999990463,2022.04,26.9429,5.16567e-05
755,0.955556,15.9999990463,2021.95,26.943,5.1141e-05
756,0.955556,15.9999990463,2021.87,26.9431,5.06304e-05
757,0.955556,15.9999990463,2021.78,26.9431,5.0125e-05
758,0.955556,15.9999990463,2021.69,26.9432,4.96246e-05
759,0.955556,15.9999990463,2021.61,26.9432,4.91292e-05
760,0.955556,15.9999990463,2021.53,26.9433,4.86387e-05
761,0.955556,15.9999990463,2021.44,26.9433,4.81532e-05
762,0.955556,15.9999990463,2021.36,26.9433,4.76725e-05
763,0.955556,15.9999990463,2021.28,26.9434,4.71966e-05
764,0.955556,15.9999990463,2021.2,26.9434,4.67254e-05
765,0.955556,15.9999990463,2021.12,26.9435,4.62589e-05
766,0.955556,15.9999990463,2021.04,26.9435,4.57971e-05
767,0.955556,15.9999990463,2020.96,26.9436,4.53399e-05
768,0.955556,15.9999990463,2020.89,26.9436,4.48873e-05
769,0.955556,15.9999990463,2020.81,26.9437,4.44392e-05
770,0.955556,15.9999990463,2020.73,26.9437,4.39956e-05
771,0.955556,15.9999990463,2020.66,26.9438,4.35564e-05
772,0.955556,15.9999990463,2020.59,26.9438,4.31216e-05
773,0.955556,15.9999990463,2020.51,26.9439,4.26911e-05
774,0.955556,15.9999990463,2020.44,26.9439,4.22649e-05
775,0.955556,15.9999990463,2020.37,26.9439,4.1843e-05
776,0.955556,15.9999990463,2020.3,26.944,4.14253e-05
777,0.955556,15.9999990463,2020.23,26.944,4.10117e-05
778,0.955556,15.9999990463,2020.16,26.9441,4.06023e-05
779,0.955556,15.9999990463,2020.09,26.9441,4.0197e-05
780,0.955556,15.9999990463,2020.02,26.9442,3.97957e-05
781,0.955556,15.9999990463,2019.95,26.9442,3.93984e-05
782,0.955556,15.9999990463,2019.88,26.9442,3.90051e-05
783,0.955556,15.9999990463,2019.82,26.9443,3.86157e-05
784,0.955556,15.9999990463,2019.75,26.9443,3.82302e-05
785,0.955556,15.9999990463,2019.69,26.9444,3.78485e-05
786,0.955556,15.9999990463,2019.62,26.9444,3.74707e-05
787,0.955556,15.9999990463,2019.56,26.9444,3.70966e-05
788,0.955556,15.9999990463,2019.49,26.9445,3.67263e-05
789,0.955556,15.9999990463,2019.43,26.9445,3.63597e-05
790,0.955556,15.9999990463,2019.37,26.9446,3.59967e-05
791,0.955556,15.9999990463,2019.31,26.9446,3.56373e-05
792,0.955556,15.9999990463,2019.25,26.9446,3.52816e-05
793,0.955556,15.9999990463,2019.19,26.9447,3.49294e-05
794,0.955556,15.9999990463,2019.13,26.9447,3.45807e-05
795,0.955556,15.9999990463,2019.07,26.9447,3.42355e-05
796,0.955556,15.9999990463,2019.01,26.9448,3.38937e-05
797,0.955556,15.9999990463,2018.95,26.9448,3.35553e-05
798,0.955556,15.9999990463,2018.89,26.9448,3.32203e-05
799,0.955556,15.9999990463,2018.84,26.9449,3.28887e-05
800,0.955556,15.9999990463,2018.78,26.9449,3.25604e-05
801,0.955556,15.9999990463,2018.72,26.9449,3.22353e-05
802,0.955556,15.9999990463,2018.67,26.945,3.19135e-05
803,0.955556,15.9999990463,2018.61,26.945,3.15949e-05
804,0.955556,15.9999990463,2018.56,26.945,3.12795e-05
805,0.955556,15.9999990463,2018.51,26.9451,3.09673e-05
806,0.955556,15.9999990463,2018.46,26.9451,3.06581e-05
807,0.955556,15.9999990463,2018.4,26.9451,3.0352e-05
808,0.955556,15.9999990463,2018.35,26.9452,3.00491e-05
809,0.955556,15.9999990463,2018.3,26.9452,2.97491e-05
810,0.955556,15.9999990463,2018.25,26.9452,2.94521e-05
811,0.955556,15.9999990463,2018.2,26.9453,2.91581e-05
812,0.955556,15.9999990463,2018.15,26.9453,2.8867e-05
813,0.955556,15.9999990463,2018.1,26.9453,2.85788e-05
814,0.955556,15.9999990463,2018.05,26.9453,2.82935e-05
815,0.955556,15.9999990463,2018.0,26.9454,2.80111e-05
816,0.955556,15.9999990463,2017.96,26.9454,2.77314e-05
817,0.955556,15.9999990463,2017.91,26.9454,2.74546e-05
818,0.955556,15.9999990463,2017.86,26.9455,2.71805e-05
819,0.955556,15.9999990463,2017.82,26.9455,2.69092e-05
820,0.955556,15.9999990463,2017.77,26.9455,2.66405e-05
821,0.955556,15.9999990463,2017.73,26.9455,2.63746e-05
822,0.955556,15.9999990463,2017.68,26.9456,2.61113e-05
823,0.955556,15.9999990463,2017.64,26.9456,2.58506e-05
824,0.955556,15.9999990463,2017.59,26.9456,2.55926e-05
825,0.955556,15.9999990463,2017.55,26.9456,2.53371e-05
826,0.955556,15.9999990463,2017.5,26.9457,2.50841e-05
827,0.955556,15.9999990463,2017.46,26.9457,2.48337e-05
828,0.955556,15.9999990463,2017.42,26.9457,2.45858e-05
829,0.955556,15.9999990463,2017.38,26.9458,2.43404e-05
830,0.955556,15.9999990463,2017.33,26.9458,2.40974e-05
831,0.955556,15.9999990463,2017.29,26.9458,2.38568e-05
832,0.955556,15.9999990463,2017.25,26.9458,2.36187e-05
833,0.955556,15.9999990463,2017.21,26.9459,2.33829e-05
834,0.955556,15.9999990463,2017.17,26.9459,2.31494e-05
835,0.955556,15.9999990463,2017.13,26.9459,2.29183e-05
836,0.955556,15.9999990463,2017.09,26.9459,2.26895e-05
837,0.955556,15.9999990463,2017.06,26.9459,2.2463e-05
838,0.955556,15.9999990463,2017.02,26.946,2.22388e-05
839,0.955556,15.9999990463,2016.98,26.946,2.20168e-05
840,0.955556,15.9999990463,2016.94,26.946,2.1797e-05
841,0.955556,15.9999990463,2016.91,26.946,2.15794e-05
842,0.955556,15.9999990463,2016.87,26.9461,2.1364e-05
843,0.955556,15.9999990463,2016.83,26.9461,2.11507e-05
844,0.955556,15.9999990463,2016.8,26.9461,2.09395e-05
845,0.955556,15.9999990463,2016.76,26.9461,2.07305e-05
846,0.955556,15.9999990463,2016.72,26.9461,2.05236e-05
847,0.955556,15.9999990463,2016.69,26.9462,2.03187e-05
848,0.955556,15.9999990463,2016.65,26.9462,2.01158e-05
849,0.955556,15.9999990463,2016.62,26.9462,1.9915e-05
850,0.955556,15.9999990463,2016.59,26.9462,1.97162e-05
851,0.955556,15.9999990463,2016.56,26.9462,1.95194e-05
852,0.955556,15.9999990463,2016.52,26.9463,1.93245e-05
853,0.955556,15.9999990463,2016.49,26.9463,1.91316e-05
854,0.955556,15.9999990463,2016.45,26.9463,1.89406e-05
855,0.955556,15.9999990463,2016.42,26.9463,1.87515e-05
856,0.955556,15.9999990463,2016.39,26.9463,1.85643e-05
857,0.955556,15.9999990463,2016.36,26.9464,1.8379e-05
858,0.955556,15.9999990463,2016.33,26.9464,1.81955e-05
859,0.955556,15.9999990463,2016.3,26.9464,1.80139e-05
860,0.955556,15.9999990463,2016.26,26.9464,1.7834e-05
861,0.955556,15.9999990463,2016.23,26.9464,1.7656e-05
862,0.955556,15.9999990463,2016.2,26.9465,1.74798e-05
863,0.955556,15.9999990463,2016.18,26.9465,1.73053e-05
864,0.955556,15.9999990463,2016.15,26.9465,1.71325e-05
865,0.955556,15.9999990463,2016.12,26.9465,1.69615e-05
866,0.955556,15.9999990463,2016.09,26.9465,1.67921e-05
867,0.955556,15.9999990463,2016.06,26.9465,1.66245e-05
868,0.955556,15.9999990463,2016.03,26.9466,1.64585e-05
869,0.955556,15.9999990463,2016.0,26.9466,1.62942e-05
870,0.955556,15.9999990463,2015.97,26.9466,1.61316e-05
871,0.955556,15.9999990463,2015.94,26.9466,1.59705e-05
872,0.955556,15.9999990463,2015.92,26.9466,1.58111e-05
873,0.955556,15.9999990463,2015.89,26.9466,1.56533e-05
874,0.955556,15.9999990463,2015.86,26.9467,1.5497e-05
875,0.955556,15.9999990463,2015.84,26.9467,1.53423e-05
876,0.955556,15.9999990463,2015.81,26.9467,1.51891e-05
877,0.955556,15.9999990463,2015.79,26.9467,1.50375e-05
878,0.955556,15.9999990463,2015.76,26.9467,1.48874e-05
879,0.955556,15.9999990463,2015.73,26.9467,1.47388e-05
880,0.955556,15.9999990463,2015.71,26.9467,1.45916e-05
881,0.955556,15.9999990463,2015.68,26.9468,1.4446e-05
882,0.955556,15.9999990463,2015.66,26.9468,1.43017e-05
883,0.955556,15.9999990463,2015.64,26.9468,1.4159e-05
884,0.955556,15.9999990463,2015.61,26.9468,1.40176e-05
885,0.955556,15.9999990463,2015.59,26.9468,1.38777e-05
886,0.955556,15.9999990463,2015.56,26.9468,1.37391e-05
887,0.955556,15.9999990463,2015.54,26.9469,1.3602e-05
888,0.955556,15.9999990463,2015.52,26.9469,1.34662e-05
889,0.955556,15.9999990463,2015.49,26.9469,1.33318e-05
890,0.955556,15.9999990463,2015.47,26.9469,1.31987e-05
891,0.955556,15.9999990463,2015.45,26.9469,1.30669e-05
892,0.955556,15.9999990463,2015.43,26.9469,1.29365e-05
893,0.955556,15.9999990463,2015.41,26.9469,1.28073e-05
894,0.955556,15.9999990463,2015.38,26.9469,1.26795e-05
895,0.955556,15.9999990463,2015.36,26.947,1.25529e-05
896,0.955556,15.9999990463,2015.34,26.947,1.24276e-05
897,0.955556,15.9999990463,2015.32,26.947,1.23035e-05
898,0.955556,15.9999990463,2015.3,26.947,1.21807e-05
899,0.955556,15.9999990463,2015.28,26.947,1.20591e-05
900,0.955556,15.9999990463,2015.26,26.947,1.19387e-05
901,0.955556,15.9999990463,2015.23,26.947,1.18195e-05
902,0.955556,15.9999990463,2015.22,26.947,1.17015e-05
903,0.955556,15.9999990463,2015.19,26.9471,1.15847e-05
904,0.955556,15.9999990463,2015.18,26.9471,1.14691e-05
905,0.955556,15.9999990463,2015.15,26.9471,1.13546e-05
906,0.955556,15.9999990463,2015.14,26.9471,1.12412e-05
907,0.955556,15.9999990463,2015.12,26.9471,1.1129e-05
908,0.955556,15.9999990463,2015.1,26.9471,1.10179e-05
909,0.955556,15.9999990463,2015.08,26.9471,1.09079e-05
910,0.955556,15.9999990463,2015.06,26.9471,1.0799e-05
911,0.955556,15.9999990463,2015.04,26.9472,1.06912e-05
912,0.955556,15.9999990463,2015.02,26.9472,1.05845e-05
913,0.955556,15.9999990463,2015.0,26.9472,1.04788e-05
914,0.955556,15.9999990463,2014.99,26.9472,1.03742e-05
915,0.955556,15.9999990463,2014.97,26.9472,1.02706e-05
916,0.955556,15.9999990463,2014.95,26.9472,1.01681e-05
917,0.955556,15.9999990463,2014.94,26.9472,1.00666e-05
918,0.955556,15.9999990463,2014.92,26.9472,9.9661e-06
919,0.955556,15.9999990463,2014.9,26.9472,9.86661e-06
920,0.955556,15.9999990463,2014.89,26.9472,9.76811e-06
921,0.955556,15.9999990463,2014.87,26.9473,9.6706e-06
922,0.955556,15.9999990463,2014.86,26.9473,9.57406e-06
923,0.955556,15.9999990463,2014.84,26.9473,9.47848e-06
924,0.955556,15.9999990463,2014.83,26.9473,9.38386e-06
925,0.955556,15.9999990463,2014.81,26.9473,9.29018e-06
926,0.955556,15.9999990463,2014.79,26.9473,9.19744e-06
927,0.955556,15.9999990463,2014.78,26.9473,9.10562e-06
928,0.955556,15.9999990463,2014.76,26.9473,9.01472e-06
929,0.955556,15.9999990463,2014.75,26.9473,8.92472e-06
930,0.955556,15.9999990463,2014.73,26.9473,8.83563e-06
931,0.955556,15.9999990463,2014.72,26.9473,8.74742e-06
932,0.955556,15.9999990463,2014.7,26.9474,8.6601e-06
933,0.955556,15.9999990463,2014.69,26.9474,8.57365e-06
934,0.955556,15.9999990463,2014.67,26.9474,8.48806e-06
935,0.955556,15.9999990463,2014.66,26.9474,8.40332e-06
936,0.955556,15.9999990463,2014.64,26.9474,8.31943e-06
937,0.955556,15.9999990463,2014.63,26.9474,8.23638e-06
938,0.955556,15.9999990463,2014.61,26.9474,8.15415e-06
939,0.955556,15.9999990463,2014.6,26.9474,8.07275e-06
940,0.955556,15.9999990463,2014.59,26.9474,7.99216e-06
941,0.955556,15.9999990463,2014.57,26.9474,7.91238e-06
942,0.955556,15.9999990463,2014.56,26.9474,7.83338e-06
943,0.955556,15.9999990463,2014.55,26.9474,7.75519e-06
944,0.955556,15.9999990463,2014.53,26.9475,7.67777e-06
945,0.955556,15.9999990463,2014.52,26.9475,7.60112e-06
946,0.955556,15.9999990463,2014.51,26.9475,7.52524e-06
947,0.955556,15.9999990463,2014.49,26.9475,7.45011e-06
948,0.955556,15.9999990463,2014.48,26.9475,7.37574e-06
949,0.955556,15.9999990463,2014.47,26.9475,7.30211e-06
950,0.955556,15.9999990463,2014.45,26.9475,7.22921e-06
951,0.955556,15.9999990463,2014.44,26.9475,7.15704e-06
952,0.955556,15.9999990463,2014.43,26.9475,7.0856e-06
953,0.955556,15.9999990463,2014.42,26.9475,7.01486e-06
954,0.955556,15.9999990463,2014.4,26.9475,6.94483e-06
955,0.955556,15.9999990463,2014.39,26.9475,6.8755e-06
956,0.955556,15.9999990463,2014.38,26.9476,6.80686e-06
957,0.955556,15.9999990463,2014.36,26.9476,6.73891e-06
958,0.955556,15.9999990463,2014.35,26.9476,6.67164e-06
959,0.955556,15.9999990463,2014.34,26.9476,6.60503e-06
960,0.955556,15.9999990463,2014.33,26.9476,6.53909e-06
961,0.955556,15.9999990463,2014.32,26.9476,6.47382e-06
962,0.955556,15.9999990463,2014.31,26.9476,6.40919e-06
963,0.955556,15.9999990463,2014.29,26.9476,6.34521e-06
964,0.955556,15.9999990463,2014.28,26.9476,6.28186e-06
965,0.955556,15.9999990463,2014.27,26.9476,6.21915e-06
966,0.955556,15.9999990463,2014.26,26.9476,6.15706e-06
967,0.955556,15.9999990463,2014.25,26.9476,6.0956e-06
968,0.955556,15.9999990463,2014.24,26.9476,6.03475e-06
969,0.955556,15.9999990463,2014.23,26.9477,5.9745e-06
970,0.955556,15.9999990463,2014.22,26.9477,5.91486e-06
971,0.955556,15.9999990463,2014.21,26.9477,5.85581e-06
972,0.955556,15.9999990463,2014.2,26.9477,5.79736e-06
973,0.955556,15.9999990463,2014.19,26.9477,5.73948e-06
974,0.955556,15.9999990463,2014.18,26.9477,5.68218e-06
975,0.955556,15.9999990463,2014.17,26.9477,5.62546e-06
976,0.955556,15.9999990463,2014.16,26.9477,5.5693e-06
977,0.955556,15.9999990463,2014.16,26.9477,5.5137e-06
978,0.955556,15.9999990463,2014.15,26.9477,5.45866e-06
979,0.955556,15.9999990463,2014.14,26.9477,5.40417e-06
980,0.955556,15.9999990463,2014.13,26.9477,5.35022e-06
981,0.955556,15.9999990463,2014.12,26.9477,5.2968e-06
982,0.955556,15.9999990463,2014.11,26.9477,5.24392e-06
983,0.955556,15.9999990463,2014.1,26.9477,5.19158e-06
984,0.955556,15.9999990463,2014.09,26.9477,5.13975e-06
985,0.955556,15.9999990463,2014.08,26.9477,5.08844e-06
986,0.955556,15.9999990463,2014.08,26.9478,5.03764e-06
987,0.955556,15.9999990463,2014.07,26.9478,4.98735e-06
988,0.955556,15.9999990463,2014.06,26.9478,4.93757e-06
989,0.955556,15.9999990463,2014.05,26.9478,4.88827e-06
990,0.955556,15.9999990463,2014.04,26.9478,4.83947e-06
991,0.955556,15.9999990463,2014.03,26.9478,4.79116e-06
992,0.955556,15.9999990463,2014.02,26.9478,4.74333e-06
993,0.955556,15.9999990463,2014.01,26.9478,4.69598e-06
994,0.955556,15.9999990463,2014.01,26.9478,4.6491e-06
995,0.955556,15.9999990463,2014.0,26.9478,4.60269e-06
996,0.955556,15.9999990463,2013.99,26.9478,4.55674e-06
997,0.955556,15.9999990463,2013.98,26.9478,4.51125e-06
998,0.955556,15.9999990463,2013.98,26.9478,4.46621e-06
999,0.955556,15.9999990463,2013.97,26.9478,4.42163e-06
1000,0.955556,15.9999990463,2013.96,26.9478,4.37749e-06
1001,0.955556,15.9999990463,2013.95,26.9478,4.33379e-06
1002,0.955556,15.9999990463,2013.94,26.9478,4.29052e-06
1003,0.955556,15.9999990463,2013.94,26.9478,4.24769e-06
1004,0.955556,15.9999990463,2013.93,26.9478,4.20528e-06
1005,0.955556,15.9999990463,2013.92,26.9479,4.1633e-06
1006,0.955556,15.9999990463,2013.92,26.9479,4.12174e-06
1007,0.955556,15.9999990463,2013.91,26.9479,4.0806e-06
1008,0.955556,15.9999990463,2013.9,26.9479,4.03986e-06
1009,0.955556,15.9999990463,2013.9,26.9479,3.99953e-06
1010,0.955556,15.9999990463,2013.89,27.1814,3.9596e-06
1011,0.955556,15.9999990463,2013.88,26.9479,3.92007e-06
1012,0.955556,15.9999990463,2013.88,26.9479,3.88094e-06
1013,0.955556,15.9999990463,2013.87,26.9479,3.8422e-06
1014,0.955556,15.9999990463,2013.86,26.9479,3.80384e-06
1015,0.955556,15.9999990463,2013.85,26.9479,3.76587e-06
1016,0.955556,15.9999990463,2013.85,26.9479,3.72827e-06
1017,0.955556,15.9999990463,2013.84,26.9479,3.69105e-06
1018,0.955556,15.9999990463,2013.83,26.9479,3.65421e-06
1019,0.955556,15.9999990463,2013.82,26.9479,3.61772e-06
1020,0.955556,15.9999990463,2013.82,27.1815,3.58161e-06
1021,0.955556,15.9999990463,2013.81,26.9479,3.54585e-06
1022,0.955556,15.9999990463,2013.81,26.9479,3.51046e-06
1023,0.955556,15.9999990463,2013.8,26.9479,3.47541e-06
1024,0.955556,15.9999990463,2013.8,26.9479,3.44072e-06
1025,0.955556,15.9999990463,2013.79,26.9479,3.40637e-06
1026,0.955556,15.9999990463,2013.78,26.9479,3.37236e-06
1027,0.955556,15.9999990463,2013.78,26.9479,3.3387e-06
1028,0.955556,15.9999990463,2013.77,26.9479,3.30537e-06
1029,0.955556,15.9999990463,2013.77,27.1815,3.27237e-06
1030,0.955556,15.9999990463,2013.76,27.1815,3.2397e-06
1031,0.955556,15.9999990463,2013.76,26.9479,3.20736e-06
1032,0.955556,15.9999990463,2013.75,26.9479,3.17534e-06
1033,0.955556,15.9999990463,2013.75,26.9479,3.14364e-06
1034,0.955556,15.9999990463,2013.74,26.9479,3.11226e-06
1035,0.955556,15.9999990463,2013.74,26.948,3.08119e-06
1036,0.955556,15.9999990463,2013.73,26.948,3.05043e-06
1037,0.955556,15.9999990463,2013.72,26.948,3.01998e-06
1038,0.955556,15.9999990463,2013.72,26.948,2.98983e-06
1039,0.955556,15.9999990463,2013.71,26.948,2.95998e-06
1040,0.955556,15.9999990463,2013.71,26.948,2.93043e-06
1041,0.955556,15.9999990463,2013.7,27.1815,2.90118e-06
1042,0.955556,15.9999990463,2013.7,26.948,2.87222e-06
1043,0.955556,15.9999990463,2013.69,26.948,2.84354e-06
1044,0.955556,15.9999990463,2013.69,26.948,2.81516e-06
1045,0.955556,15.9999990463,2013.69,26.948,2.78705e-06
1046,0.955556,15.9999990463,2013.68,26.948,2.75923e-06
1047,0.955556,15.9999990463,2013.68,26.948,2.73169e-06
1048,0.955556,15.9999990463,2013.67,26.948,2.70442e-06
1049,0.955556,15.9999990463,2013.67,27.1815,2.67742e-06
1050,0.955556,15.9999990463,2013.66,26.948,2.65069e-06
1051,0.955556,15.9999990463,2013.66,26.948,2.62423e-06
1052,0.955556,15.9999990463,2013.65,26.948,2.59803e-06
1053,0.955556,15.9999990463,2013.65,26.948,2.57209e-06
1054,0.955556,15.9999990463,2013.64,26.948,2.54642e-06
1055,0.955556,15.9999990463,2013.64,26.948,2.521e-06
1056,0.955556,15.9999990463,2013.63,26.948,2.49583e-06
1057,0.955556,15.9999990463,2013.63,26.948,2.47091e-06
1058,0.955556,15.9999990463,2013.63,26.948,2.44625e-06
1059,0.955556,15.9999990463,2013.62,26.948,2.42182e-06
1060,0.955556,15.9999990463,2013.62,26.948,2.39765e-06
1061,0.955556,15.9999990463,2013.61,26.948,2.37371e-06
1062,0.955556,15.9999990463,2013.61,26.948,2.35002e-06
1063,0.955556,15.9999990463,2013.61,26.948,2.32656e-06
1064,0.955556,15.9999990463,2013.6,26.948,2.30333e-06
1065,0.955556,15.9999990463,2013.59,26.948,2.28034e-06
1066,0.955556,15.9999990463,2013.59,26.948,2.25757e-06
1067,0.955556,15.9999990463,2013.59,26.948,2.23503e-06
1068,0.955556,15.9999990463,2013.59,27.1816,2.21272e-06
1069,0.955556,15.9999990463,2013.58,26.948,2.19063e-06
1070,0.955556,15.9999990463,2013.58,26.948,2.16876e-06
1071,0.955556,15.9999990463,2013.57,26.948,2.14711e-06
1072,0.955556,15.9999990463,2013.57,26.948,2.12568e-06
1073,0.955556,15.9999990463,2013.57,26.948,2.10446e-06
1074,0.955556,15.9999990463,2013.56,26.948,2.08345e-06
1075,0.955556,15.9999990463,2013.56,26.948,2.06265e-06
1076,0.955556,15.9999990463,2013.56,26.948,2.04206e-06
1077,0.955556,15.9999990463,2013.56,26.948,2.02167e-06
1078,0.955556,15.9999990463,2013.55,26.948,2.00149e-06
1079,0.955556,15.9999990463,2013.55,26.948,1.98151e-06
1080,0.955556,15.9999990463,2013.55,26.948,1.96173e-06
1081,0.955556,15.9999990463,2013.55,26.9481,1.94214e-06
1082,0.955556,15.9999990463,2013.54,26.9481,1.92276e-06
1083,0.955556,15.9999990463,2013.54,26.9481,1.90356e-06
1084,0.955556,15.9999990463,2013.54,26.9481,1.88456e-06
1085,0.955556,15.9999990463,2013.54,26.9481,1.86575e-06
1086,0.955556,15.9999990463,2013.53,26.9481,1.84712e-06
1087,0.955556,15.9999990463,2013.53,27.1816,1.82868e-06
1088,0.955556,15.9999990463,2013.53,26.9481,1.81042e-06
1089,0.955556,15.9999990463,2013.53,26.9481,1.79235e-06
1090,0.955556,15.9999990463,2013.52,26.9481,1.77446e-06
1091,0.955556,15.9999990463,2013.52,26.9481,1.75674e-06
1092,0.955556,15.9999990463,2013.52,26.9481,1.73921e-06
1093,0.955556,15.9999990463,2013.52,26.9481,1.72184e-06
1094,0.955556,15.9999990463,2013.51,26.9481,1.70465e-06
1095,0.955556,15.9999990463,2013.51,26.9481,1.68764e-06
1096,0.955556,15.9999990463,2013.51,26.9481,1.67079e-06
1097,0.955556,15.9999990463,2013.51,26.9481,1.65411e-06
1098,0.955556,15.9999990463,2013.5,26.9481,1.6376e-06
1099,0.955556,15.9999990463,2013.5,26.9481,1.62125e-06
1100,0.955556,15.9999990463,2013.5,26.9481,1.60507e-06
1101,0.955556,15.9999990463,2013.5,26.9481,1.58904e-06
1102,0.955556,15.9999990463,2013.5,26.9481,1.57318e-06
1103,0.955556,15.9999990463,2013.49,26.9481,1.55747e-06
1104,0.955556,15.9999990463,2013.49,26.9481,1.54192e-06
1105,0.955556,15.9999990463,2013.49,26.9481,1.52653e-06
1106,0.955556,15.9999990463,2013.49,26.9481,1.51129e-06
1107,0.955556,15.9999990463,2013.48,26.9481,1.49621e-06
1108,0.955556,15.9999990463,2013.48,26.9481,1.48127e-06
1109,0.955556,15.9999990463,2013.48,26.9481,1.46648e-06
1110,0.955556,15.9999990463,2013.48,26.9481,1.45184e-06
1111,0.955556,15.9999990463,2013.47,26.9481,1.43735e-06
1112,0.955556,15.9999990463,2013.47,26.9481,1.423e-06
1113,0.955556,15.9999990463,2013.47,26.9481,1.40879e-06
1114,0.955556,15.9999990463,2013.47,26.9481,1.39473e-06
1115,0.955556,15.9999990463,2013.46,26.9481,1.38081e-06
1116,0.955556,15.9999990463,2013.46,26.9481,1.36702e-06
1117,0.955556,15.9999990463,2013.46,26.9481,1.35337e-06
1118,0.955556,15.9999990463,2013.46,26.9481,1.33986e-06
1119,0.955556,15.9999990463,2013.46,26.9481,1.32649e-06
1120,0.955556,15.9999990463,2013.45,26.9481,1.31325e-06
1121,0.955556,15.9999990463,2013.45,26.9481,1.30014e-06
1122,0.955556,15.9999990463,2013.45,26.9481,1.28716e-06
1123,0.955556,15.9999990463,2013.45,26.9481,1.27431e-06
1124,0.955556,15.9999990463,2013.44,26.9481,1.26159e-06
1125,0.955556,15.9999990463,2013.44,26.9481,1.24899e-06
1126,0.955556,15.9999990463,2013.44,26.9481,1.23652e-06
1127,0.955556,15.9999990463,2013.44,26.9481,1.22418e-06
1128,0.955556,15.9999990463,2013.44,26.9481,1.21196e-06
1129,0.955556,15.9999990463,2013.43,26.9481,1.19986e-06
1130,0.955556,15.9999990463,2013.43,26.9481,1.18788e-06
1131,0.955556,15.9999990463,2013.43,26.9481,1.17602e-06
1132,0.955556,15.9999990463,2013.43,26.9481,1.16428e-06
1133,0.955556,15.9999990463,2013.43,26.9481,1.15266e-06
1134,0.955556,15.9999990463,2013.43,26.9481,1.14115e-06
1135,0.955556,15.9999990463,2013.43,26.9481,1.12976e-06
1136,0.955556,15.9999990463,2013.42,26.9481,1.11848e-06
1137,0.955556,15.9999990463,2013.42,26.9481,1.10732e-06
1138,0.955556,15.9999990463,2013.42,26.9481,1.09626e-06
1139,0.955556,15.9999990463,2013.42,26.9481,1.08532e-06
1140,0.955556,15.9999990463,2013.42,26.9481,1.07448e-06
1141,0.955556,15.9999990463,2013.42,26.9481,1.06376e-06
1142,0.955556,15.9999990463,2013.42,26.9481,1.05314e-06
1143,0.955556,15.9999990463,2013.42,26.9481,1.04262e-06
1144,0.955556,15.9999990463,2013.42,26.9481,1.03222e-06
1145,0.955556,15.9999990463,2013.41,26.9481,1.02191e-06
1146,0.955556,15.9999990463,2013.41,26.9481,1.01171e-06
1147,0.955556,15.9999990463,2013.41,26.9481,1.00161e-06
1148,0.955556,15.9999990463,2013.41,26.9481,9.9161e-07
1149,0.955556,15.9999990463,2013.41,26.9481,9.81711e-07
1150,0.955556,15.9999990463,2013.41,26.9481,9.71911e-07
1151,0.955556,15.9999990463,2013.41,27.1817,9.62208e-07
1152,0.955556,15.9999990463,2013.41,27.1817,9.52603e-07
1153,0.955556,15.9999990463,2013.4,27.1817,9.43093e-07
1154,0.955556,15.9999990463,2013.41,27.1817,9.33677e-07
1155,0.955556,15.9999990463,2013.4,27.1817,9.24357e-07
1156,0.955556,15.9999990463,2013.4,27.1817,9.15129e-07
1157,0.955556,15.9999990463,2013.4,27.1817,9.05994e-07
1158,0.955556,15.9999990463,2013.4,27.1817,8.96949e-07
1159,0.955556,15.9999990463,2013.4,26.9481,8.87995e-07
1160,0.955556,15.9999990463,2013.4,26.9481,8.7913e-07
0.955556,2013.4,4.148745775222778,1.125,0.66205172398,0.129407931578
