94,10,0.9,2,1000, .1 
0,0.516667,174.000005722,1.70573e+06,900.863,0.0999707
1,0.522222,172.000000477,1.48378e+06,835.986,0.099883
2,0.527778,169.999995232,1.29558e+06,775.159,0.0997953
3,0.527778,169.999995232,1.13226e+06,722.958,0.0997078
4,0.541667,164.999992847,991034.0,671.179,0.0996203
5,0.538889,166.000006199,868407.0,631.609,0.0995328
6,0.55,161.999995708,760057.0,595.951,0.0994455
7,0.55,161.999995708,663694.0,563.525,0.0993582
8,0.563889,156.999993324,578273.0,524.556,0.099271
9,0.591667,147.000010014,505571.0,481.941,0.0991839
10,0.619444,137.000005245,445548.0,441.657,0.0990968
11,0.641667,129.000005722,393125.0,411.79,0.0990099
12,0.647222,127.000000477,347155.0,392.29,0.098923
13,0.666667,119.999992847,305907.0,369.392,0.0988362
14,0.675,116.999995708,269170.0,349.265,0.0987494
15,0.691667,111.000001431,237301.0,323.225,0.0986627
16,0.705556,105.999999046,210186.0,304.487,0.0985762
17,0.719444,100.999996662,186446.0,284.062,0.0984896
18,0.730556,97.0000076294,165679.0,271.183,0.0984032
19,0.738889,94.0000104904,147259.0,251.041,0.0983168
20,0.741667,92.999997139,131645.0,240.025,0.0982306
21,0.758333,87.000002861,117224.0,224.15,0.0981444
22,0.769444,82.9999923706,104807.0,210.332,0.0980582
23,0.777778,79.9999952316,94357.9,197.011,0.0979722
24,0.791667,74.9999928474,85390.5,185.275,0.0978862
25,0.802778,71.0000038147,77495.8,175.503,0.0978003
26,0.816667,66.0000014305,70876.8,156.907,0.0977144
27,0.825,63.0000042915,65878.8,150.43,0.0976287
28,0.825,63.0000042915,61061.6,147.915,0.097543
29,0.833333,60.0000071526,56385.1,145.903,0.0974574
30,0.838889,58.0000019073,52209.7,137.532,0.0973719
31,0.847222,55.0000047684,48391.8,131.705,0.0972864
32,0.85,53.9999914169,45078.8,129.291,0.097201
33,0.855556,52.0000076294,42005.9,123.135,0.0971157
34,0.863889,49.0000104904,39238.2,119.542,0.0970305
35,0.861111,50.0000023842,36540.3,117.909,0.0969453
36,0.861111,50.0000023842,33910.4,117.254,0.0968603
37,0.869444,47.0000052452,31450.0,104.75,0.0967753
38,0.872222,45.9999918938,29345.8,99.3474,0.0966903
39,0.875,45.0,27367.4,94.8449,0.0966055
40,0.886111,40.9999895096,25491.2,88.5493,0.0965207
41,0.886111,40.9999895096,23815.5,88.1856,0.096436
42,0.888889,39.9999976158,22266.5,81.7916,0.0963513
43,0.886111,40.9999895096,20921.1,81.392,0.0962668
44,0.897222,37.0000004768,19786.5,74.2422,0.0961823
45,0.9,36.0000085831,18749.3,73.4214,0.0960979
46,0.902778,34.9999952316,17749.1,71.5658,0.0960135
47,0.908333,32.9999899864,16840.6,68.2878,0.0959293
48,0.911111,31.9999980927,16035.6,68.2232,0.0958451
49,0.916667,29.9999928474,15249.1,64.9393,0.095761
50,0.913889,31.0000061989,14544.9,65.001,0.0956769
51,0.913889,31.0000061989,13846.6,64.8346,0.095593
52,0.913889,31.0000061989,13185.3,64.3056,0.0955091
53,0.925,26.9999957085,12569.8,60.4837,0.0954253
54,0.925,26.9999957085,12009.3,59.9553,0.0953415
55,0.916667,29.9999928474,11481.3,58.4251,0.0952578
56,0.916667,29.9999928474,10967.5,58.3521,0.0951742
57,0.925,26.9999957085,10509.7,52.3715,0.0950907
58,0.922222,28.0000090599,10180.0,52.2996,0.0950073
59,0.927778,26.0000038147,9847.91,50.7553,0.0949239
60,0.925,26.9999957085,9572.25,52.3677,0.0948406
61,0.930556,24.9999904633,9280.25,50.3184,0.0947573
62,0.930556,24.9999904633,9000.46,50.2192,0.0946742
63,0.933333,23.9999985695,8730.44,50.2418,0.0945911
64,0.938889,21.9999933243,8481.79,44.4427,0.0945081
65,0.938889,21.9999933243,8325.19,43.7026,0.0944251
66,0.938889,21.9999933243,8190.19,42.0251,0.0943423
67,0.941667,21.0000014305,8029.9,42.2583,0.0942595
68,0.941667,21.0000014305,7892.68,42.2752,0.0941767
69,0.938889,21.9999933243,7764.96,43.6305,0.0940941
70,0.944444,20.0000095367,7614.62,41.5706,0.0940115
71,0.944444,20.0000095367,7494.49,41.5824,0.093929
72,0.944444,20.0000095367,7379.16,42.8385,0.0938466
73,0.95,18.0000042915,7255.71,40.5901,0.0937642
74,0.95,18.0000042915,7151.89,40.6012,0.0936819
75,0.95,18.0000042915,7047.83,40.6132,0.0935997
76,0.952778,16.9999909401,6943.74,39.6308,0.0935176
77,0.95,18.0000042915,6844.72,41.3077,0.0934355
78,0.952778,16.9999909401,6721.23,39.6196,0.0933535
79,0.955556,15.9999990463,6620.43,39.3704,0.0932716
80,0.958333,15.0000071526,6524.98,39.7312,0.0931897
81,0.958333,15.0000071526,6426.72,39.1616,0.0931079
82,0.958333,15.0000071526,6310.24,39.1391,0.0930262
83,0.963889,13.0000019073,6224.27,39.6427,0.0929446
84,0.961111,13.9999938011,6132.17,39.7644,0.092863
85,0.961111,13.9999938011,6044.01,39.3466,0.0927815
86,0.963889,13.0000019073,5956.47,39.6172,0.0927001
87,0.958333,15.0000071526,5867.62,39.4797,0.0926187
88,0.966667,12.0000100136,5785.52,39.6903,0.0925374
89,0.958333,15.0000071526,5696.09,39.7553,0.0924562
90,0.961111,13.9999938011,5609.16,39.7,0.0923751
91,0.963889,13.0000019073,5523.31,39.755,0.092294
92,0.961111,13.9999938011,5445.35,39.6876,0.092213
93,0.966667,12.0000100136,5360.47,39.6552,0.0921321
94,0.963889,13.0000019073,5280.92,39.8415,0.0920512
95,0.961111,13.9999938011,5193.38,39.6843,0.0919704
96,0.966667,12.0000100136,5117.5,39.5077,0.0918897
97,0.963889,13.0000019073,5040.49,39.3451,0.0918091
98,0.966667,12.0000100136,4969.1,39.4905,0.0917285
99,0.969444,10.9999966621,4879.54,39.307,0.091648
100,0.966667,12.0000100136,4813.44,37.2829,0.0915676
101,0.969444,10.9999966621,4747.5,37.4351,0.0914872
102,0.966667,12.0000100136,4666.36,37.3073,0.0914069
103,0.966667,12.0000100136,4601.79,37.3074,0.0913267
104,0.969444,10.9999966621,4534.41,37.4479,0.0912465
105,0.966667,12.0000100136,4455.06,37.3336,0.0911665
106,0.975,8.99999141693,4392.39,36.8231,0.0910864
107,0.969444,10.9999966621,4324.95,37.4609,0.0910065
108,0.969444,10.9999966621,4249.1,36.6709,0.0909266
109,0.969444,10.9999966621,4186.14,36.954,0.0908468
110,0.966667,12.0000100136,4120.41,36.7165,0.0907671
111,0.972222,10.0000047684,4053.15,36.8183,0.0906875
112,0.972222,10.0000047684,3995.1,29.2763,0.0906079
113,0.972222,10.0000047684,3953.52,29.7005,0.0905283
114,0.975,8.99999141693,3905.49,29.1128,0.0904489
115,0.975,8.99999141693,3865.97,29.3543,0.0903695
116,0.975,8.99999141693,3817.83,29.3213,0.0902902
117,0.972222,10.0000047684,3753.36,29.3362,0.090211
118,0.975,8.99999141693,3717.35,29.3106,0.0901318
119,0.975,8.99999141693,3666.81,29.066,0.0900527
120,0.972222,10.0000047684,3630.99,29.6502,0.0899737
121,0.975,8.99999141693,3585.21,29.2884,0.0898947
122,0.975,8.99999141693,3537.01,29.0569,0.0898158
123,0.972222,10.0000047684,3498.81,29.2793,0.089737
124,0.975,8.99999141693,3455.84,29.267,0.0896582
125,0.972222,10.0000047684,3410.0,29.3282,0.0895795
126,0.975,8.99999141693,3349.58,29.2404,0.0895009
127,0.972222,10.0000047684,3307.61,29.5892,0.0894224
128,0.975,8.99999141693,3263.51,29.0196,0.0893439
129,0.977778,7.99999952316,3219.68,28.9296,0.0892655
130,0.975,8.99999141693,3176.08,29.2161,0.0891871
131,0.972222,10.0000047684,3138.64,29.1769,0.0891089
132,0.977778,7.99999952316,3092.19,28.9105,0.0890307
133,0.972222,10.0000047684,3073.21,29.3328,0.0889525
134,0.975,8.99999141693,3035.51,29.2168,0.0888745
135,0.975,8.99999141693,2986.42,29.0303,0.0887965
136,0.972222,10.0000047684,2956.45,29.5894,0.0887185
137,0.972222,10.0000047684,2914.61,29.6282,0.0886407
138,0.975,8.99999141693,2873.72,29.2694,0.0885629
139,0.975,8.99999141693,2831.47,29.1947,0.0884852
140,0.972222,10.0000047684,2815.22,29.6549,0.0884075
141,0.977778,7.99999952316,2771.27,28.9644,0.0883299
142,0.975,8.99999141693,2727.04,28.9151,0.0882524
143,0.977778,7.99999952316,2706.6,29.2659,0.0881749
144,0.972222,10.0000047684,2677.74,29.6365,0.0880976
145,0.977778,7.99999952316,2629.59,28.9705,0.0880203
146,0.975,8.99999141693,2611.46,29.3836,0.087943
147,0.975,8.99999141693,2571.43,29.3374,0.0878658
148,0.975,8.99999141693,2512.55,29.3073,0.0877887
149,0.972222,10.0000047684,2498.46,29.2221,0.0877117
150,0.975,8.99999141693,2464.42,29.35,0.0876347
151,0.977778,7.99999952316,2403.11,28.9786,0.0875578
152,0.975,8.99999141693,2382.8,29.3535,0.0874809
153,0.977778,7.99999952316,2345.11,28.3579,0.0874042
154,0.972222,10.0000047684,2312.72,29.3077,0.0873274
155,0.975,8.99999141693,2254.36,28.559,0.0872508
156,0.972222,10.0000047684,2254.31,29.8008,0.0871742
157,0.975,8.99999141693,2207.23,28.9648,0.0870977
158,0.975,8.99999141693,2166.47,29.0826,0.0870213
159,0.977778,7.99999952316,2127.63,29.0129,0.0869449
160,0.972222,10.0000047684,2088.87,28.1037,0.0868686
161,0.977778,7.99999952316,2058.2,28.8149,0.0867924
162,0.972222,10.0000047684,2021.2,29.3383,0.0867162
163,0.972222,10.0000047684,1961.15,28.1075,0.0866401
164,0.977778,7.99999952316,1952.17,28.8234,0.0865641
165,0.972222,10.0000047684,1912.51,29.3561,0.0864881
166,0.975,8.99999141693,1877.01,28.6382,0.0864122
167,0.972222,10.0000047684,1870.26,29.3832,0.0863364
168,0.972222,10.0000047684,1829.16,27.8821,0.0862606
169,0.969444,10.9999966621,1785.79,27.2787,0.0861849
170,0.969444,10.9999966621,1780.06,29.5917,0.0861092
171,0.975,8.99999141693,1758.6,26.4808,0.0860337
172,0.977778,7.99999952316,1734.09,28.8757,0.0859582
173,0.977778,7.99999952316,1726.25,25.711,0.0858827
174,0.977778,7.99999952316,1727.31,25.0828,0.0858074
175,0.977778,7.99999952316,1735.91,26.4027,0.0857321
176,0.983333,5.99999427795,1710.48,25.1495,0.0856568
177,0.983333,5.99999427795,1710.48,25.1495,0.0855816
0.983333,1710.48,0.6752564907073975,252.344,0.482018177828,0.106051610838
