42,10,0.6,2,1000, .1 
0,0.433333,203.999998569,2.34499e+06,1209.96,0.0998582
1,0.441667,201.000001431,1.91166e+06,1108.01,0.099434
2,0.466667,191.999999285,1.56198e+06,973.033,0.0990116
3,0.513889,174.999997616,1.30244e+06,834.614,0.0985911
4,0.527778,169.999995232,1.10069e+06,751.784,0.0981723
5,0.530556,169.000003338,938440.0,699.31,0.0977552
6,0.544444,164.000000954,799139.0,650.689,0.09734
7,0.558333,158.999998569,680580.0,605.659,0.0969265
8,0.575,153.000004292,578566.0,558.921,0.0965148
9,0.586111,148.999993801,489680.0,510.934,0.0961048
10,0.613889,139.00001049,416394.0,462.34,0.0956966
11,0.636111,130.99998951,355059.0,424.17,0.0952901
12,0.658333,122.999989986,305135.0,385.139,0.0948853
13,0.691667,111.000001431,266605.0,340.348,0.0944822
14,0.705556,105.999999046,233641.0,322.621,0.0940809
15,0.705556,105.999999046,203354.0,312.944,0.0936812
16,0.725,98.9999914169,175772.0,291.434,0.0932833
17,0.741667,92.999997139,151569.0,275.691,0.0928871
18,0.755556,87.9999947548,130045.0,261.048,0.0924925
19,0.775,81.0000085831,112317.0,234.062,0.0920996
20,0.802778,71.0000038147,98673.4,206.505,0.0917084
21,0.822222,63.9999961853,87319.6,188.113,0.0913188
22,0.830556,60.9999990463,77133.5,182.577,0.0909309
23,0.830556,60.9999990463,67255.7,182.815,0.0905446
24,0.844444,55.9999966621,58332.6,170.694,0.09016
25,0.858333,50.999994278,50215.3,149.533,0.089777
26,0.877778,44.0000081062,43885.7,128.607,0.0893957
27,0.886111,40.9999895096,39194.6,118.64,0.0890159
28,0.888889,39.9999976158,35315.7,112.144,0.0886378
29,0.891667,39.000005722,32038.8,105.957,0.0882613
30,0.902778,34.9999952316,29283.7,91.4235,0.0878864
31,0.908333,32.9999899864,27137.2,84.9982,0.0875131
32,0.916667,29.9999928474,25162.2,79.1574,0.0871413
33,0.916667,29.9999928474,23491.6,77.9702,0.0867712
34,0.922222,28.0000090599,21903.6,72.9107,0.0864026
35,0.922222,28.0000090599,20472.0,73.808,0.0860355
36,0.922222,28.0000090599,19050.5,66.2706,0.0856701
37,0.925,26.9999957085,17833.7,63.691,0.0853062
38,0.925,26.9999957085,16795.3,63.3391,0.0849438
39,0.933333,23.9999985695,15833.8,59.7142,0.084583
40,0.941667,21.0000014305,15008.7,49.5617,0.0842237
41,0.944444,20.0000095367,14484.4,47.4204,0.0838659
42,0.941667,21.0000014305,14004.0,49.0632,0.0835097
43,0.947222,18.9999961853,13538.0,43.7536,0.0831549
44,0.947222,18.9999961853,13106.8,40.4613,0.0828017
45,0.947222,18.9999961853,12732.8,40.2977,0.08245
46,0.947222,18.9999961853,12363.4,40.1386,0.0820997
47,0.947222,18.9999961853,11998.3,39.9839,0.081751
48,0.947222,18.9999961853,11637.5,39.8336,0.0814037
49,0.944444,20.0000095367,11281.1,42.5501,0.0810579
50,0.944444,20.0000095367,10913.2,38.4849,0.0807136
51,0.944444,20.0000095367,10562.7,38.3777,0.0803708
52,0.941667,21.0000014305,10215.7,37.464,0.0800294
53,0.944444,20.0000095367,9958.29,31.6229,0.0796894
54,0.944444,20.0000095367,9756.25,29.6101,0.0793509
55,0.941667,21.0000014305,9563.68,29.6978,0.0790138
56,0.947222,18.9999961853,9377.89,27.4685,0.0786782
57,0.947222,18.9999961853,9217.74,27.4426,0.078344
58,0.947222,18.9999961853,9058.76,27.4186,0.0780112
59,0.947222,18.9999961853,8900.91,27.3966,0.0776798
60,0.944444,20.0000095367,8746.15,28.905,0.0773498
61,0.947222,18.9999961853,8589.86,27.3249,0.0770213
62,0.947222,18.9999961853,8435.66,27.3083,0.0766941
63,0.95,18.0000042915,8288.13,27.4279,0.0763683
64,0.95,18.0000042915,8135.81,27.4411,0.0760439
65,0.947222,18.9999961853,7987.88,27.3085,0.0757209
66,0.947222,18.9999961853,7843.5,28.6133,0.0753992
67,0.95,18.0000042915,7693.23,27.4514,0.075079
68,0.947222,18.9999961853,7548.41,27.291,0.07476
69,0.95,18.0000042915,7401.48,27.4731,0.0744425
70,0.944444,20.0000095367,7257.4,28.7246,0.0741262
71,0.95,18.0000042915,7115.92,27.4804,0.0738114
72,0.947222,18.9999961853,6969.71,27.2872,0.0734978
73,0.952778,16.9999909401,6831.16,24.3938,0.0731856
74,0.95,18.0000042915,6716.66,24.1659,0.0728747
75,0.952778,16.9999909401,6609.43,24.4412,0.0725652
76,0.95,18.0000042915,6496.77,24.2023,0.0722569
77,0.955556,15.9999990463,6391.96,25.3358,0.07195
78,0.952778,16.9999909401,6286.06,25.0504,0.0716444
79,0.958333,15.0000071526,6194.99,23.4074,0.07134
80,0.955556,15.9999990463,6105.71,23.1471,0.071037
81,0.958333,15.0000071526,6012.02,23.3984,0.0707352
82,0.955556,15.9999990463,5923.89,23.1289,0.0704348
83,0.958333,15.0000071526,5831.02,23.4057,0.0701356
84,0.955556,15.9999990463,5736.73,23.0756,0.0698377
85,0.958333,15.0000071526,5652.03,23.4075,0.069541
86,0.955556,15.9999990463,5559.81,23.0698,0.0692456
87,0.958333,15.0000071526,5474.62,23.4254,0.0689515
88,0.955556,15.9999990463,5384.58,23.077,0.0686586
89,0.955556,15.9999990463,5290.92,23.0227,0.0683669
90,0.958333,15.0000071526,5207.29,23.3919,0.0680765
91,0.955556,15.9999990463,5116.49,23.0203,0.0677873
92,0.955556,15.9999990463,5031.37,23.0111,0.0674994
93,0.958333,15.0000071526,4945.27,23.3762,0.0672126
94,0.952778,16.9999909401,4864.25,25.3584,0.0669271
95,0.955556,15.9999990463,4772.75,22.9909,0.0666428
96,0.955556,15.9999990463,4689.61,26.1489,0.0663598
97,0.952778,16.9999909401,4605.19,24.5323,0.0660779
98,0.955556,15.9999990463,4516.5,22.9585,0.0657972
99,0.955556,15.9999990463,4433.46,22.9665,0.0655177
100,0.958333,15.0000071526,4349.94,23.3784,0.0652394
101,0.955556,15.9999990463,4277.94,27.0655,0.0649623
102,0.958333,15.0000071526,4190.55,23.4019,0.0646863
103,0.952778,16.9999909401,4109.32,25.2252,0.0644115
104,0.958333,15.0000071526,4034.06,24.9653,0.0641379
105,0.958333,15.0000071526,3954.06,23.4212,0.0638655
106,0.958333,15.0000071526,3878.14,26.8648,0.0635942
107,0.955556,15.9999990463,3792.86,23.0008,0.063324
108,0.958333,15.0000071526,3722.14,25.9812,0.0630551
109,0.958333,15.0000071526,3642.72,22.8016,0.0627872
110,0.961111,13.9999938011,3565.74,24.7692,0.0625205
111,0.961111,13.9999938011,3494.13,23.3741,0.0622549
112,0.958333,15.0000071526,3418.13,22.8034,0.0619905
113,0.955556,15.9999990463,3342.93,24.9581,0.0617271
114,0.961111,13.9999938011,3272.13,24.7672,0.0614649
115,0.958333,15.0000071526,3209.14,25.9348,0.0612038
116,0.961111,13.9999938011,3121.37,24.7616,0.0609439
117,0.961111,13.9999938011,3070.27,24.6658,0.060685
118,0.961111,13.9999938011,3000.33,21.5164,0.0604272
119,0.966667,12.0000100136,2950.13,19.4591,0.0601705
120,0.963889,13.0000019073,2904.43,23.1713,0.0599149
121,0.966667,12.0000100136,2866.14,19.4758,0.0596604
122,0.963889,13.0000019073,2813.77,22.7103,0.059407
123,0.963889,13.0000019073,2776.46,23.5723,0.0591546
124,0.966667,12.0000100136,2734.52,19.5048,0.0589034
125,0.963889,13.0000019073,2695.69,23.1528,0.0586531
126,0.963889,13.0000019073,2652.62,22.2356,0.058404
127,0.961111,13.9999938011,2610.66,21.4942,0.0581559
128,0.966667,12.0000100136,2571.34,20.5304,0.0579089
129,0.966667,12.0000100136,2535.67,19.5378,0.0576629
130,0.961111,13.9999938011,2495.03,21.4926,0.0574179
131,0.966667,12.0000100136,2448.53,20.5352,0.057174
132,0.961111,13.9999938011,2431.48,26.8516,0.0569312
133,0.966667,12.0000100136,2372.25,20.5266,0.0566893
134,0.963889,13.0000019073,2342.27,22.703,0.0564485
135,0.963889,13.0000019073,2290.83,18.73,0.0562087
136,0.963889,13.0000019073,2250.72,18.7197,0.05597
137,0.963889,13.0000019073,2215.63,21.9436,0.0557322
138,0.969444,10.9999966621,2196.37,24.8297,0.0554955
139,0.963889,13.0000019073,2161.57,23.0721,0.0552598
140,0.969444,10.9999966621,2107.81,17.9059,0.055025
141,0.966667,12.0000100136,2073.22,22.9991,0.0547913
142,0.969444,10.9999966621,2038.96,17.9411,0.0545585
143,0.969444,10.9999966621,2007.22,17.9448,0.0543268
144,0.963889,13.0000019073,1985.1,23.029,0.054096
145,0.975,8.99999141693,1952.1,20.2541,0.0538662
146,0.966667,12.0000100136,1909.78,21.6614,0.0536374
147,0.972222,10.0000047684,1904.23,32.7,0.0534096
148,0.966667,12.0000100136,1847.35,20.5785,0.0531827
149,0.975,8.99999141693,1819.75,13.9739,0.0529568
150,0.975,8.99999141693,1802.89,15.5231,0.0527318
151,0.975,8.99999141693,1793.16,19.934,0.0525078
152,0.977778,7.99999952316,1773.9,16.0063,0.0522848
153,0.975,8.99999141693,1762.67,15.5197,0.0520627
154,0.980556,7.00000762939,1752.39,18.1783,0.0518415
155,0.975,8.99999141693,1735.9,15.5143,0.0516213
156,0.980556,7.00000762939,1727.52,18.1874,0.051402
157,0.972222,10.0000047684,1715.08,19.0103,0.0511837
158,0.977778,7.99999952316,1702.36,15.99,0.0509663
159,0.977778,7.99999952316,1685.91,21.722,0.0507498
160,0.975,8.99999141693,1674.69,15.4987,0.0505342
161,0.977778,7.99999952316,1658.27,15.9862,0.0503195
162,0.969444,10.9999966621,1650.42,24.6799,0.0501058
163,0.980556,7.00000762939,1638.03,18.1779,0.049893
164,0.975,8.99999141693,1615.68,15.4865,0.049681
165,0.977778,7.99999952316,1615.9,21.7136,0.04947
166,0.975,8.99999141693,1590.46,15.4831,0.0492598
167,0.980556,7.00000762939,1590.7,18.1953,0.0490506
168,0.975,8.99999141693,1572.99,21.6189,0.0488422
169,0.977778,7.99999952316,1571.66,15.9755,0.0486348
170,0.975,8.99999141693,1558.13,21.5786,0.0484282
171,0.975,8.99999141693,1550.67,21.6274,0.0482225
172,0.977778,7.99999952316,1537.62,15.9935,0.0480176
173,0.975,8.99999141693,1529.06,21.6337,0.0478136
174,0.977778,7.99999952316,1536.94,30.0793,0.0476105
175,0.975,8.99999141693,1508.55,21.6483,0.0474083
176,0.980556,7.00000762939,1513.68,25.3976,0.0472069
177,0.975,8.99999141693,1499.17,21.6592,0.0470064
178,0.975,8.99999141693,1498.81,27.2514,0.0468067
179,0.972222,10.0000047684,1476.08,26.1099,0.0466079
180,0.975,8.99999141693,1477.51,21.6681,0.0464099
181,0.975,8.99999141693,1467.29,27.2684,0.0462128
182,0.972222,10.0000047684,1455.39,20.7272,0.0460165
183,0.977778,7.99999952316,1449.04,23.3618,0.045821
184,0.975,8.99999141693,1444.68,21.5434,0.0456263
185,0.969444,10.9999966621,1440.92,30.5418,0.0454325
186,0.975,8.99999141693,1420.29,21.6887,0.0452395
187,0.975,8.99999141693,1421.0,28.3472,0.0450474
188,0.972222,10.0000047684,1407.52,26.6643,0.044856
189,0.975,8.99999141693,1390.85,21.5624,0.0446655
190,0.972222,10.0000047684,1386.65,20.7573,0.0444757
191,0.980556,7.00000762939,1383.06,25.4876,0.0442868
192,0.969444,10.9999966621,1376.83,25.5587,0.0440987
193,0.975,8.99999141693,1361.77,21.5995,0.0439114
194,0.975,8.99999141693,1355.23,21.7227,0.0437248
195,0.977778,7.99999952316,1358.24,30.1841,0.0435391
196,0.975,8.99999141693,1336.15,21.7344,0.0433542
197,0.975,8.99999141693,1331.85,21.6215,0.04317
198,0.972222,10.0000047684,1326.24,20.7987,0.0429866
199,0.975,8.99999141693,1326.03,27.3595,0.042804
200,0.972222,10.0000047684,1305.55,20.8009,0.0426222
201,0.975,8.99999141693,1309.93,28.4852,0.0424411
202,0.972222,10.0000047684,1295.83,26.7199,0.0422609
203,0.975,8.99999141693,1283.84,21.6644,0.0420814
204,0.975,8.99999141693,1275.97,21.7656,0.0419026
205,0.972222,10.0000047684,1283.41,32.896,0.0417246
206,0.975,8.99999141693,1254.4,21.7732,0.0415474
207,0.977778,7.99999952316,1257.6,22.5869,0.0413709
208,0.977778,7.99999952316,1245.69,22.5899,0.0411951
209,0.972222,10.0000047684,1245.64,26.7352,0.0410201
210,0.975,8.99999141693,1230.05,21.6933,0.0408459
211,0.972222,10.0000047684,1224.49,20.8457,0.0406724
212,0.980556,7.00000762939,1223.74,25.6162,0.0404996
213,0.969444,10.9999966621,1216.08,25.6254,0.0403276
214,0.975,8.99999141693,1202.3,21.7284,0.0401563
215,0.975,8.99999141693,1195.35,21.8093,0.0399857
216,0.977778,7.99999952316,1200.71,30.2842,0.0398159
217,0.975,8.99999141693,1177.33,21.8207,0.0396467
218,0.975,8.99999141693,1173.98,21.7499,0.0394783
219,0.972222,10.0000047684,1167.71,20.8863,0.0393106
220,0.975,8.99999141693,1168.86,27.4635,0.0391436
221,0.975,8.99999141693,1148.46,23.4895,0.0389774
222,0.977778,7.99999952316,1153.3,24.5184,0.0388118
223,0.975,8.99999141693,1147.31,28.9148,0.0386469
224,0.980556,7.00000762939,1135.63,20.3821,0.0384828
225,0.980556,7.00000762939,1135.41,25.7019,0.0383193
226,0.972222,10.0000047684,1131.36,27.1772,0.0381565
227,0.980556,7.00000762939,1118.87,20.3929,0.0379944
228,0.972222,10.0000047684,1121.62,26.571,0.037833
229,0.980556,7.00000762939,1118.67,20.4015,0.0376723
230,0.980556,7.00000762939,1119.24,27.6444,0.0375123
231,0.980556,7.00000762939,1110.19,20.4157,0.037353
232,0.977778,7.99999952316,1109.59,19.1076,0.0371943
233,0.975,8.99999141693,1115.8,28.7626,0.0370363
234,0.972222,10.0000047684,1109.39,24.8321,0.036879
235,0.977778,7.99999952316,1102.02,21.7567,0.0367223
236,0.980556,7.00000762939,1104.99,27.6687,0.0365663
237,0.980556,7.00000762939,1092.76,20.4448,0.036411
238,0.977778,7.99999952316,1091.31,22.5083,0.0362563
239,0.972222,10.0000047684,1102.26,34.0638,0.0361023
240,0.972222,10.0000047684,1087.43,27.2779,0.035949
241,0.977778,7.99999952316,1085.39,24.705,0.0357963
242,0.972222,10.0000047684,1078.75,24.8581,0.0356442
243,0.977778,7.99999952316,1076.16,21.789,0.0354928
244,0.977778,7.99999952316,1077.97,21.7962,0.035342
245,0.972222,10.0000047684,1083.64,32.9397,0.0351919
246,0.980556,7.00000762939,1066.1,16.7063,0.0350424
247,0.977778,7.99999952316,1066.41,24.6625,0.0348935
248,0.972222,10.0000047684,1061.84,29.8726,0.0347453
249,0.975,8.99999141693,1062.13,25.8611,0.0345977
250,0.983333,5.99999427795,1055.57,15.4345,0.0344508
251,0.988889,4.00001049042,1054.41,16.2173,0.0343044
252,0.986111,5.00000238419,1052.68,15.3574,0.0341587
253,0.977778,7.99999952316,1059.21,26.9287,0.0340136
254,0.986111,5.00000238419,1053.31,17.0029,0.0338691
255,0.983333,5.99999427795,1052.68,20.0086,0.0337253
256,0.986111,5.00000238419,1056.68,18.1044,0.033582
257,0.986111,5.00000238419,1054.36,19.8758,0.0334393
258,0.983333,5.99999427795,1050.49,20.7937,0.0332973
259,0.988889,4.00001049042,1048.84,16.2155,0.0331559
260,0.986111,5.00000238419,1046.96,17.0082,0.033015
261,0.988889,4.00001049042,1047.51,16.2196,0.0328748
262,0.986111,5.00000238419,1046.03,15.3595,0.0327351
263,0.986111,5.00000238419,1048.34,19.8717,0.0325961
264,0.988889,4.00001049042,1043.81,16.2191,0.0324576
265,0.986111,5.00000238419,1042.6,15.3559,0.0323197
266,0.988889,4.00001049042,1044.05,16.2189,0.0321824
267,0.988889,4.00001049042,1042.22,16.2185,0.0320457
268,0.988889,4.00001049042,1040.39,16.2182,0.0319096
269,0.988889,4.00001049042,1038.56,16.2178,0.0317741
270,0.986111,5.00000238419,1036.77,20.4544,0.0316391
271,0.986111,5.00000238419,1037.79,15.3568,0.0315047
272,0.988889,4.00001049042,1037.97,16.2201,0.0313709
273,0.986111,5.00000238419,1037.02,19.8721,0.0312376
274,0.986111,5.00000238419,1034.49,15.3533,0.0311049
275,0.986111,5.00000238419,1037.06,15.3608,0.0309728
276,0.988889,4.00001049042,1038.72,16.2245,0.0308412
277,0.986111,5.00000238419,1037.71,21.4352,0.0307102
278,0.988889,4.00001049042,1032.37,16.2167,0.0305798
279,0.986111,5.00000238419,1031.49,19.8685,0.0304499
280,0.986111,5.00000238419,1028.85,15.3498,0.0303205
281,0.988889,4.00001049042,1028.92,16.2163,0.0301917
282,0.988889,4.00001049042,1027.19,16.2159,0.0300635
283,0.988889,4.00001049042,1025.48,16.2156,0.0299358
284,0.986111,5.00000238419,1023.94,15.347,0.0298086
285,0.986111,5.00000238419,1028.75,19.8712,0.029682
286,0.986111,5.00000238419,1026.07,15.3527,0.0295559
287,0.988889,4.00001049042,1026.23,16.2198,0.0294304
288,0.988889,4.00001049042,1024.55,16.2195,0.0293053
289,0.988889,4.00001049042,1022.87,16.2191,0.0291809
290,0.986111,5.00000238419,1021.27,15.3499,0.0290569
291,0.986111,5.00000238419,1023.92,19.8695,0.0289335
292,0.986111,5.00000238419,1019.77,17.0288,0.0288106
293,0.983333,5.99999427795,1023.89,19.984,0.0286882
294,0.988889,4.00001049042,1020.7,16.2213,0.0285663
295,0.988889,4.00001049042,1019.06,16.2209,0.028445
296,0.986111,5.00000238419,1017.83,21.4269,0.0283241
297,0.986111,5.00000238419,1017.37,15.3507,0.0282038
298,0.988889,4.00001049042,1017.11,16.2181,0.028084
299,0.988889,4.00001049042,1015.5,16.2178,0.0279647
300,0.986111,5.00000238419,1014.0,19.869,0.0278459
301,0.986111,5.00000238419,1013.44,15.3472,0.0277277
302,0.988889,4.00001049042,1012.34,16.2175,0.0276099
303,0.986111,5.00000238419,1010.86,15.3455,0.0274926
304,0.988889,4.00001049042,1014.56,16.2215,0.0273758
305,0.988889,4.00001049042,1012.99,16.2212,0.0272595
306,0.986111,5.00000238419,1011.5,19.8716,0.0271437
307,0.988889,4.00001049042,1011.48,10.9928,0.0270284
308,0.988889,4.00001049042,1009.91,16.2208,0.0269136
309,0.988889,4.00001049042,1009.51,10.9897,0.0267993
310,0.991667,2.99999713898,1010.37,10.0272,0.0266855
311,0.991667,2.99999713898,1010.26,10.0266,0.0265721
312,0.988889,4.00001049042,1010.18,15.2398,0.0264592
313,0.988889,4.00001049042,1009.16,10.9858,0.0263468
314,0.986111,5.00000238419,1011.25,21.0757,0.0262349
315,0.991667,2.99999713898,1006.93,10.0245,0.0261235
316,0.988889,4.00001049042,1006.93,10.9884,0.0260125
317,0.991667,2.99999713898,1008.65,10.0297,0.025902
318,0.991667,2.99999713898,1008.55,10.0291,0.025792
319,0.991667,2.99999713898,1008.44,10.0286,0.0256824
320,0.988889,4.00001049042,1008.71,10.995,0.0255733
321,0.991667,2.99999713898,1007.54,10.027,0.0254647
322,0.988889,4.00001049042,1007.45,10.9907,0.0253565
323,0.991667,2.99999713898,1008.27,10.0256,0.0252488
324,0.991667,2.99999713898,1008.16,10.0251,0.0251416
325,0.991667,2.99999713898,1008.06,10.0245,0.0250348
326,0.988889,4.00001049042,1008.03,12.1334,0.0249284
327,0.988889,4.00001049042,1009.61,10.9972,0.0248225
328,0.991667,2.99999713898,1008.02,10.0288,0.0247171
329,0.988889,4.00001049042,1008.39,10.993,0.0246121
330,0.991667,2.99999713898,1008.73,10.0275,0.0245075
331,0.991667,2.99999713898,1008.63,10.0269,0.0244034
332,0.991667,2.99999713898,1008.53,10.0264,0.0242998
333,0.988889,4.00001049042,1008.59,17.2096,0.0241966
334,0.991667,2.99999713898,1006.12,10.0191,0.0240938
335,0.983333,5.99999427795,1007.02,20.4735,0.0239914
336,0.986111,5.00000238419,1008.12,16.6307,0.0238895
337,0.991667,2.99999713898,1007.15,10.0297,0.023788
338,0.991667,2.99999713898,1007.05,10.0292,0.023687
339,0.988889,4.00001049042,1007.22,10.9976,0.0235864
340,0.991667,2.99999713898,1007.72,10.0279,0.0234862
341,0.988889,4.00001049042,1007.73,15.2423,0.0233864
342,0.988889,4.00001049042,1006.49,10.9939,0.0232871
343,0.991667,2.99999713898,1006.8,10.026,0.0231881
344,0.991667,2.99999713898,1006.71,10.0255,0.0230897
345,0.991667,2.99999713898,1006.61,10.025,0.0229916
346,0.991667,2.99999713898,1006.52,10.0245,0.0228939
347,0.991667,2.99999713898,1006.43,10.024,0.0227967
348,0.988889,4.00001049042,1006.48,10.9923,0.0226998
349,0.988889,4.00001049042,1007.34,10.9961,0.0226034
350,0.991667,2.99999713898,1007.22,10.0277,0.0225074
351,0.988889,4.00001049042,1007.32,17.206,0.0224118
352,0.991667,2.99999713898,1005.0,10.0209,0.0223166
353,0.991667,2.99999713898,1004.91,10.0204,0.0222218
354,0.988889,4.00001049042,1004.88,10.99,0.0221274
355,0.988889,4.00001049042,1004.27,12.1339,0.0220334
356,0.986111,5.00000238419,1006.23,16.6281,0.0219398
357,0.988889,4.00001049042,1005.88,15.7467,0.0218466
358,0.991667,2.99999713898,1004.84,10.0236,0.0217538
359,0.991667,2.99999713898,1004.75,10.0232,0.0216614
360,0.991667,2.99999713898,1004.67,10.0227,0.0215694
361,0.986111,5.00000238419,1004.85,11.3967,0.0214778
362,0.991667,2.99999713898,1006.08,10.027,0.0213865
363,0.991667,2.99999713898,1005.99,10.0266,0.0212957
364,0.988889,4.00001049042,1006.41,15.2406,0.0212052
365,0.988889,4.00001049042,1006.73,10.9975,0.0211151
366,0.991667,2.99999713898,1005.16,10.0248,0.0210254
367,0.988889,4.00001049042,1005.19,10.995,0.0209361
368,0.991667,2.99999713898,1006.54,10.029,0.0208472
369,0.988889,4.00001049042,1006.75,17.2025,0.0207586
370,0.988889,4.00001049042,1004.9,15.2378,0.0206705
371,0.988889,4.00001049042,1005.24,10.9954,0.0205827
372,0.991667,2.99999713898,1003.76,10.0215,0.0204952
373,0.988889,4.00001049042,1003.73,10.993,0.0204082
374,0.991667,2.99999713898,1004.34,10.0204,0.0203215
375,0.991667,2.99999713898,1004.26,10.02,0.0202352
376,0.988889,4.00001049042,1004.5,15.2348,0.0201492
377,0.988889,4.00001049042,1003.47,10.99,0.0200636
378,0.991667,2.99999713898,1004.22,10.0235,0.0199784
379,0.988889,4.00001049042,1004.46,15.7441,0.0198935
380,0.988889,4.00001049042,1003.6,10.9958,0.019809
381,0.991667,2.99999713898,1004.84,10.0276,0.0197249
382,0.991667,2.99999713898,1004.76,10.0272,0.0196411
383,0.991667,2.99999713898,1004.68,10.0267,0.0195576
384,0.988889,4.00001049042,1004.96,11.0009,0.0194746
385,0.991667,2.99999713898,1004.0,10.0256,0.0193918
386,0.988889,4.00001049042,1004.0,10.9976,0.0193095
387,0.988889,4.00001049042,1004.61,17.1963,0.0192274
388,0.991667,2.99999713898,1002.73,10.0191,0.0191458
389,0.991667,2.99999713898,1002.66,10.0187,0.0190644
390,0.988889,4.00001049042,1002.66,12.1399,0.0189835
391,0.988889,4.00001049042,1003.91,10.999,0.0189028
392,0.988889,4.00001049042,1002.63,10.9956,0.0188225
393,0.991667,2.99999713898,1003.24,10.0214,0.0187426
394,0.991667,2.99999713898,1003.16,10.021,0.018663
395,0.991667,2.99999713898,1003.09,10.0206,0.0185837
396,0.991667,2.99999713898,1003.01,10.0203,0.0185047
397,0.991667,2.99999713898,1002.94,10.0199,0.0184261
398,0.988889,4.00001049042,1002.94,15.2345,0.0183479
399,0.988889,4.00001049042,1003.42,10.9935,0.0182699
400,0.988889,4.00001049042,1003.66,10.9975,0.0181923
401,0.991667,2.99999713898,1003.49,15.7403,0.018115
402,0.988889,4.00001049042,1002.89,12.1467,0.0180381
403,0.988889,4.00001049042,1003.75,11.0028,0.0179615
404,0.991667,2.99999713898,1004.05,10.0262,0.0178852
405,0.986111,5.00000238419,1004.39,20.6731,0.0178092
406,0.988889,4.00001049042,1001.59,10.9966,0.0177335
407,0.991667,2.99999713898,1001.74,10.0202,0.0176582
408,0.991667,2.99999713898,1001.67,10.0198,0.0175832
409,0.991667,2.99999713898,1001.6,10.0194,0.0175085
410,0.991667,2.99999713898,1001.53,10.019,0.0174341
411,0.991667,2.99999713898,1001.46,10.0187,0.0173601
412,0.988889,4.00001049042,1001.6,10.9954,0.0172863
413,0.988889,4.00001049042,1002.24,10.9983,0.0172129
414,0.991667,2.99999713898,1002.06,10.0215,0.0171398
415,0.991667,2.99999713898,1001.99,10.0211,0.017067
416,0.991667,2.99999713898,1001.92,10.0208,0.0169945
417,0.991667,2.99999713898,1001.85,10.0204,0.0169223
418,0.988889,4.00001049042,1001.93,10.9969,0.0168504
419,0.991667,2.99999713898,1001.26,10.0194,0.0167788
420,0.991667,2.99999713898,1001.2,10.0191,0.0167076
421,0.988889,4.00001049042,1001.42,10.9942,0.0166366
422,0.991667,2.99999713898,1002.29,10.0224,0.0165659
423,0.988889,4.00001049042,1002.43,17.1874,0.0164956
424,0.986111,5.00000238419,1001.02,16.613,0.0164255
425,0.988889,4.00001049042,1000.65,10.9987,0.0163557
426,0.991667,2.99999713898,1000.8,10.021,0.0162862
427,0.991667,2.99999713898,1000.73,10.0206,0.0162171
428,0.991667,2.99999713898,1000.67,10.0203,0.0161482
429,0.991667,2.99999713898,1000.6,10.0199,0.0160796
430,0.991667,2.99999713898,1000.54,10.0196,0.0160113
431,0.988889,4.00001049042,1000.66,10.9976,0.0159433
432,0.991667,2.99999713898,1001.58,10.0228,0.0158755
433,0.991667,2.99999713898,1001.52,10.0225,0.0158081
434,0.986111,5.00000238419,1001.55,14.2743,0.0157409
435,0.991667,2.99999713898,1000.97,10.0216,0.0156741
436,0.991667,2.99999713898,1000.9,10.0212,0.0156075
437,0.988889,4.00001049042,1000.98,10.999,0.0155412
438,0.991667,2.99999713898,1001.35,10.0204,0.0154752
439,0.991667,2.99999713898,1001.29,10.0201,0.0154095
440,0.991667,2.99999713898,1001.23,10.0197,0.015344
441,0.986111,5.00000238419,1001.8,20.6628,0.0152788
442,0.988889,4.00001049042,999.7,10.9941,0.0152139
443,0.988889,4.00001049042,999.892,10.9974,0.0151493
444,0.991667,2.99999713898,1000.31,10.018,0.0150849
445,0.991667,2.99999713898,1000.25,10.0177,0.0150209
446,0.991667,2.99999713898,1000.19,10.0173,0.014957
447,0.986111,5.00000238419,1000.69,20.9515,0.0148935
448,0.988889,4.00001049042,1000.89,11.0013,0.0148302
449,0.991667,2.99999713898,999.696,10.0204,0.0147673
450,0.988889,4.00001049042,999.799,10.9996,0.0147045
451,0.991667,2.99999713898,1000.12,10.0196,0.0146421
452,0.991667,2.99999713898,1000.06,10.0193,0.0145799
453,0.991667,2.99999713898,1000.0,10.019,0.0145179
454,0.991667,2.99999713898,999.944,10.0187,0.0144563
455,0.991667,2.99999713898,999.886,10.0184,0.0143949
456,0.991667,2.99999713898,999.829,10.0181,0.0143337
457,0.983333,5.99999427795,1000.3,14.5913,0.0142728
458,0.986111,5.00000238419,1000.77,17.77,0.0142122
459,0.991667,2.99999713898,999.039,10.0167,0.0141518
460,0.991667,2.99999713898,998.983,10.0164,0.0140917
461,0.991667,2.99999713898,998.927,10.0161,0.0140318
462,0.991667,2.99999713898,998.871,10.0159,0.0139722
463,0.986111,5.00000238419,999.207,14.2677,0.0139129
464,0.988889,4.00001049042,999.597,10.9997,0.0138538
465,0.991667,2.99999713898,999.347,10.0182,0.0137949
466,0.991667,2.99999713898,999.291,10.0179,0.0137363
467,0.991667,2.99999713898,999.236,10.0176,0.013678
468,0.991667,2.99999713898,999.181,10.0173,0.0136199
469,0.983333,5.99999427795,999.465,20.4499,0.013562
470,0.991667,2.99999713898,998.708,10.0165,0.0135044
471,0.988889,4.00001049042,998.691,10.9963,0.0134471
472,0.988889,4.00001049042,1000.51,15.7322,0.0133899
473,0.991667,2.99999713898,999.126,10.0193,0.0133331
474,0.991667,2.99999713898,999.073,10.019,0.0132764
475,0.991667,2.99999713898,999.02,11.0004,0.01322
476,0.986111,5.00000238419,1000.47,20.6602,0.0131639
477,0.988889,4.00001049042,998.574,11.0003,0.013108
478,0.991667,2.99999713898,998.29,10.0175,0.0130523
479,0.991667,2.99999713898,998.238,10.0173,0.0129968
480,0.991667,2.99999713898,998.186,10.017,0.0129416
481,0.991667,2.99999713898,998.134,10.0167,0.0128867
482,0.988889,4.00001049042,998.343,10.9992,0.0128319
483,0.988889,4.00001049042,998.775,15.2327,0.0127774
484,0.988889,4.00001049042,997.714,10.9971,0.0127231
485,0.991667,2.99999713898,998.519,10.0186,0.0126691
486,0.991667,2.99999713898,998.468,10.0183,0.0126153
487,0.991667,2.99999713898,998.417,10.018,0.0125617
488,0.988889,4.00001049042,998.586,11.0003,0.0125083
489,0.988889,4.00001049042,998.937,15.2336,0.0124552
490,0.988889,4.00001049042,997.975,10.9982,0.0124023
491,0.991667,2.99999713898,998.342,10.0167,0.0123496
492,0.991667,2.99999713898,998.292,10.0164,0.0122971
493,0.988889,4.00001049042,998.292,12.1504,0.0122449
494,0.983333,5.99999427795,1000.12,21.6877,0.0121929
495,0.991667,2.99999713898,997.574,10.0158,0.0121411
496,0.988889,4.00001049042,997.559,12.1513,0.0120895
497,0.991667,2.99999713898,997.916,10.0184,0.0120382
498,0.988889,4.00001049042,997.999,11.0027,0.011987
499,0.991667,2.99999713898,997.497,10.0177,0.0119361
500,0.991667,2.99999713898,997.449,10.0175,0.0118854
501,0.988889,4.00001049042,997.638,11.0009,0.0118349
502,0.991667,2.99999713898,997.79,10.0168,0.0117846
503,0.991667,2.99999713898,997.743,10.0166,0.0117346
504,0.991667,2.99999713898,997.695,10.0163,0.0116847
505,0.991667,2.99999713898,997.649,10.0161,0.0116351
506,0.988889,4.00001049042,997.879,15.2324,0.0115857
507,0.988889,4.00001049042,997.938,10.9995,0.0115365
508,0.988889,4.00001049042,998.078,11.002,0.0114875
509,0.991667,2.99999713898,997.992,10.0178,0.0114387
510,0.988889,4.00001049042,998.018,17.1711,0.0113901
511,0.991667,2.99999713898,996.879,10.0144,0.0113417
512,0.988889,4.00001049042,997.015,15.2309,0.0112935
513,0.988889,4.00001049042,997.135,10.9984,0.0112455
514,0.991667,2.99999713898,996.44,10.0135,0.0111978
515,0.991667,2.99999713898,996.395,10.0132,0.0111502
516,0.986111,5.00000238419,996.552,11.4172,0.0111028
517,0.988889,4.00001049042,997.716,15.7264,0.0110557
518,0.991667,2.99999713898,996.736,10.0156,0.0110087
519,0.991667,2.99999713898,996.691,10.0153,0.010962
520,0.988889,4.00001049042,996.794,11.0006,0.0109154
521,0.988889,4.00001049042,997.195,11.0024,0.010869
522,0.991667,2.99999713898,997.063,10.0172,0.0108229
523,0.991667,2.99999713898,997.02,10.0169,0.0107769
524,0.991667,2.99999713898,996.976,10.0167,0.0107311
525,0.991667,2.99999713898,996.933,10.0165,0.0106855
526,0.988889,4.00001049042,997.007,11.0015,0.0106401
527,0.991667,2.99999713898,996.562,10.0159,0.0105949
528,0.988889,4.00001049042,996.73,17.1675,0.0105499
529,0.988889,4.00001049042,996.844,11.0016,0.0105051
530,0.991667,2.99999713898,996.259,10.0151,0.0104605
531,0.991667,2.99999713898,996.217,10.0149,0.0104161
532,0.988889,4.00001049042,996.269,11.0005,0.0103718
533,0.991667,2.99999713898,995.855,10.0143,0.0103277
534,0.991667,2.99999713898,995.814,10.014,0.0102839
535,0.988889,4.00001049042,995.959,10.9989,0.0102402
536,0.991667,2.99999713898,996.479,10.0161,0.0101967
537,0.991667,2.99999713898,996.438,10.0159,0.0101534
538,0.986111,5.00000238419,996.64,16.6012,0.0101103
539,0.988889,4.00001049042,996.392,11.0035,0.0100673
540,0.991667,2.99999713898,996.472,10.0179,0.0100245
541,0.991667,2.99999713898,996.432,10.0177,0.00998196
542,0.991667,2.99999713898,996.391,10.0175,0.00993956
543,0.991667,2.99999713898,996.352,10.0173,0.00989734
544,0.988889,4.00001049042,996.326,17.1666,0.00985529
545,0.988889,4.00001049042,995.522,11.001,0.00981343
546,0.991667,2.99999713898,995.713,10.014,0.00977174
547,0.991667,2.99999713898,995.673,10.0138,0.00973023
548,0.991667,2.99999713898,995.635,10.0136,0.0096889
549,0.988889,4.00001049042,995.853,15.2308,0.00964774
550,0.988889,4.00001049042,995.593,10.9998,0.00960676
551,0.988889,4.00001049042,995.706,11.0019,0.00956596
552,0.991667,2.99999713898,995.919,10.015,0.00952532
553,0.991667,2.99999713898,995.881,10.0148,0.00948486
554,0.991667,2.99999713898,995.843,10.0146,0.00944457
555,0.988889,4.00001049042,995.972,15.2315,0.00940445
556,0.988889,4.00001049042,995.775,11.0006,0.0093645
557,0.991667,2.99999713898,995.477,10.0139,0.00932472
558,0.988889,4.00001049042,995.448,12.1547,0.00928511
559,0.988889,4.00001049042,996.233,11.0029,0.00924567
560,0.991667,2.99999713898,996.04,10.0156,0.0092064
561,0.986111,5.00000238419,996.121,20.9457,0.00916729
562,0.986111,5.00000238419,995.719,17.7572,0.00912835
563,0.991667,2.99999713898,994.917,10.0151,0.00908957
564,0.988889,4.00001049042,995.014,11.0023,0.00905096
565,0.991667,2.99999713898,995.176,10.0146,0.00901251
566,0.991667,2.99999713898,995.139,10.0144,0.00897423
567,0.991667,2.99999713898,995.103,10.0142,0.00893611
568,0.991667,2.99999713898,995.067,10.0141,0.00889815
569,0.991667,2.99999713898,995.033,10.0139,0.00886035
570,0.988889,4.00001049042,995.027,11.0017,0.00882272
571,0.988889,4.00001049042,995.35,11.0032,0.00878524
572,0.991667,2.99999713898,995.33,10.0153,0.00874792
573,0.991667,2.99999713898,995.295,10.0152,0.00871076
574,0.991667,2.99999713898,995.26,10.015,0.00867376
575,0.991667,2.99999713898,995.225,10.0148,0.00863691
576,0.988889,4.00001049042,995.198,11.0025,0.00860023
577,0.991667,2.99999713898,994.925,10.0143,0.00856369
578,0.991667,2.99999713898,994.892,10.0141,0.00852732
579,0.986111,5.00000238419,995.035,17.7551,0.00849109
580,0.991667,2.99999713898,994.683,10.0137,0.00845503
581,0.991667,2.99999713898,994.649,10.0135,0.00841911
582,0.991667,2.99999713898,994.615,10.0133,0.00838335
583,0.988889,4.00001049042,994.763,11.0017,0.00834773
584,0.991667,2.99999713898,994.323,10.0129,0.00831228
585,0.988889,4.00001049042,994.356,11.0003,0.00827697
586,0.991667,2.99999713898,994.562,10.0124,0.00824181
587,0.991667,2.99999713898,994.529,10.0123,0.0082068
588,0.988889,4.00001049042,994.515,12.1551,0.00817194
589,0.986111,5.00000238419,995.793,16.597,0.00813722
590,0.991667,2.99999713898,994.259,10.0139,0.00810266
591,0.991667,2.99999713898,994.227,10.0138,0.00806824
592,0.988889,4.00001049042,994.312,11.0016,0.00803397
593,0.991667,2.99999713898,994.746,10.0154,0.00799984
594,0.991667,2.99999713898,994.714,10.0152,0.00796586
595,0.988889,4.00001049042,994.71,11.0035,0.00793202
596,0.988889,4.00001049042,995.143,17.1602,0.00789833
597,0.991667,2.99999713898,994.206,10.0126,0.00786477
598,0.988889,4.00001049042,994.281,15.2303,0.00783137
599,0.988889,4.00001049042,993.916,11.0009,0.0077981
600,0.991667,2.99999713898,994.181,10.014,0.00776498
601,0.988889,4.00001049042,994.153,11.0027,0.00773199
602,0.991667,2.99999713898,994.402,10.0136,0.00769915
603,0.991667,2.99999713898,994.373,10.0135,0.00766644
604,0.988889,4.00001049042,994.367,15.2309,0.00763388
605,0.988889,4.00001049042,994.067,11.0016,0.00760145
606,0.991667,2.99999713898,994.074,10.0129,0.00756916
607,0.991667,2.99999713898,994.043,10.0127,0.00753701
608,0.991667,2.99999713898,994.014,10.0126,0.00750499
609,0.991667,2.99999713898,993.983,10.0124,0.00747311
610,0.991667,2.99999713898,993.954,10.0123,0.00744137
611,0.988889,4.00001049042,994.079,11.0011,0.00740976
612,0.988889,4.00001049042,994.349,11.0024,0.00737828
613,0.988889,4.00001049042,994.357,17.1578,0.00734694
614,0.988889,4.00001049042,993.664,15.7193,0.00731573
615,0.988889,4.00001049042,993.731,11.0031,0.00728466
616,0.991667,2.99999713898,993.768,10.0131,0.00725371
617,0.991667,2.99999713898,993.739,10.013,0.0072229
618,0.991667,2.99999713898,993.71,10.0128,0.00719222
619,0.991667,2.99999713898,993.681,10.0127,0.00716167
620,0.988889,4.00001049042,993.713,16.3213,0.00713124
621,0.988889,4.00001049042,994.047,11.0022,0.00710095
622,0.991667,2.99999713898,993.402,10.0122,0.00707079
623,0.988889,4.00001049042,993.525,11.0014,0.00704075
624,0.991667,2.99999713898,993.857,10.0136,0.00701084
625,0.991667,2.99999713898,993.829,10.0134,0.00698106
626,0.988889,4.00001049042,993.872,11.0031,0.00695141
627,0.991667,2.99999713898,993.588,10.0131,0.00692188
628,0.991667,2.99999713898,993.56,10.0129,0.00689248
629,0.988889,4.00001049042,993.666,11.0021,0.0068632
630,0.991667,2.99999713898,993.757,10.0126,0.00683405
631,0.986111,5.00000238419,993.936,18.1797,0.00680502
632,0.986111,5.00000238419,993.532,16.5936,0.00677611
633,0.991667,2.99999713898,992.924,10.0122,0.00674733
634,0.988889,4.00001049042,992.907,12.1592,0.00671867
635,0.988889,4.00001049042,993.593,11.0041,0.00669012
636,0.991667,2.99999713898,993.33,10.0134,0.00666171
637,0.991667,2.99999713898,993.303,10.0133,0.00663341
638,0.991667,2.99999713898,993.275,10.0132,0.00660523
639,0.988889,4.00001049042,993.353,11.0035,0.00657717
640,0.988889,4.00001049042,993.785,16.3226,0.00654923
641,0.988889,4.00001049042,993.149,11.0023,0.00652141
642,0.991667,2.99999713898,993.468,10.0141,0.00649371
643,0.991667,2.99999713898,993.443,10.014,0.00646613
644,0.988889,4.00001049042,993.471,11.0039,0.00643866
645,0.991667,2.99999713898,993.627,10.0137,0.00641131
646,0.991667,2.99999713898,993.602,10.0135,0.00638408
647,0.988889,4.00001049042,993.624,16.3228,0.00635696
648,0.986111,5.00000238419,993.553,17.7501,0.00632996
649,0.991667,2.99999713898,992.789,10.0114,0.00630307
650,0.991667,2.99999713898,992.764,10.0113,0.00627629
651,0.991667,2.99999713898,992.739,10.0111,0.00624963
652,0.988889,4.00001049042,992.722,11.0012,0.00622308
653,0.991667,2.99999713898,993.142,10.0124,0.00619665
654,0.991667,2.99999713898,993.116,10.0123,0.00617033
655,0.988889,4.00001049042,993.148,15.23,0.00614412
656,0.988889,4.00001049042,993.3,11.0025,0.00611802
657,0.991667,2.99999713898,992.877,10.0118,0.00609203
658,0.991667,2.99999713898,992.852,10.0117,0.00606615
659,0.988889,4.00001049042,992.966,11.0018,0.00604038
660,0.991667,2.99999713898,993.026,10.0114,0.00601472
661,0.986111,5.00000238419,993.142,17.7202,0.00598917
662,0.988889,4.00001049042,993.515,11.0029,0.00596373
663,0.991667,2.99999713898,993.005,10.0125,0.0059384
664,0.986111,5.00000238419,993.155,16.5915,0.00591318
665,0.988889,4.00001049042,993.3,15.7181,0.00588806
666,0.988889,4.00001049042,993.382,17.1532,0.00586305
667,0.991667,2.99999713898,992.636,10.0121,0.00583814
668,0.988889,4.00001049042,992.697,11.003,0.00581334
669,0.988889,4.00001049042,992.879,15.23,0.00578865
670,0.991667,2.99999713898,992.414,11.002,0.00576406
671,0.988889,4.00001049042,992.624,12.1597,0.00573957
672,0.991667,2.99999713898,992.783,10.0128,0.00571519
673,0.991667,2.99999713898,992.759,10.0127,0.00569092
674,0.988889,4.00001049042,992.805,11.0035,0.00566674
675,0.986111,5.00000238419,993.008,24.3846,0.00564267
676,0.988889,4.00001049042,992.629,11.0025,0.0056187
677,0.991667,2.99999713898,992.725,10.0121,0.00559483
678,0.991667,2.99999713898,992.702,10.012,0.00557107
679,0.991667,2.99999713898,992.681,10.0118,0.0055474
680,0.991667,2.99999713898,992.657,10.0117,0.00552384
681,0.991667,2.99999713898,992.636,10.0116,0.00550037
682,0.988889,4.00001049042,992.64,11.0021,0.00547701
683,0.986111,5.00000238419,992.916,17.7476,0.00545374
684,0.991667,2.99999713898,992.334,10.0111,0.00543058
685,0.991667,2.99999713898,992.313,10.011,0.00540751
686,0.991667,2.99999713898,992.292,10.0109,0.00538454
687,0.991667,2.99999713898,992.269,10.0108,0.00536167
688,0.986111,5.00000238419,992.289,16.5895,0.00533889
689,0.983333,5.99999427795,992.743,29.5085,0.00531621
690,0.988889,4.00001049042,992.097,11.0007,0.00529363
691,0.988889,4.00001049042,992.686,15.7175,0.00527114
692,0.991667,2.99999713898,992.243,10.0116,0.00524875
693,0.991667,2.99999713898,992.222,10.0115,0.00522646
694,0.988889,4.00001049042,992.227,11.0023,0.00520426
695,0.991667,2.99999713898,992.557,10.0126,0.00518215
696,0.991667,2.99999713898,992.536,10.0125,0.00516014
697,0.991667,2.99999713898,992.515,10.0124,0.00513822
698,0.988889,4.00001049042,992.582,11.0036,0.00511639
699,0.991667,2.99999713898,992.336,10.0121,0.00509466
700,0.988889,4.00001049042,992.332,11.0028,0.00507302
701,0.988889,4.00001049042,992.604,17.1497,0.00505147
702,0.991667,2.99999713898,992.193,10.0117,0.00503001
703,0.991667,2.99999713898,992.173,10.0116,0.00500864
704,0.988889,4.00001049042,992.227,11.0031,0.00498737
705,0.991667,2.99999713898,991.999,10.0113,0.00496618
706,0.988889,4.00001049042,991.986,11.0023,0.00494508
707,0.991667,2.99999713898,992.141,10.0111,0.00492408
708,0.991667,2.99999713898,992.122,10.011,0.00490316
709,0.991667,2.99999713898,992.102,10.0109,0.00488233
710,0.991667,2.99999713898,992.082,10.0108,0.00486159
711,0.988889,4.00001049042,992.147,16.323,0.00484094
712,0.988889,4.00001049042,992.202,11.0017,0.00482038
713,0.986111,5.00000238419,992.319,16.5894,0.0047999
714,0.988889,4.00001049042,992.321,15.7168,0.00477951
715,0.991667,2.99999713898,992.227,10.0127,0.00475921
716,0.988889,4.00001049042,992.281,11.0041,0.004739
717,0.991667,2.99999713898,992.362,10.0125,0.00471886
718,0.988889,4.00001049042,992.474,17.1489,0.00469882
719,0.991667,2.99999713898,991.907,10.0111,0.00467886
720,0.988889,4.00001049042,991.966,15.2293,0.00465899
721,0.988889,4.00001049042,991.9,11.0026,0.00463919
722,0.991667,2.99999713898,991.725,10.0107,0.00461949
723,0.991667,2.99999713898,991.707,10.0106,0.00459987
724,0.991667,2.99999713898,991.689,10.0105,0.00458033
725,0.988889,4.00001049042,991.734,11.0022,0.00456087
726,0.986111,5.00000238419,992.195,24.3865,0.0045415
727,0.988889,4.00001049042,992.067,11.003,0.0045222
728,0.991667,2.99999713898,991.822,10.0112,0.00450299
729,0.991667,2.99999713898,991.805,10.0111,0.00448387
730,0.988889,4.00001049042,991.821,11.0026,0.00446482
731,0.991667,2.99999713898,991.932,10.0109,0.00444585
732,0.991667,2.99999713898,991.914,10.0108,0.00442697
733,0.988889,4.00001049042,991.948,15.2289,0.00440816
734,0.986111,5.00000238419,991.776,11.4339,0.00438944
735,0.988889,4.00001049042,991.945,17.1474,0.00437079
736,0.988889,4.00001049042,991.517,11.0021,0.00435223
737,0.991667,2.99999713898,991.635,10.0102,0.00433374
738,0.988889,4.00001049042,991.662,15.7152,0.00431533
739,0.991667,2.99999713898,991.622,10.0113,0.004297
740,0.988889,4.00001049042,991.621,11.0034,0.00427875
741,0.991667,2.99999713898,991.474,10.011,0.00426057
742,0.991667,2.99999713898,991.457,10.011,0.00424247
743,0.988889,4.00001049042,991.494,11.0028,0.00422445
744,0.988889,4.00001049042,991.59,12.1621,0.00420651
745,0.991667,2.99999713898,991.711,10.0117,0.00418864
746,0.988889,4.00001049042,991.701,11.0038,0.00417085
747,0.986111,5.00000238419,992.382,24.3876,0.00415313
748,0.988889,4.00001049042,991.572,11.0031,0.00413549
749,0.991667,2.99999713898,991.684,10.0113,0.00411792
750,0.991667,2.99999713898,991.668,10.0112,0.00410043
751,0.991667,2.99999713898,991.651,10.0111,0.00408301
752,0.991667,2.99999713898,991.634,10.011,0.00406567
753,0.988889,4.00001049042,991.714,17.146,0.0040484
754,0.991667,2.99999713898,991.243,10.0098,0.0040312
755,0.988889,4.00001049042,991.297,11.0021,0.00401407
756,0.988889,4.00001049042,991.443,11.0028,0.00399702
757,0.991667,2.99999713898,991.377,10.0105,0.00398005
758,0.991667,2.99999713898,991.36,10.0104,0.00396314
759,0.991667,2.99999713898,991.345,10.0104,0.0039463
760,0.991667,2.99999713898,991.329,10.0103,0.00392954
761,0.986111,5.00000238419,991.458,15.1016,0.00391285
762,0.991667,2.99999713898,991.191,10.0101,0.00389623
763,0.988889,4.00001049042,991.256,11.0018,0.00387968
764,0.988889,4.00001049042,991.564,15.7155,0.0038632
765,0.991667,2.99999713898,991.307,10.0109,0.00384679
766,0.991667,2.99999713898,991.292,10.0108,0.00383045
767,0.988889,4.00001049042,991.353,11.003,0.00381417
768,0.991667,2.99999713898,991.537,10.0116,0.00379797
769,0.991667,2.99999713898,991.521,10.0115,0.00378184
770,0.983333,5.99999427795,991.729,20.8061,0.00376577
771,0.991667,2.99999713898,991.057,10.0103,0.00374978
772,0.988889,4.00001049042,991.09,11.0026,0.00373385
773,0.991667,2.99999713898,991.163,10.0101,0.00371799
774,0.988889,4.00001049042,991.162,12.1624,0.0037022
775,0.988889,4.00001049042,991.27,11.0035,0.00368647
776,0.991667,2.99999713898,991.151,10.0108,0.00367081
777,0.991667,2.99999713898,991.136,10.0107,0.00365522
778,0.988889,4.00001049042,991.162,11.0029,0.00363969
779,0.991667,2.99999713898,991.241,10.0105,0.00362423
780,0.991667,2.99999713898,991.227,10.0105,0.00360884
781,0.991667,2.99999713898,991.211,10.0104,0.0035935
782,0.991667,2.99999713898,991.196,10.0103,0.00357824
783,0.991667,2.99999713898,991.184,16.3247,0.00356304
784,0.988889,4.00001049042,991.322,11.0024,0.00354791
785,0.988889,4.00001049042,991.361,11.0032,0.00353283
786,0.991667,2.99999713898,991.298,10.0108,0.00351783
787,0.991667,2.99999713898,991.284,10.0108,0.00350288
788,0.988889,4.00001049042,991.357,17.1441,0.003488
789,0.988889,4.00001049042,991.019,15.7143,0.00347319
790,0.988889,4.00001049042,991.201,11.0037,0.00345843
791,0.991667,2.99999713898,991.064,10.0105,0.00344374
792,0.988889,4.00001049042,991.138,15.229,0.00342912
793,0.988889,4.00001049042,991.099,11.0031,0.00341455
794,0.991667,2.99999713898,990.93,10.0103,0.00340004
795,0.991667,2.99999713898,990.916,10.0102,0.0033856
796,0.988889,4.00001049042,990.912,11.0028,0.00337122
797,0.991667,2.99999713898,991.132,10.0109,0.0033569
798,0.986111,5.00000238419,991.244,24.389,0.00334264
799,0.988889,4.00001049042,991.221,11.0034,0.00332844
800,0.991667,2.99999713898,991.002,10.0106,0.0033143
801,0.991667,2.99999713898,990.989,10.0106,0.00330022
802,0.988889,4.00001049042,991.039,11.0031,0.00328621
803,0.991667,2.99999713898,991.083,10.0104,0.00327225
804,0.991667,2.99999713898,991.069,10.0103,0.00325835
805,0.986111,5.00000238419,991.158,20.6299,0.00324451
806,0.988889,4.00001049042,991.053,11.0031,0.00323072
807,0.991667,2.99999713898,990.771,10.0101,0.003217
808,0.988889,4.00001049042,990.817,11.0028,0.00320333
809,0.991667,2.99999713898,990.864,10.0099,0.00318973
810,0.991667,2.99999713898,990.85,10.0099,0.00317618
811,0.986111,5.00000238419,990.876,24.3887,0.00316269
812,0.988889,4.00001049042,990.838,11.0023,0.00314925
813,0.988889,4.00001049042,990.874,16.5858,0.00313587
814,0.988889,4.00001049042,990.965,15.7144,0.00312255
815,0.991667,2.99999713898,990.832,10.0104,0.00310929
816,0.991667,2.99999713898,990.819,10.0103,0.00309608
817,0.988889,4.00001049042,990.812,12.1639,0.00308293
818,0.988889,4.00001049042,991.002,11.004,0.00306983
819,0.988889,4.00001049042,991.071,15.2294,0.00305679
820,0.988889,4.00001049042,990.854,11.0035,0.00304381
821,0.991667,2.99999713898,990.897,10.0107,0.00303088
822,0.988889,4.00001049042,990.943,17.1426,0.003018
823,0.988889,4.00001049042,990.644,10.4838,0.00300518
824,0.991667,2.99999713898,990.593,10.0097,0.00299242
825,0.991667,2.99999713898,990.581,10.0097,0.00297971
826,0.988889,4.00001049042,990.592,11.0027,0.00296705
827,0.988889,4.00001049042,990.7,11.0032,0.00295445
828,0.991667,2.99999713898,990.679,10.0102,0.0029419
829,0.991667,2.99999713898,990.668,10.0101,0.0029294
830,0.991667,2.99999713898,990.656,10.0101,0.00291696
831,0.991667,2.99999713898,990.645,10.01,0.00290457
832,0.988889,4.00001049042,990.65,11.003,0.00289223
833,0.991667,2.99999713898,990.543,10.0098,0.00287994
834,0.991667,2.99999713898,990.532,10.0098,0.00286771
835,0.988889,4.00001049042,990.566,11.0025,0.00285553
836,0.986111,5.00000238419,990.913,20.9897,0.0028434
837,0.988889,4.00001049042,990.405,10.4835,0.00283132
838,0.991667,2.99999713898,990.353,10.0096,0.00281929
839,0.988889,4.00001049042,990.383,11.0029,0.00280732
840,0.988889,4.00001049042,990.585,16.3258,0.00279539
841,0.988889,4.00001049042,990.589,11.0034,0.00278352
842,0.991667,2.99999713898,990.434,10.01,0.00277169
843,0.991667,2.99999713898,990.424,10.01,0.00275992
844,0.988889,4.00001049042,990.437,11.0031,0.0027482
845,0.991667,2.99999713898,990.502,10.0098,0.00273652
846,0.991667,2.99999713898,990.492,10.0098,0.0027249
847,0.988889,4.00001049042,990.489,12.164,0.00271332
848,0.986111,5.00000238419,990.635,15.1025,0.0027018
849,0.988889,4.00001049042,990.486,11.0033,0.00269032
850,0.988889,4.00001049042,990.643,17.1406,0.00267889
851,0.991667,2.99999713898,990.322,10.0094,0.00266751
852,0.991667,2.99999713898,990.311,10.0094,0.00265618
853,0.991667,2.99999713898,990.301,10.0093,0.0026449
854,0.991667,2.99999713898,990.291,10.0093,0.00263366
855,0.991667,2.99999713898,990.281,10.0092,0.00262248
856,0.986111,5.00000238419,990.344,14.2593,0.00261134
857,0.986111,5.00000238419,990.438,16.5848,0.00260024
858,0.991667,2.99999713898,990.378,10.0104,0.0025892
859,0.991667,2.99999713898,990.367,10.0103,0.0025782
860,0.988889,4.00001049042,990.412,11.0038,0.00256725
861,0.991667,2.99999713898,990.441,10.0102,0.00255634
862,0.991667,2.99999713898,990.431,10.0101,0.00254548
863,0.983333,5.99999427795,990.562,28.2759,0.00253467
864,0.988889,4.00001049042,990.205,11.003,0.0025239
865,0.991667,2.99999713898,990.107,10.0093,0.00251318
866,0.991667,2.99999713898,990.097,10.0092,0.00250251
867,0.991667,2.99999713898,990.087,10.0092,0.00249188
868,0.988889,4.00001049042,990.117,11.0028,0.00248129
869,0.991667,2.99999713898,990.246,10.0097,0.00247075
870,0.988889,4.00001049042,990.276,15.2289,0.00246026
871,0.988889,4.00001049042,990.3,11.0032,0.00244981
872,0.991667,2.99999713898,990.149,10.0095,0.0024394
873,0.991667,2.99999713898,990.14,10.0095,0.00242904
874,0.988889,4.00001049042,990.166,11.003,0.00241872
875,0.991667,2.99999713898,990.21,10.0094,0.00240844
876,0.988889,4.00001049042,990.208,15.2285,0.00239821
877,0.986111,5.00000238419,990.1,11.4382,0.00238803
878,0.988889,4.00001049042,990.205,17.139,0.00237788
879,0.986111,5.00000238419,990.052,15.6194,0.00236778
880,0.991667,2.99999713898,989.898,11.0029,0.00235772
881,0.991667,2.99999713898,990.057,10.0097,0.00234771
882,0.991667,2.99999713898,990.049,10.0096,0.00233774
883,0.991667,2.99999713898,990.039,10.0096,0.00232781
884,0.988889,4.00001049042,990.059,11.0035,0.00231792
885,0.991667,2.99999713898,989.958,10.0094,0.00230807
886,0.991667,2.99999713898,989.95,10.0094,0.00229827
887,0.988889,4.00001049042,989.992,11.0031,0.00228851
888,0.991667,2.99999713898,990.096,10.0099,0.00227878
889,0.991667,2.99999713898,990.086,10.0098,0.0022691
890,0.988889,4.00001049042,990.103,11.0037,0.00225946
891,0.991667,2.99999713898,990.008,10.0097,0.00224987
892,0.988889,4.00001049042,990.057,17.1383,0.00224031
893,0.986111,5.00000238419,989.845,11.4356,0.00223079
894,0.991667,2.99999713898,989.864,10.009,0.00222132
895,0.991667,2.99999713898,989.855,10.0089,0.00221188
896,0.988889,4.00001049042,989.887,16.3251,0.00220249
897,0.988889,4.00001049042,989.855,11.0026,0.00219313
898,0.988889,4.00001049042,989.879,11.0031,0.00218381
899,0.988889,4.00001049042,989.925,15.7134,0.00217454
900,0.991667,2.99999713898,989.92,10.0098,0.0021653
901,0.991667,2.99999713898,989.909,10.0098,0.0021561
902,0.988889,4.00001049042,989.931,11.0037,0.00214694
903,0.991667,2.99999713898,989.973,10.0097,0.00213782
904,0.991667,2.99999713898,989.963,10.0096,0.00212874
905,0.986111,5.00000238419,989.993,21.7049,0.0021197
906,0.986111,5.00000238419,989.968,17.7364,0.0021107
907,0.991667,2.99999713898,989.694,10.0089,0.00210173
908,0.991667,2.99999713898,989.684,10.0089,0.0020928
909,0.991667,2.99999713898,989.677,10.0088,0.00208391
910,0.988889,4.00001049042,989.683,11.0028,0.00207506
911,0.991667,2.99999713898,989.81,10.0093,0.00206625
912,0.991667,2.99999713898,989.802,10.0092,0.00205747
913,0.991667,2.99999713898,989.793,10.0092,0.00204873
914,0.986111,5.00000238419,989.845,15.1017,0.00204003
915,0.991667,2.99999713898,989.723,11.003,0.00203136
916,0.991667,2.99999713898,989.789,10.009,0.00202273
917,0.991667,2.99999713898,989.781,10.009,0.00201414
918,0.988889,4.00001049042,989.783,12.1647,0.00200558
919,0.986111,5.00000238419,989.949,16.5841,0.00199707
920,0.988889,4.00001049042,989.739,17.1368,0.00198858
921,0.988889,4.00001049042,989.534,12.165,0.00198013
922,0.988889,4.00001049042,989.742,11.0036,0.00197172
923,0.991667,2.99999713898,989.655,10.0092,0.00196335
924,0.991667,2.99999713898,989.647,10.0092,0.00195501
925,0.991667,2.99999713898,989.638,10.0091,0.0019467
926,0.988889,4.00001049042,989.672,11.0034,0.00193843
927,0.991667,2.99999713898,989.695,10.009,0.0019302
928,0.991667,2.99999713898,989.686,10.009,0.001922
929,0.986111,5.00000238419,989.769,24.3912,0.00191384
930,0.988889,4.00001049042,989.685,11.0031,0.00190571
931,0.988889,4.00001049042,989.706,11.0036,0.00189761
932,0.991667,2.99999713898,989.742,10.0093,0.00188955
933,0.991667,2.99999713898,989.735,10.0093,0.00188152
934,0.991667,2.99999713898,989.726,10.0092,0.00187353
935,0.991667,2.99999713898,989.722,15.2289,0.00186557
936,0.986111,5.00000238419,989.77,17.7352,0.00185765
937,0.988889,4.00001049042,989.512,10.4822,0.00184976
938,0.991667,2.99999713898,989.483,10.0086,0.0018419
939,0.991667,2.99999713898,989.475,10.0085,0.00183408
940,0.988889,4.00001049042,989.492,11.0028,0.00182629
941,0.988889,4.00001049042,989.733,15.713,0.00181853
942,0.991667,2.99999713898,989.527,10.0089,0.0018108
943,0.991667,2.99999713898,989.521,10.0089,0.00180311
944,0.988889,4.00001049042,989.537,11.0034,0.00179545
945,0.988889,4.00001049042,989.6,11.0037,0.00178782
946,0.991667,2.99999713898,989.58,10.0092,0.00178023
947,0.991667,2.99999713898,989.573,10.0091,0.00177267
948,0.991667,2.99999713898,989.566,10.0091,0.00176514
949,0.988889,4.00001049042,989.599,17.1357,0.00175764
950,0.986111,5.00000238419,989.44,11.4357,0.00175017
951,0.991667,2.99999713898,989.343,12.1651,0.00174274
952,0.988889,4.00001049042,989.512,11.0035,0.00173534
953,0.991667,2.99999713898,989.454,10.0089,0.00172797
954,0.991667,2.99999713898,989.447,10.0088,0.00172063
955,0.991667,2.99999713898,989.44,10.0088,0.00171332
956,0.988889,4.00001049042,989.448,11.0034,0.00170604
957,0.991667,2.99999713898,989.38,10.0087,0.00169879
958,0.991667,2.99999713898,989.373,10.0087,0.00169158
959,0.988889,4.00001049042,989.4,11.0031,0.00168439
960,0.988889,4.00001049042,989.542,15.7131,0.00167723
961,0.988889,4.00001049042,989.487,17.1351,0.00167011
962,0.991667,2.99999713898,989.268,10.0086,0.00166302
963,0.988889,4.00001049042,989.292,11.0033,0.00165595
964,0.988889,4.00001049042,989.473,16.3257,0.00164892
965,0.988889,4.00001049042,989.413,11.0036,0.00164191
966,0.991667,2.99999713898,989.317,10.0088,0.00163494
967,0.991667,2.99999713898,989.31,10.0088,0.00162799
968,0.988889,4.00001049042,989.324,11.0034,0.00162108
969,0.991667,2.99999713898,989.356,10.0087,0.00161419
970,0.991667,2.99999713898,989.35,10.0087,0.00160734
971,0.988889,4.00001049042,989.366,16.3254,0.00160051
972,0.988889,4.00001049042,989.337,11.0032,0.00159371
973,0.988889,4.00001049042,989.353,11.0035,0.00158694
974,0.991667,2.99999713898,989.395,10.0089,0.0015802
975,0.991667,2.99999713898,989.388,10.0089,0.00157349
976,0.988889,4.00001049042,989.385,17.1346,0.0015668
977,0.991667,2.99999713898,989.237,10.0084,0.00156015
978,0.991667,2.99999713898,989.231,10.0084,0.00155352
979,0.991667,2.99999713898,989.225,10.0084,0.00154692
980,0.983333,5.99999427795,989.281,22.5165,0.00154035
981,0.991667,2.99999713898,989.171,11.0029,0.00153381
982,0.988889,4.00001049042,989.294,15.7128,0.00152729
983,0.991667,2.99999713898,989.222,10.0086,0.0015208
984,0.991667,2.99999713898,989.216,10.0086,0.00151434
985,0.991667,2.99999713898,989.211,10.0086,0.00150791
986,0.988889,4.00001049042,989.237,11.0034,0.0015015
987,0.991667,2.99999713898,989.306,10.0089,0.00149513
988,0.988889,4.00001049042,989.336,15.2291,0.00148878
989,0.988889,4.00001049042,989.347,11.0037,0.00148245
990,0.988889,4.00001049042,989.255,17.134,0.00147615
991,0.991667,2.99999713898,989.112,10.0083,0.00146988
992,0.988889,4.00001049042,989.137,11.0032,0.00146364
993,0.991667,2.99999713898,989.205,10.0086,0.00145742
994,0.988889,4.00001049042,989.215,15.229,0.00145123
995,0.988889,4.00001049042,989.245,11.0035,0.00144507
996,0.991667,2.99999713898,989.148,10.0085,0.00143893
997,0.991667,2.99999713898,989.142,10.0085,0.00143282
998,0.988889,4.00001049042,989.168,11.0034,0.00142673
999,0.988889,4.00001049042,989.195,16.3254,0.00142067
1000,0.988889,4.00001049042,989.122,11.0031,0.00141463
1001,0.991667,2.99999713898,989.183,10.0087,0.00140863
1002,0.991667,2.99999713898,989.177,10.0087,0.00140264
1003,0.988889,4.00001049042,989.192,11.0035,0.00139668
1004,0.991667,2.99999713898,989.219,15.7127,0.00139075
1005,0.988889,4.00001049042,989.225,18.1708,0.00138484
1006,0.991667,2.99999713898,989.089,10.0086,0.00137896
1007,0.988889,4.00001049042,989.102,11.0036,0.0013731
1008,0.988889,4.00001049042,989.141,15.229,0.00136727
1009,0.991667,2.99999713898,989.037,10.0085,0.00136146
1010,0.988889,4.00001049042,989.062,11.0034,0.00135568
1011,0.991667,2.99999713898,989.076,10.0084,0.00134992
1012,0.991667,2.99999713898,989.07,10.0084,0.00134419
1013,0.991667,2.99999713898,989.064,10.0084,0.00133848
1014,0.991667,2.99999713898,989.06,10.0083,0.00133279
1015,0.991667,2.99999713898,989.055,10.0083,0.00132713
1016,0.988889,4.00001049042,989.065,11.0033,0.00132149
1017,0.988889,4.00001049042,989.113,11.0036,0.00131588
1018,0.991667,2.99999713898,989.099,10.0085,0.00131029
1019,0.988889,4.00001049042,989.112,17.1332,0.00130472
1020,0.991667,2.99999713898,988.975,10.4816,0.00129918
1021,0.991667,2.99999713898,988.966,10.0081,0.00129366
1022,0.988889,4.00001049042,988.975,11.0032,0.00128817
1023,0.986111,5.00000238419,989.043,16.583,0.00128269
1024,0.991667,2.99999713898,988.969,10.0084,0.00127725
1025,0.991667,2.99999713898,988.965,10.0084,0.00127182
1026,0.991667,2.99999713898,988.959,10.0083,0.00126642
1027,0.991667,2.99999713898,988.954,10.0083,0.00126104
1028,0.991667,2.99999713898,988.949,10.0083,0.00125568
1029,0.986111,5.00000238419,988.971,11.4412,0.00125035
1030,0.988889,4.00001049042,989.131,16.3256,0.00124504
1031,0.988889,4.00001049042,989.059,11.0036,0.00123975
1032,0.991667,2.99999713898,988.985,10.0085,0.00123448
1033,0.988889,4.00001049042,989.007,17.1327,0.00122924
1034,0.988889,4.00001049042,988.884,11.4356,0.00122402
1035,0.991667,2.99999713898,988.949,10.0084,0.00121882
1036,0.991667,2.99999713898,988.945,10.0084,0.00121364
1037,0.986111,5.00000238419,988.959,15.1012,0.00120848
1038,0.991667,2.99999713898,988.902,10.0083,0.00120335
1039,0.988889,4.00001049042,988.906,11.0034,0.00119824
1040,0.991667,2.99999713898,988.937,10.0082,0.00119315
1041,0.991667,2.99999713898,988.933,10.0082,0.00118808
1042,0.991667,2.99999713898,988.927,10.0082,0.00118303
1043,0.991667,2.99999713898,988.923,10.0082,0.00117801
1044,0.991667,2.99999713898,988.917,10.0081,0.001173
1045,0.991667,2.99999713898,988.913,10.0081,0.00116802
1046,0.983333,5.99999427795,988.992,22.5167,0.00116306
1047,0.983333,5.99999427795,989.014,21.6411,0.00115812
1048,0.988889,4.00001049042,988.895,15.7123,0.0011532
1049,0.988889,4.00001049042,988.876,11.0036,0.0011483
1050,0.991667,2.99999713898,988.887,10.0083,0.00114342
1051,0.991667,2.99999713898,988.882,10.0083,0.00113857
1052,0.991667,2.99999713898,988.878,10.0082,0.00113373
1053,0.988889,4.00001049042,988.884,15.2289,0.00112891
1054,0.988889,4.00001049042,988.885,11.0035,0.00112412
1055,0.991667,2.99999713898,988.833,10.0081,0.00111934
1056,0.991667,2.99999713898,988.829,10.0081,0.00111459
1057,0.991667,2.99999713898,988.824,10.0081,0.00110985
1058,0.988889,4.00001049042,988.846,11.0034,0.00110514
1059,0.991667,2.99999713898,988.896,10.0083,0.00110045
1060,0.986111,5.00000238419,988.935,24.3927,0.00109577
1061,0.988889,4.00001049042,988.948,11.0036,0.00109112
1062,0.991667,2.99999713898,988.853,10.0082,0.00108648
1063,0.986111,5.00000238419,988.893,17.7317,0.00108187
1064,0.986111,5.00000238419,988.853,15.6182,0.00107727
1065,0.991667,2.99999713898,988.788,10.0082,0.00107269
1066,0.991667,2.99999713898,988.784,10.0082,0.00106814
1067,0.988889,4.00001049042,988.797,11.0036,0.0010636
1068,0.991667,2.99999713898,988.747,10.0081,0.00105908
1069,0.988889,4.00001049042,988.748,11.4415,0.00105458
1070,0.991667,2.99999713898,988.814,10.0083,0.0010501
1071,0.991667,2.99999713898,988.81,10.0083,0.00104564
1072,0.991667,2.99999713898,988.807,10.0083,0.0010412
1073,0.988889,4.00001049042,988.818,11.0037,0.00103678
1074,0.988889,4.00001049042,988.858,15.229,0.00103238
1075,0.991667,2.99999713898,988.767,11.0035,0.00102799
1076,0.986111,5.00000238419,988.828,18.1698,0.00102362
1077,0.988889,4.00001049042,988.753,10.4815,0.00101928
1078,0.991667,2.99999713898,988.738,10.0081,0.00101495
1079,0.988889,4.00001049042,988.746,11.0036,0.00101063
1080,0.986111,5.00000238419,988.789,24.3929,0.00100634
1081,0.988889,4.00001049042,988.715,11.0034,0.00100207
1082,0.991667,2.99999713898,988.729,10.008,0.00099781
1083,0.991667,2.99999713898,988.726,10.008,0.000993571
1084,0.991667,2.99999713898,988.721,10.008,0.000989351
1085,0.991667,2.99999713898,988.718,10.008,0.000985148
1086,0.991667,2.99999713898,988.714,10.0079,0.000980963
1087,0.988889,4.00001049042,988.718,11.0033,0.000976796
1088,0.988889,4.00001049042,988.752,11.0035,0.000972647
1089,0.991667,2.99999713898,988.746,10.0081,0.000968515
1090,0.988889,4.00001049042,988.769,17.1313,0.000964401
1091,0.988889,4.00001049042,988.68,15.7121,0.000960305
1092,0.988889,4.00001049042,988.691,11.0036,0.000956225
1093,0.991667,2.99999713898,988.685,10.008,0.000952164
1094,0.991667,2.99999713898,988.682,10.008,0.000948119
1095,0.991667,2.99999713898,988.677,10.008,0.000944091
1096,0.991667,2.99999713898,988.673,10.008,0.000940081
1097,0.988889,4.00001049042,988.675,11.0035,0.000936088
1098,0.991667,2.99999713898,988.64,10.0079,0.000932112
1099,0.991667,2.99999713898,988.636,12.1663,0.000928152
1100,0.988889,4.00001049042,988.743,11.0037,0.00092421
1101,0.991667,2.99999713898,988.695,10.0081,0.000920283
1102,0.991667,2.99999713898,988.692,10.0081,0.000916374
1103,0.983333,5.99999427795,988.744,20.7945,0.000912482
1104,0.991667,2.99999713898,988.58,10.0078,0.000908606
1105,0.988889,4.00001049042,988.585,11.0033,0.000904746
1106,0.988889,4.00001049042,988.647,15.7122,0.000900903
1107,0.991667,2.99999713898,988.606,10.008,0.000897076
1108,0.991667,2.99999713898,988.603,10.008,0.000893265
1109,0.988889,4.00001049042,988.606,11.0036,0.000889471
1110,0.991667,2.99999713898,988.659,10.0082,0.000885692
1111,0.991667,2.99999713898,988.655,10.0081,0.00088193
1112,0.988889,4.00001049042,988.672,24.3932,0.000878184
1113,0.988889,4.00001049042,988.705,11.0037,0.000874454
1114,0.991667,2.99999713898,988.624,11.0036,0.000870739
1115,0.991667,2.99999713898,988.649,10.0081,0.00086704
1116,0.991667,2.99999713898,988.647,10.008,0.000863357
1117,0.988889,4.00001049042,988.656,17.1307,0.00085969
1118,0.991667,2.99999713898,988.564,10.0078,0.000856038
1119,0.988889,4.00001049042,988.584,15.2288,0.000852402
1120,0.988889,4.00001049042,988.572,11.0034,0.000848781
1121,0.988889,4.00001049042,988.581,11.0036,0.000845175
1122,0.991667,2.99999713898,988.588,10.0079,0.000841585
1123,0.991667,2.99999713898,988.585,10.0079,0.000838011
1124,0.991667,2.99999713898,988.581,10.0079,0.00083445
1125,0.988889,4.00001049042,988.591,15.2289,0.000830906
1126,0.988889,4.00001049042,988.588,11.0035,0.000827376
1127,0.991667,2.99999713898,988.548,10.0078,0.000823862
1128,0.991667,2.99999713898,988.546,10.0078,0.000820362
1129,0.991667,2.99999713898,988.543,11.0034,0.000816878
1130,0.988889,4.00001049042,988.625,15.7121,0.000813408
1131,0.988889,4.00001049042,988.6,17.1304,0.000809952
1132,0.991667,2.99999713898,988.494,10.0077,0.000806512
1133,0.991667,2.99999713898,988.492,11.442,0.000803086
1134,0.988889,4.00001049042,988.519,11.0036,0.000799674
1135,0.991667,2.99999713898,988.52,10.0079,0.000796278
1136,0.991667,2.99999713898,988.517,10.0079,0.000792895
1137,0.991667,2.99999713898,988.514,10.0079,0.000789527
1138,0.991667,2.99999713898,988.511,10.0078,0.000786173
1139,0.991667,2.99999713898,988.508,10.0078,0.000782834
1140,0.986111,5.00000238419,988.525,15.1008,0.000779508
1141,0.988889,4.00001049042,988.563,11.0037,0.000776197
1142,0.991667,2.99999713898,988.534,10.008,0.0007729
1143,0.991667,2.99999713898,988.53,10.0079,0.000769617
1144,0.991667,2.99999713898,988.528,10.0079,0.000766348
1145,0.988889,4.00001049042,988.536,11.0036,0.000763092
1146,0.983333,5.99999427795,988.613,28.2734,0.000759851
1147,0.988889,4.00001049042,988.446,11.0033,0.000756623
1148,0.991667,2.99999713898,988.483,10.0078,0.000753409
1149,0.991667,2.99999713898,988.479,10.0078,0.000750209
1150,0.988889,4.00001049042,988.483,11.0035,0.000747022
1151,0.988889,4.00001049042,988.506,15.712,0.000743849
1152,0.991667,2.99999713898,988.501,10.008,0.000740689
1153,0.991667,2.99999713898,988.497,10.008,0.000737543
1154,0.988889,4.00001049042,988.501,11.0037,0.00073441
1155,0.991667,2.99999713898,988.472,10.0079,0.00073129
1156,0.991667,2.99999713898,988.469,10.0079,0.000728184
1157,0.988889,4.00001049042,988.479,11.0036,0.00072509
1158,0.991667,2.99999713898,988.49,10.0079,0.00072201
1159,0.988889,4.00001049042,988.49,17.1299,0.000718944
1160,0.991667,2.99999713898,988.421,10.0077,0.00071589
1161,0.991667,2.99999713898,988.418,10.0076,0.000712848
1162,0.991667,2.99999713898,988.416,10.0076,0.00070982
1163,0.986111,5.00000238419,988.426,14.2589,0.000706805
1164,0.988889,4.00001049042,988.443,11.0036,0.000703803
1165,0.991667,2.99999713898,988.438,10.0078,0.000700813
1166,0.991667,2.99999713898,988.435,10.0077,0.000697836
1167,0.991667,2.99999713898,988.433,10.0077,0.000694872
1168,0.991667,2.99999713898,988.43,10.0077,0.00069192
1169,0.986111,5.00000238419,988.45,22.5172,0.000688981
1170,0.991667,2.99999713898,988.406,12.1666,0.000686054
1171,0.988889,4.00001049042,988.481,11.0036,0.00068314
1172,0.991667,2.99999713898,988.449,10.0078,0.000680238
1173,0.988889,4.00001049042,988.452,15.712,0.000677349
1174,0.988889,4.00001049042,988.448,17.1297,0.000674472
1175,0.988889,4.00001049042,988.438,11.0037,0.000671607
1176,0.991667,2.99999713898,988.407,10.0078,0.000668754
1177,0.988889,4.00001049042,988.413,15.229,0.000665913
1178,0.988889,4.00001049042,988.418,11.0036,0.000663084
1179,0.991667,2.99999713898,988.381,10.0077,0.000660267
1180,0.991667,2.99999713898,988.377,10.0077,0.000657463
1181,0.988889,4.00001049042,988.382,11.0035,0.00065467
1182,0.991667,2.99999713898,988.42,10.0078,0.000651889
1183,0.988889,4.00001049042,988.425,24.3936,0.00064912
1184,0.988889,4.00001049042,988.442,11.0037,0.000646362
1185,0.991667,2.99999713898,988.394,10.0078,0.000643617
1186,0.988889,4.00001049042,988.395,11.0036,0.000640883
1187,0.991667,2.99999713898,988.412,10.0078,0.000638161
1188,0.991667,2.99999713898,988.41,10.0077,0.00063545
1189,0.988889,4.00001049042,988.423,17.1295,0.000632751
1190,0.986111,5.00000238419,988.359,15.5439,0.000630063
1191,0.988889,4.00001049042,988.344,11.0034,0.000627386
1192,0.991667,2.99999713898,988.351,11.0035,0.000624721
1193,0.991667,2.99999713898,988.37,10.0077,0.000622068
1194,0.988889,4.00001049042,988.38,15.7119,0.000619425
1195,0.991667,2.99999713898,988.367,10.0078,0.000616794
1196,0.991667,2.99999713898,988.365,11.0037,0.000614174
1197,0.991667,2.99999713898,988.385,10.0078,0.000611565
1198,0.986111,5.00000238419,988.412,24.3937,0.000608967
1199,0.988889,4.00001049042,988.359,11.0036,0.00060638
1200,0.991667,2.99999713898,988.361,10.0077,0.000603805
1201,0.991667,2.99999713898,988.358,10.0077,0.00060124
1202,0.991667,2.99999713898,988.356,17.1293,0.000598686
1203,0.988889,4.00001049042,988.306,10.4808,0.000596143
1204,0.991667,2.99999713898,988.299,10.0075,0.00059361
1205,0.986111,5.00000238419,988.31,11.4425,0.000591089
1206,0.988889,4.00001049042,988.328,11.0036,0.000588578
1207,0.991667,2.99999713898,988.318,10.0076,0.000586078
1208,0.991667,2.99999713898,988.315,10.0076,0.000583588
1209,0.991667,2.99999713898,988.313,10.0076,0.000581109
1210,0.991667,2.99999713898,988.31,10.0076,0.000578641
1211,0.988889,4.00001049042,988.318,11.0035,0.000576183
1212,0.988889,4.00001049042,988.339,11.0036,0.000573735
1213,0.991667,2.99999713898,988.329,10.0077,0.000571298
1214,0.991667,2.99999713898,988.327,10.0077,0.000568871
1215,0.991667,2.99999713898,988.327,20.9789,0.000566455
0.991667,988.327,4.263607978820801,0.625,0.685503591269,0.191970710436
