48,10,0.4,2,1000, .1 
0,0.405556,214.000003338,2.12265e+06,1034.21,0.0997458
1,0.402778,214.999995232,1.81861e+06,955.135,0.0989871
2,0.413889,210.99999547,1.56132e+06,879.065,0.0982341
3,0.416667,210.000003576,1.3449e+06,815.259,0.0974869
4,0.430556,205.000001192,1.16136e+06,753.274,0.0967453
5,0.438889,202.000004053,1.00582e+06,695.145,0.0960094
6,0.452778,197.000001669,873938.0,645.303,0.0952791
7,0.461111,194.00000453,761022.0,599.153,0.0945543
8,0.469444,190.999996662,664715.0,557.398,0.0938351
9,0.477778,187.999999523,581916.0,521.507,0.0931213
10,0.480556,186.999996901,509811.0,487.973,0.092413
11,0.494444,182.000005245,447945.0,448.877,0.09171
12,0.494444,182.000005245,395346.0,421.355,0.0910124
13,0.505556,177.999994755,350239.0,392.397,0.0903201
14,0.5,180.0,310824.0,367.12,0.0896331
15,0.497222,181.000002623,276590.0,342.25,0.0889513
16,0.511111,175.99998951,247485.0,320.788,0.0882746
17,0.513889,174.999997616,221862.0,301.911,0.0876032
18,0.519444,172.999992371,199253.0,282.861,0.0869368
19,0.527778,169.999995232,179561.0,267.817,0.0862755
20,0.544444,164.000000954,162021.0,252.1,0.0856192
21,0.547222,163.00000906,146610.0,236.376,0.0849679
22,0.552778,161.000003815,133061.0,225.21,0.0843216
23,0.561111,158.000006676,121103.0,212.254,0.0836802
24,0.569444,155.000009537,110460.0,201.418,0.0830437
25,0.572222,153.999996185,100983.0,189.108,0.082412
26,0.575,153.000004292,92576.5,181.499,0.0817851
27,0.577778,151.99999094,84914.6,174.093,0.081163
28,0.575,153.000004292,77913.0,167.538,0.0805456
29,0.583333,150.000007153,71453.4,159.27,0.0799329
30,0.594444,145.999996662,65717.8,150.787,0.0793249
31,0.605556,142.000007629,60681.6,143.598,0.0787215
32,0.605556,142.000007629,56093.6,138.327,0.0781227
33,0.602778,142.999999523,51840.2,134.442,0.0775285
34,0.608333,140.999994278,47867.8,130.257,0.0769387
35,0.611111,140.000002384,44151.1,126.168,0.0763535
36,0.625,135.0,40774.7,116.667,0.0757727
37,0.625,135.0,37959.8,110.906,0.0751963
38,0.636111,130.99998951,35407.4,106.806,0.0746243
39,0.636111,130.99998951,33049.1,102.849,0.0740567
40,0.641667,129.000005722,30859.2,100.571,0.0734933
41,0.641667,129.000005722,28780.2,97.9462,0.0729343
42,0.65,126.000008583,26850.8,94.3409,0.0723795
43,0.652778,124.999995232,25057.2,91.5543,0.0718289
44,0.661111,121.999998093,23392.8,89.5942,0.0712826
45,0.661111,121.999998093,21842.9,86.5015,0.0707403
46,0.658333,122.999989986,20350.5,85.2922,0.0702022
47,0.669444,119.000000954,18979.0,81.0071,0.0696682
48,0.669444,119.000000954,17660.3,80.3436,0.0691383
49,0.666667,119.999992847,16382.2,79.4554,0.0686124
50,0.672222,118.00000906,15183.7,76.6575,0.0680905
51,0.694444,110.000009537,14109.1,69.3024,0.0675725
52,0.702778,106.99999094,13199.0,67.4906,0.0670585
53,0.705556,105.999999046,12336.0,64.6749,0.0665484
54,0.725,98.9999914169,11579.7,59.3248,0.0660422
55,0.730556,97.0000076294,10918.5,58.2339,0.0655399
56,0.744444,92.0000052452,10291.9,55.021,0.0650413
57,0.744444,92.0000052452,9755.34,53.958,0.0645466
58,0.747222,90.9999918938,9232.0,53.1889,0.0640556
59,0.755556,87.9999947548,8725.82,52.4072,0.0635683
60,0.761111,85.9999895096,8238.75,51.4635,0.0630848
61,0.769444,82.9999923706,7782.54,49.4813,0.0626049
62,0.780556,79.0000033379,7358.52,47.0217,0.0621287
63,0.786111,76.9999980927,6996.9,44.1708,0.0616561
64,0.788889,76.0000061989,6670.37,43.5256,0.0611871
65,0.791667,74.9999928474,6351.42,42.6605,0.0607217
66,0.797222,73.0000090599,6046.9,42.0582,0.0602598
67,0.805556,69.9999904633,5776.48,40.6794,0.0598014
68,0.805556,69.9999904633,5510.63,40.7767,0.0593465
69,0.802778,71.0000038147,5245.42,40.814,0.0588951
70,0.808333,68.9999985695,4981.89,40.8765,0.0584471
71,0.816667,66.0000014305,4734.57,38.061,0.0580025
72,0.813889,66.9999933243,4509.06,37.6826,0.0575613
73,0.816667,66.0000014305,4286.07,37.7944,0.0571235
74,0.822222,63.9999961853,4069.85,36.7825,0.0566889
75,0.827778,61.9999909401,3869.27,35.1838,0.0562577
76,0.833333,60.0000071526,3693.09,34.4931,0.0558298
77,0.830556,60.9999990463,3521.58,34.4957,0.0554051
78,0.836111,58.9999938011,3362.76,33.1425,0.0549837
79,0.836111,58.9999938011,3209.15,33.2988,0.0545654
80,0.841667,57.0000100136,3059.49,32.1889,0.0541504
81,0.847222,55.0000047684,2921.22,30.4193,0.0537384
82,0.85,53.9999914169,2799.7,30.0747,0.0533297
83,0.85,53.9999914169,2681.02,30.1667,0.052924
84,0.855556,52.0000076294,2573.85,28.6177,0.0525214
85,0.861111,50.0000023842,2471.91,28.2252,0.0521219
86,0.863889,49.0000104904,2375.21,28.1024,0.0517254
87,0.866667,47.999997139,2279.26,27.7378,0.051332
88,0.869444,47.0000052452,2185.29,28.5053,0.0509415
89,0.869444,47.0000052452,2093.45,27.4755,0.050554
90,0.872222,45.9999918938,2002.94,26.886,0.0501695
91,0.877778,44.0000081062,1919.24,27.4217,0.0497879
92,0.875,45.0,1833.18,27.0787,0.0494091
93,0.877778,44.0000081062,1752.76,23.6185,0.0490333
94,0.886111,40.9999895096,1694.87,23.707,0.0486603
95,0.894444,37.9999923706,1640.21,22.2641,0.0482902
96,0.888889,39.9999976158,1590.8,22.2559,0.0479228
97,0.891667,39.000005722,1543.21,22.9549,0.0475583
98,0.897222,37.0000004768,1492.93,22.7158,0.0471966
99,0.891667,39.000005722,1443.73,22.389,0.0468375
100,0.894444,37.9999923706,1396.52,22.2114,0.0464813
101,0.894444,37.9999923706,1349.67,22.4909,0.0461277
102,0.894444,37.9999923706,1302.7,22.5434,0.0457768
103,0.891667,39.000005722,1255.92,22.8187,0.0454286
104,0.897222,37.0000004768,1209.67,22.526,0.045083
105,0.897222,37.0000004768,1163.72,22.5762,0.0447401
106,0.9,36.0000085831,1117.49,22.5631,0.0443998
107,0.905556,34.0000033379,1072.37,22.0529,0.0440621
108,0.902778,34.9999952316,1029.36,22.1712,0.0437269
109,0.905556,34.0000033379,987.225,20.2869,0.0433943
110,0.911111,31.9999980927,954.396,19.5099,0.0430642
111,0.911111,31.9999980927,922.499,19.5589,0.0427366
112,0.911111,31.9999980927,891.037,19.6049,0.0424115
113,0.913889,31.0000061989,860.661,18.3946,0.0420889
114,0.913889,31.0000061989,831.138,18.4302,0.0417688
115,0.913889,31.0000061989,801.293,18.4701,0.041451
116,0.916667,29.9999928474,773.119,17.6005,0.0411357
117,0.916667,29.9999928474,747.044,17.6299,0.0408228
118,0.919444,29.0000009537,721.57,17.2148,0.0405123
119,0.916667,29.9999928474,697.395,17.3245,0.0402041
120,0.919444,29.0000009537,673.531,17.2687,0.0398983
121,0.916667,29.9999928474,649.597,17.3748,0.0395948
122,0.916667,29.9999928474,626.122,16.985,0.0392936
123,0.916667,29.9999928474,603.891,17.4281,0.0389947
124,0.922222,28.0000090599,580.535,16.7826,0.0386981
125,0.922222,28.0000090599,559.638,16.2955,0.0384038
126,0.925,26.9999957085,541.511,16.181,0.0381116
127,0.930556,24.9999904633,526.036,12.3591,0.0378217
128,0.933333,23.9999985695,514.377,11.4096,0.037534
129,0.933333,23.9999985695,502.756,11.2287,0.0372485
130,0.933333,23.9999985695,491.605,10.5227,0.0369652
131,0.941667,21.0000014305,482.241,10.447,0.036684
132,0.938889,21.9999933243,474.023,10.1156,0.036405
133,0.938889,21.9999933243,465.156,10.1175,0.036128
134,0.936111,23.0000066757,456.554,9.97664,0.0358532
135,0.941667,21.0000014305,448.367,10.456,0.0355805
136,0.938889,21.9999933243,439.688,10.1263,0.0353099
137,0.941667,21.0000014305,432.012,9.99365,0.0350413
138,0.938889,21.9999933243,423.905,9.82158,0.0347747
139,0.941667,21.0000014305,416.443,10.0003,0.0345102
140,0.938889,21.9999933243,408.564,9.82817,0.0342477
141,0.944444,20.0000095367,401.18,9.77743,0.0339872
142,0.941667,21.0000014305,394.023,9.59936,0.0337286
143,0.944444,20.0000095367,386.97,9.78179,0.0334721
144,0.944444,20.0000095367,380.796,8.67368,0.0332175
145,0.944444,20.0000095367,375.52,8.67541,0.0329648
146,0.947222,18.9999961853,370.624,8.87937,0.0327141
147,0.944444,20.0000095367,365.325,8.68045,0.0324652
148,0.947222,18.9999961853,360.354,8.88533,0.0322182
149,0.944444,20.0000095367,355.259,8.68573,0.0319732
150,0.95,18.0000042915,350.983,8.55739,0.03173
151,0.95,18.0000042915,347.09,8.55906,0.0314886
152,0.947222,18.9999961853,342.666,8.3471,0.0312491
153,0.95,18.0000042915,338.748,8.56111,0.0310114
154,0.947222,18.9999961853,334.522,8.3487,0.0307755
155,0.95,18.0000042915,330.444,8.56421,0.0305414
156,0.947222,18.9999961853,326.157,8.35056,0.0303091
157,0.952778,16.9999909401,322.412,8.31853,0.0300785
158,0.95,18.0000042915,318.686,8.0963,0.0298497
159,0.952778,16.9999909401,315.136,8.31803,0.0296227
160,0.95,18.0000042915,311.604,8.09527,0.0293973
161,0.95,18.0000042915,307.999,8.09425,0.0291737
162,0.952778,16.9999909401,304.722,8.31824,0.0289518
163,0.95,18.0000042915,301.079,8.09352,0.0287316
164,0.952778,16.9999909401,297.716,8.31816,0.028513
165,0.95,18.0000042915,294.263,8.09297,0.0282961
166,0.952778,16.9999909401,290.813,8.31823,0.0280809
167,0.952778,16.9999909401,287.687,8.31893,0.0278673
168,0.95,18.0000042915,284.132,8.09192,0.0276553
169,0.952778,16.9999909401,280.939,8.31922,0.0274449
170,0.952778,16.9999909401,277.616,7.14785,0.0272362
171,0.955556,15.9999990463,274.602,7.40439,0.027029
172,0.958333,15.0000071526,272.153,5.96222,0.0268234
173,0.958333,15.0000071526,270.508,5.96338,0.0266194
174,0.958333,15.0000071526,268.875,5.96456,0.0264169
175,0.958333,15.0000071526,267.252,5.96574,0.0262159
176,0.958333,15.0000071526,265.855,5.9663,0.0260165
177,0.958333,15.0000071526,264.255,5.9675,0.0258186
178,0.958333,15.0000071526,262.667,5.96871,0.0256222
179,0.958333,15.0000071526,261.09,5.96994,0.0254273
180,0.961111,13.9999938011,259.709,5.44747,0.0252339
181,0.961111,13.9999938011,258.362,5.44815,0.025042
182,0.961111,13.9999938011,257.025,5.44883,0.0248515
183,0.958333,15.0000071526,255.73,5.93239,0.0246624
184,0.961111,13.9999938011,254.467,5.44967,0.0244748
185,0.961111,13.9999938011,253.158,5.45038,0.0242887
186,0.961111,13.9999938011,251.858,5.45109,0.0241039
187,0.961111,13.9999938011,250.598,5.45131,0.0239206
188,0.961111,13.9999938011,249.317,5.45203,0.0237386
189,0.963889,13.0000019073,248.095,5.6724,0.023558
190,0.961111,13.9999938011,246.814,5.45301,0.0233788
191,0.963889,13.0000019073,245.582,5.67225,0.023201
192,0.961111,13.9999938011,244.346,5.45402,0.0230245
193,0.958333,15.0000071526,243.144,5.93042,0.0228494
194,0.961111,13.9999938011,241.998,5.45457,0.0226756
195,0.961111,13.9999938011,240.78,5.45533,0.0225031
196,0.963889,13.0000019073,239.576,5.67175,0.0223319
197,0.961111,13.9999938011,238.402,5.45641,0.022162
198,0.961111,13.9999938011,237.211,5.45718,0.0219935
199,0.961111,13.9999938011,236.059,5.45751,0.0218262
200,0.961111,13.9999938011,234.884,5.45829,0.0216601
201,0.961111,13.9999938011,233.749,5.45863,0.0214954
202,0.961111,13.9999938011,232.591,5.45942,0.0213319
203,0.963889,13.0000019073,231.49,5.67194,0.0211696
204,0.961111,13.9999938011,230.409,5.46013,0.0210086
205,0.961111,13.9999938011,229.277,5.46093,0.0208488
206,0.961111,13.9999938011,228.183,5.4613,0.0206902
207,0.961111,13.9999938011,227.066,5.46211,0.0205328
208,0.963889,13.0000019073,226.0,5.67201,0.0203766
209,0.961111,13.9999938011,224.888,5.46331,0.0202216
210,0.961111,13.9999938011,223.887,6.01597,0.0200678
211,0.958333,15.0000071526,222.734,5.71651,0.0199151
212,0.961111,13.9999938011,221.633,5.46622,0.0197637
213,0.961111,13.9999938011,220.548,5.46747,0.0196133
214,0.961111,13.9999938011,219.502,5.46832,0.0194641
215,0.958333,15.0000071526,218.521,5.72049,0.0193161
216,0.958333,15.0000071526,217.444,5.72166,0.0191691
217,0.961111,13.9999938011,216.363,5.72262,0.0190233
218,0.961111,13.9999938011,215.314,5.47247,0.0188786
219,0.961111,13.9999938011,214.274,5.4737,0.018735
220,0.958333,15.0000071526,213.417,5.72546,0.0185925
221,0.958333,15.0000071526,212.368,5.72641,0.0184511
222,0.958333,15.0000071526,211.336,5.72756,0.0183107
223,0.958333,15.0000071526,210.31,5.72871,0.0181714
224,0.961111,13.9999938011,209.328,5.47829,0.0180332
225,0.958333,15.0000071526,208.442,5.73032,0.017896
226,0.961111,13.9999938011,207.48,5.64647,0.0177599
227,0.961111,13.9999938011,206.556,5.64706,0.0176248
228,0.961111,13.9999938011,205.638,5.64765,0.0174908
229,0.963889,13.0000019073,204.741,6.05075,0.0173577
230,0.963889,13.0000019073,203.819,5.36862,0.0172257
231,0.961111,13.9999938011,203.047,5.64889,0.0170946
232,0.961111,13.9999938011,202.156,5.64948,0.0169646
233,0.961111,13.9999938011,201.272,5.65006,0.0168356
234,0.961111,13.9999938011,200.394,5.65064,0.0167075
235,0.963889,13.0000019073,199.524,5.37348,0.0165804
236,0.963889,13.0000019073,198.679,5.37449,0.0164543
237,0.963889,13.0000019073,197.977,6.05159,0.0163291
238,0.961111,13.9999938011,197.062,5.65248,0.0162049
239,0.961111,13.9999938011,196.215,5.65306,0.0160817
240,0.961111,13.9999938011,195.375,5.65363,0.0159593
241,0.963889,13.0000019073,194.556,5.3789,0.0158379
242,0.961111,13.9999938011,193.867,5.65451,0.0157175
243,0.961111,13.9999938011,193.045,5.65508,0.0155979
244,0.961111,13.9999938011,192.229,5.65565,0.0154793
245,0.961111,13.9999938011,191.419,5.65622,0.0153615
246,0.963889,13.0000019073,190.625,6.05278,0.0152447
247,0.963889,13.0000019073,189.799,5.38422,0.0151287
248,0.961111,13.9999938011,189.13,5.65748,0.0150136
249,0.961111,13.9999938011,188.343,5.65804,0.0148994
250,0.966667,12.0000100136,187.663,5.69537,0.0147861
251,0.963889,13.0000019073,186.875,5.38693,0.0146736
252,0.961111,13.9999938011,186.198,5.65886,0.014562
253,0.961111,13.9999938011,185.434,5.65941,0.0144512
254,0.966667,12.0000100136,184.815,5.69642,0.0143413
255,0.961111,13.9999938011,184.099,5.65968,0.0142322
256,0.961111,13.9999938011,183.352,5.66023,0.0141239
257,0.961111,13.9999938011,182.61,5.66078,0.0140165
258,0.966667,12.0000100136,182.05,5.69749,0.0139099
259,0.961111,13.9999938011,181.314,5.66106,0.0138041
260,0.961111,13.9999938011,180.588,5.6616,0.0136991
261,0.963889,13.0000019073,179.878,5.46411,0.0135949
262,0.966667,12.0000100136,179.366,5.69857,0.0134915
263,0.963889,13.0000019073,178.614,5.3947,0.0133888
264,0.963889,13.0000019073,177.924,5.3956,0.013287
265,0.963889,13.0000019073,177.499,6.05217,0.0131859
266,0.961111,13.9999938011,176.693,5.50571,0.0130856
267,0.966667,12.0000100136,176.021,5.70016,0.0129861
268,0.963889,13.0000019073,175.469,5.39737,0.0128873
269,0.963889,13.0000019073,174.804,5.39824,0.0127893
270,0.963889,13.0000019073,174.274,6.05261,0.012692
271,0.963889,13.0000019073,173.611,5.39903,0.0125954
272,0.963889,13.0000019073,173.085,6.05231,0.0124996
273,0.958333,15.0000071526,172.374,5.98219,0.0124046
274,0.966667,12.0000100136,171.815,5.70101,0.0123102
275,0.961111,13.9999938011,171.219,5.66605,0.0122166
276,0.961111,13.9999938011,170.574,5.66656,0.0121236
277,0.966667,12.0000100136,170.04,5.7016,0.0120314
278,0.961111,13.9999938011,169.448,5.66687,0.0119399
279,0.961111,13.9999938011,168.816,5.66738,0.0118491
280,0.961111,13.9999938011,168.189,5.66788,0.0117589
281,0.966667,12.0000100136,167.707,5.7027,0.0116695
282,0.961111,13.9999938011,167.098,5.7529,0.0115807
283,0.961111,13.9999938011,166.487,5.669,0.0114926
284,0.963889,13.0000019073,165.883,6.0531,0.0114052
285,0.963889,13.0000019073,165.382,5.40722,0.0113185
286,0.961111,13.9999938011,164.816,5.66981,0.0112324
287,0.966667,12.0000100136,164.23,6.05305,0.0111469
288,0.963889,13.0000019073,163.742,5.40878,0.0110621
289,0.963889,13.0000019073,163.183,6.05284,0.010978
290,0.961111,13.9999938011,162.611,5.56693,0.0108945
291,0.963889,13.0000019073,162.183,6.05287,0.0108116
292,0.963889,13.0000019073,161.583,5.41091,0.0107294
293,0.963889,13.0000019073,161.166,6.05269,0.0106477
294,0.963889,13.0000019073,160.576,5.41165,0.0105668
295,0.963889,13.0000019073,160.125,5.58772,0.0104864
296,0.963889,13.0000019073,159.613,5.58808,0.0104066
297,0.969444,10.9999966621,159.187,5.55011,0.0103275
298,0.963889,13.0000019073,158.722,5.58805,0.0102489
299,0.963889,13.0000019073,158.212,5.58836,0.0101709
300,0.966667,12.0000100136,157.726,5.24935,0.0100936
301,0.966667,12.0000100136,157.433,5.97287,0.0100168
302,0.966667,12.0000100136,156.886,5.24943,0.00994059
303,0.966667,12.0000100136,156.456,5.97278,0.00986498
304,0.966667,12.0000100136,156.058,5.24951,0.00978994
305,0.966667,12.0000100136,155.618,5.24977,0.00971547
306,0.969444,10.9999966621,155.159,5.5497,0.00964157
307,0.966667,12.0000100136,154.803,5.24999,0.00956822
308,0.966667,12.0000100136,154.437,5.97171,0.00949544
309,0.966667,12.0000100136,154.006,5.25008,0.00942321
310,0.966667,12.0000100136,153.618,5.9712,0.00935154
311,0.966667,12.0000100136,153.137,5.25054,0.0092804
312,0.969444,10.9999966621,152.813,5.54817,0.00920981
313,0.966667,12.0000100136,152.364,5.25063,0.00913975
314,0.963889,13.0000019073,151.963,5.58906,0.00907023
315,0.966667,12.0000100136,151.522,5.2513,0.00900124
316,0.966667,12.0000100136,151.253,5.97016,0.00893277
317,0.966667,12.0000100136,150.772,5.25139,0.00886482
318,0.963889,13.0000019073,150.394,5.58944,0.00879739
319,0.969444,10.9999966621,150.087,5.54766,0.00873047
320,0.966667,12.0000100136,149.64,5.58944,0.00866406
321,0.966667,12.0000100136,149.228,5.25214,0.00859815
322,0.969444,10.9999966621,148.995,5.5473,0.00853275
323,0.966667,12.0000100136,148.512,5.25224,0.00846784
324,0.966667,12.0000100136,148.162,5.96914,0.00840343
325,0.966667,12.0000100136,147.802,5.25246,0.00833951
326,0.969444,10.9999966621,147.445,5.96877,0.00827607
327,0.966667,12.0000100136,147.031,5.25289,0.00821312
328,0.969444,10.9999966621,146.748,5.54678,0.00815064
329,0.963889,13.0000019073,146.38,5.58984,0.00808865
330,0.966667,12.0000100136,145.981,5.25323,0.00802712
331,0.969444,10.9999966621,145.692,5.54656,0.00796606
332,0.966667,12.0000100136,145.311,5.25333,0.00790546
333,0.963889,13.0000019073,144.978,5.59021,0.00784533
334,0.969444,10.9999966621,144.695,5.54625,0.00778565
335,0.963889,13.0000019073,144.304,5.59023,0.00772643
336,0.966667,12.0000100136,143.932,5.25404,0.00766766
337,0.966667,12.0000100136,143.724,5.96706,0.00760933
338,0.966667,12.0000100136,143.292,5.25415,0.00755145
339,0.966667,12.0000100136,142.981,5.96703,0.00749401
340,0.966667,12.0000100136,142.662,5.25426,0.007437
341,0.969444,10.9999966621,142.339,5.54575,0.00738043
342,0.966667,12.0000100136,141.974,5.25466,0.00732429
343,0.969444,10.9999966621,141.72,5.54543,0.00726858
344,0.963889,13.0000019073,141.386,5.59062,0.00721329
345,0.966667,12.0000100136,141.036,5.25499,0.00715842
346,0.966667,12.0000100136,140.814,5.96589,0.00710397
347,0.966667,12.0000100136,140.435,5.2552,0.00704993
348,0.963889,13.0000019073,140.14,5.59101,0.0069963
349,0.963889,13.0000019073,139.791,5.84799,0.00694308
350,0.969444,10.9999966621,139.563,5.54525,0.00689027
351,0.966667,12.0000100136,139.203,5.25586,0.00683786
352,0.966667,12.0000100136,139.022,5.96525,0.00678584
353,0.966667,12.0000100136,138.632,5.25597,0.00673423
354,0.966667,12.0000100136,138.359,5.96524,0.006683
355,0.966667,12.0000100136,138.069,5.25609,0.00663217
356,0.969444,10.9999966621,137.786,6.13647,0.00658172
357,0.963889,13.0000019073,137.485,5.96025,0.00653165
358,0.966667,12.0000100136,137.269,6.13605,0.00648197
359,0.961111,13.9999938011,136.999,6.25755,0.00643266
360,0.963889,13.0000019073,136.7,5.9603,0.00638373
361,0.963889,13.0000019073,136.516,6.51767,0.00633517
362,0.963889,13.0000019073,136.201,5.96023,0.00628698
363,0.961111,13.9999938011,135.948,6.25756,0.00623916
364,0.969444,10.9999966621,135.656,7.06175,0.0061917
365,0.963889,13.0000019073,135.455,5.96049,0.0061446
366,0.966667,12.0000100136,135.192,5.96062,0.00609786
367,0.963889,13.0000019073,134.941,5.96063,0.00605148
368,0.966667,12.0000100136,134.742,6.5168,0.00600545
369,0.963889,13.0000019073,134.469,5.96057,0.00595976
370,0.961111,13.9999938011,134.223,6.25761,0.00591443
371,0.966667,12.0000100136,134.009,6.13464,0.00586944
372,0.966667,12.0000100136,133.767,6.40124,0.00582479
373,0.961111,13.9999938011,133.536,6.25769,0.00578049
374,0.966667,12.0000100136,133.265,6.13475,0.00573652
375,0.963889,13.0000019073,133.06,5.96088,0.00569288
376,0.966667,12.0000100136,132.815,6.13439,0.00564958
377,0.963889,13.0000019073,132.589,6.25766,0.0056066
378,0.966667,12.0000100136,132.373,5.96095,0.00556396
379,0.966667,12.0000100136,132.183,7.05845,0.00552163
380,0.963889,13.0000019073,131.919,5.96125,0.00547963
381,0.963889,13.0000019073,131.684,5.96137,0.00543795
382,0.963889,13.0000019073,131.532,6.51523,0.00539658
383,0.963889,13.0000019073,131.258,5.96132,0.00535553
384,0.966667,12.0000100136,131.052,7.0576,0.0053148
385,0.963889,13.0000019073,130.82,5.96162,0.00527437
386,0.966667,12.0000100136,130.636,6.1336,0.00523425
387,0.963889,13.0000019073,130.42,6.2578,0.00519443
388,0.963889,13.0000019073,130.184,5.96168,0.00515492
389,0.966667,12.0000100136,130.021,6.13329,0.00511571
390,0.963889,13.0000019073,129.781,5.96164,0.00507679
391,0.963889,13.0000019073,129.588,6.82015,0.00503818
392,0.963889,13.0000019073,129.356,5.96202,0.00499985
393,0.963889,13.0000019073,129.16,6.51447,0.00496182
394,0.963889,13.0000019073,128.965,5.96198,0.00492408
395,0.966667,12.0000100136,128.764,6.13312,0.00488662
396,0.966667,12.0000100136,128.593,6.1328,0.00484945
397,0.963889,13.0000019073,128.411,6.81959,0.00481256
398,0.963889,13.0000019073,128.193,5.96217,0.00477596
399,0.961111,13.9999938011,128.002,6.25808,0.00473963
400,0.963889,13.0000019073,127.776,6.55263,0.00470357
401,0.966667,12.0000100136,127.629,6.13267,0.00466779
402,0.966667,12.0000100136,127.405,5.96239,0.00463229
403,0.966667,12.0000100136,127.286,6.51323,0.00459705
404,0.969444,10.9999966621,127.042,5.96236,0.00456208
405,0.966667,12.0000100136,126.903,7.05402,0.00452738
406,0.963889,13.0000019073,126.669,5.96262,0.00449294
407,0.966667,12.0000100136,126.523,6.1322,0.00445877
408,0.963889,13.0000019073,126.327,5.96254,0.00442485
409,0.963889,13.0000019073,126.127,5.96269,0.00439119
410,0.966667,12.0000100136,126.0,6.13194,0.00435779
411,0.966667,12.0000100136,125.792,6.39949,0.00432464
412,0.966667,12.0000100136,125.616,6.13204,0.00429174
413,0.963889,13.0000019073,125.472,5.96268,0.0042591
414,0.963889,13.0000019073,125.313,6.51241,0.0042267
415,0.963889,13.0000019073,125.105,5.96284,0.00419455
416,0.963889,13.0000019073,124.971,6.51213,0.00416264
417,0.966667,12.0000100136,124.777,5.96281,0.00413098
418,0.963889,13.0000019073,124.641,6.81822,0.00409956
419,0.963889,13.0000019073,124.43,5.96312,0.00406837
420,0.963889,13.0000019073,124.271,6.5121,0.00403743
421,0.963889,13.0000019073,124.112,5.9631,0.00400672
422,0.966667,12.0000100136,123.944,6.51184,0.00397624
423,0.966667,12.0000100136,123.772,6.39911,0.00394599
424,0.963889,13.0000019073,123.613,5.96343,0.00391598
425,0.966667,12.0000100136,123.494,6.51165,0.00388619
426,0.963889,13.0000019073,123.306,5.96341,0.00385663
427,0.961111,13.9999938011,123.146,6.25841,0.00382729
428,0.966667,12.0000100136,122.966,5.98301,0.00379818
429,0.966667,12.0000100136,122.84,5.96347,0.00376929
430,0.966667,12.0000100136,122.733,7.05051,0.00374061
431,0.963889,13.0000019073,122.53,5.9637,0.00371216
432,0.966667,12.0000100136,122.408,6.13092,0.00368392
433,0.963889,13.0000019073,122.24,5.96368,0.0036559
434,0.961111,13.9999938011,122.085,6.25849,0.00362809
435,0.966667,12.0000100136,121.959,6.13074,0.00360049
436,0.966667,12.0000100136,121.803,6.39866,0.00357311
437,0.963889,13.0000019073,121.662,6.25857,0.00354593
438,0.966667,12.0000100136,121.502,6.13083,0.00351895
439,0.966667,12.0000100136,121.381,5.96389,0.00349219
440,0.963889,13.0000019073,121.257,6.51069,0.00346562
441,0.966667,12.0000100136,121.106,5.96387,0.00343926
442,0.966667,12.0000100136,120.977,6.51047,0.0034131
443,0.966667,12.0000100136,120.822,6.39846,0.00338714
444,0.963889,13.0000019073,120.678,6.25864,0.00336137
445,0.963889,13.0000019073,120.525,5.96427,0.0033358
446,0.966667,12.0000100136,120.436,6.13032,0.00331043
447,0.963889,13.0000019073,120.263,5.96426,0.00328525
448,0.966667,12.0000100136,120.138,7.04843,0.00326026
449,0.963889,13.0000019073,119.994,5.96446,0.00323546
450,0.966667,12.0000100136,119.888,6.13021,0.00321085
451,0.963889,13.0000019073,119.747,5.96441,0.00318642
452,0.963889,13.0000019073,119.655,6.50991,0.00316218
453,0.963889,13.0000019073,119.498,5.9644,0.00313813
454,0.961111,13.9999938011,119.372,6.2587,0.00311426
455,0.969444,10.9999966621,119.232,7.04768,0.00309057
456,0.963889,13.0000019073,119.1,5.96469,0.00306706
457,0.966667,12.0000100136,118.992,6.12994,0.00304373
458,0.963889,13.0000019073,118.866,5.96465,0.00302058
459,0.966667,12.0000100136,118.768,6.50954,0.0029976
460,0.963889,13.0000019073,118.629,5.96464,0.0029748
461,0.963889,13.0000019073,118.508,6.81612,0.00295217
462,0.963889,13.0000019073,118.379,5.96487,0.00292972
463,0.963889,13.0000019073,118.262,6.50952,0.00290743
464,0.963889,13.0000019073,118.149,5.96486,0.00288532
465,0.966667,12.0000100136,118.028,6.1297,0.00286337
466,0.963889,13.0000019073,117.922,5.96485,0.00284159
467,0.966667,12.0000100136,117.804,6.12954,0.00281997
468,0.963889,13.0000019073,117.694,6.81583,0.00279852
469,0.963889,13.0000019073,117.568,5.9651,0.00277723
470,0.966667,12.0000100136,117.484,6.12944,0.00275611
471,0.961111,13.9999938011,117.359,6.25892,0.00273514
472,0.966667,12.0000100136,117.232,5.96515,0.00271434
473,0.966667,12.0000100136,117.163,6.50884,0.00269369
474,0.966667,12.0000100136,117.019,5.96514,0.0026732
475,0.966667,12.0000100136,116.931,7.04574,0.00265287
476,0.963889,13.0000019073,116.799,5.96531,0.00263269
477,0.966667,12.0000100136,116.715,6.12922,0.00261266
478,0.963889,13.0000019073,116.599,6.25899,0.00259279
479,0.963889,13.0000019073,116.48,5.96537,0.00257307
480,0.966667,12.0000100136,116.407,6.12909,0.00255349
481,0.966667,12.0000100136,116.278,5.96536,0.00253407
482,0.966667,12.0000100136,116.193,7.04514,0.00251479
483,0.963889,13.0000019073,116.07,5.96552,0.00249566
484,0.966667,12.0000100136,115.985,6.12901,0.00247668
485,0.963889,13.0000019073,115.88,5.96548,0.00245784
486,0.963889,13.0000019073,115.804,6.50825,0.00243914
487,0.963889,13.0000019073,115.687,5.96548,0.00242059
488,0.963889,13.0000019073,115.602,6.81509,0.00240218
489,0.963889,13.0000019073,115.483,5.96567,0.00238391
490,0.963889,13.0000019073,115.393,6.50824,0.00236577
491,0.966667,12.0000100136,115.296,5.96567,0.00234778
492,0.966667,12.0000100136,115.202,6.5081,0.00232992
493,0.966667,12.0000100136,115.093,5.96576,0.00231219
494,0.969444,10.9999966621,115.017,6.1287,0.00229461
495,0.963889,13.0000019073,114.938,6.81487,0.00227715
496,0.963889,13.0000019073,114.823,5.96586,0.00225983
497,0.963889,13.0000019073,114.731,6.50796,0.00224264
498,0.963889,13.0000019073,114.645,5.96586,0.00222558
499,0.966667,12.0000100136,114.55,6.12865,0.00220865
500,0.966667,12.0000100136,114.456,6.39735,0.00219185
501,0.963889,13.0000019073,114.367,5.96605,0.00217518
502,0.966667,12.0000100136,114.299,6.12858,0.00215863
503,0.963889,13.0000019073,114.196,5.96605,0.00214221
504,0.963889,13.0000019073,114.106,6.25932,0.00212592
505,0.966667,12.0000100136,114.036,6.12848,0.00210975
506,0.966667,12.0000100136,113.937,5.9661,0.0020937
507,0.966667,12.0000100136,113.875,7.04327,0.00207777
508,0.963889,13.0000019073,113.781,5.96614,0.00206197
509,0.966667,12.0000100136,113.696,6.12841,0.00204628
510,0.961111,13.9999938011,113.613,6.25934,0.00203072
511,0.966667,12.0000100136,113.536,6.1283,0.00201527
512,0.963889,13.0000019073,113.448,6.25932,0.00199994
513,0.966667,12.0000100136,113.359,6.39715,0.00198473
514,0.966667,12.0000100136,113.28,6.50736,0.00196963
515,0.963889,13.0000019073,113.209,5.96631,0.00195465
516,0.966667,12.0000100136,113.125,6.12826,0.00193978
517,0.961111,13.9999938011,113.048,6.25941,0.00192503
518,0.966667,12.0000100136,112.973,6.12815,0.00191038
519,0.966667,12.0000100136,112.893,5.96637,0.00189585
520,0.963889,13.0000019073,112.835,6.81418,0.00188143
521,0.963889,13.0000019073,112.733,5.96653,0.00186712
522,0.966667,12.0000100136,112.648,5.96659,0.00185292
523,0.966667,12.0000100136,112.6,6.12812,0.00183882
524,0.963889,13.0000019073,112.516,6.50701,0.00182483
525,0.966667,12.0000100136,112.441,5.96653,0.00181095
526,0.969444,10.9999966621,112.372,7.04203,0.00179718
527,0.963889,13.0000019073,112.292,5.96664,0.00178351
528,0.963889,13.0000019073,112.215,5.96669,0.00176994
529,0.966667,12.0000100136,112.165,6.50682,0.00175648
530,0.963889,13.0000019073,112.076,5.96668,0.00174312
531,0.966667,12.0000100136,112.005,6.5068,0.00172986
532,0.963889,13.0000019073,111.939,5.96668,0.0017167
533,0.969444,10.9999966621,111.872,6.54747,0.00170364
534,0.963889,13.0000019073,111.798,5.96679,0.00169068
535,0.963889,13.0000019073,111.725,5.96684,0.00167782
536,0.966667,12.0000100136,111.672,6.12783,0.00166506
537,0.963889,13.0000019073,111.593,5.96683,0.00165239
538,0.966667,12.0000100136,111.526,6.8138,0.00163982
539,0.966667,12.0000100136,111.453,5.96697,0.00162735
540,0.966667,12.0000100136,111.399,5.96691,0.00161497
541,0.966667,12.0000100136,111.334,6.50653,0.00160269
542,0.963889,13.0000019073,111.259,5.96698,0.00159049
543,0.966667,12.0000100136,111.206,6.12772,0.0015784
544,0.963889,13.0000019073,111.142,6.25962,0.00156639
545,0.966667,12.0000100136,111.072,6.81365,0.00155447
546,0.963889,13.0000019073,111.002,5.96711,0.00154265
547,0.966667,12.0000100136,110.959,6.12768,0.00153092
548,0.966667,12.0000100136,110.885,6.50635,0.00151927
549,0.963889,13.0000019073,110.83,5.96705,0.00150771
550,0.966667,12.0000100136,110.765,6.1276,0.00149625
551,0.966667,12.0000100136,110.708,6.81351,0.00148486
552,0.963889,13.0000019073,110.641,5.96719,0.00147357
553,0.966667,12.0000100136,110.595,6.12756,0.00146236
554,0.963889,13.0000019073,110.531,6.25972,0.00145124
555,0.966667,12.0000100136,110.462,5.96723,0.0014402
556,0.966667,12.0000100136,110.397,6.12759,0.00142924
557,0.966667,12.0000100136,110.349,5.96722,0.00141837
558,0.966667,12.0000100136,110.301,7.04039,0.00140758
559,0.963889,13.0000019073,110.232,5.96732,0.00139687
560,0.966667,12.0000100136,110.186,6.12746,0.00138625
561,0.963889,13.0000019073,110.127,6.25977,0.0013757
562,0.963889,13.0000019073,110.063,5.96735,0.00136524
563,0.966667,12.0000100136,110.024,6.50594,0.00135485
564,0.966667,12.0000100136,109.955,5.96735,0.00134455
565,0.966667,12.0000100136,109.909,7.04008,0.00133432
566,0.963889,13.0000019073,109.845,5.96744,0.00132417
567,0.966667,12.0000100136,109.799,6.12736,0.0013141
568,0.963889,13.0000019073,109.743,6.25981,0.0013041
569,0.963889,13.0000019073,109.684,5.96747,0.00129418
570,0.966667,12.0000100136,109.644,6.1273,0.00128434
571,0.966667,12.0000100136,109.583,6.39653,0.00127457
572,0.966667,12.0000100136,109.532,5.96753,0.00126487
573,0.963889,13.0000019073,109.485,6.50581,0.00125525
574,0.966667,12.0000100136,109.433,5.96753,0.0012457
575,0.966667,12.0000100136,109.384,6.50573,0.00123623
576,0.966667,12.0000100136,109.325,5.96759,0.00122683
577,0.969444,10.9999966621,109.285,6.12721,0.00121749
578,0.963889,13.0000019073,109.242,6.81303,0.00120823
579,0.963889,13.0000019073,109.181,5.96764,0.00119904
580,0.963889,13.0000019073,109.133,6.50566,0.00118992
581,0.963889,13.0000019073,109.087,5.96764,0.00118087
582,0.966667,12.0000100136,109.037,6.50559,0.00117189
583,0.963889,13.0000019073,108.994,5.96764,0.00116297
584,0.969444,10.9999966621,108.946,6.54544,0.00115413
585,0.963889,13.0000019073,108.901,5.96771,0.00114535
586,0.961111,13.9999938011,108.856,6.25995,0.00113663
587,0.966667,12.0000100136,108.801,6.25997,0.00112799
588,0.966667,12.0000100136,108.764,6.1271,0.00111941
589,0.969444,10.9999966621,108.71,5.96778,0.00111089
590,0.966667,12.0000100136,108.679,7.03911,0.00110244
591,0.966667,12.0000100136,108.628,5.9678,0.00109406
592,0.966667,12.0000100136,108.584,6.12707,0.00108574
593,0.963889,13.0000019073,108.533,5.96785,0.00107748
594,0.966667,12.0000100136,108.499,6.12701,0.00106928
595,0.963889,13.0000019073,108.451,6.25998,0.00106115
596,0.969444,10.9999966621,108.403,6.39636,0.00105308
597,0.966667,12.0000100136,108.363,6.50536,0.00104506
598,0.966667,12.0000100136,108.323,5.96791,0.00103711
599,0.966667,12.0000100136,108.28,6.127,0.00102923
600,0.963889,13.0000019073,108.238,6.26003,0.0010214
601,0.966667,12.0000100136,108.199,6.12694,0.00101363
602,0.966667,12.0000100136,108.155,5.96794,0.00100592
603,0.966667,12.0000100136,108.113,6.39632,0.000998266
604,0.966667,12.0000100136,108.071,6.26008,0.000990672
605,0.963889,13.0000019073,108.035,5.968,0.000983136
606,0.966667,12.0000100136,107.992,6.12693,0.000975658
607,0.966667,12.0000100136,107.96,5.96799,0.000968237
608,0.963889,13.0000019073,107.924,6.50513,0.000960871
609,0.966667,12.0000100136,107.877,6.39626,0.000953562
610,0.963889,13.0000019073,107.84,6.26009,0.000946309
611,0.966667,12.0000100136,107.795,5.96811,0.000939111
612,0.966667,12.0000100136,107.771,6.50508,0.000931967
613,0.966667,12.0000100136,107.721,5.96812,0.000924878
614,0.969444,10.9999966621,107.686,6.50507,0.000917843
615,0.966667,12.0000100136,107.649,5.96812,0.000910861
616,0.969444,10.9999966621,107.615,7.03826,0.000903932
617,0.963889,13.0000019073,107.573,5.96818,0.000897056
618,0.963889,13.0000019073,107.535,5.9682,0.000890233
619,0.966667,12.0000100136,107.509,6.50498,0.000883461
620,0.963889,13.0000019073,107.465,5.9682,0.000876741
621,0.969444,10.9999966621,107.43,7.03814,0.000870072
622,0.963889,13.0000019073,107.392,5.96826,0.000863454
623,0.966667,12.0000100136,107.363,6.12677,0.000856885
624,0.963889,13.0000019073,107.326,5.96825,0.000850367
625,0.963889,13.0000019073,107.287,6.09493,0.000843899
626,0.966667,12.0000100136,107.261,6.12673,0.00083748
627,0.963889,13.0000019073,107.221,5.96828,0.000831109
628,0.966667,12.0000100136,107.195,6.12669,0.000824787
629,0.969444,10.9999966621,107.161,6.81238,0.000818513
630,0.966667,12.0000100136,107.123,5.96832,0.000812287
631,0.966667,12.0000100136,107.091,6.50484,0.000806108
632,0.966667,12.0000100136,107.059,5.96832,0.000799977
633,0.966667,12.0000100136,107.027,6.12667,0.000793891
634,0.966667,12.0000100136,106.994,6.81234,0.000787853
635,0.966667,12.0000100136,106.959,5.9684,0.000781859
636,0.966667,12.0000100136,106.937,6.12665,0.000775912
637,0.966667,12.0000100136,106.901,6.26021,0.00077001
638,0.963889,13.0000019073,106.872,5.96837,0.000764153
639,0.966667,12.0000100136,106.839,6.50471,0.00075834
640,0.963889,13.0000019073,106.806,5.96841,0.000752572
641,0.966667,12.0000100136,106.779,6.12657,0.000746847
642,0.966667,12.0000100136,106.752,6.81224,0.000741166
643,0.963889,13.0000019073,106.717,5.96844,0.000735528
644,0.966667,12.0000100136,106.687,6.26024,0.000729933
645,0.966667,12.0000100136,106.652,5.96849,0.000724381
646,0.966667,12.0000100136,106.628,5.96846,0.000718871
647,0.966667,12.0000100136,106.603,7.03746,0.000713403
648,0.963889,13.0000019073,106.568,5.96851,0.000707976
649,0.966667,12.0000100136,106.545,6.12654,0.000702591
650,0.963889,13.0000019073,106.516,6.26025,0.000697246
651,0.966667,12.0000100136,106.483,6.26027,0.000691943
652,0.966667,12.0000100136,106.451,5.96855,0.000686679
653,0.969444,10.9999966621,106.432,6.50455,0.000681456
654,0.969444,10.9999966621,106.397,6.39607,0.000676272
655,0.966667,12.0000100136,106.372,6.12654,0.000671128
656,0.966667,12.0000100136,106.349,6.1265,0.000666023
657,0.963889,13.0000019073,106.322,6.26028,0.000660957
658,0.963889,13.0000019073,106.29,6.26029,0.000655929
659,0.969444,10.9999966621,106.26,5.96862,0.00065094
660,0.969444,10.9999966621,106.241,6.12647,0.000645988
661,0.969444,10.9999966621,106.211,6.39605,0.000641074
662,0.966667,12.0000100136,106.184,6.12649,0.000636198
663,0.966667,12.0000100136,106.163,5.96863,0.000631359
664,0.966667,12.0000100136,106.14,6.50445,0.000626556
665,0.966667,12.0000100136,106.108,5.96866,0.00062179
666,0.969444,10.9999966621,106.089,6.50442,0.00061706
667,0.966667,12.0000100136,106.06,6.39601,0.000612367
668,0.966667,12.0000100136,106.035,5.96869,0.000607708
669,0.963889,13.0000019073,106.013,6.50442,0.000603086
670,0.966667,12.0000100136,105.987,5.96869,0.000598498
671,0.966667,12.0000100136,105.964,6.50439,0.000593946
672,0.966667,12.0000100136,105.935,5.96871,0.000589428
673,0.969444,10.9999966621,105.916,6.50435,0.000584944
674,0.966667,12.0000100136,105.891,6.39599,0.000580495
675,0.966667,12.0000100136,105.866,5.96874,0.000576079
676,0.966667,12.0000100136,105.844,6.26037,0.000571697
677,0.966667,12.0000100136,105.824,6.12638,0.000567348
678,0.969444,10.9999966621,105.797,6.26036,0.000563033
679,0.966667,12.0000100136,105.776,5.96875,0.00055875
680,0.969444,10.9999966621,105.753,6.54327,0.0005545
681,0.963889,13.0000019073,105.731,5.96878,0.000550282
682,0.963889,13.0000019073,105.706,5.9688,0.000546096
683,0.966667,12.0000100136,105.684,6.26039,0.000541942
684,0.966667,12.0000100136,105.665,6.12634,0.00053782
685,0.969444,10.9999966621,105.64,6.26038,0.000533729
686,0.969444,10.9999966621,105.617,6.54321,0.000529669
687,0.966667,12.0000100136,105.6,5.96883,0.00052564
688,0.966667,12.0000100136,105.579,6.50424,0.000521641
689,0.963889,13.0000019073,105.554,5.96885,0.000517673
690,0.966667,12.0000100136,105.537,6.1263,0.000513736
691,0.969444,10.9999966621,105.516,6.26039,0.000509828
692,0.969444,10.9999966621,105.492,6.81188,0.00050595
693,0.966667,12.0000100136,105.471,5.96889,0.000502101
694,0.966667,12.0000100136,105.45,6.50421,0.000498282
695,0.966667,12.0000100136,105.431,5.96889,0.000494491
696,0.966667,12.0000100136,105.411,6.1263,0.00049073
697,0.966667,12.0000100136,105.394,6.12627,0.000486997
698,0.966667,12.0000100136,105.374,6.26041,0.000483293
699,0.969444,10.9999966621,105.352,6.39592,0.000479616
700,0.966667,12.0000100136,105.333,6.26044,0.000475968
701,0.966667,12.0000100136,105.311,6.12629,0.000472348
702,0.966667,12.0000100136,105.294,5.96894,0.000468755
703,0.969444,10.9999966621,105.278,6.50413,0.000465189
704,0.966667,12.0000100136,105.257,5.96894,0.000461651
705,0.969444,10.9999966621,105.241,7.0364,0.000458139
706,0.963889,13.0000019073,105.219,5.96897,0.000454654
707,0.966667,12.0000100136,105.2,6.26046,0.000451196
708,0.966667,12.0000100136,105.179,5.969,0.000447763
709,0.966667,12.0000100136,105.167,6.50408,0.000444358
710,0.969444,10.9999966621,105.143,5.969,0.000440977
711,0.969444,10.9999966621,105.128,7.3457,0.000437623
712,0.966667,12.0000100136,105.11,5.96901,0.000434294
713,0.963889,13.0000019073,105.093,5.96901,0.00043099
714,0.966667,12.0000100136,105.074,5.96902,0.000427712
715,0.966667,12.0000100136,105.06,6.1262,0.000424459
716,0.966667,12.0000100136,105.04,5.96903,0.00042123
717,0.969444,10.9999966621,105.024,7.03624,0.000418026
718,0.966667,12.0000100136,105.009,5.96904,0.000414846
719,0.966667,12.0000100136,104.991,6.12619,0.00041169
720,0.963889,13.0000019073,104.974,6.26049,0.000408559
721,0.966667,12.0000100136,104.959,6.12617,0.000405451
722,0.966667,12.0000100136,104.942,5.96905,0.000402367
723,0.969444,10.9999966621,104.926,6.26049,0.000399306
724,0.969444,10.9999966621,104.911,6.12615,0.000396269
725,0.969444,10.9999966621,104.895,6.81169,0.000393255
726,0.966667,12.0000100136,104.876,5.96909,0.000390263
727,0.966667,12.0000100136,104.861,6.50397,0.000387295
728,0.966667,12.0000100136,104.845,5.96909,0.000384349
729,0.969444,10.9999966621,104.83,6.50395,0.000381425
730,0.969444,10.9999966621,104.812,5.9691,0.000378524
731,0.969444,10.9999966621,104.8,6.12613,0.000375644
732,0.969444,10.9999966621,104.786,6.81166,0.000372787
733,0.966667,12.0000100136,104.768,5.96912,0.000369951
734,0.966667,12.0000100136,104.753,6.50393,0.000367137
735,0.966667,12.0000100136,104.738,5.96912,0.000364344
736,0.969444,10.9999966621,104.723,6.12612,0.000361573
737,0.969444,10.9999966621,104.711,6.1261,0.000358823
738,0.969444,10.9999966621,104.698,6.81163,0.000356093
739,0.966667,12.0000100136,104.681,5.96914,0.000353385
740,0.966667,12.0000100136,104.667,6.26053,0.000350696
741,0.969444,10.9999966621,104.65,6.26054,0.000348029
742,0.966667,12.0000100136,104.637,5.96916,0.000345381
743,0.969444,10.9999966621,104.622,6.1261,0.000342754
744,0.969444,10.9999966621,104.611,5.96916,0.000340147
745,0.969444,10.9999966621,104.6,7.03589,0.00033756
746,0.966667,12.0000100136,104.583,5.96918,0.000334992
747,0.966667,12.0000100136,104.569,6.26054,0.000332444
748,0.969444,10.9999966621,104.553,5.9692,0.000329915
749,0.969444,10.9999966621,104.538,5.96921,0.000327405
750,0.969444,10.9999966621,104.527,6.39581,0.000324915
751,0.966667,12.0000100136,104.515,6.12608,0.000322443
752,0.966667,12.0000100136,104.5,5.96922,0.000319991
753,0.966667,12.0000100136,104.49,6.12607,0.000317557
754,0.969444,10.9999966621,104.476,6.26056,0.000315141
755,0.969444,10.9999966621,104.461,5.96923,0.000312744
756,0.969444,10.9999966621,104.453,6.5038,0.000310365
757,0.969444,10.9999966621,104.438,6.3958,0.000308004
758,0.966667,12.0000100136,104.425,6.12606,0.000305661
759,0.966667,12.0000100136,104.415,5.96924,0.000303336
760,0.969444,10.9999966621,104.403,6.26056,0.000301029
761,0.969444,10.9999966621,104.388,6.26057,0.000298739
762,0.969444,10.9999966621,104.377,6.12603,0.000296466
763,0.969444,10.9999966621,104.365,6.39578,0.000294211
764,0.966667,12.0000100136,104.353,6.26058,0.000291973
765,0.966667,12.0000100136,104.339,5.96928,0.000289752
766,0.969444,10.9999966621,104.329,6.50377,0.000287548
767,0.969444,10.9999966621,104.317,6.12603,0.000285361
768,0.969444,10.9999966621,104.305,5.96928,0.00028319
769,0.969444,10.9999966621,104.296,6.50374,0.000281036
770,0.969444,10.9999966621,104.284,6.39577,0.000278899
771,0.966667,12.0000100136,104.272,5.96929,0.000276777
772,0.966667,12.0000100136,104.259,5.9693,0.000274672
773,0.966667,12.0000100136,104.251,6.12601,0.000272582
774,0.969444,10.9999966621,104.239,6.50373,0.000270509
775,0.969444,10.9999966621,104.228,5.9693,0.000268451
776,0.969444,10.9999966621,104.217,7.0356,0.000266409
777,0.966667,12.0000100136,104.206,5.96931,0.000264383
778,0.966667,12.0000100136,104.195,5.96932,0.000262372
779,0.969444,10.9999966621,104.184,6.2606,0.000260376
780,0.969444,10.9999966621,104.175,6.12599,0.000258395
781,0.969444,10.9999966621,104.163,6.2606,0.00025643
782,0.969444,10.9999966621,104.152,6.54222,0.000254479
783,0.966667,12.0000100136,104.141,5.96935,0.000252543
784,0.966667,12.0000100136,104.132,6.12599,0.000250622
785,0.969444,10.9999966621,104.121,5.96935,0.000248716
786,0.969444,10.9999966621,104.113,6.12597,0.000246824
787,0.969444,10.9999966621,104.102,5.96935,0.000244947
788,0.969444,10.9999966621,104.092,6.81146,0.000243083
789,0.966667,12.0000100136,104.081,5.96937,0.000241234
790,0.966667,12.0000100136,104.072,6.50367,0.000239399
791,0.966667,12.0000100136,104.062,5.96937,0.000237578
792,0.969444,10.9999966621,104.053,6.12597,0.000235771
793,0.969444,10.9999966621,104.044,6.12596,0.000233978
794,0.969444,10.9999966621,104.035,6.26062,0.000232198
795,0.969444,10.9999966621,104.025,6.81144,0.000230432
796,0.966667,12.0000100136,104.014,5.96939,0.000228679
797,0.969444,10.9999966621,104.005,6.50365,0.000226939
798,0.966667,12.0000100136,103.996,5.96939,0.000225213
799,0.969444,10.9999966621,103.987,6.12596,0.0002235
800,0.969444,10.9999966621,103.979,6.12594,0.0002218
801,0.969444,10.9999966621,103.971,6.81142,0.000220113
802,0.966667,12.0000100136,103.961,5.9694,0.000218438
803,0.966667,12.0000100136,103.952,6.26064,0.000216777
804,0.966667,12.0000100136,103.944,6.12594,0.000215128
805,0.969444,10.9999966621,103.934,5.96941,0.000213491
806,0.969444,10.9999966621,103.924,6.12594,0.000211868
807,0.969444,10.9999966621,103.917,5.96941,0.000210256
808,0.969444,10.9999966621,103.91,7.03537,0.000208656
809,0.966667,12.0000100136,103.9,5.96943,0.000207069
810,0.969444,10.9999966621,103.891,6.26065,0.000205494
811,0.969444,10.9999966621,103.884,6.12593,0.000203931
812,0.969444,10.9999966621,103.874,5.96943,0.00020238
813,0.969444,10.9999966621,103.867,7.03534,0.00020084
814,0.966667,12.0000100136,103.859,5.96944,0.000199313
815,0.966667,12.0000100136,103.851,6.12592,0.000197797
816,0.969444,10.9999966621,103.843,6.26065,0.000196292
817,0.966667,12.0000100136,103.836,6.12591,0.000194799
818,0.969444,10.9999966621,103.827,5.96944,0.000193317
819,0.969444,10.9999966621,103.818,5.96945,0.000191847
820,0.969444,10.9999966621,103.813,6.1259,0.000190387
821,0.969444,10.9999966621,103.804,6.39571,0.000188939
822,0.966667,12.0000100136,103.796,6.12591,0.000187502
823,0.969444,10.9999966621,103.788,6.26066,0.000186076
824,0.969444,10.9999966621,103.781,6.1259,0.00018466
825,0.969444,10.9999966621,103.773,5.96946,0.000183256
826,0.969444,10.9999966621,103.767,6.81136,0.000181862
827,0.966667,12.0000100136,103.758,5.96948,0.000180478
828,0.966667,12.0000100136,103.753,6.50354,0.000179105
829,0.966667,12.0000100136,103.743,5.96948,0.000177743
830,0.969444,10.9999966621,103.737,6.50354,0.000176391
831,0.969444,10.9999966621,103.729,5.96948,0.000175049
832,0.969444,10.9999966621,103.722,6.50353,0.000173718
833,0.969444,10.9999966621,103.715,6.3957,0.000172396
834,0.966667,12.0000100136,103.708,5.9695,0.000171085
835,0.966667,12.0000100136,103.703,6.50352,0.000169783
836,0.969444,10.9999966621,103.694,5.9695,0.000168492
837,0.969444,10.9999966621,103.687,6.50352,0.00016721
838,0.969444,10.9999966621,103.681,5.9695,0.000165938
839,0.969444,10.9999966621,103.674,6.12588,0.000164676
840,0.969444,10.9999966621,103.668,6.54188,0.000163424
841,0.969444,10.9999966621,103.663,6.81132,0.00016218
842,0.969444,10.9999966621,103.655,5.96951,0.000160947
843,0.969444,10.9999966621,103.648,6.26068,0.000159723
844,0.969444,10.9999966621,103.64,6.26069,0.000158508
845,0.969444,10.9999966621,103.634,5.96951,0.000157302
846,0.969444,10.9999966621,103.628,6.54186,0.000156105
847,0.969444,10.9999966621,103.622,5.96952,0.000154918
848,0.969444,10.9999966621,103.617,6.50349,0.000153739
849,0.969444,10.9999966621,103.609,5.96952,0.00015257
850,0.969444,10.9999966621,103.603,6.26069,0.000151409
851,0.969444,10.9999966621,103.596,5.96953,0.000150258
852,0.969444,10.9999966621,103.591,6.12586,0.000149115
853,0.969444,10.9999966621,103.584,6.39569,0.00014798
854,0.969444,10.9999966621,103.578,6.50348,0.000146855
855,0.969444,10.9999966621,103.573,5.96954,0.000145738
856,0.969444,10.9999966621,103.567,6.12585,0.000144629
857,0.969444,10.9999966621,103.561,6.26069,0.000143529
858,0.969444,10.9999966621,103.556,6.12585,0.000142437
859,0.969444,10.9999966621,103.55,6.39568,0.000141354
860,0.969444,10.9999966621,103.544,6.2607,0.000140279
861,0.969444,10.9999966621,103.538,5.96955,0.000139211
862,0.969444,10.9999966621,103.533,5.96955,0.000138153
863,0.969444,10.9999966621,103.528,6.2607,0.000137102
864,0.969444,10.9999966621,103.521,6.81129,0.000136059
865,0.969444,10.9999966621,103.516,6.12584,0.000135024
866,0.969444,10.9999966621,103.511,6.39567,0.000133997
867,0.969444,10.9999966621,103.505,6.2607,0.000132977
868,0.969444,10.9999966621,103.499,5.96957,0.000131966
869,0.969444,10.9999966621,103.495,6.12583,0.000130962
870,0.969444,10.9999966621,103.488,5.96957,0.000129966
871,0.969444,10.9999966621,103.483,7.03504,0.000128977
872,0.969444,10.9999966621,103.478,5.96958,0.000127996
873,0.969444,10.9999966621,103.473,6.12583,0.000127023
874,0.969444,10.9999966621,103.468,5.96957,0.000126056
875,0.969444,10.9999966621,103.462,5.96958,0.000125098
876,0.969444,10.9999966621,103.459,6.12583,0.000124146
877,0.969444,10.9999966621,103.453,5.96958,0.000123202
878,0.969444,10.9999966621,103.448,7.03501,0.000122264
879,0.969444,10.9999966621,103.442,5.96959,0.000121334
880,0.969444,10.9999966621,103.438,6.12582,0.000120411
881,0.969444,10.9999966621,103.433,5.96959,0.000119496
882,0.969444,10.9999966621,103.428,5.96959,0.000118587
883,0.969444,10.9999966621,103.424,6.12582,0.000117685
884,0.969444,10.9999966621,103.419,6.81125,0.000116789
885,0.969444,10.9999966621,103.414,6.12582,0.000115901
886,0.969444,10.9999966621,103.41,5.96959,0.000115019
887,0.969444,10.9999966621,103.405,6.26072,0.000114144
888,0.969444,10.9999966621,103.4,5.9696,0.000113276
889,0.969444,10.9999966621,103.396,6.5034,0.000112415
890,0.969444,10.9999966621,103.391,5.9696,0.000111559
891,0.969444,10.9999966621,103.387,6.81124,0.000110711
892,0.969444,10.9999966621,103.381,5.96961,0.000109869
893,0.969444,10.9999966621,103.377,6.50341,0.000109033
894,0.969444,10.9999966621,103.373,5.96961,0.000108204
895,0.969444,10.9999966621,103.368,6.12581,0.000107381
896,0.969444,10.9999966621,103.365,6.1258,0.000106564
897,0.969444,10.9999966621,103.361,6.81123,0.000105753
898,0.969444,10.9999966621,103.355,5.96962,0.000104949
899,0.969444,10.9999966621,103.351,6.26073,0.00010415
900,0.969444,10.9999966621,103.347,6.53128,0.000103358
901,0.969444,10.9999966621,103.343,5.96962,0.000102572
902,0.969444,10.9999966621,103.338,6.1258,0.000101792
903,0.969444,10.9999966621,103.335,6.1258,0.000101017
904,0.969444,10.9999966621,103.332,6.81122,0.000100249
905,0.969444,10.9999966621,103.327,5.96963,9.94864e-05
906,0.969444,10.9999966621,103.323,6.26073,9.87296e-05
907,0.969444,10.9999966621,103.319,6.1258,9.79786e-05
908,0.969444,10.9999966621,103.315,5.96963,9.72333e-05
909,0.969444,10.9999966621,103.31,6.54166,9.64937e-05
910,0.969444,10.9999966621,103.307,6.39565,9.57597e-05
911,0.969444,10.9999966621,103.304,6.12579,9.50313e-05
912,0.969444,10.9999966621,103.299,5.96964,9.43084e-05
913,0.969444,10.9999966621,103.296,6.12579,9.35911e-05
914,0.969444,10.9999966621,103.292,6.26073,9.28792e-05
915,0.969444,10.9999966621,103.288,5.96964,9.21727e-05
916,0.969444,10.9999966621,103.285,7.34433,9.14715e-05
917,0.969444,10.9999966621,103.281,5.96964,9.07757e-05
918,0.969444,10.9999966621,103.277,6.12579,9.00852e-05
919,0.969444,10.9999966621,103.273,5.96964,8.94e-05
920,0.969444,10.9999966621,103.27,6.12578,8.87199e-05
921,0.969444,10.9999966621,103.266,6.26074,8.80451e-05
922,0.969444,10.9999966621,103.262,6.39564,8.73754e-05
923,0.969444,10.9999966621,103.259,6.26074,8.67107e-05
924,0.969444,10.9999966621,103.255,6.12579,8.60511e-05
925,0.969444,10.9999966621,103.251,5.96965,8.53966e-05
926,0.969444,10.9999966621,103.248,6.12578,8.4747e-05
927,0.969444,10.9999966621,103.245,5.96965,8.41023e-05
928,0.969444,10.9999966621,103.241,6.8112,8.34626e-05
929,0.969444,10.9999966621,103.237,5.96966,8.28277e-05
930,0.969444,10.9999966621,103.234,6.26075,8.21977e-05
931,0.969444,10.9999966621,103.231,6.12578,8.15724e-05
932,0.969444,10.9999966621,103.227,5.96966,8.09519e-05
933,0.969444,10.9999966621,103.224,6.50335,8.03362e-05
934,0.969444,10.9999966621,103.221,5.96966,7.97251e-05
935,0.969444,10.9999966621,103.218,7.03483,7.91186e-05
936,0.969444,10.9999966621,103.214,5.96967,7.85168e-05
937,0.969444,10.9999966621,103.211,5.96967,7.79196e-05
938,0.969444,10.9999966621,103.208,6.12577,7.73268e-05
939,0.969444,10.9999966621,103.205,5.96967,7.67386e-05
940,0.969444,10.9999966621,103.202,7.03482,7.61549e-05
941,0.969444,10.9999966621,103.199,5.96967,7.55756e-05
942,0.969444,10.9999966621,103.196,6.12577,7.50007e-05
943,0.969444,10.9999966621,103.193,6.26075,7.44302e-05
944,0.969444,10.9999966621,103.19,6.12577,7.38641e-05
945,0.969444,10.9999966621,103.187,5.96967,7.33022e-05
946,0.969444,10.9999966621,103.184,6.26075,7.27446e-05
947,0.969444,10.9999966621,103.181,6.81118,7.21913e-05
948,0.969444,10.9999966621,103.178,6.12577,7.16422e-05
949,0.969444,10.9999966621,103.175,5.96968,7.10972e-05
950,0.969444,10.9999966621,103.173,6.50332,7.05564e-05
951,0.969444,10.9999966621,103.17,6.12576,7.00197e-05
952,0.969444,10.9999966621,103.167,5.96968,6.94871e-05
953,0.969444,10.9999966621,103.164,6.81118,6.89585e-05
954,0.969444,10.9999966621,103.162,6.12576,6.84339e-05
955,0.969444,10.9999966621,103.159,6.39563,6.79134e-05
956,0.969444,10.9999966621,103.156,6.50332,6.73968e-05
957,0.969444,10.9999966621,103.153,5.96969,6.68841e-05
958,0.969444,10.9999966621,103.15,6.12576,6.63754e-05
959,0.969444,10.9999966621,103.148,6.26076,6.58705e-05
960,0.969444,10.9999966621,103.145,6.12575,6.53694e-05
961,0.969444,10.9999966621,103.143,6.81117,6.48722e-05
962,0.969444,10.9999966621,103.14,5.96969,6.43787e-05
963,0.969444,10.9999966621,103.137,6.50331,6.3889e-05
964,0.969444,10.9999966621,103.135,5.96969,6.3403e-05
965,0.969444,10.9999966621,103.132,6.12575,6.29207e-05
966,0.969444,10.9999966621,103.129,6.26076,6.24421e-05
967,0.969444,10.9999966621,103.127,6.12575,6.19671e-05
968,0.969444,10.9999966621,103.124,6.39563,6.14958e-05
969,0.969444,10.9999966621,103.121,5.9697,6.1028e-05
970,0.969444,10.9999966621,103.118,5.9697,6.05638e-05
971,0.969444,10.9999966621,103.116,5.9697,6.01031e-05
972,0.969444,10.9999966621,103.114,6.12575,5.96459e-05
973,0.969444,10.9999966621,103.111,5.9697,5.91922e-05
974,0.969444,10.9999966621,103.109,7.03475,5.87419e-05
975,0.969444,10.9999966621,103.106,5.96971,5.82951e-05
976,0.969444,10.9999966621,103.104,6.12575,5.78517e-05
977,0.969444,10.9999966621,103.101,5.96971,5.74116e-05
978,0.969444,10.9999966621,103.099,6.0952,5.69749e-05
979,0.969444,10.9999966621,103.097,6.12575,5.65415e-05
980,0.969444,10.9999966621,103.094,6.39562,5.61114e-05
981,0.969444,10.9999966621,103.092,6.12575,5.56846e-05
982,0.969444,10.9999966621,103.09,5.96971,5.5261e-05
983,0.969444,10.9999966621,103.088,6.50329,5.48407e-05
984,0.969444,10.9999966621,103.086,5.96971,5.44235e-05
985,0.969444,10.9999966621,103.084,6.50329,5.40095e-05
986,0.969444,10.9999966621,103.081,6.39562,5.35987e-05
987,0.969444,10.9999966621,103.079,5.96971,5.3191e-05
988,0.969444,10.9999966621,103.076,6.12574,5.27864e-05
989,0.969444,10.9999966621,103.075,5.96971,5.23848e-05
990,0.969444,10.9999966621,103.073,6.50329,5.19864e-05
991,0.969444,10.9999966621,103.071,5.96971,5.15909e-05
992,0.969444,10.9999966621,103.069,7.03472,5.11985e-05
993,0.969444,10.9999966621,103.066,5.96972,5.08091e-05
994,0.969444,10.9999966621,103.064,6.26077,5.04226e-05
995,0.969444,10.9999966621,103.062,5.96972,5.0039e-05
996,0.969444,10.9999966621,103.061,6.50328,4.96584e-05
997,0.969444,10.9999966621,103.058,6.39562,4.92806e-05
998,0.969444,10.9999966621,103.057,5.96972,4.89058e-05
999,0.969444,10.9999966621,103.055,6.12573,4.85338e-05
1000,0.969444,10.9999966621,103.053,6.26077,4.81646e-05
1001,0.969444,10.9999966621,103.05,5.96972,4.77982e-05
1002,0.969444,10.9999966621,103.049,6.50328,4.74347e-05
1003,0.969444,10.9999966621,103.047,5.96972,4.70738e-05
1004,0.969444,10.9999966621,103.045,7.0347,4.67157e-05
1005,0.969444,10.9999966621,103.043,5.96972,4.63604e-05
1006,0.969444,10.9999966621,103.041,6.12573,4.60077e-05
1007,0.969444,10.9999966621,103.04,5.96972,4.56578e-05
1008,0.969444,10.9999966621,103.038,6.12573,4.53105e-05
1009,0.969444,10.9999966621,103.036,5.96972,4.49658e-05
1010,0.969444,10.9999966621,103.034,6.26077,4.46238e-05
1011,0.969444,10.9999966621,103.032,6.12573,4.42843e-05
1012,0.969444,10.9999966621,103.03,6.39561,4.39475e-05
1013,0.969444,10.9999966621,103.029,7.03468,4.36132e-05
1014,0.969444,10.9999966621,103.027,5.96973,4.32814e-05
1015,0.969444,10.9999966621,103.025,6.12573,4.29522e-05
1016,0.969444,10.9999966621,103.024,6.26077,4.26255e-05
1017,0.969444,10.9999966621,103.022,6.26078,4.23012e-05
1018,0.969444,10.9999966621,103.02,6.39561,4.19795e-05
1019,0.969444,10.9999966621,103.018,6.50327,4.16601e-05
1020,0.969444,10.9999966621,103.017,5.96973,4.13432e-05
1021,0.969444,10.9999966621,103.015,6.12573,4.10288e-05
1022,0.969444,10.9999966621,103.014,5.96973,4.07167e-05
1023,0.969444,10.9999966621,103.012,6.50326,4.0407e-05
1024,0.969444,10.9999966621,103.01,6.39561,4.00996e-05
1025,0.969444,10.9999966621,103.009,6.26078,3.97946e-05
1026,0.969444,10.9999966621,103.007,5.96974,3.94918e-05
1027,0.969444,10.9999966621,103.006,6.50326,3.91914e-05
1028,0.969444,10.9999966621,103.004,5.96974,3.88933e-05
1029,0.969444,10.9999966621,103.003,6.50326,3.85975e-05
1030,0.969444,10.9999966621,103.001,6.12572,3.83039e-05
1031,0.969444,10.9999966621,102.999,5.96974,3.80125e-05
1032,0.969444,10.9999966621,102.998,6.12572,3.77234e-05
1033,0.969444,10.9999966621,102.996,6.26078,3.74364e-05
1034,0.969444,10.9999966621,102.995,5.96974,3.71516e-05
1035,0.969444,10.9999966621,102.993,6.50326,3.68691e-05
1036,0.969444,10.9999966621,102.992,5.96974,3.65886e-05
1037,0.969444,10.9999966621,102.99,6.50326,3.63103e-05
1038,0.969444,10.9999966621,102.988,6.39561,3.60341e-05
1039,0.969444,10.9999966621,102.987,5.96975,3.576e-05
1040,0.969444,10.9999966621,102.985,6.55271,3.5488e-05
1041,0.969444,10.9999966621,102.984,6.12572,3.5218e-05
1042,0.969444,10.9999966621,102.982,6.26078,3.49501e-05
1043,0.969444,10.9999966621,102.98,6.54144,3.46843e-05
1044,0.969444,10.9999966621,102.979,5.96975,3.44205e-05
1045,0.969444,10.9999966621,102.978,6.50325,3.41586e-05
1046,0.969444,10.9999966621,102.976,5.96975,3.38988e-05
1047,0.969444,10.9999966621,102.975,6.26079,3.3641e-05
1048,0.969444,10.9999966621,102.974,6.12572,3.33851e-05
1049,0.969444,10.9999966621,102.973,6.39561,3.31311e-05
1050,0.969444,10.9999966621,102.971,6.50325,3.28791e-05
1051,0.969444,10.9999966621,102.97,6.09521,3.2629e-05
1052,0.969444,10.9999966621,102.969,6.12572,3.23808e-05
1053,0.969444,10.9999966621,102.968,6.26079,3.21345e-05
1054,0.969444,10.9999966621,102.966,5.96975,3.189e-05
1055,0.969444,10.9999966621,102.965,6.12572,3.16475e-05
1056,0.969444,10.9999966621,102.964,6.81112,3.14067e-05
1057,0.969444,10.9999966621,102.963,6.12572,3.11678e-05
1058,0.969444,10.9999966621,102.961,6.55271,3.09307e-05
1059,0.969444,10.9999966621,102.96,6.12572,3.06955e-05
1060,0.969444,10.9999966621,102.959,5.96976,3.0462e-05
1061,0.969444,10.9999966621,102.958,6.55271,3.02303e-05
1062,0.969444,10.9999966621,102.957,6.12571,3.00003e-05
1063,0.969444,10.9999966621,102.956,6.26079,2.97721e-05
1064,0.969444,10.9999966621,102.954,6.54142,2.95456e-05
1065,0.969444,10.9999966621,102.953,5.96976,2.93209e-05
1066,0.969444,10.9999966621,102.952,6.50324,2.90978e-05
1067,0.969444,10.9999966621,102.951,5.96976,2.88765e-05
1068,0.969444,10.9999966621,102.95,6.12571,2.86569e-05
1069,0.969444,10.9999966621,102.949,6.26079,2.84389e-05
1070,0.969444,10.9999966621,102.948,6.81111,2.82226e-05
1071,0.969444,10.9999966621,102.947,6.12571,2.80079e-05
1072,0.969444,10.9999966621,102.946,5.96976,2.77948e-05
1073,0.969444,10.9999966621,102.945,6.50324,2.75834e-05
1074,0.969444,10.9999966621,102.943,5.96976,2.73736e-05
1075,0.969444,10.9999966621,102.943,6.12571,2.71654e-05
1076,0.969444,10.9999966621,102.941,6.81111,2.69587e-05
1077,0.969444,10.9999966621,102.94,5.96976,2.67537e-05
1078,0.969444,10.9999966621,102.939,6.53109,2.65502e-05
1079,0.969444,10.9999966621,102.938,6.12571,2.63482e-05
1080,0.969444,10.9999966621,102.937,5.96976,2.61478e-05
1081,0.969444,10.9999966621,102.936,7.03461,2.59489e-05
1082,0.969444,10.9999966621,102.936,5.96976,2.57515e-05
1083,0.969444,10.9999966621,102.934,6.1257,2.55556e-05
1084,0.969444,10.9999966621,102.933,6.26079,2.53612e-05
1085,0.969444,10.9999966621,102.932,6.09521,2.51683e-05
1086,0.969444,10.9999966621,102.932,6.50323,2.49768e-05
1087,0.969444,10.9999966621,102.93,6.3956,2.47868e-05
1088,0.969444,10.9999966621,102.93,5.96976,2.45983e-05
1089,0.969444,10.9999966621,102.929,6.50323,2.44112e-05
1090,0.969444,10.9999966621,102.928,5.96976,2.42255e-05
1091,0.969444,10.9999966621,102.927,6.26079,2.40412e-05
1092,0.969444,10.9999966621,102.926,6.1257,2.38584e-05
1093,0.969444,10.9999966621,102.925,6.8111,2.36769e-05
1094,0.969444,10.9999966621,102.924,6.1257,2.34968e-05
1095,0.969444,10.9999966621,102.923,6.26079,2.3318e-05
1096,0.969444,10.9999966621,102.922,6.1257,2.31407e-05
1097,0.969444,10.9999966621,102.921,6.26079,2.29646e-05
1098,0.969444,10.9999966621,102.92,5.96976,2.279e-05
1099,0.969444,10.9999966621,102.919,6.50322,2.26166e-05
1100,0.969444,10.9999966621,102.918,6.39559,2.24446e-05
1101,0.969444,10.9999966621,102.917,6.50322,2.22738e-05
1102,0.969444,10.9999966621,102.916,5.96976,2.21044e-05
1103,0.969444,10.9999966621,102.916,6.26079,2.19363e-05
1104,0.969444,10.9999966621,102.915,5.96977,2.17694e-05
1105,0.969444,10.9999966621,102.914,6.1257,2.16038e-05
1106,0.969444,10.9999966621,102.913,6.8111,2.14395e-05
1107,0.969444,10.9999966621,102.912,5.96977,2.12764e-05
1108,0.969444,10.9999966621,102.911,6.50322,2.11146e-05
1109,0.969444,10.9999966621,102.91,5.96977,2.09539e-05
1110,0.969444,10.9999966621,102.909,6.50322,2.07945e-05
1111,0.969444,10.9999966621,102.909,5.96977,2.06364e-05
1112,0.969444,10.9999966621,102.908,7.03459,2.04794e-05
1113,0.969444,10.9999966621,102.907,5.96977,2.03236e-05
1114,0.969444,10.9999966621,102.906,6.1257,2.0169e-05
1115,0.969444,10.9999966621,102.906,6.50322,2.00156e-05
1116,0.969444,10.9999966621,102.904,5.96977,1.98633e-05
1117,0.969444,10.9999966621,102.904,6.26079,1.97123e-05
1118,0.969444,10.9999966621,102.903,5.96977,1.95623e-05
1119,0.969444,10.9999966621,102.902,6.81109,1.94135e-05
1120,0.969444,10.9999966621,102.901,6.50322,1.92658e-05
1121,0.969444,10.9999966621,102.9,5.96977,1.91193e-05
1122,0.969444,10.9999966621,102.899,6.50322,1.89739e-05
1123,0.969444,10.9999966621,102.899,5.96977,1.88295e-05
1124,0.969444,10.9999966621,102.898,6.1257,1.86863e-05
1125,0.969444,10.9999966621,102.897,6.39559,1.85442e-05
1126,0.969444,10.9999966621,102.896,5.96977,1.84031e-05
1127,0.969444,10.9999966621,102.895,5.96977,1.82631e-05
1128,0.969444,10.9999966621,102.895,6.1257,1.81242e-05
1129,0.969444,10.9999966621,102.894,5.96977,1.79863e-05
1130,0.969444,10.9999966621,102.894,6.50322,1.78495e-05
1131,0.969444,10.9999966621,102.892,6.54137,1.77137e-05
1132,0.969444,10.9999966621,102.892,5.96978,1.7579e-05
1133,0.969444,10.9999966621,102.891,6.1257,1.74453e-05
1134,0.969444,10.9999966621,102.89,5.96978,1.73126e-05
1135,0.969444,10.9999966621,102.89,6.50321,1.71809e-05
1136,0.969444,10.9999966621,102.889,5.96978,1.70502e-05
1137,0.969444,10.9999966621,102.888,7.03457,1.69205e-05
1138,0.969444,10.9999966621,102.887,6.09521,1.67918e-05
1139,0.969444,10.9999966621,102.887,6.12569,1.66641e-05
1140,0.969444,10.9999966621,102.886,5.96978,1.65373e-05
1141,0.969444,10.9999966621,102.885,6.50321,1.64115e-05
1142,0.969444,10.9999966621,102.885,5.96978,1.62867e-05
1143,0.969444,10.9999966621,102.884,6.2608,1.61628e-05
1144,0.969444,10.9999966621,102.883,5.96978,1.60398e-05
1145,0.969444,10.9999966621,102.882,6.50321,1.59178e-05
1146,0.969444,10.9999966621,102.882,6.54137,1.57967e-05
1147,0.969444,10.9999966621,102.881,6.1257,1.56766e-05
1148,0.969444,10.9999966621,102.88,6.53106,1.55573e-05
1149,0.969444,10.9999966621,102.88,6.1257,1.5439e-05
1150,0.969444,10.9999966621,102.879,6.50321,1.53216e-05
1151,0.969444,10.9999966621,102.879,5.96978,1.5205e-05
1152,0.969444,10.9999966621,102.878,6.50321,1.50894e-05
1153,0.969444,10.9999966621,102.877,6.50321,1.49746e-05
1154,0.969444,10.9999966621,102.877,5.96978,1.48607e-05
1155,0.969444,10.9999966621,102.876,6.2608,1.47476e-05
1156,0.969444,10.9999966621,102.875,5.96978,1.46354e-05
1157,0.969444,10.9999966621,102.875,6.50321,1.45241e-05
1158,0.969444,10.9999966621,102.874,5.96979,1.44136e-05
1159,0.969444,10.9999966621,102.873,6.1257,1.4304e-05
1160,0.969444,10.9999966621,102.873,6.1257,1.41952e-05
1161,0.969444,10.9999966621,102.872,6.2608,1.40872e-05
1162,0.969444,10.9999966621,102.872,5.96979,1.39801e-05
1163,0.969444,10.9999966621,102.871,6.50321,1.38737e-05
1164,0.969444,10.9999966621,102.871,6.1257,1.37682e-05
1165,0.969444,10.9999966621,102.87,6.55271,1.36635e-05
1166,0.969444,10.9999966621,102.869,5.96979,1.35595e-05
1167,0.969444,10.9999966621,102.869,6.1257,1.34564e-05
1168,0.969444,10.9999966621,102.868,6.81109,1.3354e-05
1169,0.969444,10.9999966621,102.868,5.96979,1.32524e-05
1170,0.969444,10.9999966621,102.867,5.96979,1.31516e-05
1171,0.969444,10.9999966621,102.867,6.50321,1.30516e-05
1172,0.969444,10.9999966621,102.866,6.2608,1.29523e-05
1173,0.969444,10.9999966621,102.865,5.96979,1.28538e-05
1174,0.969444,10.9999966621,102.865,6.50321,1.2756e-05
1175,0.969444,10.9999966621,102.864,5.96979,1.2659e-05
1176,0.969444,10.9999966621,102.863,6.2608,1.25627e-05
1177,0.969444,10.9999966621,102.863,5.96979,1.24671e-05
1178,0.969444,10.9999966621,102.862,5.96979,1.23723e-05
1179,0.969444,10.9999966621,102.861,6.70909,1.22782e-05
1180,0.969444,10.9999966621,102.861,6.54136,1.21848e-05
1181,0.969444,10.9999966621,102.86,5.9698,1.20921e-05
1182,0.969444,10.9999966621,102.86,6.55272,1.20001e-05
1183,0.969444,10.9999966621,102.859,6.1257,1.19088e-05
1184,0.969444,10.9999966621,102.858,6.81109,1.18182e-05
1185,0.969444,10.9999966621,102.858,6.1257,1.17284e-05
1186,0.969444,10.9999966621,102.857,6.50321,1.16391e-05
1187,0.969444,10.9999966621,102.857,6.1257,1.15506e-05
1188,0.969444,10.9999966621,102.856,5.9698,1.14627e-05
1189,0.969444,10.9999966621,102.856,6.3956,1.13756e-05
1190,0.969444,10.9999966621,102.855,6.1257,1.1289e-05
1191,0.969444,10.9999966621,102.855,6.26081,1.12031e-05
1192,0.969444,10.9999966621,102.854,5.9698,1.11179e-05
1193,0.969444,10.9999966621,102.854,6.53105,1.10334e-05
1194,0.969444,10.9999966621,102.853,5.9698,1.09494e-05
1195,0.969444,10.9999966621,102.853,5.9698,1.08661e-05
1196,0.969444,10.9999966621,102.853,6.1257,1.07835e-05
1197,0.969444,10.9999966621,102.852,5.9698,1.07015e-05
1198,0.969444,10.9999966621,102.852,6.54135,1.06201e-05
1199,0.969444,10.9999966621,102.852,5.9698,1.05393e-05
1200,0.969444,10.9999966621,102.851,6.1257,1.04591e-05
1201,0.969444,10.9999966621,102.851,5.9698,1.03795e-05
1202,0.969444,10.9999966621,102.851,5.9698,1.03006e-05
1203,0.969444,10.9999966621,102.85,5.9698,1.02222e-05
1204,0.969444,10.9999966621,102.85,6.1257,1.01445e-05
1205,0.969444,10.9999966621,102.849,6.2608,1.00673e-05
1206,0.969444,10.9999966621,102.849,6.2608,9.99073e-06
1207,0.969444,10.9999966621,102.849,5.9698,9.91474e-06
1208,0.969444,10.9999966621,102.848,5.9698,9.83932e-06
1209,0.969444,10.9999966621,102.848,6.5032,9.76448e-06
1210,0.969444,10.9999966621,102.848,5.9698,9.6902e-06
1211,0.969444,10.9999966621,102.847,6.81936,9.61649e-06
1212,0.969444,10.9999966621,102.847,6.12569,9.54335e-06
1213,0.969444,10.9999966621,102.847,5.9698,9.47075e-06
1214,0.969444,10.9999966621,102.847,6.12569,9.39871e-06
1215,0.969444,10.9999966621,102.846,5.9698,9.32721e-06
1216,0.969444,10.9999966621,102.846,6.12569,9.25627e-06
1217,0.969444,10.9999966621,102.846,6.2608,9.18586e-06
1218,0.969444,10.9999966621,102.845,6.2608,9.11599e-06
1219,0.969444,10.9999966621,102.845,6.12569,9.04664e-06
1220,0.969444,10.9999966621,102.845,5.96979,8.97783e-06
1221,0.969444,10.9999966621,102.845,6.2608,8.90953e-06
1222,0.969444,10.9999966621,102.844,5.96979,8.84176e-06
1223,0.969444,10.9999966621,102.844,6.2608,8.77451e-06
1224,0.969444,10.9999966621,102.844,5.96979,8.70776e-06
1225,0.969444,10.9999966621,102.844,6.81108,8.64153e-06
1226,0.969444,10.9999966621,102.843,5.96979,8.57579e-06
1227,0.969444,10.9999966621,102.843,6.12569,8.51056e-06
1228,0.969444,10.9999966621,102.843,6.09522,8.44583e-06
1229,0.969444,10.9999966621,102.843,5.96979,8.38157e-06
1230,0.969444,10.9999966621,102.842,6.81108,8.31782e-06
1231,0.969444,10.9999966621,102.842,5.96979,8.25455e-06
1232,0.969444,10.9999966621,102.842,5.96979,8.19176e-06
1233,0.969444,10.9999966621,102.842,6.2608,8.12945e-06
1234,0.969444,10.9999966621,102.842,5.96979,8.06761e-06
1235,0.969444,10.9999966621,102.841,6.39558,8.00625e-06
1236,0.969444,10.9999966621,102.841,6.2608,7.94534e-06
1237,0.969444,10.9999966621,102.841,5.96979,7.8849e-06
1238,0.969444,10.9999966621,102.841,5.96979,7.82492e-06
1239,0.969444,10.9999966621,102.841,5.96979,7.7654e-06
1240,0.969444,10.9999966621,102.84,6.81108,7.70634e-06
1241,0.969444,10.9999966621,102.84,5.96979,7.64772e-06
1242,0.969444,10.9999966621,102.84,6.2608,7.58954e-06
1243,0.969444,10.9999966621,102.84,5.96979,7.53181e-06
1244,0.969444,10.9999966621,102.839,5.96979,7.47452e-06
1245,0.969444,10.9999966621,102.839,6.81108,7.41766e-06
1246,0.969444,10.9999966621,102.839,5.96979,7.36124e-06
1247,0.969444,10.9999966621,102.838,5.96979,7.30524e-06
1248,0.969444,10.9999966621,102.838,5.96979,7.24968e-06
1249,0.969444,10.9999966621,102.838,7.36329,7.19453e-06
1250,0.969444,10.9999966621,102.838,5.96979,7.13981e-06
1251,0.969444,10.9999966621,102.838,6.2608,7.08549e-06
1252,0.969444,10.9999966621,102.838,6.12568,7.03159e-06
1253,0.969444,10.9999966621,102.837,5.96979,6.97811e-06
1254,0.969444,10.9999966621,102.837,6.39558,6.92503e-06
1255,0.969444,10.9999966621,102.837,6.12568,6.87235e-06
1256,0.969444,10.9999966621,102.837,5.96979,6.82008e-06
1257,0.969444,10.9999966621,102.836,5.96979,6.7682e-06
1258,0.969444,10.9999966621,102.836,6.81107,6.71672e-06
1259,0.969444,10.9999966621,102.836,5.96979,6.66562e-06
1260,0.969444,10.9999966621,102.836,6.55272,6.61492e-06
1261,0.969444,10.9999966621,102.836,6.12568,6.5646e-06
1262,0.969444,10.9999966621,102.835,6.09522,6.51467e-06
1263,0.969444,10.9999966621,102.835,6.12568,6.46511e-06
1264,0.969444,10.9999966621,102.835,6.39558,6.41594e-06
1265,0.969444,10.9999966621,102.835,5.96979,6.36713e-06
1266,0.969444,10.9999966621,102.835,6.39558,6.31869e-06
1267,0.969444,10.9999966621,102.834,7.03453,6.27063e-06
1268,0.969444,10.9999966621,102.834,6.81107,6.22293e-06
1269,0.969444,10.9999966621,102.834,5.96979,6.1756e-06
1270,0.969444,10.9999966621,102.834,6.09522,6.12862e-06
1271,0.969444,10.9999966621,102.834,6.12568,6.08201e-06
1272,0.969444,10.9999966621,102.833,7.03453,6.03574e-06
1273,0.969444,10.9999966621,102.833,5.96979,5.98983e-06
1274,0.969444,10.9999966621,102.833,5.96979,5.94426e-06
1275,0.969444,10.9999966621,102.833,6.2608,5.89905e-06
1276,0.969444,10.9999966621,102.833,5.96979,5.85418e-06
1277,0.969444,10.9999966621,102.833,7.03452,5.80965e-06
1278,0.969444,10.9999966621,102.832,5.96979,5.76546e-06
1279,0.969444,10.9999966621,102.832,5.96979,5.7216e-06
1280,0.969444,10.9999966621,102.832,5.96979,5.67808e-06
1281,0.969444,10.9999966621,102.832,6.2608,5.63488e-06
1282,0.969444,10.9999966621,102.832,6.39558,5.59202e-06
1283,0.969444,10.9999966621,102.832,6.12568,5.54949e-06
1284,0.969444,10.9999966621,102.832,6.2608,5.50727e-06
1285,0.969444,10.9999966621,102.832,5.96979,5.46538e-06
1286,0.969444,10.9999966621,102.831,6.81107,5.42381e-06
1287,0.969444,10.9999966621,102.831,5.96979,5.38255e-06
1288,0.969444,10.9999966621,102.831,5.96979,5.34161e-06
1289,0.969444,10.9999966621,102.831,5.96979,5.30097e-06
1290,0.969444,10.9999966621,102.831,6.39558,5.26065e-06
1291,0.969444,10.9999966621,102.831,6.12567,5.22064e-06
1292,0.969444,10.9999966621,102.83,6.2608,5.18092e-06
1293,0.969444,10.9999966621,102.83,5.96979,5.14151e-06
1294,0.969444,10.9999966621,102.83,5.96979,5.10241e-06
1295,0.969444,10.9999966621,102.83,6.81107,5.06359e-06
1296,0.969444,10.9999966621,102.83,6.39558,5.02507e-06
1297,0.969444,10.9999966621,102.829,5.96979,4.98685e-06
1298,0.969444,10.9999966621,102.829,5.96979,4.94892e-06
1299,0.969444,10.9999966621,102.829,6.2608,4.91127e-06
1300,0.969444,10.9999966621,102.829,6.50318,4.87391e-06
1301,0.969444,10.9999966621,102.829,5.96979,4.83684e-06
1302,0.969444,10.9999966621,102.829,6.81107,4.80005e-06
1303,0.969444,10.9999966621,102.828,5.96979,4.76354e-06
1304,0.969444,10.9999966621,102.828,6.81107,4.7273e-06
1305,0.969444,10.9999966621,102.828,6.2608,4.69134e-06
1306,0.969444,10.9999966621,102.828,6.12567,4.65566e-06
1307,0.969444,10.9999966621,102.828,6.54131,4.62024e-06
1308,0.969444,10.9999966621,102.828,5.96979,4.5851e-06
1309,0.969444,10.9999966621,102.828,6.50318,4.55022e-06
1310,0.969444,10.9999966621,102.828,5.96979,4.51561e-06
1311,0.969444,10.9999966621,102.827,6.81106,4.48126e-06
1312,0.969444,10.9999966621,102.827,6.81106,4.44717e-06
1313,0.969444,10.9999966621,102.827,6.39557,4.41334e-06
1314,0.969444,10.9999966621,102.827,5.96979,4.37977e-06
1315,0.969444,10.9999966621,102.827,6.81106,4.34646e-06
1316,0.969444,10.9999966621,102.827,5.96979,4.3134e-06
1317,0.969444,10.9999966621,102.827,6.2608,4.28059e-06
1318,0.969444,10.9999966621,102.826,6.2608,4.24803e-06
1319,0.969444,10.9999966621,102.826,5.96979,4.21571e-06
1320,0.969444,10.9999966621,102.826,6.2608,4.18364e-06
1321,0.969444,10.9999966621,102.826,6.81106,4.15182e-06
1322,0.969444,10.9999966621,102.826,6.54131,4.12024e-06
1323,0.969444,10.9999966621,102.826,5.96979,4.0889e-06
1324,0.969444,10.9999966621,102.826,6.39557,4.05779e-06
1325,0.969444,10.9999966621,102.825,6.50318,4.02693e-06
1326,0.969444,10.9999966621,102.825,5.96979,3.99629e-06
1327,0.969444,10.9999966621,102.825,6.39557,3.9659e-06
1328,0.969444,10.9999966621,102.825,5.96979,3.93573e-06
1329,0.969444,10.9999966621,102.825,6.39557,3.90579e-06
1330,0.969444,10.9999966621,102.825,5.96979,3.87608e-06
1331,0.969444,10.9999966621,102.825,6.81106,3.8466e-06
1332,0.969444,10.9999966621,102.824,6.26079,3.81734e-06
1333,0.969444,10.9999966621,102.824,6.39557,3.7883e-06
1334,0.969444,10.9999966621,102.824,5.96979,3.75948e-06
1335,0.969444,10.9999966621,102.824,6.39557,3.73089e-06
1336,0.969444,10.9999966621,102.824,5.96979,3.70251e-06
1337,0.969444,10.9999966621,102.824,5.96979,3.67434e-06
1338,0.969444,10.9999966621,102.824,5.96979,3.64639e-06
1339,0.969444,10.9999966621,102.824,5.96978,3.61866e-06
1340,0.969444,10.9999966621,102.824,5.96978,3.59113e-06
1341,0.969444,10.9999966621,102.824,5.96978,3.56381e-06
1342,0.969444,10.9999966621,102.823,5.96978,3.5367e-06
1343,0.969444,10.9999966621,102.823,5.96978,3.5098e-06
1344,0.969444,10.9999966621,102.823,5.96978,3.48311e-06
1345,0.969444,10.9999966621,102.823,6.5413,3.45661e-06
1346,0.969444,10.9999966621,102.823,5.96978,3.43032e-06
1347,0.969444,10.9999966621,102.823,5.96978,3.40422e-06
1348,0.969444,10.9999966621,102.823,5.96978,3.37833e-06
1349,0.969444,10.9999966621,102.823,6.26079,3.35263e-06
1350,0.969444,10.9999966621,102.823,6.39556,3.32713e-06
1351,0.969444,10.9999966621,102.823,5.96978,3.30182e-06
1352,0.969444,10.9999966621,102.822,5.96978,3.2767e-06
1353,0.969444,10.9999966621,102.822,5.96978,3.25178e-06
1354,0.969444,10.9999966621,102.822,6.50317,3.22704e-06
1355,0.969444,10.9999966621,102.822,6.39556,3.2025e-06
1356,0.969444,10.9999966621,102.822,5.96978,3.17814e-06
1357,0.969444,10.9999966621,102.822,5.96978,3.15396e-06
1358,0.969444,10.9999966621,102.822,5.96978,3.12997e-06
1359,0.969444,10.9999966621,102.822,5.96978,3.10616e-06
0.969444,102.822,4.8447418212890625,0.984375,0.708664541047,0.154100203759
