63,10,0.9,2,1000, .1 
0,0.491667,182.999997139,3.8257e+06,1506.35,0.0999707
1,0.513889,174.999997616,3.18963e+06,1339.33,0.099883
2,0.525,171.000008583,2.70134e+06,1209.82,0.0997953
3,0.544444,164.000000954,2.29416e+06,1086.89,0.0997078
4,0.572222,153.999996185,1.97651e+06,979.067,0.0996203
5,0.591667,147.000010014,1.71555e+06,896.712,0.0995328
6,0.611111,140.000002384,1.49382e+06,827.592,0.0994455
7,0.622222,135.999991894,1.30519e+06,777.256,0.0993582
8,0.636111,130.99998951,1.13978e+06,727.23,0.099271
9,0.644444,127.999992371,990008.0,695.287,0.0991839
10,0.666667,119.999992847,861391.0,645.805,0.0990968
11,0.688889,111.999993324,746752.0,597.591,0.0990099
12,0.694444,110.000009537,650813.0,561.365,0.098923
13,0.716667,102.000010014,566981.0,522.672,0.0988362
14,0.725,98.9999914169,490965.0,500.539,0.0987494
15,0.747222,90.9999918938,426314.0,442.022,0.0986627
16,0.755556,87.9999947548,372371.0,422.835,0.0985762
17,0.766667,84.000005722,326482.0,391.68,0.0984896
18,0.783333,77.9999899864,286436.0,354.903,0.0984032
19,0.808333,68.9999985695,252733.0,323.65,0.0983168
20,0.819444,65.0000095367,224758.0,305.082,0.0982306
21,0.830556,60.9999990463,200990.0,272.527,0.0981444
22,0.833333,60.0000071526,181342.0,250.158,0.0980582
23,0.838889,58.0000019073,164093.0,233.713,0.0979722
24,0.838889,58.0000019073,148571.0,230.595,0.0978862
25,0.852778,52.9999995232,134006.0,210.072,0.0978003
26,0.861111,50.0000023842,121622.0,201.537,0.0977144
27,0.863889,49.0000104904,110258.0,189.515,0.0976287
28,0.861111,50.0000023842,100117.0,181.838,0.097543
29,0.861111,50.0000023842,90809.4,173.562,0.0974574
30,0.863889,49.0000104904,81795.2,166.507,0.0973719
31,0.872222,45.9999918938,73792.0,152.214,0.0972864
32,0.872222,45.9999918938,67546.2,145.278,0.097201
33,0.872222,45.9999918938,61519.5,139.364,0.0971157
34,0.872222,45.9999918938,56190.3,131.148,0.0970305
35,0.875,45.0,51360.8,129.029,0.0969453
36,0.875,45.0,47012.6,123.115,0.0968603
37,0.875,45.0,43026.3,117.729,0.0967753
38,0.880556,42.9999947548,39435.8,112.787,0.0966903
39,0.886111,40.9999895096,36039.7,104.01,0.0966055
40,0.894444,37.9999923706,33526.3,96.8084,0.0965207
41,0.905556,34.0000033379,31482.2,91.0656,0.096436
42,0.905556,34.0000033379,29533.3,86.8925,0.0963513
43,0.908333,32.9999899864,27565.1,86.1488,0.0962668
44,0.913889,31.0000061989,25762.7,78.7017,0.0961823
45,0.913889,31.0000061989,24260.5,76.9194,0.0960979
46,0.919444,29.0000009537,22770.5,77.0603,0.0960135
47,0.913889,31.0000061989,21365.6,74.6971,0.0959293
48,0.916667,29.9999928474,19978.0,74.7541,0.0958451
49,0.922222,28.0000090599,18790.8,70.2567,0.095761
50,0.930556,24.9999904633,17750.7,66.9677,0.0956769
51,0.936111,23.0000066757,16959.8,52.8164,0.095593
52,0.941667,21.0000014305,16300.7,49.501,0.0955091
53,0.941667,21.0000014305,15833.1,49.5504,0.0954253
54,0.941667,21.0000014305,15279.5,49.1092,0.0953415
55,0.944444,20.0000095367,14864.0,49.6306,0.0952578
56,0.941667,21.0000014305,14337.7,51.7269,0.0951742
57,0.941667,21.0000014305,13937.0,51.8277,0.0950907
58,0.944444,20.0000095367,13409.3,44.2763,0.0950073
59,0.947222,18.9999961853,13009.6,46.0977,0.0949239
60,0.947222,18.9999961853,12533.6,46.228,0.0948406
61,0.947222,18.9999961853,12140.4,46.3671,0.0947573
62,0.95,18.0000042915,11692.2,43.1718,0.0946742
63,0.95,18.0000042915,11332.5,39.3964,0.0945911
64,0.95,18.0000042915,11043.6,43.3358,0.0945081
65,0.952778,16.9999909401,10640.5,38.8349,0.0944251
66,0.958333,15.0000071526,10337.1,37.0861,0.0943423
67,0.958333,15.0000071526,10012.0,37.1803,0.0942595
68,0.955556,15.9999990463,9697.02,35.3559,0.0941767
69,0.961111,13.9999938011,9408.84,38.1829,0.0940941
70,0.955556,15.9999990463,9214.08,38.9897,0.0940115
71,0.963889,13.0000019073,8890.3,33.492,0.093929
72,0.952778,16.9999909401,8787.49,44.1831,0.0938466
73,0.963889,13.0000019073,8586.06,35.2377,0.0937642
74,0.966667,12.0000100136,8298.04,33.0619,0.0936819
75,0.958333,15.0000071526,8121.12,31.0535,0.0935997
76,0.966667,12.0000100136,8011.66,32.5161,0.0935176
77,0.961111,13.9999938011,7893.31,36.13,0.0934355
78,0.966667,12.0000100136,7780.47,32.4893,0.0933535
79,0.966667,12.0000100136,7579.78,28.3595,0.0932716
80,0.963889,13.0000019073,7523.64,34.8918,0.0931897
81,0.963889,13.0000019073,7376.8,34.8969,0.0931079
82,0.966667,12.0000100136,7171.59,28.4022,0.0930262
83,0.966667,12.0000100136,7099.82,32.4374,0.0929446
84,0.963889,13.0000019073,6919.54,33.8256,0.092863
85,0.966667,12.0000100136,6827.27,32.4407,0.0927815
86,0.966667,12.0000100136,6672.13,23.0818,0.0927001
87,0.966667,12.0000100136,6667.36,33.5451,0.0926187
88,0.975,8.99999141693,6588.59,31.6456,0.0925374
89,0.975,8.99999141693,6533.77,32.0068,0.0924562
90,0.977778,7.99999952316,6443.72,32.5033,0.0923751
91,0.977778,7.99999952316,6370.34,26.0732,0.092294
92,0.975,8.99999141693,6327.29,33.2196,0.092213
93,0.977778,7.99999952316,6255.93,26.0284,0.0921321
94,0.972222,10.0000047684,6311.18,40.1342,0.0920512
95,0.980556,7.00000762939,6185.56,26.6587,0.0919704
96,0.977778,7.99999952316,6065.4,25.9601,0.0918897
97,0.975,8.99999141693,6129.69,37.1779,0.0918091
98,0.980556,7.00000762939,6015.61,26.5779,0.0917285
99,0.977778,7.99999952316,5991.1,32.1075,0.091648
100,0.975,8.99999141693,5841.57,26.5517,0.0915676
101,0.975,8.99999141693,5914.85,35.5906,0.0914872
102,0.980556,7.00000762939,5803.38,26.4757,0.0914069
103,0.977778,7.99999952316,5683.08,25.7454,0.0913267
104,0.972222,10.0000047684,5735.36,39.3511,0.0912465
105,0.977778,7.99999952316,5663.32,30.1481,0.0911665
106,0.975,8.99999141693,5651.84,30.9785,0.0910864
107,0.975,8.99999141693,5546.27,44.5137,0.0910065
108,0.977778,7.99999952316,5431.6,31.6043,0.0909266
109,0.972222,10.0000047684,5363.82,32.641,0.0908468
110,0.977778,7.99999952316,5372.24,34.1012,0.0907671
111,0.975,8.99999141693,5403.4,43.8095,0.0906875
112,0.983333,5.99999427795,5268.91,29.7199,0.0906079
113,0.977778,7.99999952316,5262.31,38.2632,0.0905283
114,0.977778,7.99999952316,5213.37,43.9277,0.0904489
115,0.980556,7.00000762939,5186.03,29.2456,0.0903695
116,0.980556,7.00000762939,5114.61,39.1195,0.0902902
117,0.975,8.99999141693,5152.67,43.7528,0.090211
118,0.983333,5.99999427795,5035.51,29.6133,0.0901318
119,0.980556,7.00000762939,5027.94,39.0465,0.0900527
120,0.980556,7.00000762939,4944.35,39.0341,0.0899737
121,0.977778,7.99999952316,4861.31,39.721,0.0898947
122,0.975,8.99999141693,4858.51,43.8137,0.0898158
123,0.977778,7.99999952316,4846.21,33.9504,0.089737
124,0.975,8.99999141693,4835.99,43.7661,0.0896582
125,0.980556,7.00000762939,4737.55,38.9459,0.0895795
126,0.977778,7.99999952316,4742.21,38.0937,0.0895009
127,0.980556,7.00000762939,4671.86,38.9189,0.0894224
128,0.980556,7.00000762939,4589.26,38.9092,0.0893439
129,0.975,8.99999141693,4652.84,43.7349,0.0892655
130,0.980556,7.00000762939,4506.32,38.8731,0.0891871
131,0.975,8.99999141693,4539.57,43.7143,0.0891089
132,0.977778,7.99999952316,4424.41,39.5287,0.0890307
133,0.977778,7.99999952316,4385.79,38.0579,0.0889525
134,0.977778,7.99999952316,4395.9,41.683,0.0888745
135,0.980556,7.00000762939,4295.29,38.8009,0.0887965
136,0.975,8.99999141693,4320.66,43.7782,0.0887185
137,0.977778,7.99999952316,4291.14,37.9965,0.0886407
138,0.980556,7.00000762939,4226.07,38.7565,0.0885629
139,0.980556,7.00000762939,4144.18,38.7503,0.0884852
140,0.975,8.99999141693,4200.07,43.7314,0.0884075
141,0.980556,7.00000762939,4059.17,38.7214,0.0883299
142,0.975,8.99999141693,4081.16,43.7199,0.0882524
143,0.980556,7.00000762939,3973.64,38.6939,0.0881749
144,0.977778,7.99999952316,3979.85,37.9288,0.0880976
145,0.980556,7.00000762939,3914.54,38.6454,0.0880203
146,0.977778,7.99999952316,3849.16,39.3428,0.087943
147,0.980556,7.00000762939,3781.52,38.6508,0.0878658
148,0.975,8.99999141693,3835.31,43.7577,0.0877887
149,0.980556,7.00000762939,3694.45,38.6275,0.0877117
150,0.975,8.99999141693,3711.48,43.7534,0.0876347
151,0.980556,7.00000762939,3606.62,38.6057,0.0875578
152,0.980556,7.00000762939,3534.1,38.5706,0.0874809
153,0.977778,7.99999952316,3527.15,37.9186,0.0874042
154,0.980556,7.00000762939,3464.19,38.5623,0.0873274
155,0.977778,7.99999952316,3466.73,43.6988,0.0872508
156,0.980556,7.00000762939,3346.15,38.5673,0.0871742
157,0.977778,7.99999952316,3351.36,37.8999,0.0870977
158,0.980556,7.00000762939,3284.15,38.5284,0.0870213
159,0.980556,7.00000762939,3212.08,39.6719,0.0869449
160,0.975,8.99999141693,3177.72,45.5141,0.0868686
161,0.980556,7.00000762939,3136.61,38.5241,0.0867924
162,0.983333,5.99999427795,3071.39,37.0917,0.0867162
163,0.980556,7.00000762939,3025.01,35.5593,0.0866401
164,0.975,8.99999141693,3099.41,41.0479,0.0865641
165,0.980556,7.00000762939,3024.17,35.5304,0.0864881
166,0.983333,5.99999427795,2998.38,37.0398,0.0864122
167,0.983333,5.99999427795,2947.11,37.0268,0.0863364
168,0.975,8.99999141693,2997.28,41.0961,0.0862606
169,0.988889,4.00001049042,2930.7,36.4246,0.0861849
170,0.980556,7.00000762939,2939.89,37.8653,0.0861092
171,0.988889,4.00001049042,2930.02,36.4277,0.0860337
172,0.986111,5.00000238419,2911.59,35.0697,0.0859582
173,0.983333,5.99999427795,2913.2,38.49,0.0858827
174,0.986111,5.00000238419,2906.52,35.0811,0.0858074
175,0.988889,4.00001049042,2901.75,36.4101,0.0857321
176,0.983333,5.99999427795,2893.55,35.2943,0.0856568
177,0.988889,4.00001049042,2891.97,36.4061,0.0855816
178,0.980556,7.00000762939,2890.91,37.8676,0.0855065
179,0.988889,4.00001049042,2891.04,36.4096,0.0854315
180,0.986111,5.00000238419,2867.38,35.0777,0.0853565
181,0.986111,5.00000238419,2871.64,36.3918,0.0852816
182,0.983333,5.99999427795,2858.13,36.4861,0.0852068
183,0.988889,4.00001049042,2862.44,36.393,0.085132
184,0.983333,5.99999427795,2846.42,35.3067,0.0850573
185,0.988889,4.00001049042,2852.38,36.3894,0.0849826
186,0.980556,7.00000762939,2838.92,37.8735,0.084908
187,0.988889,4.00001049042,2851.11,36.3933,0.0848335
188,0.988889,4.00001049042,2824.38,36.386,0.0847591
189,0.983333,5.99999427795,2814.87,35.311,0.0846847
190,0.988889,4.00001049042,2814.17,36.3827,0.0846104
191,0.980556,7.00000762939,2815.06,37.8694,0.0845361
192,0.988889,4.00001049042,2812.76,36.3868,0.0844619
193,0.986111,5.00000238419,2788.78,35.0931,0.0843878
194,0.983333,5.99999427795,2791.83,38.4524,0.0843137
195,0.988889,4.00001049042,2784.64,36.384,0.0842397
196,0.986111,5.00000238419,2767.57,35.0983,0.0841658
197,0.986111,5.00000238419,2763.31,36.3775,0.0840919
198,0.986111,5.00000238419,2756.26,35.0991,0.0840181
199,0.983333,5.99999427795,2760.04,38.4475,0.0839444
200,0.986111,5.00000238419,2733.32,35.1028,0.0838707
201,0.988889,4.00001049042,2724.49,36.3603,0.0837971
202,0.980556,7.00000762939,2734.67,37.8693,0.0837236
203,0.988889,4.00001049042,2722.74,36.3649,0.0836501
204,0.986111,5.00000238419,2699.18,35.104,0.0835767
205,0.983333,5.99999427795,2709.98,38.4324,0.0835033
206,0.986111,5.00000238419,2675.96,35.108,0.0834301
207,0.986111,5.00000238419,2679.71,36.3609,0.0833568
208,0.988889,4.00001049042,2663.76,36.3543,0.0832837
209,0.980556,7.00000762939,2664.2,37.8802,0.0832106
210,0.988889,4.00001049042,2641.9,36.353,0.0831376
211,0.986111,5.00000238419,2626.01,35.1066,0.0830646
212,0.983333,5.99999427795,2636.03,38.4211,0.0829917
213,0.986111,5.00000238419,2617.5,35.1204,0.0829189
214,0.988889,4.00001049042,2612.27,36.3399,0.0828461
215,0.980556,7.00000762939,2606.0,37.8867,0.0827734
216,0.988889,4.00001049042,2590.46,36.3388,0.0827007
217,0.983333,5.99999427795,2574.68,35.3531,0.0826282
218,0.988889,4.00001049042,2579.36,36.3368,0.0825556
219,0.983333,5.99999427795,2561.86,38.4223,0.0824832
220,0.986111,5.00000238419,2542.44,35.1249,0.0824108
221,0.988889,4.00001049042,2531.61,36.3297,0.0823385
222,0.980556,7.00000762939,2536.66,37.8851,0.0822662
223,0.988889,4.00001049042,2509.9,36.3289,0.082194
224,0.983333,5.99999427795,2499.19,35.3588,0.0821219
225,0.988889,4.00001049042,2498.67,36.3272,0.0820498
226,0.980556,7.00000762939,2491.51,37.8934,0.0819778
227,0.988889,4.00001049042,2476.92,36.3264,0.0819059
228,0.986111,5.00000238419,2452.62,35.1272,0.081834
229,0.983333,5.99999427795,2470.25,38.4029,0.0817622
230,0.988889,4.00001049042,2448.5,36.3262,0.0816904
231,0.986111,5.00000238419,2427.77,35.1358,0.0816187
232,0.983333,5.99999427795,2435.58,38.4065,0.0815471
233,0.986111,5.00000238419,2403.19,35.1411,0.0814755
234,0.986111,5.00000238419,2405.28,36.3395,0.081404
235,0.988889,4.00001049042,2389.48,36.3187,0.0813326
236,0.980556,7.00000762939,2387.48,37.9059,0.0812612
237,0.988889,4.00001049042,2367.76,36.3183,0.0811899
238,0.986111,5.00000238419,2348.69,35.1442,0.0811186
239,0.983333,5.99999427795,2360.01,38.4024,0.0810474
240,0.988889,4.00001049042,2339.01,36.3189,0.0809763
241,0.986111,5.00000238419,2322.59,35.1537,0.0809052
242,0.983333,5.99999427795,2324.76,38.4073,0.0808342
243,0.983333,5.99999427795,2297.95,36.9448,0.0807633
244,0.986111,5.00000238419,2283.44,36.3378,0.0806924
245,0.986111,5.00000238419,2269.2,35.1618,0.0806216
246,0.983333,5.99999427795,2271.59,38.4102,0.0805508
247,0.988889,4.00001049042,2245.5,36.3117,0.0804801
248,0.986111,5.00000238419,2228.52,35.1624,0.0804095
249,0.983333,5.99999427795,2236.48,38.4052,0.0803389
250,0.986111,5.00000238419,2202.93,35.1687,0.0802684
251,0.986111,5.00000238419,2200.74,36.3358,0.080198
252,0.986111,5.00000238419,2186.42,35.1734,0.0801276
253,0.983333,5.99999427795,2194.25,38.4098,0.0800573
254,0.988889,4.00001049042,2164.12,36.3064,0.079987
255,0.983333,5.99999427795,2146.45,36.5366,0.0799168
256,0.988889,4.00001049042,2144.49,36.2982,0.0798467
257,0.986111,5.00000238419,2131.95,36.3352,0.0797766
258,0.980556,7.00000762939,2113.33,37.9413,0.0797066
259,0.988889,4.00001049042,2094.93,36.3022,0.0796366
260,0.986111,5.00000238419,2077.2,35.1829,0.0795668
261,0.983333,5.99999427795,2082.03,38.407,0.0794969
262,0.988889,4.00001049042,2065.35,36.3044,0.0794272
263,0.986111,5.00000238419,2048.28,35.1947,0.0793575
264,0.986111,5.00000238419,2047.61,36.3347,0.0792878
265,0.980556,7.00000762939,2030.5,37.9545,0.0792182
266,0.988889,4.00001049042,2012.91,36.2985,0.0791487
267,0.986111,5.00000238419,1990.56,35.1977,0.0790792
268,0.983333,5.99999427795,2002.84,38.4104,0.0790098
269,0.986111,5.00000238419,1982.97,38.0339,0.0789405
270,0.986111,5.00000238419,1948.32,35.2083,0.0788712
271,0.983333,5.99999427795,1954.17,38.4182,0.078802
272,0.988889,4.00001049042,1923.17,36.2969,0.0787328
273,0.983333,5.99999427795,1909.05,35.4587,0.0786637
274,0.988889,4.00001049042,1909.7,36.2973,0.0785947
275,0.980556,7.00000762939,1895.66,37.9843,0.0785257
276,0.988889,4.00001049042,1887.46,36.2984,0.0784568
277,0.988889,4.00001049042,1862.04,36.2941,0.078388
278,0.980556,7.00000762939,1862.72,37.9843,0.0783192
279,0.988889,4.00001049042,1839.79,36.2952,0.0782504
280,0.980556,7.00000762939,1815.49,38.0008,0.0781818
281,0.988889,4.00001049042,1817.43,36.2965,0.0781131
282,0.988889,4.00001049042,1792.06,36.2923,0.0780446
283,0.983333,5.99999427795,1795.0,40.5826,0.0779761
284,0.991667,2.99999713898,1775.43,35.2455,0.0779077
285,0.991667,2.99999713898,1775.43,35.2455,0.0778393
0.991667,1775.43,1.046180248260498,1188.02,0.395967045254,0.0855536677232
