60,10,0.2,2,1000, .1 
0,0.452778,197.000001669,1.43568e+06,958.343,0.0995539
1,0.483333,186.000005007,1.18367e+06,850.12,0.0982276
2,0.494444,182.000005245,986242.0,770.711,0.096919
3,0.511111,175.99998951,826552.0,687.877,0.0956278
4,0.522222,172.000000477,700985.0,620.175,0.0943538
5,0.547222,163.00000906,599568.0,565.304,0.0930968
6,0.552778,161.000003815,514779.0,522.222,0.0918565
7,0.572222,153.999996185,446203.0,477.443,0.0906328
8,0.580556,150.999999046,387622.0,448.892,0.0894253
9,0.594444,145.999996662,337915.0,411.498,0.0882339
10,0.611111,140.000002384,294882.0,383.496,0.0870584
11,0.625,135.0,258791.0,362.211,0.0858986
12,0.641667,129.000005722,226454.0,338.738,0.0847542
13,0.65,126.000008583,198229.0,325.875,0.0836251
14,0.669444,119.000000954,173230.0,303.333,0.082511
15,0.686111,113.000006676,151331.0,281.658,0.0814118
16,0.697222,108.999996185,132583.0,264.186,0.0803272
17,0.708333,105.000007153,116871.0,249.961,0.079257
18,0.730556,97.0000076294,103208.0,229.297,0.0782011
19,0.741667,92.999997139,91899.6,213.927,0.0771593
20,0.752778,89.0000081062,81942.5,199.905,0.0761313
21,0.761111,85.9999895096,73694.6,188.752,0.0751171
22,0.769444,82.9999923706,66674.8,181.296,0.0741163
23,0.777778,79.9999952316,60059.8,172.057,0.0731289
24,0.791667,74.9999928474,54729.2,161.215,0.0721547
25,0.8,71.9999957085,49830.0,151.587,0.0711934
26,0.808333,68.9999985695,45429.8,143.879,0.0702449
27,0.813889,66.9999933243,41654.1,137.558,0.0693091
28,0.825,63.0000042915,38198.7,129.811,0.0683857
29,0.830556,60.9999990463,35232.8,125.551,0.0674747
30,0.836111,58.9999938011,32607.6,119.558,0.0665757
31,0.844444,55.9999966621,30243.3,108.416,0.0656888
32,0.852778,52.9999995232,28221.2,101.578,0.0648136
33,0.855556,52.0000076294,26380.5,97.6193,0.0639502
34,0.858333,50.999994278,24692.6,96.7908,0.0630982
35,0.866667,47.999997139,23115.1,91.7419,0.0622576
36,0.866667,47.999997139,21703.9,91.6224,0.0614281
37,0.869444,47.0000052452,20363.6,90.2605,0.0606098
38,0.872222,45.9999918938,19055.2,90.2078,0.0598023
39,0.869444,47.0000052452,17773.1,90.2605,0.0590056
40,0.875,45.0,16529.4,88.1713,0.0582195
41,0.880556,42.9999947548,15408.3,84.5223,0.0574439
42,0.886111,40.9999895096,14369.8,80.8296,0.0566786
43,0.9,36.0000085831,13561.6,68.6069,0.0559235
44,0.908333,32.9999899864,12943.0,63.9682,0.0551784
45,0.911111,31.9999980927,12414.1,64.9726,0.0544433
46,0.911111,31.9999980927,11887.4,65.0738,0.053718
47,0.911111,31.9999980927,11347.5,65.1796,0.0530024
48,0.913889,31.0000061989,10837.2,64.1099,0.0522962
49,0.916667,29.9999928474,10355.2,61.0022,0.0515995
50,0.919444,29.0000009537,9967.83,57.9113,0.0509121
51,0.919444,29.0000009537,9593.19,57.9645,0.0502338
52,0.919444,29.0000009537,9240.78,58.0183,0.0495646
53,0.919444,29.0000009537,8876.08,58.0758,0.0489043
54,0.922222,28.0000090599,8537.35,56.9585,0.0482527
55,0.922222,28.0000090599,8201.41,57.0427,0.0476099
56,0.922222,28.0000090599,7869.49,57.1282,0.0469756
57,0.925,26.9999957085,7558.14,58.2946,0.0463498
58,0.925,26.9999957085,7245.54,56.7662,0.0457323
59,0.927778,26.0000038147,6957.24,58.0422,0.045123
60,0.927778,26.0000038147,6652.81,58.1216,0.0445219
61,0.930556,24.9999904633,6355.22,52.3915,0.0439287
62,0.933333,23.9999985695,6130.33,52.603,0.0433435
63,0.933333,23.9999985695,5906.86,52.6574,0.0427661
64,0.936111,23.0000066757,5699.33,48.7172,0.0421963
65,0.936111,23.0000066757,5514.52,48.7717,0.0416341
66,0.936111,23.0000066757,5336.74,48.817,0.0410795
67,0.938889,21.9999933243,5172.84,46.798,0.0405322
68,0.938889,21.9999933243,5012.85,46.8564,0.0399922
69,0.938889,21.9999933243,4881.21,46.9075,0.0394594
70,0.938889,21.9999933243,4736.75,43.0153,0.0389337
71,0.944444,20.0000095367,4637.06,39.365,0.038415
72,0.944444,20.0000095367,4560.54,39.3624,0.0379032
73,0.95,18.0000042915,4510.62,37.9226,0.0373983
74,0.947222,18.9999961853,4436.82,38.4787,0.0369001
75,0.95,18.0000042915,4378.2,37.9356,0.0364085
76,0.952778,16.9999909401,4318.63,37.4269,0.0359234
77,0.95,18.0000042915,4252.43,37.9251,0.0354448
78,0.952778,16.9999909401,4212.47,37.416,0.0349726
79,0.952778,16.9999909401,4147.62,37.4151,0.0345067
80,0.95,18.0000042915,4095.12,37.911,0.034047
81,0.947222,18.9999961853,4036.16,39.3028,0.0335934
82,0.95,18.0000042915,3980.32,37.9014,0.0331458
83,0.95,18.0000042915,3926.81,38.4471,0.0327042
84,0.952778,16.9999909401,3866.42,37.3992,0.0322686
85,0.952778,16.9999909401,3828.17,37.3971,0.0318387
86,0.955556,15.9999990463,3771.35,33.4444,0.0314145
87,0.947222,18.9999961853,3721.19,36.8056,0.030996
88,0.955556,15.9999990463,3681.5,33.4386,0.030583
89,0.955556,15.9999990463,3628.67,33.4399,0.0301756
90,0.947222,18.9999961853,3588.66,36.7804,0.0297736
91,0.955556,15.9999990463,3532.75,33.4388,0.0293769
92,0.955556,15.9999990463,3501.22,33.4339,0.0289855
93,0.952778,16.9999909401,3451.9,34.5904,0.0285994
94,0.955556,15.9999990463,3402.14,33.431,0.0282184
95,0.955556,15.9999990463,3360.21,33.4358,0.0278424
96,0.95,18.0000042915,3322.61,35.5949,0.0274715
97,0.952778,16.9999909401,3271.81,34.0574,0.0271055
98,0.958333,15.0000071526,3241.7,33.4173,0.0267444
99,0.961111,13.9999938011,3198.14,33.0681,0.0263881
100,0.958333,15.0000071526,3156.14,33.4086,0.0260365
101,0.961111,13.9999938011,3113.77,33.058,0.0256897
102,0.958333,15.0000071526,3086.52,33.403,0.0253474
103,0.961111,13.9999938011,3045.53,33.0514,0.0250097
104,0.955556,15.9999990463,3006.08,33.8637,0.0246766
105,0.958333,15.0000071526,2981.35,33.1632,0.0243478
106,0.961111,13.9999938011,2942.24,33.0373,0.0240234
107,0.955556,15.9999990463,2904.64,33.7925,0.0237034
108,0.961111,13.9999938011,2866.16,33.0314,0.0233876
109,0.955556,15.9999990463,2835.81,33.8308,0.023076
110,0.958333,15.0000071526,2806.33,33.3633,0.0227686
111,0.961111,13.9999938011,2769.67,33.0191,0.0224652
112,0.955556,15.9999990463,2734.21,33.7815,0.022166
113,0.961111,13.9999938011,2703.32,33.016,0.0218707
114,0.955556,15.9999990463,2669.23,33.7999,0.0215793
115,0.958333,15.0000071526,2646.97,33.3534,0.0212918
116,0.961111,13.9999938011,2613.21,33.0055,0.0210081
117,0.961111,13.9999938011,2582.97,32.4268,0.0207283
118,0.963889,13.0000019073,2553.36,32.0623,0.0204521
119,0.961111,13.9999938011,2535.56,32.4302,0.0201796
120,0.963889,13.0000019073,2506.54,32.0628,0.0199108
121,0.958333,15.0000071526,2478.86,32.8631,0.0196455
122,0.963889,13.0000019073,2461.19,32.0653,0.0193838
123,0.961111,13.9999938011,2433.45,32.4371,0.0191256
124,0.955556,15.9999990463,2407.85,33.0715,0.0188708
125,0.963889,13.0000019073,2387.48,32.0649,0.0186194
126,0.961111,13.9999938011,2361.39,32.4291,0.0183713
127,0.961111,13.9999938011,2339.52,32.4419,0.0181266
128,0.963889,13.0000019073,2313.17,32.0695,0.0178851
129,0.958333,15.0000071526,2297.92,32.8778,0.0176468
130,0.963889,13.0000019073,2272.51,32.0724,0.0174117
131,0.961111,13.9999938011,2247.83,32.4496,0.0171797
132,0.961111,13.9999938011,2234.61,32.4395,0.0169508
133,0.963889,13.0000019073,2210.22,32.0737,0.016725
134,0.958333,15.0000071526,2186.41,32.8876,0.0165022
135,0.961111,13.9999938011,2167.69,32.4562,0.0162824
136,0.963889,13.0000019073,2145.04,32.0767,0.0160654
137,0.958333,15.0000071526,2126.32,32.8946,0.0158514
138,0.963889,13.0000019073,2103.28,32.0814,0.0156402
139,0.963889,13.0000019073,2090.97,32.0792,0.0154319
140,0.958333,15.0000071526,2069.76,32.8996,0.0152263
141,0.963889,13.0000019073,2047.43,32.0833,0.0150234
142,0.961111,13.9999938011,2029.76,32.4677,0.0148233
143,0.961111,13.9999938011,2008.46,32.4602,0.0146258
144,0.963889,13.0000019073,1996.83,32.0861,0.0144309
145,0.958333,15.0000071526,1976.58,32.9105,0.0142387
146,0.963889,13.0000019073,1956.08,32.0901,0.014049
147,0.961111,13.9999938011,1936.06,32.4763,0.0138618
148,0.961111,13.9999938011,1925.47,32.4667,0.0136771
149,0.966667,12.0000100136,1907.0,32.2247,0.0134949
150,0.963889,13.0000019073,1887.99,32.593,0.0133151
151,0.963889,13.0000019073,1872.39,32.8008,0.0131378
152,0.961111,13.9999938011,1854.18,33.2989,0.0129627
153,0.961111,13.9999938011,1843.81,32.4809,0.01279
154,0.969444,10.9999966621,1826.33,30.5816,0.0126196
155,0.969444,10.9999966621,1809.66,30.5835,0.0124515
156,0.963889,13.0000019073,1793.6,30.9232,0.0122856
157,0.966667,12.0000100136,1784.88,31.1297,0.012122
158,0.969444,10.9999966621,1768.15,30.5896,0.0119605
159,0.966667,12.0000100136,1752.64,30.5756,0.0118011
160,0.963889,13.0000019073,1738.82,29.9284,0.0116439
161,0.966667,12.0000100136,1726.33,31.1401,0.0114888
162,0.961111,13.9999938011,1710.85,28.7824,0.0113357
163,0.966667,12.0000100136,1703.08,30.9854,0.0111847
164,0.969444,10.9999966621,1688.47,30.6001,0.0110357
165,0.969444,10.9999966621,1673.86,30.6018,0.0108887
166,0.961111,13.9999938011,1662.8,31.3734,0.0107436
167,0.969444,10.9999966621,1649.19,30.6055,0.0106005
168,0.969444,10.9999966621,1637.46,30.6077,0.0104592
169,0.963889,13.0000019073,1625.41,30.1807,0.0103199
170,0.972222,10.0000047684,1618.87,28.7134,0.0101824
171,0.966667,12.0000100136,1607.04,29.5109,0.0100468
172,0.972222,10.0000047684,1595.4,28.715,0.00991292
173,0.972222,10.0000047684,1586.35,28.7826,0.00978085
174,0.969444,10.9999966621,1576.81,29.6724,0.00965055
175,0.972222,10.0000047684,1566.88,28.5069,0.00952198
176,0.972222,10.0000047684,1557.11,29.1948,0.00939512
177,0.972222,10.0000047684,1548.98,28.7887,0.00926996
178,0.969444,10.9999966621,1539.67,29.6745,0.00914646
179,0.969444,10.9999966621,1530.96,29.4726,0.0090246
180,0.969444,10.9999966621,1522.07,29.8065,0.00890437
181,0.975,8.99999141693,1511.82,28.239,0.00878575
182,0.972222,10.0000047684,1502.87,28.5127,0.0086687
183,0.972222,10.0000047684,1497.63,28.7968,0.00855321
184,0.972222,10.0000047684,1488.99,28.7986,0.00843926
185,0.972222,10.0000047684,1479.95,28.5143,0.00832683
186,0.972222,10.0000047684,1471.58,28.8016,0.0082159
187,0.969444,10.9999966621,1463.58,29.679,0.00810644
188,0.972222,10.0000047684,1455.12,28.5168,0.00799844
189,0.975,8.99999141693,1446.99,28.2463,0.00789189
190,0.975,8.99999141693,1438.84,28.2473,0.00778674
191,0.969444,10.9999966621,1432.31,29.681,0.00768301
192,0.972222,10.0000047684,1424.72,28.5191,0.00758065
193,0.972222,10.0000047684,1417.22,28.811,0.00747966
194,0.975,8.99999141693,1409.2,28.2508,0.00738001
195,0.972222,10.0000047684,1402.82,28.5215,0.00728169
196,0.975,8.99999141693,1395.9,28.2519,0.00718468
197,0.972222,10.0000047684,1388.58,28.816,0.00708896
198,0.972222,10.0000047684,1381.4,28.8175,0.00699452
199,0.972222,10.0000047684,1374.07,28.5245,0.00690134
200,0.969444,10.9999966621,1368.41,29.6854,0.00680939
201,0.975,8.99999141693,1361.43,28.2563,0.00671868
202,0.966667,12.0000100136,1354.71,29.8972,0.00662917
203,0.972222,10.0000047684,1347.81,29.2184,0.00654085
204,0.972222,10.0000047684,1342.14,28.8247,0.00645371
205,0.969444,10.9999966621,1335.87,29.6881,0.00636773
206,0.969444,10.9999966621,1329.6,29.4903,0.0062829
207,0.969444,10.9999966621,1323.34,29.8359,0.00619919
208,0.975,8.99999141693,1316.2,28.2626,0.0061166
209,0.969444,10.9999966621,1311.31,28.77,0.00603512
210,0.975,8.99999141693,1305.16,28.2636,0.00595471
211,0.972222,10.0000047684,1299.09,28.8325,0.00587538
212,0.969444,10.9999966621,1293.15,28.8898,0.00579711
213,0.972222,10.0000047684,1287.55,27.3952,0.00571988
214,0.975,8.99999141693,1282.41,28.2666,0.00564367
215,0.972222,10.0000047684,1276.6,28.5341,0.00556849
216,0.972222,10.0000047684,1271.17,28.8377,0.0054943
217,0.977778,7.99999952316,1265.28,28.1531,0.0054211
218,0.975,8.99999141693,1261.18,28.563,0.00534888
219,0.975,8.99999141693,1255.86,28.5594,0.00527762
220,0.975,8.99999141693,1250.61,28.7273,0.00520731
221,0.972222,10.0000047684,1245.58,29.5844,0.00513794
222,0.975,8.99999141693,1240.6,27.2834,0.00506949
223,0.975,8.99999141693,1236.27,28.5597,0.00500195
224,0.977778,7.99999952316,1231.3,28.1558,0.00493531
225,0.975,8.99999141693,1226.39,28.7311,0.00486956
226,0.969444,10.9999966621,1221.84,30.5375,0.00480469
227,0.977778,7.99999952316,1217.92,28.1569,0.00474067
228,0.975,8.99999141693,1213.35,28.5601,0.00467752
229,0.977778,7.99999952316,1208.62,28.1577,0.0046152
230,0.977778,7.99999952316,1204.75,28.1578,0.00455372
231,0.977778,7.99999952316,1200.18,28.1582,0.00449305
232,0.975,8.99999141693,1195.75,28.7358,0.00443319
233,0.975,8.99999141693,1191.45,28.7368,0.00437413
234,0.975,8.99999141693,1186.94,28.5606,0.00431586
235,0.972222,10.0000047684,1182.78,29.3232,0.00425836
236,0.977778,7.99999952316,1180.2,28.1598,0.00420163
237,0.977778,7.99999952316,1175.98,28.1602,0.00414565
238,0.975,8.99999141693,1171.85,28.7396,0.00409042
239,0.972222,10.0000047684,1167.97,28.9257,0.00403593
240,0.977778,7.99999952316,1163.75,28.1615,0.00398216
241,0.977778,7.99999952316,1159.75,28.1618,0.00392911
242,0.975,8.99999141693,1155.83,28.7423,0.00387676
243,0.972222,10.0000047684,1152.09,29.5926,0.00382511
244,0.972222,10.0000047684,1148.51,27.7071,0.00377415
245,0.977778,7.99999952316,1145.2,28.1632,0.00372387
246,0.977778,7.99999952316,1141.46,28.1635,0.00367426
247,0.977778,7.99999952316,1137.77,28.1639,0.00362531
248,0.972222,10.0000047684,1134.35,29.5943,0.00357701
249,0.975,8.99999141693,1131.74,28.5613,0.00352936
250,0.975,8.99999141693,1128.13,28.7467,0.00348234
251,0.975,8.99999141693,1124.69,28.7473,0.00343594
252,0.977778,7.99999952316,1121.12,28.1654,0.00339017
253,0.975,8.99999141693,1117.73,28.5617,0.003345
254,0.972222,10.0000047684,1115.08,28.8651,0.00330044
255,0.977778,7.99999952316,1111.66,28.1664,0.00325647
256,0.977778,7.99999952316,1108.39,28.1667,0.00321309
257,0.975,8.99999141693,1105.29,28.5692,0.00317028
258,0.975,8.99999141693,1102.94,28.5619,0.00312805
259,0.975,8.99999141693,1099.78,28.2861,0.00308637
260,0.977778,7.99999952316,1096.71,28.1676,0.00304525
261,0.975,8.99999141693,1093.67,28.7524,0.00300468
262,0.975,8.99999141693,1090.71,28.753,0.00296465
263,0.972222,10.0000047684,1087.7,27.711,0.00292516
264,0.972222,10.0000047684,1085.25,29.7122,0.00288619
265,0.977778,7.99999952316,1082.52,28.1689,0.00284774
266,0.977778,7.99999952316,1079.66,28.1692,0.0028098
267,0.969444,10.9999966621,1076.99,28.9666,0.00277236
268,0.969444,10.9999966621,1074.85,30.4317,0.00273543
269,0.975,8.99999141693,1072.13,28.5709,0.00269899
270,0.972222,10.0000047684,1069.59,28.6191,0.00266303
271,0.972222,10.0000047684,1066.98,27.1472,0.00262755
272,0.972222,10.0000047684,1064.95,29.6005,0.00259255
273,0.975,8.99999141693,1062.48,28.0155,0.00255801
274,0.975,8.99999141693,1059.93,28.0161,0.00252393
275,0.972222,10.0000047684,1058.02,29.3905,0.0024903
276,0.975,8.99999141693,1055.45,28.5718,0.00245713
277,0.975,8.99999141693,1053.2,28.1771,0.00242439
278,0.977778,7.99999952316,1050.85,28.1735,0.00239209
279,0.966667,12.0000100136,1048.92,29.3543,0.00236022
280,0.975,8.99999141693,1046.67,28.5724,0.00232878
281,0.977778,7.99999952316,1044.46,28.1742,0.00229775
282,0.969444,10.9999966621,1042.24,28.9756,0.00226714
283,0.972222,10.0000047684,1040.49,29.6027,0.00223694
284,0.975,8.99999141693,1038.37,28.0206,0.00220714
285,0.975,8.99999141693,1036.17,28.0211,0.00217773
286,0.975,8.99999141693,1034.07,28.7637,0.00214872
287,0.969444,10.9999966621,1032.5,29.8119,0.00212009
288,0.972222,10.0000047684,1030.4,28.6245,0.00209185
289,0.977778,7.99999952316,1028.33,28.1768,0.00206398
290,0.972222,10.0000047684,1026.71,29.3975,0.00203648
291,0.977778,7.99999952316,1024.65,28.1772,0.00200935
292,0.966667,12.0000100136,1022.75,29.8132,0.00198258
293,0.975,8.99999141693,1021.35,28.0242,0.00195617
294,0.977778,7.99999952316,1019.44,28.1779,0.00193011
295,0.972222,10.0000047684,1017.51,28.9822,0.0019044
296,0.977778,7.99999952316,1015.72,28.7674,0.00187902
297,0.975,8.99999141693,1013.86,28.7678,0.00185399
298,0.972222,10.0000047684,1012.47,29.401,0.00182929
299,0.969444,10.9999966621,1010.57,29.8153,0.00180492
300,0.975,8.99999141693,1008.91,28.5678,0.00178087
301,0.975,8.99999141693,1007.15,28.769,0.00175715
302,0.972222,10.0000047684,1005.82,29.4025,0.00173374
303,0.966667,12.0000100136,1004.03,29.8162,0.00171064
304,0.977778,7.99999952316,1002.46,28.1805,0.00168785
305,0.977778,7.99999952316,1001.05,28.0285,0.00166537
306,0.975,8.99999141693,999.435,28.0289,0.00164318
307,0.972222,10.0000047684,997.909,29.6068,0.00162129
308,0.975,8.99999141693,996.323,28.0295,0.00159969
309,0.972222,10.0000047684,994.855,29.4051,0.00157838
310,0.966667,12.0000100136,993.539,30.4431,0.00155735
311,0.975,8.99999141693,992.041,29.6072,0.0015366
312,0.975,8.99999141693,990.552,28.0307,0.00151613
313,0.972222,10.0000047684,989.443,29.4063,0.00149593
314,0.969444,10.9999966621,987.882,30.4414,0.001476
315,0.975,8.99999141693,986.454,28.194,0.00145634
316,0.975,8.99999141693,985.428,28.0319,0.00143694
317,0.975,8.99999141693,984.032,28.7737,0.00141779
318,0.972222,10.0000047684,982.67,28.9916,0.0013989
319,0.975,8.99999141693,981.316,28.7743,0.00138027
320,0.969444,10.9999966621,979.979,29.5767,0.00136188
321,0.972222,10.0000047684,978.938,25.7541,0.00134374
322,0.975,8.99999141693,977.757,24.7215,0.00132583
323,0.977778,7.99999952316,976.639,22.8564,0.00130817
324,0.975,8.99999141693,975.576,24.5244,0.00129074
325,0.977778,7.99999952316,974.592,23.7175,0.00127355
326,0.969444,10.9999966621,973.59,25.0573,0.00125658
327,0.980556,7.00000762939,972.506,22.9971,0.00123984
328,0.975,8.99999141693,971.61,24.0675,0.00122332
329,0.975,8.99999141693,970.599,24.7221,0.00120702
330,0.977778,7.99999952316,969.601,23.4679,0.00119094
331,0.975,8.99999141693,968.608,24.5261,0.00117508
332,0.975,8.99999141693,967.707,24.0686,0.00115942
333,0.975,8.99999141693,966.771,24.7224,0.00114398
334,0.980556,7.00000762939,965.801,22.998,0.00112873
335,0.975,8.99999141693,964.84,23.1085,0.0011137
336,0.977778,7.99999952316,964.045,23.7198,0.00109886
337,0.972222,10.0000047684,963.161,25.7559,0.00108422
338,0.975,8.99999141693,962.25,23.5878,0.00106978
339,0.977778,7.99999952316,961.346,23.7203,0.00105552
340,0.972222,10.0000047684,960.656,25.7561,0.00104146
341,0.977778,7.99999952316,959.711,22.8602,0.00102759
342,0.975,8.99999141693,958.87,24.5286,0.0010139
343,0.977778,7.99999952316,958.091,23.7211,0.00100039
344,0.969444,10.9999966621,957.288,25.0597,0.000987062
345,0.980556,7.00000762939,956.456,22.9994,0.000973912
346,0.977778,7.99999952316,955.609,23.1117,0.000960937
347,0.977778,7.99999952316,954.943,23.7218,0.000948135
348,0.972222,10.0000047684,954.163,25.7559,0.000935504
349,0.980556,7.00000762939,953.369,22.9998,0.00092304
350,0.977778,7.99999952316,952.571,22.8619,0.000910743
351,0.972222,10.0000047684,951.997,25.7569,0.00089861
352,0.975,8.99999141693,951.181,25.7569,0.000886638
353,0.977778,7.99999952316,950.443,22.8624,0.000874826
354,0.980556,7.00000762939,949.693,23.0004,0.000863171
355,0.975,8.99999141693,949.08,25.0609,0.000851672
356,0.980556,7.00000762939,948.388,23.0006,0.000840325
357,0.977778,7.99999952316,947.658,23.4689,0.00082913
358,0.975,8.99999141693,946.987,24.5317,0.000818084
359,0.972222,10.0000047684,946.366,25.0612,0.000807185
360,0.980556,7.00000762939,945.722,23.001,0.000796431
361,0.980556,7.00000762939,945.023,22.8636,0.000785821
362,0.977778,7.99999952316,944.393,24.5323,0.000775352
363,0.975,8.99999141693,943.823,24.7242,0.000765023
364,0.977778,7.99999952316,943.175,23.1159,0.00075483
365,0.980556,7.00000762939,942.548,23.0015,0.000744774
366,0.975,8.99999141693,942.005,24.533,0.000734852
367,0.975,8.99999141693,941.391,24.7244,0.000725062
368,0.977778,7.99999952316,940.784,22.8646,0.000715402
369,0.975,8.99999141693,940.203,24.5334,0.000705871
370,0.977778,7.99999952316,939.66,24.7246,0.000696468
371,0.975,8.99999141693,939.109,23.1173,0.000687189
372,0.980556,7.00000762939,938.516,23.0021,0.000678034
373,0.977778,7.99999952316,937.927,23.1178,0.000669001
374,0.975,8.99999141693,937.472,24.7247,0.000660088
375,0.977778,7.99999952316,936.915,23.591,0.000651294
376,0.975,8.99999141693,936.373,23.5911,0.000642617
377,0.977778,7.99999952316,935.823,23.9298,0.000634056
378,0.972222,10.0000047684,935.435,25.7586,0.000625609
379,0.977778,7.99999952316,934.849,22.866,0.000617274
380,0.977778,7.99999952316,934.346,24.5349,0.000609051
381,0.977778,7.99999952316,933.885,23.7265,0.000600937
382,0.972222,10.0000047684,933.403,25.7588,0.000592931
383,0.977778,7.99999952316,932.895,23.5915,0.000585031
384,0.980556,7.00000762939,932.386,23.003,0.000577237
385,0.969444,10.9999966621,931.915,24.5254,0.000569547
386,0.975,8.99999141693,931.595,24.7322,0.000561959
387,0.980556,7.00000762939,931.109,23.0032,0.000554473
388,0.977778,7.99999952316,930.624,23.7272,0.000547086
389,0.969444,10.9999966621,930.192,25.0638,0.000539797
390,0.980556,7.00000762939,929.732,23.0034,0.000532606
391,0.977778,7.99999952316,929.273,22.8673,0.00052551
392,0.977778,7.99999952316,928.828,22.8674,0.000518509
393,0.972222,10.0000047684,928.476,25.7593,0.000511601
394,0.975,8.99999141693,928.053,23.5921,0.000504786
395,0.977778,7.99999952316,927.627,23.7279,0.000498061
396,0.975,8.99999141693,927.203,24.5368,0.000491425
397,0.975,8.99999141693,926.843,24.7256,0.000484878
398,0.975,8.99999141693,926.44,23.1217,0.000478418
399,0.980556,7.00000762939,926.029,23.004,0.000472045
400,0.977778,7.99999952316,925.619,22.8682,0.000465756
401,0.972222,10.0000047684,925.239,23.3658,0.000459551
402,0.975,8.99999141693,925.007,23.5924,0.000453429
403,0.972222,10.0000047684,924.626,24.7334,0.000447388
404,0.980556,7.00000762939,924.233,23.7286,0.000441428
405,0.975,8.99999141693,923.858,24.5376,0.000435547
406,0.980556,7.00000762939,923.477,22.8686,0.000429744
407,0.977778,7.99999952316,923.127,23.7289,0.000424019
408,0.977778,7.99999952316,922.749,22.8688,0.00041837
409,0.975,8.99999141693,922.525,24.082,0.000412796
410,0.980556,7.00000762939,922.167,23.7291,0.000407297
411,0.975,8.99999141693,921.82,24.5382,0.000401871
412,0.977778,7.99999952316,921.477,23.5717,0.000396517
413,0.977778,7.99999952316,921.161,23.4702,0.000391234
414,0.975,8.99999141693,920.833,24.5384,0.000386022
415,0.980556,7.00000762939,920.491,23.0048,0.000380879
416,0.972222,10.0000047684,920.171,23.5945,0.000375805
417,0.977778,7.99999952316,919.983,22.8695,0.000370798
418,0.980556,7.00000762939,919.667,23.7297,0.000365858
419,0.975,8.99999141693,919.361,24.083,0.000360984
420,0.977778,7.99999952316,919.056,23.7298,0.000356175
421,0.975,8.99999141693,918.752,24.539,0.00035143
422,0.977778,7.99999952316,918.44,23.4703,0.000346748
423,0.975,8.99999141693,918.158,25.7604,0.000342129
424,0.975,8.99999141693,917.864,24.9693,0.00033757
425,0.977778,7.99999952316,917.688,23.1247,0.000333073
426,0.977778,7.99999952316,917.398,22.8701,0.000328636
427,0.977778,7.99999952316,917.123,23.7302,0.000324258
428,0.975,8.99999141693,916.851,24.5395,0.000319938
429,0.980556,7.00000762939,916.563,22.8703,0.000315675
430,0.977778,7.99999952316,916.299,23.5936,0.00031147
431,0.977778,7.99999952316,916.036,24.7219,0.00030732
432,0.977778,7.99999952316,915.845,22.8704,0.000303226
433,0.977778,7.99999952316,915.589,24.5398,0.000299186
434,0.980556,7.00000762939,915.327,23.0056,0.0002952
435,0.977778,7.99999952316,915.071,23.1257,0.000291268
436,0.977778,7.99999952316,914.868,23.7307,0.000287387
437,0.975,8.99999141693,914.625,24.5401,0.000283558
438,0.980556,7.00000762939,914.367,23.0057,0.000279781
439,0.969444,10.9999966621,914.142,25.2997,0.000276053
440,0.975,8.99999141693,914.004,23.5939,0.000272376
441,0.977778,7.99999952316,913.778,23.731,0.000268747
442,0.977778,7.99999952316,913.532,22.871,0.000265167
443,0.977778,7.99999952316,913.308,23.7311,0.000261634
444,0.975,8.99999141693,913.09,24.0849,0.000258148
445,0.977778,7.99999952316,912.874,23.7312,0.000254709
446,0.977778,7.99999952316,912.642,22.8712,0.000251316
447,0.980556,7.00000762939,912.448,22.4572,0.000247968
448,0.977778,7.99999952316,912.272,23.7313,0.000244664
449,0.975,8.99999141693,912.059,23.5941,0.000241405
450,0.975,8.99999141693,911.863,24.7268,0.000238189
451,0.975,8.99999141693,911.665,22.4575,0.000235015
452,0.977778,7.99999952316,911.484,22.8714,0.000231884
453,0.975,8.99999141693,911.297,25.7611,0.000228795
454,0.977778,7.99999952316,911.093,23.063,0.000225747
455,0.977778,7.99999952316,910.961,23.5943,0.000222739
456,0.977778,7.99999952316,910.764,23.5943,0.000219772
457,0.980556,7.00000762939,910.574,23.4707,0.000216844
458,0.977778,7.99999952316,910.395,24.5412,0.000213955
459,0.977778,7.99999952316,910.23,23.7318,0.000211105
460,0.972222,10.0000047684,910.059,24.0858,0.000208292
461,0.975,8.99999141693,909.883,24.727,0.000205517
462,0.977778,7.99999952316,909.714,22.8719,0.000202779
463,0.977778,7.99999952316,909.557,22.8719,0.000200078
464,0.977778,7.99999952316,909.394,24.5414,0.000197412
465,0.977778,7.99999952316,909.22,23.4783,0.000194782
466,0.975,8.99999141693,909.066,23.5945,0.000192187
467,0.975,8.99999141693,908.934,24.5299,0.000189627
468,0.977778,7.99999952316,908.773,24.7218,0.000187101
469,0.977778,7.99999952316,908.614,22.8721,0.000184608
470,0.980556,7.00000762939,908.455,23.0066,0.000182149
471,0.975,8.99999141693,908.324,24.0863,0.000179722
472,0.975,8.99999141693,908.177,24.7272,0.000177328
473,0.980556,7.00000762939,908.023,23.0067,0.000174965
474,0.977778,7.99999952316,907.877,24.0864,0.000172634
475,0.977778,7.99999952316,907.753,23.7324,0.000170334
476,0.975,8.99999141693,907.608,23.5947,0.000168065
477,0.980556,7.00000762939,907.471,23.0068,0.000165826
478,0.977778,7.99999952316,907.328,23.1283,0.000163617
479,0.977778,7.99999952316,907.21,23.7325,0.000161437
480,0.975,8.99999141693,907.081,25.7616,0.000159286
481,0.977778,7.99999952316,906.944,22.8725,0.000157164
482,0.980556,7.00000762939,906.808,23.7326,0.00015507
483,0.975,8.99999141693,906.705,25.0674,0.000153005
484,0.980556,7.00000762939,906.573,23.4709,0.000150966
485,0.977778,7.99999952316,906.447,23.7326,0.000148955
486,0.977778,7.99999952316,906.32,22.4591,0.00014697
487,0.972222,10.0000047684,906.216,25.0675,0.000145012
488,0.980556,7.00000762939,906.094,23.007,0.00014308
489,0.980556,7.00000762939,905.969,22.8727,0.000141174
490,0.977778,7.99999952316,905.852,22.4592,0.000139294
491,0.975,8.99999141693,905.756,24.7274,0.000137438
492,0.977778,7.99999952316,905.643,23.5949,0.000135607
493,0.980556,7.00000762939,905.523,22.8728,0.0001338
494,0.975,8.99999141693,905.44,25.7618,0.000132018
495,0.980556,7.00000762939,905.321,22.8729,0.000130259
496,0.977778,7.99999952316,905.213,23.7329,0.000128523
497,0.977778,7.99999952316,905.098,22.8729,0.000126811
498,0.977778,7.99999952316,905.009,25.7618,0.000125122
499,0.977778,7.99999952316,904.902,23.0639,0.000123455
500,0.980556,7.00000762939,904.798,23.0072,0.00012181
501,0.980556,7.00000762939,904.695,24.0874,0.000120187
502,0.975,8.99999141693,904.615,24.7275,0.000118586
503,0.975,8.99999141693,904.519,23.5951,0.000117006
504,0.980556,7.00000762939,904.414,23.0072,0.000115447
505,0.980556,7.00000762939,904.312,22.8731,0.000113909
506,0.977778,7.99999952316,904.23,23.064,0.000112392
507,0.980556,7.00000762939,904.141,22.8732,0.000110895
508,0.980556,7.00000762939,904.047,22.8732,0.000109417
509,0.977778,7.99999952316,903.969,24.7275,0.000107959
510,0.977778,7.99999952316,903.88,23.1296,0.000106521
511,0.980556,7.00000762939,903.788,23.0073,0.000105102
512,0.980556,7.00000762939,903.698,23.588,0.000103702
513,0.980556,7.00000762939,903.612,23.1947,0.00010232
514,0.977778,7.99999952316,903.562,22.8733,0.000100957
515,0.980556,7.00000762939,903.473,22.8733,9.96121e-05
516,0.980556,7.00000762939,903.389,23.7333,9.8285e-05
517,0.977778,7.99999952316,903.304,23.7334,9.69757e-05
518,0.977778,7.99999952316,903.219,22.8734,9.56837e-05
519,0.980556,7.00000762939,903.137,23.1268,9.44089e-05
520,0.980556,7.00000762939,903.058,23.5953,9.31512e-05
521,0.975,8.99999141693,902.996,25.7564,9.19102e-05
522,0.980556,7.00000762939,902.916,22.8734,9.06857e-05
523,0.977778,7.99999952316,902.842,23.7335,8.94776e-05
524,0.980556,7.00000762939,902.764,22.8735,8.82855e-05
525,0.977778,7.99999952316,902.702,24.7276,8.71094e-05
526,0.977778,7.99999952316,902.63,22.8735,8.59488e-05
527,0.977778,7.99999952316,902.555,22.8735,8.48038e-05
528,0.980556,7.00000762939,902.482,23.127,8.3674e-05
529,0.977778,7.99999952316,902.428,23.5953,8.25593e-05
530,0.980556,7.00000762939,902.357,23.7336,8.14593e-05
531,0.977778,7.99999952316,902.287,24.0881,8.03741e-05
532,0.977778,7.99999952316,902.222,24.7277,7.93034e-05
533,0.977778,7.99999952316,902.165,22.8736,7.82468e-05
534,0.980556,7.00000762939,902.094,22.8736,7.72044e-05
535,0.980556,7.00000762939,902.031,22.8737,7.61758e-05
536,0.980556,7.00000762939,901.966,23.4786,7.5161e-05
537,0.980556,7.00000762939,901.914,22.8737,7.41596e-05
538,0.980556,7.00000762939,901.851,23.5954,7.31717e-05
539,0.980556,7.00000762939,901.789,23.5883,7.21968e-05
540,0.975,8.99999141693,901.736,23.1951,7.1235e-05
541,0.980556,7.00000762939,901.68,23.7337,7.0286e-05
542,0.980556,7.00000762939,901.617,23.7338,6.93496e-05
543,0.977778,7.99999952316,901.558,22.8738,6.84257e-05
544,0.980556,7.00000762939,901.502,23.8726,6.75141e-05
545,0.977778,7.99999952316,901.468,23.5955,6.66146e-05
546,0.977778,7.99999952316,901.411,23.5955,6.57272e-05
547,0.980556,7.00000762939,901.355,24.5314,6.48515e-05
548,0.980556,7.00000762939,901.301,23.934,6.39875e-05
549,0.980556,7.00000762939,901.241,22.8738,6.31351e-05
550,0.980556,7.00000762939,901.193,23.7338,6.2294e-05
551,0.977778,7.99999952316,901.143,22.4607,6.14641e-05
552,0.980556,7.00000762939,901.093,22.8739,6.06452e-05
553,0.980556,7.00000762939,901.045,23.7339,5.98373e-05
554,0.977778,7.99999952316,900.993,22.8739,5.90401e-05
555,0.980556,7.00000762939,900.942,23.8727,5.82535e-05
556,0.977778,7.99999952316,900.91,23.5955,5.74774e-05
557,0.980556,7.00000762939,900.858,22.8739,5.67117e-05
558,0.980556,7.00000762939,900.81,23.7339,5.59562e-05
559,0.980556,7.00000762939,900.759,22.4608,5.52107e-05
560,0.980556,7.00000762939,900.722,23.1275,5.44751e-05
561,0.980556,7.00000762939,900.673,22.874,5.37494e-05
562,0.980556,7.00000762939,900.627,22.874,5.30333e-05
563,0.980556,7.00000762939,900.586,22.4608,5.23268e-05
564,0.980556,7.00000762939,900.548,23.734,5.16297e-05
565,0.980556,7.00000762939,900.502,23.5956,5.09418e-05
566,0.980556,7.00000762939,900.459,24.7217,5.02632e-05
567,0.977778,7.99999952316,900.421,22.4609,4.95935e-05
568,0.980556,7.00000762939,900.382,22.874,4.89328e-05
569,0.980556,7.00000762939,900.342,24.7278,4.82809e-05
570,0.977778,7.99999952316,900.302,22.8741,4.76377e-05
571,0.980556,7.00000762939,900.268,22.8741,4.70031e-05
572,0.980556,7.00000762939,900.227,22.8741,4.63769e-05
573,0.980556,7.00000762939,900.187,23.0645,4.5759e-05
574,0.980556,7.00000762939,900.152,23.1954,4.51494e-05
575,0.980556,7.00000762939,900.118,23.7341,4.45479e-05
576,0.980556,7.00000762939,900.08,23.1276,4.39544e-05
577,0.980556,7.00000762939,900.044,22.8741,4.33688e-05
578,0.980556,7.00000762939,900.007,23.1277,4.2791e-05
579,0.980556,7.00000762939,899.975,22.8741,4.2221e-05
580,0.980556,7.00000762939,899.942,24.7279,4.16585e-05
581,0.977778,7.99999952316,899.909,22.8742,4.11035e-05
582,0.980556,7.00000762939,899.878,22.8742,4.05559e-05
583,0.980556,7.00000762939,899.843,23.5957,4.00156e-05
584,0.980556,7.00000762939,899.809,23.5886,3.94825e-05
585,0.980556,7.00000762939,899.778,23.5957,3.89565e-05
586,0.980556,7.00000762939,899.747,23.7342,3.84375e-05
587,0.980556,7.00000762939,899.714,23.1277,3.79254e-05
588,0.980556,7.00000762939,899.685,22.8742,3.74201e-05
589,0.980556,7.00000762939,899.654,22.8742,3.69216e-05
590,0.980556,7.00000762939,899.622,22.4611,3.64297e-05
591,0.980556,7.00000762939,899.597,23.7342,3.59444e-05
592,0.980556,7.00000762939,899.565,23.5957,3.54655e-05
593,0.980556,7.00000762939,899.537,23.5957,3.4993e-05
594,0.980556,7.00000762939,899.508,23.9343,3.45268e-05
595,0.980556,7.00000762939,899.481,22.8743,3.40669e-05
596,0.980556,7.00000762939,899.455,22.8743,3.3613e-05
597,0.980556,7.00000762939,899.426,22.8743,3.31652e-05
598,0.980556,7.00000762939,899.398,23.7343,3.27234e-05
599,0.980556,7.00000762939,899.376,23.8729,3.22874e-05
600,0.980556,7.00000762939,899.349,22.8743,3.18573e-05
601,0.980556,7.00000762939,899.32,23.1279,3.14328e-05
602,0.980556,7.00000762939,899.294,23.1955,3.10141e-05
603,0.980556,7.00000762939,899.273,24.7217,3.06009e-05
604,0.980556,7.00000762939,899.246,22.8743,3.01932e-05
605,0.980556,7.00000762939,899.22,22.8743,2.9791e-05
606,0.980556,7.00000762939,899.198,22.8743,2.93941e-05
607,0.980556,7.00000762939,899.175,22.8743,2.90025e-05
608,0.980556,7.00000762939,899.151,22.8743,2.86161e-05
609,0.980556,7.00000762939,899.13,23.7343,2.82349e-05
610,0.980556,7.00000762939,899.105,23.5958,2.78587e-05
611,0.980556,7.00000762939,899.084,23.5725,2.74876e-05
612,0.980556,7.00000762939,899.062,23.5958,2.71214e-05
613,0.980556,7.00000762939,899.04,23.7343,2.676e-05
614,0.980556,7.00000762939,899.018,23.8729,2.64035e-05
615,0.980556,7.00000762939,898.997,22.8744,2.60518e-05
616,0.980556,7.00000762939,898.974,23.0081,2.57047e-05
617,0.980556,7.00000762939,898.954,23.128,2.53622e-05
618,0.980556,7.00000762939,898.935,22.4614,2.50244e-05
619,0.980556,7.00000762939,898.912,23.128,2.4691e-05
620,0.980556,7.00000762939,898.892,23.5958,2.4362e-05
621,0.980556,7.00000762939,898.872,23.7344,2.40375e-05
622,0.980556,7.00000762939,898.856,22.4614,2.37172e-05
623,0.980556,7.00000762939,898.837,22.8744,2.34012e-05
624,0.980556,7.00000762939,898.815,22.8744,2.30895e-05
625,0.980556,7.00000762939,898.795,23.7344,2.27819e-05
626,0.980556,7.00000762939,898.783,23.873,2.24784e-05
627,0.980556,7.00000762939,898.76,22.8744,2.21789e-05
628,0.980556,7.00000762939,898.741,23.128,2.18834e-05
629,0.980556,7.00000762939,898.722,23.1957,2.15919e-05
630,0.980556,7.00000762939,898.71,23.7344,2.13042e-05
631,0.980556,7.00000762939,898.689,23.7344,2.10204e-05
632,0.980556,7.00000762939,898.669,22.8744,2.07404e-05
633,0.980556,7.00000762939,898.654,23.873,2.04641e-05
634,0.980556,7.00000762939,898.638,23.5958,2.01914e-05
635,0.980556,7.00000762939,898.622,23.128,1.99224e-05
636,0.980556,7.00000762939,898.606,23.5958,1.9657e-05
637,0.980556,7.00000762939,898.593,24.7217,1.93951e-05
638,0.980556,7.00000762939,898.575,22.8745,1.91367e-05
639,0.980556,7.00000762939,898.56,22.8745,1.88818e-05
640,0.980556,7.00000762939,898.545,22.4615,1.86302e-05
641,0.980556,7.00000762939,898.53,22.4615,1.8382e-05
642,0.980556,7.00000762939,898.516,23.7345,1.81371e-05
643,0.980556,7.00000762939,898.501,22.8745,1.78955e-05
644,0.980556,7.00000762939,898.485,23.1281,1.76571e-05
645,0.980556,7.00000762939,898.47,23.1957,1.74219e-05
646,0.980556,7.00000762939,898.458,23.5889,1.71898e-05
647,0.980556,7.00000762939,898.444,22.8745,1.69608e-05
648,0.980556,7.00000762939,898.428,22.8745,1.67348e-05
649,0.980556,7.00000762939,898.416,22.8745,1.65119e-05
650,0.980556,7.00000762939,898.402,23.7345,1.62919e-05
651,0.980556,7.00000762939,898.389,22.8745,1.60748e-05
652,0.980556,7.00000762939,898.374,23.0648,1.58607e-05
653,0.980556,7.00000762939,898.361,23.1957,1.56494e-05
654,0.980556,7.00000762939,898.35,22.8745,1.54409e-05
655,0.980556,7.00000762939,898.338,24.728,1.52352e-05
656,0.980556,7.00000762939,898.326,23.1957,1.50322e-05
657,0.980556,7.00000762939,898.313,23.1281,1.48319e-05
658,0.980556,7.00000762939,898.302,22.8745,1.46343e-05
659,0.980556,7.00000762939,898.289,22.4615,1.44394e-05
660,0.980556,7.00000762939,898.279,23.7345,1.4247e-05
661,0.980556,7.00000762939,898.266,22.8745,1.40572e-05
662,0.980556,7.00000762939,898.256,23.1281,1.38699e-05
663,0.980556,7.00000762939,898.244,22.4616,1.36851e-05
664,0.980556,7.00000762939,898.233,23.1281,1.35028e-05
665,0.980556,7.00000762939,898.222,22.8745,1.33229e-05
666,0.980556,7.00000762939,898.212,23.8731,1.31454e-05
667,0.980556,7.00000762939,898.202,23.5959,1.29703e-05
668,0.980556,7.00000762939,898.191,23.5959,1.27975e-05
669,0.980556,7.00000762939,898.181,24.728,1.2627e-05
670,0.980556,7.00000762939,898.17,22.8746,1.24588e-05
671,0.980556,7.00000762939,898.16,22.8746,1.22928e-05
672,0.980556,7.00000762939,898.15,23.1282,1.2129e-05
673,0.980556,7.00000762939,898.138,22.4616,1.19675e-05
674,0.980556,7.00000762939,898.129,23.0648,1.1808e-05
675,0.980556,7.00000762939,898.119,23.5959,1.16507e-05
676,0.980556,7.00000762939,898.111,23.5959,1.14955e-05
677,0.980556,7.00000762939,898.1,24.728,1.13423e-05
678,0.980556,7.00000762939,898.093,22.8746,1.11912e-05
679,0.980556,7.00000762939,898.082,22.8746,1.10421e-05
680,0.980556,7.00000762939,898.075,23.7346,1.0895e-05
681,0.980556,7.00000762939,898.063,23.7346,1.07499e-05
682,0.980556,7.00000762939,898.058,23.0648,1.06067e-05
683,0.980556,7.00000762939,898.049,23.5959,1.04654e-05
684,0.980556,7.00000762939,898.041,23.9345,1.03259e-05
685,0.980556,7.00000762939,898.034,22.8746,1.01884e-05
686,0.980556,7.00000762939,898.023,22.8746,1.00526e-05
687,0.980556,7.00000762939,898.016,23.7346,9.91871e-06
688,0.980556,7.00000762939,898.007,22.8746,9.78657e-06
689,0.980556,7.00000762939,898.002,23.8731,9.65619e-06
690,0.980556,7.00000762939,897.994,23.5959,9.52755e-06
691,0.980556,7.00000762939,897.985,23.7346,9.40061e-06
692,0.980556,7.00000762939,897.978,22.8746,9.27537e-06
693,0.980556,7.00000762939,897.97,22.8746,9.1518e-06
694,0.980556,7.00000762939,897.963,22.8746,9.02988e-06
695,0.980556,7.00000762939,897.954,23.7346,8.90958e-06
696,0.980556,7.00000762939,897.949,23.7346,8.79088e-06
697,0.980556,7.00000762939,897.94,22.8746,8.67377e-06
698,0.980556,7.00000762939,897.933,22.8746,8.55821e-06
699,0.980556,7.00000762939,897.927,23.7346,8.44419e-06
700,0.980556,7.00000762939,897.921,24.728,8.3317e-06
701,0.980556,7.00000762939,897.912,23.5959,8.2207e-06
702,0.980556,7.00000762939,897.905,23.589,8.11118e-06
703,0.980556,7.00000762939,897.9,23.5959,8.00312e-06
704,0.980556,7.00000762939,897.892,24.1165,7.8965e-06
705,0.980556,7.00000762939,897.885,23.1958,7.7913e-06
706,0.980556,7.00000762939,897.878,24.728,7.68749e-06
707,0.980556,7.00000762939,897.87,22.4617,7.58508e-06
708,0.980556,7.00000762939,897.866,24.728,7.48403e-06
709,0.980556,7.00000762939,897.859,23.1958,7.38433e-06
710,0.980556,7.00000762939,897.854,22.8746,7.28594e-06
711,0.980556,7.00000762939,897.845,22.8746,7.18888e-06
712,0.980556,7.00000762939,897.84,23.4713,7.09311e-06
713,0.980556,7.00000762939,897.836,23.7346,6.99861e-06
714,0.980556,7.00000762939,897.828,23.1283,6.90537e-06
715,0.980556,7.00000762939,897.822,22.8746,6.81337e-06
716,0.980556,7.00000762939,897.815,23.0082,6.7226e-06
717,0.980556,7.00000762939,897.811,23.7346,6.63304e-06
718,0.980556,7.00000762939,897.807,23.8731,6.54467e-06
719,0.980556,7.00000762939,897.799,22.8746,6.45748e-06
720,0.980556,7.00000762939,897.794,23.7346,6.37145e-06
721,0.980556,7.00000762939,897.79,23.1283,6.28657e-06
722,0.980556,7.00000762939,897.786,23.5959,6.20282e-06
723,0.980556,7.00000762939,897.781,23.9345,6.12018e-06
724,0.980556,7.00000762939,897.775,23.4788,6.03865e-06
725,0.980556,7.00000762939,897.772,22.8747,5.95819e-06
726,0.980556,7.00000762939,897.765,22.8747,5.87882e-06
727,0.980556,7.00000762939,897.759,22.8747,5.8005e-06
728,0.980556,7.00000762939,897.756,23.1283,5.72322e-06
729,0.980556,7.00000762939,897.753,23.7346,5.64697e-06
730,0.980556,7.00000762939,897.748,23.8731,5.57174e-06
731,0.980556,7.00000762939,897.743,22.4617,5.49751e-06
732,0.980556,7.00000762939,897.739,23.1283,5.42427e-06
733,0.980556,7.00000762939,897.735,23.0648,5.35201e-06
734,0.980556,7.00000762939,897.731,23.1283,5.28071e-06
735,0.980556,7.00000762939,897.727,23.1283,5.21036e-06
736,0.980556,7.00000762939,897.722,22.8747,5.14094e-06
737,0.980556,7.00000762939,897.718,23.8731,5.07245e-06
738,0.980556,7.00000762939,897.714,23.596,5.00487e-06
739,0.980556,7.00000762939,897.709,23.596,4.9382e-06
740,0.980556,7.00000762939,897.708,23.8731,4.8724e-06
741,0.980556,7.00000762939,897.704,23.596,4.80749e-06
742,0.980556,7.00000762939,897.697,23.1283,4.74345e-06
743,0.980556,7.00000762939,897.694,23.1283,4.68025e-06
744,0.980556,7.00000762939,897.69,22.8747,4.6179e-06
745,0.980556,7.00000762939,897.687,23.1283,4.55638e-06
746,0.980556,7.00000762939,897.682,22.8747,4.49568e-06
747,0.980556,7.00000762939,897.681,24.7281,4.43578e-06
748,0.980556,7.00000762939,897.678,23.8731,4.37669e-06
749,0.980556,7.00000762939,897.672,22.4617,4.31838e-06
750,0.980556,7.00000762939,897.667,23.1283,4.26085e-06
751,0.980556,7.00000762939,897.663,23.1283,4.20408e-06
752,0.980556,7.00000762939,897.662,23.596,4.14807e-06
753,0.980556,7.00000762939,897.657,22.8747,4.09281e-06
754,0.980556,7.00000762939,897.654,22.8747,4.03829e-06
755,0.980556,7.00000762939,897.651,23.7347,3.98448e-06
756,0.980556,7.00000762939,897.649,23.8731,3.9314e-06
757,0.980556,7.00000762939,897.644,23.596,3.87903e-06
758,0.980556,7.00000762939,897.643,22.8747,3.82735e-06
759,0.980556,7.00000762939,897.64,23.7347,3.77636e-06
760,0.980556,7.00000762939,897.635,22.8747,3.72605e-06
761,0.980556,7.00000762939,897.632,22.8747,3.67641e-06
762,0.980556,7.00000762939,897.629,23.1283,3.62743e-06
763,0.980556,7.00000762939,897.627,22.8747,3.5791e-06
764,0.980556,7.00000762939,897.623,22.8747,3.53142e-06
765,0.980556,7.00000762939,897.62,23.0083,3.48437e-06
766,0.980556,7.00000762939,897.617,22.8747,3.43795e-06
767,0.980556,7.00000762939,897.613,24.7281,3.39215e-06
768,0.980556,7.00000762939,897.611,23.596,3.34696e-06
769,0.980556,7.00000762939,897.609,22.8747,3.30237e-06
770,0.980556,7.00000762939,897.606,23.7347,3.25837e-06
771,0.980556,7.00000762939,897.603,23.596,3.21496e-06
772,0.980556,7.00000762939,897.6,22.8747,3.17213e-06
773,0.980556,7.00000762939,897.598,23.8731,3.12987e-06
774,0.980556,7.00000762939,897.594,22.8747,3.08817e-06
775,0.980556,7.00000762939,897.592,22.8747,3.04703e-06
776,0.980556,7.00000762939,897.589,23.7347,3.00644e-06
777,0.980556,7.00000762939,897.585,23.0649,2.96639e-06
778,0.980556,7.00000762939,897.582,24.7281,2.92687e-06
779,0.980556,7.00000762939,897.581,23.1959,2.88787e-06
780,0.980556,7.00000762939,897.578,24.7281,2.8494e-06
781,0.980556,7.00000762939,897.575,22.8747,2.81144e-06
782,0.980556,7.00000762939,897.572,23.1283,2.77398e-06
783,0.980556,7.00000762939,897.57,23.1283,2.73703e-06
784,0.980556,7.00000762939,897.568,23.9345,2.70056e-06
785,0.980556,7.00000762939,897.565,22.8747,2.66459e-06
786,0.980556,7.00000762939,897.562,23.9345,2.62909e-06
787,0.980556,7.00000762939,897.56,23.7347,2.59406e-06
788,0.980556,7.00000762939,897.557,22.8747,2.5595e-06
789,0.980556,7.00000762939,897.554,23.4713,2.5254e-06
790,0.980556,7.00000762939,897.552,23.1283,2.49176e-06
791,0.980556,7.00000762939,897.549,22.8747,2.45856e-06
792,0.980556,7.00000762939,897.546,23.0083,2.42581e-06
793,0.980556,7.00000762939,897.545,23.0083,2.39349e-06
794,0.980556,7.00000762939,897.54,23.0083,2.3616e-06
795,0.980556,7.00000762939,897.538,22.8747,2.33014e-06
796,0.980556,7.00000762939,897.537,22.5978,2.2991e-06
797,0.980556,7.00000762939,897.536,23.596,2.26847e-06
798,0.980556,7.00000762939,897.533,23.0083,2.23825e-06
799,0.980556,7.00000762939,897.531,24.7281,2.20843e-06
800,0.980556,7.00000762939,897.53,23.9345,2.17901e-06
801,0.980556,7.00000762939,897.528,23.4713,2.14998e-06
802,0.980556,7.00000762939,897.526,23.0083,2.12133e-06
803,0.980556,7.00000762939,897.524,23.0083,2.09307e-06
804,0.980556,7.00000762939,897.523,23.0083,2.06519e-06
805,0.980556,7.00000762939,897.522,23.0083,2.03767e-06
806,0.980556,7.00000762939,897.52,23.0083,2.01053e-06
807,0.980556,7.00000762939,897.519,23.1283,1.98374e-06
808,0.980556,7.00000762939,897.518,23.596,1.95731e-06
809,0.980556,7.00000762939,897.517,22.4618,1.93124e-06
810,0.980556,7.00000762939,897.515,23.1959,1.90551e-06
811,0.980556,7.00000762939,897.515,22.4618,1.88012e-06
812,0.980556,7.00000762939,897.513,23.9345,1.85507e-06
813,0.980556,7.00000762939,897.512,23.589,1.83036e-06
814,0.980556,7.00000762939,897.512,23.8731,1.80598e-06
815,0.980556,7.00000762939,897.511,23.0649,1.78192e-06
816,0.980556,7.00000762939,897.51,22.8747,1.75818e-06
817,0.980556,7.00000762939,897.509,22.8747,1.73475e-06
818,0.980556,7.00000762939,897.507,22.8747,1.71164e-06
819,0.980556,7.00000762939,897.506,23.1283,1.68884e-06
820,0.980556,7.00000762939,897.506,23.9345,1.66634e-06
821,0.980556,7.00000762939,897.505,23.5725,1.64414e-06
822,0.980556,7.00000762939,897.504,23.5725,1.62224e-06
823,0.980556,7.00000762939,897.502,23.1283,1.60062e-06
824,0.980556,7.00000762939,897.501,23.0649,1.5793e-06
825,0.980556,7.00000762939,897.5,22.8747,1.55826e-06
826,0.980556,7.00000762939,897.499,22.8747,1.5375e-06
827,0.980556,7.00000762939,897.499,23.596,1.51702e-06
828,0.980556,7.00000762939,897.497,22.8747,1.49681e-06
829,0.980556,7.00000762939,897.497,22.8747,1.47687e-06
830,0.980556,7.00000762939,897.496,24.1165,1.45719e-06
831,0.980556,7.00000762939,897.495,23.0649,1.43778e-06
832,0.980556,7.00000762939,897.494,23.5725,1.41862e-06
833,0.980556,7.00000762939,897.494,22.5978,1.39972e-06
834,0.980556,7.00000762939,897.493,23.1283,1.38107e-06
835,0.980556,7.00000762939,897.492,22.8747,1.36267e-06
836,0.980556,7.00000762939,897.491,22.8747,1.34452e-06
837,0.980556,7.00000762939,897.49,22.8747,1.32661e-06
838,0.980556,7.00000762939,897.489,23.7347,1.30893e-06
839,0.980556,7.00000762939,897.489,22.8747,1.2915e-06
0.980556,897.489,3.3344383239746094,0.96875,0.573895515306,0.102739948134
