27,10,0.8,2,1000, .1 
0,0.538889,166.000006199,683892.0,586.842,0.099938
1,0.552778,161.000003815,586482.0,534.311,0.0997524
2,0.561111,158.000006676,504390.0,494.343,0.099567
3,0.577778,151.99999094,435924.0,449.798,0.0993821
4,0.583333,150.000007153,378325.0,418.912,0.0991974
5,0.605556,142.000007629,329389.0,382.838,0.0990131
6,0.605556,142.000007629,288010.0,363.823,0.0988292
7,0.613889,139.00001049,251493.0,340.877,0.0986456
8,0.630556,132.999994755,220927.0,309.962,0.0984623
9,0.658333,122.999989986,195250.0,278.57,0.0982794
10,0.666667,119.999992847,173988.0,262.832,0.0980968
11,0.686111,113.000006676,155123.0,239.985,0.0979146
12,0.691667,111.000001431,139369.0,229.526,0.0977327
13,0.705556,105.999999046,125226.0,217.39,0.0975511
14,0.702778,106.99999094,112131.0,212.757,0.0973699
15,0.719444,100.999996662,100024.0,201.705,0.097189
16,0.725,98.9999914169,88898.1,194.207,0.0970084
17,0.741667,92.999997139,79363.8,177.557,0.0968282
18,0.755556,87.9999947548,71263.2,167.716,0.0966483
19,0.763889,84.9999976158,64161.8,160.156,0.0964688
20,0.769444,82.9999923706,57747.5,151.21,0.0962895
21,0.775,81.0000085831,51689.4,147.457,0.0961107
22,0.786111,76.9999980927,46314.7,136.251,0.0959321
23,0.797222,73.0000090599,41854.3,124.913,0.0957539
24,0.8,71.9999957085,37973.2,114.139,0.095576
25,0.802778,71.0000038147,34429.6,111.81,0.0953984
26,0.822222,63.9999961853,31877.6,92.9602,0.0952212
27,0.827778,61.9999909401,29724.8,91.6209,0.0950443
28,0.827778,61.9999909401,27638.1,90.0918,0.0948677
29,0.838889,58.0000019073,25980.3,76.0681,0.0946915
30,0.841667,57.0000100136,24606.4,74.5825,0.0945156
31,0.85,53.9999914169,23344.5,70.1156,0.09434
32,0.85,53.9999914169,22348.3,66.0055,0.0941647
33,0.85,53.9999914169,21369.3,63.0813,0.0939898
34,0.85,53.9999914169,20468.2,62.2133,0.0938151
35,0.852778,52.9999995232,19576.6,65.5876,0.0936409
36,0.852778,52.9999995232,18721.0,60.074,0.0934669
37,0.855556,52.0000076294,17951.8,58.75,0.0932932
38,0.855556,52.0000076294,17194.1,58.473,0.0931199
39,0.855556,52.0000076294,16454.3,58.4526,0.0929469
40,0.858333,50.999994278,15713.8,57.631,0.0927743
41,0.863889,49.0000104904,15038.8,53.3756,0.0926019
42,0.863889,49.0000104904,14446.0,48.7982,0.0924299
43,0.866667,47.999997139,13979.6,48.4761,0.0922581
44,0.863889,49.0000104904,13521.0,45.2674,0.0920868
45,0.866667,47.999997139,13085.8,44.243,0.0919157
46,0.863889,49.0000104904,12654.2,44.165,0.0917449
47,0.861111,50.0000023842,12263.0,45.2665,0.0915745
48,0.855556,52.0000076294,11892.9,45.338,0.0914043
49,0.855556,52.0000076294,11578.7,45.3479,0.0912345
50,0.85,53.9999914169,11247.0,43.8426,0.091065
51,0.858333,50.999994278,10912.0,43.0725,0.0908959
52,0.863889,49.0000104904,10633.8,39.9758,0.090727
53,0.872222,45.9999918938,10359.0,34.8,0.0905584
54,0.875,45.0,10114.0,36.7775,0.0903902
55,0.875,45.0,9857.35,34.4455,0.0902223
56,0.880556,42.9999947548,9628.75,31.9506,0.0900547
57,0.880556,42.9999947548,9430.36,33.7683,0.0898873
58,0.888889,39.9999976158,9252.93,27.9898,0.0897204
59,0.883333,42.000002861,9117.22,26.2738,0.0895537
60,0.877778,44.0000081062,8996.28,25.8475,0.0893873
61,0.886111,40.9999895096,8880.49,27.3877,0.0892212
62,0.883333,42.000002861,8773.65,28.8415,0.0890555
63,0.883333,42.000002861,8669.29,28.79,0.08889
64,0.880556,42.9999947548,8538.46,25.0083,0.0887249
65,0.886111,40.9999895096,8427.86,25.7293,0.0885601
66,0.886111,40.9999895096,8321.06,25.6858,0.0883955
67,0.888889,39.9999976158,8216.81,26.7673,0.0882313
68,0.883333,42.000002861,8100.5,27.2759,0.0880674
69,0.888889,39.9999976158,7999.53,28.0195,0.0879038
70,0.891667,39.000005722,7882.02,25.8405,0.0877405
71,0.888889,39.9999976158,7774.43,25.0618,0.0875775
72,0.894444,37.9999923706,7679.29,26.8197,0.0874148
73,0.886111,40.9999895096,7567.99,24.8599,0.0872524
74,0.891667,39.000005722,7470.33,26.0795,0.0870903
75,0.888889,39.9999976158,7357.91,25.0291,0.0869285
76,0.886111,40.9999895096,7256.79,24.881,0.086767
77,0.891667,39.000005722,7155.6,26.034,0.0866058
78,0.894444,37.9999923706,7057.43,27.5118,0.0864449
79,0.883333,42.000002861,6945.53,24.7927,0.0862843
80,0.888889,39.9999976158,6857.63,29.6318,0.086124
81,0.886111,40.9999895096,6746.28,24.5018,0.085964
82,0.894444,37.9999923706,6671.94,25.8403,0.0858043
83,0.888889,39.9999976158,6577.15,22.7413,0.0856449
84,0.891667,39.000005722,6506.33,24.3353,0.0854858
85,0.902778,34.9999952316,6437.44,26.3324,0.0853269
86,0.891667,39.000005722,6351.03,23.7006,0.0851684
87,0.891667,39.000005722,6279.79,24.789,0.0850102
88,0.897222,37.0000004768,6186.76,24.4113,0.0848523
89,0.897222,37.0000004768,6111.62,24.9315,0.0846946
90,0.9,36.0000085831,6047.45,27.4194,0.0845373
91,0.9,36.0000085831,5950.3,26.0346,0.0843802
92,0.902778,34.9999952316,5951.3,26.9613,0.0842235
93,0.902778,34.9999952316,5841.6,24.5533,0.084067
94,0.9,36.0000085831,5814.86,26.3454,0.0839108
95,0.902778,34.9999952316,5732.09,23.7678,0.0837549
96,0.905556,34.0000033379,5676.75,24.4482,0.0835993
97,0.905556,34.0000033379,5656.49,27.005,0.083444
98,0.908333,32.9999899864,5569.58,24.0289,0.083289
99,0.911111,31.9999980927,5496.57,21.6775,0.0831343
100,0.908333,32.9999899864,5469.29,24.0239,0.0829798
101,0.913889,31.0000061989,5383.65,23.3275,0.0828257
102,0.913889,31.0000061989,5322.75,21.603,0.0826718
103,0.908333,32.9999899864,5297.9,24.2561,0.0825182
104,0.913889,31.0000061989,5205.25,23.5616,0.0823649
105,0.908333,32.9999899864,5147.99,23.4024,0.0822119
106,0.916667,29.9999928474,5102.97,22.7722,0.0820591
107,0.913889,31.0000061989,5029.22,23.072,0.0819067
108,0.908333,32.9999899864,4976.84,24.3621,0.0817545
109,0.919444,29.0000009537,4910.19,21.0858,0.0816026
110,0.913889,31.0000061989,4851.95,21.787,0.081451
111,0.919444,29.0000009537,4797.25,21.0941,0.0812997
112,0.916667,29.9999928474,4743.96,22.2692,0.0811487
113,0.916667,29.9999928474,4677.6,22.118,0.0809979
114,0.916667,29.9999928474,4625.02,21.8741,0.0808474
115,0.919444,29.0000009537,4566.68,20.6069,0.0806972
116,0.919444,29.0000009537,4506.89,21.7239,0.0805473
117,0.916667,29.9999928474,4455.0,21.8616,0.0803977
118,0.919444,29.0000009537,4396.63,21.2536,0.0802483
119,0.913889,31.0000061989,4334.77,21.7602,0.0800992
120,0.916667,29.9999928474,4286.24,22.0644,0.0799504
121,0.925,26.9999957085,4230.95,20.2666,0.0798019
122,0.922222,28.0000090599,4168.17,20.4563,0.0796536
123,0.919444,29.0000009537,4121.12,20.2057,0.0795057
124,0.922222,28.0000090599,4068.44,20.4082,0.079358
125,0.925,26.9999957085,4011.16,20.8334,0.0792105
126,0.919444,29.0000009537,3963.85,21.6595,0.0790634
127,0.922222,28.0000090599,3906.66,20.6227,0.0789165
128,0.922222,28.0000090599,3851.73,20.8777,0.0787699
129,0.925,26.9999957085,3801.61,21.2438,0.0786235
130,0.925,26.9999957085,3750.94,20.172,0.0784775
131,0.925,26.9999957085,3696.73,20.364,0.0783317
132,0.930556,24.9999904633,3660.69,19.8804,0.0781861
133,0.930556,24.9999904633,3625.22,18.9131,0.0780409
134,0.938889,21.9999933243,3579.99,16.2112,0.0778959
135,0.938889,21.9999933243,3547.92,16.2376,0.0777512
136,0.936111,23.0000066757,3506.78,17.028,0.0776067
137,0.938889,21.9999933243,3478.9,16.3575,0.0774626
138,0.930556,24.9999904633,3454.05,16.6751,0.0773187
139,0.933333,23.9999985695,3426.06,15.6872,0.077175
140,0.930556,24.9999904633,3400.23,16.733,0.0770316
141,0.938889,21.9999933243,3372.74,15.2685,0.0768885
142,0.930556,24.9999904633,3350.44,16.8023,0.0767457
143,0.936111,23.0000066757,3321.3,15.9666,0.0766031
144,0.933333,23.9999985695,3299.19,16.822,0.0764608
145,0.933333,23.9999985695,3269.74,15.9371,0.0763187
146,0.933333,23.9999985695,3247.45,16.9032,0.076177
147,0.933333,23.9999985695,3217.53,16.0321,0.0760354
148,0.930556,24.9999904633,3195.32,17.0358,0.0758942
149,0.936111,23.0000066757,3164.74,16.2501,0.0757532
150,0.930556,24.9999904633,3137.84,17.1189,0.0756124
151,0.938889,21.9999933243,3107.53,15.7261,0.075472
152,0.933333,23.9999985695,3083.61,17.1678,0.0753318
153,0.938889,21.9999933243,3052.95,15.4366,0.0751918
154,0.938889,21.9999933243,3030.86,17.996,0.0750521
155,0.938889,21.9999933243,3002.43,16.9666,0.0749127
156,0.944444,20.0000095367,2976.49,16.5525,0.0747735
157,0.936111,23.0000066757,2950.92,18.3941,0.0746346
158,0.941667,21.0000014305,2923.09,16.5458,0.0744959
159,0.941667,21.0000014305,2895.53,17.1438,0.0743575
160,0.941667,21.0000014305,2869.09,16.6678,0.0742194
161,0.938889,21.9999933243,2834.64,17.2875,0.0740815
162,0.941667,21.0000014305,2807.19,16.7899,0.0739439
163,0.938889,21.9999933243,2780.62,17.4161,0.0738065
164,0.944444,20.0000095367,2750.6,17.05,0.0736694
165,0.941667,21.0000014305,2723.74,17.5189,0.0735325
166,0.941667,21.0000014305,2686.07,17.0552,0.0733959
167,0.941667,21.0000014305,2658.9,17.6524,0.0732596
168,0.941667,21.0000014305,2628.27,17.2068,0.0731235
169,0.938889,21.9999933243,2599.63,17.8077,0.0729876
170,0.944444,20.0000095367,2566.99,17.4819,0.072852
171,0.938889,21.9999933243,2539.1,17.9524,0.0727167
172,0.941667,21.0000014305,2504.72,17.505,0.0725816
173,0.941667,21.0000014305,2475.29,18.088,0.0724467
174,0.941667,21.0000014305,2440.55,17.6602,0.0723122
175,0.938889,21.9999933243,2411.46,18.2483,0.0721778
176,0.944444,20.0000095367,2369.65,17.9616,0.0720437
177,0.938889,21.9999933243,2340.07,18.4067,0.0719099
178,0.941667,21.0000014305,2310.3,18.5029,0.0717763
179,0.944444,20.0000095367,2267.86,18.2419,0.0716429
180,0.941667,21.0000014305,2234.6,18.6699,0.0715098
181,0.941667,21.0000014305,2197.52,18.2738,0.071377
182,0.941667,21.0000014305,2170.07,18.8564,0.0712444
183,0.941667,21.0000014305,2124.04,18.9406,0.071112
184,0.944444,20.0000095367,2092.34,18.7249,0.0709799
185,0.941667,21.0000014305,2051.63,19.3479,0.070848
186,0.941667,21.0000014305,2010.62,18.7597,0.0707164
187,0.944444,20.0000095367,1983.39,19.4522,0.070585
188,0.944444,20.0000095367,1939.52,19.5411,0.0704539
189,0.944444,20.0000095367,1911.59,19.398,0.070323
190,0.95,18.0000042915,1872.15,17.302,0.0701924
191,0.95,18.0000042915,1845.2,17.281,0.070062
192,0.95,18.0000042915,1812.68,18.6692,0.0699318
193,0.947222,18.9999961853,1784.55,18.9614,0.0698019
194,0.952778,16.9999909401,1743.27,16.687,0.0696722
195,0.95,18.0000042915,1712.52,17.0029,0.0695428
196,0.947222,18.9999961853,1681.34,19.2714,0.0694136
197,0.947222,18.9999961853,1640.17,17.6056,0.0692846
198,0.952778,16.9999909401,1606.11,17.1834,0.0691559
199,0.95,18.0000042915,1574.95,19.0826,0.0690274
200,0.95,18.0000042915,1544.67,19.1777,0.0688992
201,0.95,18.0000042915,1514.61,19.671,0.0687712
202,0.95,18.0000042915,1472.32,19.06,0.0686434
203,0.952778,16.9999909401,1436.96,19.4062,0.0685159
204,0.947222,18.9999961853,1406.17,20.14,0.0683886
205,0.95,18.0000042915,1371.11,19.6817,0.0682616
206,0.961111,13.9999938011,1343.42,18.5401,0.0681347
207,0.955556,15.9999990463,1331.61,19.5776,0.0680082
208,0.958333,15.0000071526,1315.97,16.8194,0.0678818
209,0.963889,13.0000019073,1300.86,15.4616,0.0677557
210,0.966667,12.0000100136,1286.6,14.9695,0.0676298
211,0.963889,13.0000019073,1273.83,15.5016,0.0675042
212,0.958333,15.0000071526,1266.2,17.1635,0.0673788
213,0.963889,13.0000019073,1251.68,15.529,0.0672536
214,0.961111,13.9999938011,1244.77,15.7444,0.0671287
215,0.958333,15.0000071526,1234.51,17.1917,0.0670039
216,0.963889,13.0000019073,1222.81,14.4468,0.0668795
217,0.961111,13.9999938011,1213.03,16.5111,0.0667552
218,0.963889,13.0000019073,1204.04,13.5657,0.0666312
219,0.969444,10.9999966621,1198.89,12.6713,0.0665074
220,0.963889,13.0000019073,1197.18,13.6149,0.0663839
221,0.966667,12.0000100136,1189.22,12.796,0.0662605
222,0.961111,13.9999938011,1186.17,13.9054,0.0661374
223,0.963889,13.0000019073,1177.71,14.0955,0.0660146
224,0.963889,13.0000019073,1171.9,13.1629,0.0658919
225,0.961111,13.9999938011,1169.6,14.4324,0.0657695
226,0.955556,15.9999990463,1160.93,15.2328,0.0656473
227,0.966667,12.0000100136,1158.02,14.3595,0.0655254
228,0.963889,13.0000019073,1149.92,11.8669,0.0654036
229,0.969444,10.9999966621,1147.51,12.8888,0.0652821
230,0.958333,15.0000071526,1143.65,13.8913,0.0651608
231,0.963889,13.0000019073,1141.46,15.3984,0.0650398
232,0.963889,13.0000019073,1127.73,11.9031,0.064919
233,0.961111,13.9999938011,1127.58,14.5489,0.0647983
234,0.952778,16.9999909401,1118.0,18.7311,0.064678
235,0.966667,12.0000100136,1109.5,12.0592,0.0645578
236,0.963889,13.0000019073,1106.77,12.8812,0.0644379
237,0.966667,12.0000100136,1102.22,12.9468,0.0643182
238,0.966667,12.0000100136,1095.81,13.6558,0.0641987
239,0.966667,12.0000100136,1088.56,12.8212,0.0640794
240,0.966667,12.0000100136,1086.27,13.6791,0.0639603
241,0.966667,12.0000100136,1077.8,11.2334,0.0638415
242,0.963889,13.0000019073,1075.01,14.0505,0.0637229
243,0.958333,15.0000071526,1070.34,17.2139,0.0636045
244,0.966667,12.0000100136,1061.25,12.211,0.0634864
245,0.966667,12.0000100136,1055.78,11.2935,0.0633684
246,0.969444,10.9999966621,1054.69,14.0294,0.0632507
247,0.969444,10.9999966621,1045.32,12.482,0.0631332
248,0.969444,10.9999966621,1040.45,11.3698,0.0630159
249,0.966667,12.0000100136,1038.4,14.3088,0.0628988
250,0.958333,15.0000071526,1033.23,14.2282,0.062782
251,0.961111,13.9999938011,1023.39,14.2149,0.0626653
252,0.969444,10.9999966621,1017.2,12.5526,0.0625489
253,0.966667,12.0000100136,1009.97,11.1622,0.0624327
254,0.969444,10.9999966621,1010.77,14.1379,0.0623167
255,0.966667,12.0000100136,1003.71,13.2225,0.062201
256,0.963889,13.0000019073,995.893,13.1426,0.0620854
257,0.969444,10.9999966621,990.097,12.6379,0.0619701
258,0.966667,12.0000100136,985.151,13.0195,0.0618549
259,0.963889,13.0000019073,984.508,14.3091,0.06174
260,0.966667,12.0000100136,974.08,11.4945,0.0616253
261,0.966667,12.0000100136,973.687,15.3587,0.0615108
262,0.969444,10.9999966621,962.531,12.7166,0.0613965
263,0.963889,13.0000019073,958.243,13.2412,0.0612825
264,0.969444,10.9999966621,951.633,14.0044,0.0611686
265,0.963889,13.0000019073,946.891,11.4434,0.061055
266,0.966667,12.0000100136,945.33,14.093,0.0609416
267,0.961111,13.9999938011,937.321,15.6734,0.0608284
268,0.963889,13.0000019073,927.753,14.8593,0.0607153
269,0.969444,10.9999966621,923.93,12.827,0.0606025
270,0.963889,13.0000019073,916.399,11.5185,0.06049
271,0.969444,10.9999966621,915.878,14.392,0.0603776
272,0.966667,12.0000100136,905.03,11.6561,0.0602654
273,0.966667,12.0000100136,903.471,15.514,0.0601535
274,0.969444,10.9999966621,894.692,12.9211,0.0600417
275,0.966667,12.0000100136,888.61,11.7096,0.0599302
276,0.963889,13.0000019073,886.059,13.9828,0.0598188
277,0.966667,12.0000100136,878.809,16.2,0.0597077
278,0.966667,12.0000100136,868.738,11.7415,0.0595968
279,0.966667,12.0000100136,866.877,13.9364,0.059486
280,0.963889,13.0000019073,862.581,13.476,0.0593755
281,0.961111,13.9999938011,855.753,16.6325,0.0592652
282,0.963889,13.0000019073,847.556,14.4838,0.0591551
283,0.969444,10.9999966621,842.803,13.0711,0.0590452
284,0.966667,12.0000100136,836.174,13.0846,0.0589355
285,0.975,8.99999141693,832.154,12.3982,0.058826
286,0.966667,12.0000100136,827.611,14.0868,0.0587167
287,0.966667,12.0000100136,821.09,14.8175,0.0586077
288,0.972222,10.0000047684,816.767,12.378,0.0584988
289,0.963889,13.0000019073,811.972,13.5188,0.0583901
290,0.972222,10.0000047684,813.149,14.0189,0.0582816
291,0.969444,10.9999966621,805.832,14.7579,0.0581733
292,0.966667,12.0000100136,801.716,14.6321,0.0580653
293,0.972222,10.0000047684,796.226,12.4278,0.0579574
294,0.972222,10.0000047684,790.251,12.2202,0.0578497
295,0.969444,10.9999966621,788.482,13.4554,0.0577422
296,0.969444,10.9999966621,781.864,12.3079,0.057635
297,0.966667,12.0000100136,781.752,14.6819,0.0575279
298,0.972222,10.0000047684,775.556,12.4914,0.057421
299,0.975,8.99999141693,769.469,12.5664,0.0573143
300,0.966667,12.0000100136,767.907,13.8597,0.0572079
301,0.963889,13.0000019073,761.215,14.0645,0.0571016
302,0.972222,10.0000047684,758.912,12.5259,0.0569955
303,0.969444,10.9999966621,752.459,12.3911,0.0568896
304,0.966667,12.0000100136,751.698,14.7444,0.0567839
305,0.969444,10.9999966621,745.803,13.2926,0.0566784
306,0.969444,10.9999966621,740.454,13.9242,0.0565731
307,0.972222,10.0000047684,732.277,12.6086,0.056468
308,0.969444,10.9999966621,729.871,13.5679,0.0563631
309,0.969444,10.9999966621,724.923,14.8957,0.0562584
310,0.963889,13.0000019073,721.401,15.3228,0.0561539
311,0.972222,10.0000047684,715.158,12.6456,0.0560496
312,0.972222,10.0000047684,710.197,11.6368,0.0559455
313,0.969444,10.9999966621,710.586,14.0011,0.0558415
314,0.972222,10.0000047684,702.904,14.9859,0.0557378
315,0.966667,12.0000100136,697.717,13.3578,0.0556342
316,0.975,8.99999141693,693.254,12.7549,0.0555309
317,0.966667,12.0000100136,687.486,11.5704,0.0554277
318,0.972222,10.0000047684,689.849,14.3088,0.0553247
319,0.977778,7.99999952316,682.007,10.9833,0.0552219
320,0.972222,10.0000047684,678.246,10.125,0.0551194
321,0.975,8.99999141693,677.328,12.5629,0.055017
322,0.969444,10.9999966621,670.568,13.0259,0.0549147
323,0.969444,10.9999966621,671.149,13.9752,0.0548127
324,0.972222,10.0000047684,662.297,10.1403,0.0547109
325,0.969444,10.9999966621,662.305,12.7282,0.0546093
326,0.975,8.99999141693,657.944,11.917,0.0545078
327,0.969444,10.9999966621,652.595,13.0449,0.0544065
328,0.972222,10.0000047684,652.42,13.7447,0.0543055
329,0.975,8.99999141693,644.767,11.026,0.0542046
330,0.969444,10.9999966621,642.139,11.9672,0.0541039
331,0.975,8.99999141693,637.848,13.7591,0.0540034
332,0.966667,12.0000100136,632.673,12.5164,0.053903
333,0.977778,7.99999952316,627.737,11.0931,0.0538029
334,0.969444,10.9999966621,625.753,12.6735,0.0537029
335,0.975,8.99999141693,623.378,11.0669,0.0536032
336,0.975,8.99999141693,619.169,11.0856,0.0535036
337,0.972222,10.0000047684,616.49,12.2862,0.0534042
338,0.977778,7.99999952316,612.312,11.1367,0.053305
339,0.972222,10.0000047684,607.329,13.7727,0.0532059
340,0.966667,12.0000100136,604.936,12.583,0.0531071
341,0.977778,7.99999952316,602.788,11.1639,0.0530084
342,0.975,8.99999141693,596.971,12.7184,0.0529099
343,0.969444,10.9999966621,592.916,13.5209,0.0528116
344,0.977778,7.99999952316,589.962,11.1928,0.0527135
345,0.972222,10.0000047684,586.65,12.478,0.0526156
346,0.969444,10.9999966621,582.921,13.5314,0.0525179
347,0.972222,10.0000047684,580.625,13.8577,0.0524203
348,0.966667,12.0000100136,582.719,15.9293,0.0523229
349,0.972222,10.0000047684,577.296,12.1485,0.0522257
350,0.975,8.99999141693,573.174,12.1973,0.0521287
351,0.966667,12.0000100136,573.659,15.3933,0.0520318
352,0.975,8.99999141693,567.55,12.1976,0.0519352
353,0.969444,10.9999966621,566.121,13.8753,0.0518387
354,0.969444,10.9999966621,564.165,16.1796,0.0517424
355,0.963889,13.0000019073,561.008,15.4646,0.0516462
356,0.972222,10.0000047684,560.238,14.1319,0.0515503
357,0.969444,10.9999966621,556.516,13.5581,0.0514545
358,0.975,8.99999141693,553.535,12.2267,0.0513589
359,0.966667,12.0000100136,553.305,15.4006,0.0512635
360,0.972222,10.0000047684,547.939,14.375,0.0511683
361,0.972222,10.0000047684,543.755,12.2173,0.0510732
362,0.966667,12.0000100136,544.99,15.954,0.0509783
363,0.972222,10.0000047684,540.722,12.2236,0.0508836
364,0.972222,10.0000047684,539.66,14.1545,0.0507891
365,0.972222,10.0000047684,533.46,12.2406,0.0506947
366,0.975,8.99999141693,533.281,14.2822,0.0506006
367,0.972222,10.0000047684,529.852,14.3875,0.0505066
368,0.975,8.99999141693,525.192,14.2781,0.0504127
369,0.977778,7.99999952316,522.203,12.7378,0.0503191
370,0.969444,10.9999966621,521.963,14.7693,0.0502256
371,0.972222,10.0000047684,519.051,16.9883,0.0501323
372,0.975,8.99999141693,514.167,14.5233,0.0500391
373,0.969444,10.9999966621,513.126,16.2365,0.0499462
374,0.975,8.99999141693,504.621,12.7837,0.0498534
375,0.972222,10.0000047684,505.755,16.2249,0.0497608
376,0.975,8.99999141693,499.061,12.7844,0.0496683
377,0.975,8.99999141693,496.903,12.5449,0.049576
378,0.972222,10.0000047684,498.149,16.2221,0.0494839
379,0.977778,7.99999952316,490.841,12.7658,0.049392
380,0.975,8.99999141693,488.287,12.7969,0.0493002
381,0.975,8.99999141693,483.359,14.5961,0.0492087
382,0.972222,10.0000047684,479.516,14.3265,0.0491172
383,0.977778,7.99999952316,475.029,12.7895,0.049026
384,0.972222,10.0000047684,473.822,14.8709,0.0489349
385,0.969444,10.9999966621,471.621,14.7727,0.048844
386,0.975,8.99999141693,468.235,12.8296,0.0487533
387,0.975,8.99999141693,466.787,14.6106,0.0486627
388,0.975,8.99999141693,461.116,12.8341,0.0485723
389,0.972222,10.0000047684,461.248,16.2339,0.048482
390,0.975,8.99999141693,453.168,12.8391,0.048392
391,0.975,8.99999141693,450.777,14.3143,0.0483021
392,0.972222,10.0000047684,447.596,14.8854,0.0482123
393,0.975,8.99999141693,444.676,12.8485,0.0481228
394,0.975,8.99999141693,442.15,14.3174,0.0480334
395,0.975,8.99999141693,438.365,14.5676,0.0479441
396,0.975,8.99999141693,437.481,14.6263,0.0478551
397,0.975,8.99999141693,431.599,12.8617,0.0477661
398,0.966667,12.0000100136,433.313,17.4742,0.0476774
399,0.975,8.99999141693,427.71,12.8697,0.0475888
400,0.975,8.99999141693,424.251,12.8767,0.0475004
401,0.972222,10.0000047684,423.769,16.2421,0.0474122
402,0.975,8.99999141693,416.523,14.0976,0.0473241
403,0.975,8.99999141693,415.727,15.3381,0.0472362
404,0.975,8.99999141693,412.459,14.0497,0.0471484
405,0.977778,7.99999952316,408.211,12.4198,0.0470608
406,0.975,8.99999141693,407.959,14.5687,0.0469734
407,0.977778,7.99999952316,404.742,13.7958,0.0468861
408,0.975,8.99999141693,404.352,14.0559,0.046799
409,0.977778,7.99999952316,398.868,14.2893,0.0467121
410,0.975,8.99999141693,395.182,14.0579,0.0466253
411,0.980556,7.00000762939,391.867,12.4662,0.0465387
412,0.975,8.99999141693,389.833,14.5767,0.0464522
413,0.977778,7.99999952316,388.057,14.0934,0.0463659
414,0.977778,7.99999952316,384.359,12.4473,0.0462798
415,0.977778,7.99999952316,382.745,14.3042,0.0461938
416,0.977778,7.99999952316,378.627,14.0952,0.046108
417,0.977778,7.99999952316,374.975,12.4555,0.0460223
418,0.977778,7.99999952316,373.461,14.3074,0.0459368
419,0.975,8.99999141693,369.239,16.7174,0.0458515
420,0.977778,7.99999952316,365.906,12.2991,0.0457663
421,0.980556,7.00000762939,365.173,12.5014,0.0456813
422,0.975,8.99999141693,365.536,16.0454,0.0455964
423,0.977778,7.99999952316,358.038,12.4734,0.0455117
424,0.980556,7.00000762939,355.675,12.5101,0.0454271
425,0.972222,10.0000047684,356.8,16.3966,0.0453428
426,0.980556,7.00000762939,351.159,11.6578,0.0452585
427,0.983333,5.99999427795,349.105,11.3373,0.0451744
428,0.977778,7.99999952316,351.99,18.0329,0.0450905
429,0.980556,7.00000762939,347.506,11.997,0.0450067
430,0.983333,5.99999427795,347.062,11.4162,0.0449231
431,0.986111,5.00000238419,346.698,10.9685,0.0448397
432,0.983333,5.99999427795,346.93,13.7681,0.0447564
433,0.983333,5.99999427795,344.201,11.4199,0.0446732
434,0.986111,5.00000238419,344.203,10.9717,0.0445902
435,0.986111,5.00000238419,344.419,10.9706,0.0445074
436,0.986111,5.00000238419,344.636,10.9696,0.0444247
437,0.986111,5.00000238419,344.854,10.9685,0.0443422
438,0.986111,5.00000238419,345.074,10.9675,0.0442598
439,0.986111,5.00000238419,345.296,10.9664,0.0441776
440,0.980556,7.00000762939,345.8,13.85,0.0440955
441,0.986111,5.00000238419,342.639,10.9706,0.0440136
442,0.986111,5.00000238419,342.858,10.9696,0.0439318
443,0.983333,5.99999427795,343.316,13.2136,0.0438502
444,0.983333,5.99999427795,343.18,12.3903,0.0437687
445,0.983333,5.99999427795,343.268,11.4191,0.0436874
446,0.986111,5.00000238419,342.925,10.968,0.0436062
447,0.983333,5.99999427795,343.568,13.7701,0.0435252
448,0.983333,5.99999427795,340.483,11.4227,0.0434444
449,0.986111,5.00000238419,340.513,10.9711,0.0433637
450,0.986111,5.00000238419,340.73,10.9701,0.0432831
451,0.986111,5.00000238419,340.948,10.9691,0.0432027
452,0.986111,5.00000238419,341.167,10.9681,0.0431224
453,0.986111,5.00000238419,341.388,10.9671,0.0430423
454,0.983333,5.99999427795,341.636,13.7693,0.0429623
455,0.983333,5.99999427795,339.418,11.4236,0.0428825
456,0.986111,5.00000238419,339.02,10.9702,0.0428029
457,0.986111,5.00000238419,339.239,10.9692,0.0427233
458,0.986111,5.00000238419,339.459,10.9682,0.042644
459,0.986111,5.00000238419,339.681,10.9672,0.0425647
460,0.983333,5.99999427795,339.943,11.4206,0.0424857
461,0.980556,7.00000762939,340.366,16.7991,0.0424067
462,0.986111,5.00000238419,337.141,10.9668,0.042328
463,0.986111,5.00000238419,337.364,10.9658,0.0422493
464,0.983333,5.99999427795,337.755,13.7719,0.0421708
465,0.983333,5.99999427795,334.868,11.4242,0.0420925
466,0.986111,5.00000238419,335.05,10.9689,0.0420143
467,0.983333,5.99999427795,335.397,13.2068,0.0419362
468,0.986111,5.00000238419,335.0,10.9701,0.0418583
469,0.986111,5.00000238419,335.219,10.9691,0.0417806
470,0.986111,5.00000238419,335.44,10.9682,0.0417029
471,0.986111,5.00000238419,335.662,10.9672,0.0416255
472,0.983333,5.99999427795,336.13,13.7752,0.0415481
473,0.983333,5.99999427795,333.765,11.4267,0.0414709
474,0.986111,5.00000238419,333.383,10.9703,0.0413939
475,0.986111,5.00000238419,333.603,10.9694,0.041317
476,0.986111,5.00000238419,333.825,10.9684,0.0412402
477,0.986111,5.00000238419,334.047,10.9675,0.0411636
478,0.983333,5.99999427795,334.282,11.424,0.0410871
479,0.983333,5.99999427795,334.876,13.7754,0.0410108
480,0.986111,5.00000238419,331.81,10.9706,0.0409346
481,0.986111,5.00000238419,332.032,10.9697,0.0408586
482,0.986111,5.00000238419,332.254,10.9687,0.0407827
483,0.986111,5.00000238419,332.476,10.9678,0.0407069
484,0.983333,5.99999427795,332.869,11.4256,0.0406313
485,0.986111,5.00000238419,332.922,10.9667,0.0405558
486,0.986111,5.00000238419,333.148,10.9658,0.0404804
487,0.983333,5.99999427795,333.803,13.7737,0.0404052
488,0.986111,5.00000238419,330.737,10.9691,0.0403302
489,0.983333,5.99999427795,331.091,11.4279,0.0402552
490,0.986111,5.00000238419,331.179,10.968,0.0401805
491,0.986111,5.00000238419,331.404,10.9671,0.0401058
492,0.986111,5.00000238419,331.629,10.9662,0.0400313
493,0.986111,5.00000238419,331.855,10.9653,0.0399569
494,0.983333,5.99999427795,332.143,13.1947,0.0398827
495,0.980556,7.00000762939,332.709,14.9372,0.0398086
496,0.983333,5.99999427795,329.802,11.4303,0.0397347
497,0.986111,5.00000238419,329.186,10.969,0.0396608
498,0.986111,5.00000238419,329.408,10.9681,0.0395872
499,0.986111,5.00000238419,329.631,10.9672,0.0395136
500,0.983333,5.99999427795,329.911,11.4284,0.0394402
501,0.983333,5.99999427795,330.168,13.7772,0.0393669
502,0.986111,5.00000238419,327.503,10.9702,0.0392938
503,0.986111,5.00000238419,327.723,10.9694,0.0392208
504,0.986111,5.00000238419,327.946,10.9685,0.0391479
505,0.986111,5.00000238419,328.168,10.9677,0.0390752
506,0.983333,5.99999427795,328.559,11.4301,0.0390026
507,0.986111,5.00000238419,328.608,10.9666,0.0389301
508,0.986111,5.00000238419,328.832,10.9658,0.0388578
509,0.983333,5.99999427795,329.152,13.7757,0.0387856
510,0.986111,5.00000238419,326.533,10.9689,0.0387136
511,0.983333,5.99999427795,326.854,11.4324,0.0386417
512,0.986111,5.00000238419,326.969,10.9679,0.0385699
513,0.986111,5.00000238419,327.192,10.9671,0.0384982
514,0.986111,5.00000238419,327.417,10.9663,0.0384267
515,0.986111,5.00000238419,327.643,10.9654,0.0383553
516,0.983333,5.99999427795,328.142,13.8412,0.038284
517,0.986111,5.00000238419,325.215,10.9653,0.0382129
518,0.983333,5.99999427795,325.539,13.1895,0.0381419
519,0.986111,5.00000238419,325.228,10.9664,0.0380711
520,0.983333,5.99999427795,325.584,11.431,0.0380003
521,0.986111,5.00000238419,322.961,10.9702,0.0379297
522,0.986111,5.00000238419,323.182,10.9694,0.0378593
523,0.986111,5.00000238419,323.404,10.9686,0.0377889
524,0.986111,5.00000238419,323.626,10.9678,0.0377187
525,0.983333,5.99999427795,323.899,11.4332,0.0376487
526,0.986111,5.00000238419,324.059,10.9668,0.0375787
527,0.983333,5.99999427795,324.319,13.7818,0.0375089
528,0.986111,5.00000238419,321.839,10.97,0.0374392
529,0.986111,5.00000238419,322.061,10.9692,0.0373697
530,0.986111,5.00000238419,322.283,10.9684,0.0373002
531,0.983333,5.99999427795,322.618,11.435,0.0372309
532,0.986111,5.00000238419,322.715,10.9674,0.0371618
533,0.986111,5.00000238419,322.938,10.9666,0.0370927
534,0.986111,5.00000238419,323.162,10.9658,0.0370238
535,0.986111,5.00000238419,323.387,10.965,0.036955
536,0.983333,5.99999427795,324.029,13.7795,0.0368864
537,0.983333,5.99999427795,321.378,11.4367,0.0368179
538,0.986111,5.00000238419,321.423,10.968,0.0367495
539,0.986111,5.00000238419,321.647,10.9672,0.0366812
540,0.986111,5.00000238419,321.87,10.9664,0.036613
541,0.986111,5.00000238419,322.095,10.9656,0.036545
542,0.986111,5.00000238419,322.32,10.9649,0.0364771
543,0.986111,5.00000238419,322.546,10.9641,0.0364094
544,0.983333,5.99999427795,323.135,13.7783,0.0363417
545,0.980556,7.00000762939,321.093,13.5794,0.0362742
546,0.983333,5.99999427795,320.567,12.4012,0.0362068
547,0.986111,5.00000238419,320.17,10.9677,0.0361395
548,0.986111,5.00000238419,320.392,10.9669,0.0360724
549,0.983333,5.99999427795,320.707,11.437,0.0360054
550,0.986111,5.00000238419,320.818,10.966,0.0359385
551,0.983333,5.99999427795,321.405,13.7821,0.0358717
552,0.986111,5.00000238419,318.712,10.969,0.0358051
553,0.986111,5.00000238419,318.932,10.9683,0.0357386
554,0.986111,5.00000238419,319.154,10.9676,0.0356722
555,0.983333,5.99999427795,319.491,11.4388,0.0356059
556,0.986111,5.00000238419,319.577,10.9667,0.0355398
557,0.986111,5.00000238419,319.799,10.9659,0.0354737
558,0.983333,5.99999427795,320.182,13.8345,0.0354078
559,0.986111,5.00000238419,317.592,10.9659,0.035342
560,0.986111,5.00000238419,317.814,10.9652,0.0352764
561,0.986111,5.00000238419,318.037,10.9644,0.0352109
562,0.980556,7.00000762939,318.509,15.6421,0.0351454
563,0.983333,5.99999427795,316.304,11.4413,0.0350801
564,0.986111,5.00000238419,315.804,10.9684,0.035015
565,0.986111,5.00000238419,316.025,10.9676,0.0349499
566,0.986111,5.00000238419,316.247,10.9669,0.034885
567,0.986111,5.00000238419,316.468,10.9662,0.0348202
568,0.983333,5.99999427795,316.771,11.4393,0.0347555
569,0.986111,5.00000238419,316.891,10.9654,0.0346909
570,0.986111,5.00000238419,317.114,10.9647,0.0346265
571,0.986111,5.00000238419,317.337,10.964,0.0345621
572,0.980556,7.00000762939,317.704,15.5962,0.0344979
573,0.986111,5.00000238419,314.939,10.9694,0.0344338
574,0.983333,5.99999427795,315.23,11.443,0.0343699
575,0.986111,5.00000238419,315.354,10.9686,0.034306
576,0.986111,5.00000238419,315.573,10.9679,0.0342423
577,0.986111,5.00000238419,315.792,10.9672,0.0341787
578,0.986111,5.00000238419,316.013,10.9665,0.0341152
579,0.986111,5.00000238419,316.233,10.9658,0.0340518
580,0.983333,5.99999427795,316.458,13.7843,0.0339885
581,0.983333,5.99999427795,314.441,11.4442,0.0339254
582,0.986111,5.00000238419,314.449,10.9686,0.0338624
583,0.986111,5.00000238419,314.668,10.968,0.0337995
584,0.986111,5.00000238419,314.887,10.9673,0.0337367
585,0.986111,5.00000238419,315.106,10.9666,0.033674
586,0.983333,5.99999427795,315.53,13.8309,0.0336114
587,0.986111,5.00000238419,313.036,10.9666,0.033549
588,0.986111,5.00000238419,313.256,10.9659,0.0334867
589,0.986111,5.00000238419,313.476,10.9652,0.0334244
590,0.983333,5.99999427795,313.77,11.4416,0.0333623
591,0.983333,5.99999427795,314.116,13.7862,0.0333004
592,0.986111,5.00000238419,311.739,10.968,0.0332385
593,0.986111,5.00000238419,311.957,10.9673,0.0331767
594,0.986111,5.00000238419,312.176,10.9667,0.0331151
595,0.986111,5.00000238419,312.395,10.966,0.0330536
596,0.983333,5.99999427795,312.653,11.4434,0.0329922
597,0.986111,5.00000238419,312.808,10.9653,0.0329309
598,0.983333,5.99999427795,313.038,13.1684,0.0328697
599,0.983333,5.99999427795,312.967,13.7894,0.0328087
600,0.986111,5.00000238419,310.758,10.9699,0.0327477
601,0.986111,5.00000238419,310.974,10.9692,0.0326869
602,0.986111,5.00000238419,311.19,10.9686,0.0326261
603,0.983333,5.99999427795,311.523,11.4465,0.0325655
604,0.986111,5.00000238419,311.596,10.9678,0.032505
605,0.986111,5.00000238419,311.812,10.9672,0.0324446
606,0.986111,5.00000238419,312.029,10.9666,0.0323844
607,0.986111,5.00000238419,312.247,10.9659,0.0323242
608,0.983333,5.99999427795,312.755,13.7877,0.0322641
609,0.983333,5.99999427795,310.448,11.4483,0.0322042
610,0.983333,5.99999427795,310.58,12.4057,0.0321444
611,0.986111,5.00000238419,308.759,10.9674,0.0320847
612,0.983333,5.99999427795,309.114,13.8265,0.032025
613,0.986111,5.00000238419,306.806,10.9674,0.0319656
614,0.986111,5.00000238419,307.021,10.9668,0.0319062
615,0.986111,5.00000238419,307.237,10.9662,0.0318469
616,0.986111,5.00000238419,307.452,10.9656,0.0317877
617,0.986111,5.00000238419,307.669,10.9649,0.0317287
618,0.983333,5.99999427795,307.937,11.4457,0.0316697
619,0.986111,5.00000238419,305.812,10.9682,0.0316109
620,0.986111,5.00000238419,306.025,10.9676,0.0315522
621,0.983333,5.99999427795,306.288,13.1656,0.0314935
622,0.986111,5.00000238419,306.105,10.9687,0.031435
623,0.986111,5.00000238419,306.318,10.9681,0.0313766
624,0.986111,5.00000238419,306.531,10.9675,0.0313183
625,0.983333,5.99999427795,306.844,11.4488,0.0312602
626,0.983333,5.99999427795,306.932,13.7939,0.0312021
627,0.986111,5.00000238419,304.912,10.9702,0.0311441
628,0.983333,5.99999427795,305.247,11.7893,0.0310863
629,0.986111,5.00000238419,305.336,10.9693,0.0310285
630,0.986111,5.00000238419,305.546,10.9688,0.0309709
631,0.986111,5.00000238419,305.756,10.9682,0.0309133
632,0.986111,5.00000238419,305.967,10.9676,0.0308559
633,0.983333,5.99999427795,306.347,13.795,0.0307986
634,0.980556,7.00000762939,304.724,12.7319,0.0307414
635,0.986111,5.00000238419,304.367,10.9702,0.0306842
636,0.983333,5.99999427795,304.76,11.7884,0.0306272
637,0.986111,5.00000238419,304.787,10.9694,0.0305703
638,0.983333,5.99999427795,305.057,13.7982,0.0305135
639,0.986111,5.00000238419,303.022,10.9721,0.0304569
640,0.983333,5.99999427795,303.314,11.79,0.0304003
641,0.986111,5.00000238419,303.436,10.9713,0.0303438
642,0.986111,5.00000238419,303.642,10.9707,0.0302874
643,0.986111,5.00000238419,303.848,10.9702,0.0302312
644,0.986111,5.00000238419,304.054,10.9696,0.030175
645,0.980556,7.00000762939,304.473,16.7982,0.0301189
646,0.986111,5.00000238419,302.228,10.9696,0.030063
647,0.986111,5.00000238419,302.434,10.9691,0.0300071
648,0.983333,5.99999427795,302.692,13.8014,0.0299514
649,0.980556,7.00000762939,301.749,12.7348,0.0298957
650,0.986111,5.00000238419,300.873,10.972,0.0298402
651,0.986111,5.00000238419,301.076,10.9715,0.0297848
652,0.986111,5.00000238419,301.28,10.9709,0.0297294
653,0.986111,5.00000238419,301.483,10.9704,0.0296742
654,0.983333,5.99999427795,301.933,13.8038,0.0296191
655,0.983333,5.99999427795,300.443,11.7917,0.029564
656,0.986111,5.00000238419,299.968,10.9728,0.0295091
657,0.986111,5.00000238419,300.168,10.9723,0.0294543
658,0.986111,5.00000238419,300.37,10.9717,0.0293996
659,0.986111,5.00000238419,300.571,10.9712,0.0293449
660,0.980556,7.00000762939,300.862,15.665,0.0292904
661,0.983333,5.99999427795,300.247,11.7948,0.029236
662,0.986111,5.00000238419,298.757,10.9745,0.0291817
663,0.983333,5.99999427795,299.088,11.7914,0.0291275
664,0.986111,5.00000238419,299.154,10.9737,0.0290734
665,0.986111,5.00000238419,299.352,10.9732,0.0290194
666,0.986111,5.00000238419,299.55,10.9727,0.0289654
667,0.983333,5.99999427795,299.883,13.8083,0.0289116
668,0.980556,7.00000762939,298.145,14.1261,0.0288579
669,0.983333,5.99999427795,297.472,12.411,0.0288043
670,0.986111,5.00000238419,296.448,10.974,0.0287508
671,0.986111,5.00000238419,296.644,10.9735,0.0286974
672,0.986111,5.00000238419,296.84,10.973,0.0286441
673,0.986111,5.00000238419,297.036,10.9724,0.0285909
674,0.983333,5.99999427795,297.528,13.8097,0.0285377
675,0.980556,7.00000762939,296.321,12.737,0.0284847
676,0.986111,5.00000238419,295.542,10.9753,0.0284318
677,0.986111,5.00000238419,295.735,10.9748,0.028379
678,0.986111,5.00000238419,295.928,10.9743,0.0283263
679,0.983333,5.99999427795,296.25,13.8128,0.0282736
680,0.983333,5.99999427795,294.461,11.792,0.0282211
681,0.986111,5.00000238419,294.475,10.9767,0.0281687
682,0.986111,5.00000238419,294.666,10.9762,0.0281164
683,0.986111,5.00000238419,294.857,10.9757,0.0280641
684,0.986111,5.00000238419,295.047,10.9752,0.028012
685,0.983333,5.99999427795,295.407,13.8319,0.0279599
686,0.986111,5.00000238419,291.797,10.9757,0.027908
687,0.986111,5.00000238419,291.988,10.9752,0.0278561
688,0.986111,5.00000238419,292.179,10.9747,0.0278044
689,0.980556,7.00000762939,292.525,13.7561,0.0277527
690,0.983333,5.99999427795,290.339,11.7929,0.0277012
691,0.986111,5.00000238419,290.452,10.9782,0.0276497
692,0.986111,5.00000238419,290.639,10.9777,0.0275983
693,0.986111,5.00000238419,290.826,10.9772,0.0275471
694,0.986111,5.00000238419,291.013,10.9767,0.0274959
695,0.986111,5.00000238419,291.2,10.9763,0.0274448
696,0.983333,5.99999427795,291.519,13.8195,0.0273938
697,0.980556,7.00000762939,290.199,12.7398,0.0273429
698,0.983333,5.99999427795,289.925,11.7924,0.0272921
699,0.986111,5.00000238419,289.943,10.9786,0.0272414
700,0.986111,5.00000238419,290.128,10.9781,0.0271908
701,0.986111,5.00000238419,290.313,10.9776,0.0271403
702,0.980556,7.00000762939,290.811,16.8201,0.0270899
703,0.986111,5.00000238419,288.671,10.9777,0.0270396
704,0.986111,5.00000238419,288.855,10.9772,0.0269893
705,0.983333,5.99999427795,289.084,13.8238,0.0269392
706,0.983333,5.99999427795,288.141,11.7947,0.0268891
707,0.986111,5.00000238419,287.463,10.9796,0.0268392
708,0.986111,5.00000238419,287.645,10.9791,0.0267893
709,0.986111,5.00000238419,287.827,10.9786,0.0267396
710,0.988889,4.00001049042,288.062,11.2296,0.0266899
711,0.988889,4.00001049042,288.062,11.2296,0.0266403
0.988889,288.062,2.6683032512664795,19.8066,0.248500521439,0.0782885154818
