33,10,0.9,2,1000, .1 
0,0.455556,195.999999046,1.3556e+06,878.186,0.0999707
1,0.455556,195.999999046,1.13687e+06,802.665,0.099883
2,0.452778,197.000001669,955095.0,729.531,0.0997953
3,0.452778,197.000001669,805862.0,666.977,0.0997078
4,0.458333,194.999996424,684431.0,596.593,0.0996203
5,0.466667,191.999999285,586745.0,541.916,0.0995328
6,0.469444,190.999996662,506633.0,499.657,0.0994455
7,0.483333,186.000005007,438413.0,457.318,0.0993582
8,0.491667,182.999997139,383281.0,414.67,0.099271
9,0.491667,182.999997139,337186.0,382.685,0.0991839
10,0.502778,179.000008106,298954.0,352.793,0.0990968
11,0.505556,177.999994755,265835.0,331.161,0.0990099
12,0.519444,172.999992371,236694.0,308.299,0.098923
13,0.538889,166.000006199,212271.0,284.726,0.0988362
14,0.541667,164.999992847,190714.0,268.927,0.0987494
15,0.555556,159.999990463,171528.0,253.021,0.0986627
16,0.561111,158.000006676,154403.0,237.684,0.0985762
17,0.586111,148.999993801,139528.0,221.148,0.0984896
18,0.594444,145.999996662,126288.0,208.922,0.0984032
19,0.588889,148.000001907,114560.0,196.11,0.0983168
20,0.591667,147.000010014,104133.0,186.525,0.0982306
21,0.605556,142.000007629,94783.6,175.006,0.0981444
22,0.613889,139.00001049,86492.6,166.136,0.0980582
23,0.619444,137.000005245,79154.7,157.503,0.0979722
24,0.630556,132.999994755,72508.8,148.025,0.0978862
25,0.636111,130.99998951,66561.0,140.753,0.0978003
26,0.633333,132.000002861,61205.4,135.106,0.0977144
27,0.641667,129.000005722,56236.9,129.509,0.0976287
28,0.641667,129.000005722,51648.7,124.38,0.097543
29,0.647222,127.000000477,47456.4,118.185,0.0974574
30,0.641667,129.000005722,43638.1,113.774,0.0973719
31,0.655556,124.000003338,40134.4,107.89,0.0972864
32,0.663889,121.000006199,36984.7,103.698,0.097201
33,0.669444,119.000000954,34097.0,98.7481,0.0971157
34,0.669444,119.000000954,31512.3,94.9075,0.0970305
35,0.669444,119.000000954,29081.5,90.7794,0.0969453
36,0.675,116.999995708,26891.5,87.1554,0.0968603
37,0.686111,113.000006676,24878.3,84.2954,0.0967753
38,0.697222,108.999996185,23045.5,80.5042,0.0966903
39,0.697222,108.999996185,21344.7,78.3434,0.0966055
40,0.716667,102.000010014,19800.2,72.4405,0.0965207
41,0.713889,103.000001907,18414.9,70.6436,0.096436
42,0.719444,100.999996662,17110.8,69.5697,0.0963513
43,0.725,98.9999914169,15891.2,66.1563,0.0962668
44,0.736111,95.0000023842,14785.2,63.6996,0.0961823
45,0.738889,94.0000104904,13767.4,60.7703,0.0960979
46,0.752778,89.0000081062,12857.9,55.9936,0.0960135
47,0.758333,87.000002861,12075.3,54.0455,0.0959293
48,0.766667,84.000005722,11353.4,52.2835,0.0958451
49,0.772222,82.0000004768,10689.3,50.3206,0.095761
50,0.775,81.0000085831,10075.9,49.3143,0.0956769
51,0.775,81.0000085831,9482.56,48.694,0.095593
52,0.777778,79.9999952316,8904.64,48.0559,0.0955091
53,0.783333,77.9999899864,8346.38,46.4368,0.0954253
54,0.786111,76.9999980927,7839.74,44.8381,0.0953415
55,0.8,71.9999957085,7373.17,41.1234,0.0952578
56,0.802778,71.0000038147,6980.57,40.6264,0.0951742
57,0.8,71.9999957085,6594.89,40.4624,0.0950907
58,0.816667,66.0000014305,6223.46,38.8446,0.0950073
59,0.819444,65.0000095367,5880.91,38.4311,0.0949239
60,0.822222,63.9999961853,5548.54,37.6597,0.0948406
61,0.833333,60.0000071526,5257.36,35.3082,0.0947573
62,0.833333,60.0000071526,4984.12,35.2794,0.0946742
63,0.838889,58.0000019073,4714.96,34.0489,0.0945911
64,0.841667,57.0000100136,4455.35,33.841,0.0945081
65,0.841667,57.0000100136,4196.61,33.9495,0.0944251
66,0.844444,55.9999966621,3933.08,34.0476,0.0943423
67,0.85,53.9999914169,3686.97,33.1136,0.0942595
68,0.852778,52.9999995232,3452.6,32.3767,0.0941767
69,0.855556,52.0000076294,3230.9,31.9949,0.0940941
70,0.858333,50.999994278,3012.8,31.995,0.0940115
71,0.866667,47.999997139,2831.09,29.543,0.093929
72,0.872222,45.9999918938,2657.39,28.3526,0.0938466
73,0.875,45.0,2489.96,27.1689,0.0937642
74,0.875,45.0,2340.02,27.2359,0.0936819
75,0.877778,44.0000081062,2190.5,26.968,0.0935997
76,0.877778,44.0000081062,2042.44,27.0432,0.0935176
77,0.877778,44.0000081062,1894.44,26.4727,0.0934355
78,0.877778,44.0000081062,1752.41,25.2615,0.0933535
79,0.880556,42.9999947548,1641.65,23.784,0.0932716
80,0.875,45.0,1535.31,23.4867,0.0931897
81,0.883333,42.000002861,1445.61,22.3686,0.0931079
82,0.886111,40.9999895096,1357.52,21.592,0.0930262
83,0.894444,37.9999923706,1291.07,18.5604,0.0929446
84,0.894444,37.9999923706,1228.41,18.5445,0.092863
85,0.897222,37.0000004768,1168.91,17.7211,0.0927815
86,0.9,36.0000085831,1109.27,17.6351,0.0927001
87,0.905556,34.0000033379,1055.32,15.8132,0.0926187
88,0.911111,31.9999980927,1003.5,14.8864,0.0925374
89,0.913889,31.0000061989,960.206,13.8977,0.0924562
90,0.922222,28.0000090599,923.103,12.7417,0.0923751
91,0.925,26.9999957085,889.456,11.8607,0.092294
92,0.925,26.9999957085,862.779,11.8592,0.092213
93,0.925,26.9999957085,836.866,10.8443,0.0921321
94,0.930556,24.9999904633,817.607,10.3128,0.0920512
95,0.933333,23.9999985695,799.827,9.99208,0.0919704
96,0.933333,23.9999985695,783.601,9.81069,0.0918897
97,0.936111,23.0000066757,768.356,9.58123,0.0918091
98,0.933333,23.9999985695,753.432,9.66258,0.0917285
99,0.938889,21.9999933243,739.271,9.54634,0.091648
100,0.936111,23.0000066757,725.157,8.00813,0.0915676
101,0.936111,23.0000066757,712.757,7.97311,0.0914872
102,0.930556,24.9999904633,701.01,8.9336,0.0914069
103,0.95,18.0000042915,689.653,8.25281,0.0913267
104,0.936111,23.0000066757,676.937,8.07872,0.0912465
105,0.952778,16.9999909401,670.428,8.27762,0.0911665
106,0.952778,16.9999909401,657.227,7.43238,0.0910864
107,0.955556,15.9999990463,652.238,7.42147,0.0910065
108,0.952778,16.9999909401,640.844,7.23898,0.0909266
109,0.952778,16.9999909401,636.351,7.3297,0.0908468
110,0.952778,16.9999909401,625.437,7.15605,0.0907671
111,0.955556,15.9999990463,621.853,7.38963,0.0906875
112,0.952778,16.9999909401,610.028,7.35422,0.0906079
113,0.955556,15.9999990463,605.992,7.37618,0.0905283
114,0.941667,21.0000014305,595.851,9.43867,0.0904489
115,0.944444,20.0000095367,590.323,9.24864,0.0903695
116,0.955556,15.9999990463,584.989,7.32731,0.0902902
117,0.955556,15.9999990463,573.793,7.30789,0.090211
118,0.955556,15.9999990463,569.532,7.33064,0.0901318
119,0.941667,21.0000014305,559.615,9.04329,0.0900527
120,0.952778,16.9999909401,552.87,7.26839,0.0899737
121,0.952778,16.9999909401,549.248,7.21733,0.0898947
122,0.952778,16.9999909401,537.963,7.19712,0.0898158
123,0.958333,15.0000071526,533.681,7.31142,0.089737
124,0.938889,21.9999933243,525.738,8.99935,0.0896582
125,0.95,18.0000042915,521.389,7.30032,0.0895795
126,0.95,18.0000042915,511.095,7.2647,0.0895009
127,0.955556,15.9999990463,506.819,7.27448,0.0894224
128,0.938889,21.9999933243,498.794,8.95235,0.0893439
129,0.95,18.0000042915,494.997,7.25757,0.0892655
130,0.947222,18.9999961853,484.485,7.16754,0.0891871
131,0.95,18.0000042915,481.05,7.23988,0.0891089
132,0.938889,21.9999933243,471.346,8.86612,0.0890307
133,0.938889,21.9999933243,467.355,9.14098,0.0889525
134,0.95,18.0000042915,461.916,7.21442,0.0888745
135,0.944444,20.0000095367,451.569,7.96064,0.0887965
136,0.952778,16.9999909401,449.472,7.19742,0.0887185
137,0.941667,21.0000014305,439.133,6.64667,0.0886407
138,0.952778,16.9999909401,436.107,7.17671,0.0885629
139,0.95,18.0000042915,425.981,7.1844,0.0884852
140,0.944444,20.0000095367,423.578,7.51209,0.0884075
141,0.936111,23.0000066757,413.895,8.61807,0.0883299
142,0.95,18.0000042915,407.751,7.17065,0.0882524
143,0.95,18.0000042915,405.118,7.39849,0.0881749
144,0.930556,24.9999904633,394.933,7.82286,0.0880976
145,0.95,18.0000042915,394.01,7.63435,0.0880203
146,0.933333,23.9999985695,382.827,6.64098,0.087943
147,0.952778,16.9999909401,382.82,7.14732,0.0878658
148,0.936111,23.0000066757,372.984,6.12398,0.0877887
149,0.95,18.0000042915,373.175,7.02147,0.0877117
150,0.947222,18.9999961853,363.0,6.81115,0.0876347
151,0.947222,18.9999961853,361.263,6.80667,0.0875578
152,0.936111,23.0000066757,354.18,8.38378,0.0874809
153,0.95,18.0000042915,354.74,7.0199,0.0874042
154,0.947222,18.9999961853,344.503,6.81401,0.0873274
155,0.95,18.0000042915,342.443,7.02157,0.0872508
156,0.933333,23.9999985695,334.781,8.19037,0.0871742
157,0.95,18.0000042915,333.854,7.02177,0.0870977
158,0.944444,20.0000095367,324.438,6.74724,0.0870213
159,0.947222,18.9999961853,323.699,6.82346,0.0869449
160,0.95,18.0000042915,314.385,5.71633,0.0868686
161,0.944444,20.0000095367,314.604,7.50416,0.0867924
162,0.936111,23.0000066757,304.856,8.28387,0.0867162
163,0.927778,26.0000038147,302.223,8.06258,0.0866401
164,0.944444,20.0000095367,300.639,7.24549,0.0865641
165,0.936111,23.0000066757,293.125,7.91565,0.0864881
166,0.933333,23.9999985695,290.923,7.59812,0.0864122
167,0.95,18.0000042915,291.641,6.41697,0.0863364
168,0.927778,26.0000038147,286.66,8.83857,0.0862606
169,0.95,18.0000042915,288.06,6.19442,0.0861849
170,0.944444,20.0000095367,282.425,6.30203,0.0861092
171,0.952778,16.9999909401,282.878,6.09922,0.0860337
172,0.941667,21.0000014305,280.501,7.50741,0.0859582
173,0.95,18.0000042915,280.783,5.72586,0.0858827
174,0.944444,20.0000095367,276.086,6.73976,0.0858074
175,0.95,18.0000042915,278.788,5.71722,0.0857321
176,0.952778,16.9999909401,273.086,5.35109,0.0856568
177,0.952778,16.9999909401,275.158,5.34239,0.0855816
178,0.936111,23.0000066757,271.458,7.70837,0.0855065
179,0.95,18.0000042915,273.385,5.14151,0.0854315
180,0.941667,21.0000014305,268.091,5.78763,0.0853565
181,0.944444,20.0000095367,270.633,5.96653,0.0852816
182,0.930556,24.9999904633,266.854,7.82707,0.0852068
183,0.955556,15.9999990463,268.219,5.22023,0.085132
184,0.941667,21.0000014305,263.614,6.40714,0.0850573
185,0.947222,18.9999961853,265.91,6.23384,0.0849826
186,0.933333,23.9999985695,261.573,7.44777,0.084908
187,0.952778,16.9999909401,262.725,5.02667,0.0848335
188,0.95,18.0000042915,257.794,6.8661,0.0847591
189,0.933333,23.9999985695,260.343,7.62347,0.0846847
190,0.963889,13.0000019073,258.625,5.35717,0.0846104
191,0.938889,21.9999933243,256.147,7.48523,0.0845361
192,0.95,18.0000042915,257.072,5.90497,0.0844619
193,0.952778,16.9999909401,252.22,6.74232,0.0843878
194,0.961111,13.9999938011,252.848,5.39359,0.0843137
195,0.936111,23.0000066757,252.338,7.32566,0.0842397
196,0.961111,13.9999938011,251.007,5.25725,0.0841658
197,0.95,18.0000042915,248.488,6.77658,0.0840919
198,0.952778,16.9999909401,249.593,5.73407,0.0840181
199,0.95,18.0000042915,245.541,6.46096,0.0839444
200,0.958333,15.0000071526,247.407,5.69397,0.0838707
201,0.95,18.0000042915,242.697,6.61762,0.0837971
202,0.955556,15.9999990463,245.844,5.90551,0.0837236
203,0.95,18.0000042915,240.256,5.77336,0.0836501
204,0.958333,15.0000071526,242.414,5.1337,0.0835767
205,0.944444,20.0000095367,238.807,7.2153,0.0835033
206,0.961111,13.9999938011,240.546,4.9918,0.0834301
207,0.955556,15.9999990463,235.628,3.88715,0.0833568
208,0.958333,15.0000071526,238.888,5.78551,0.0832837
209,0.936111,23.0000066757,235.045,7.17347,0.0832106
210,0.969444,10.9999966621,236.178,5.11319,0.0831376
211,0.947222,18.9999961853,233.423,6.50781,0.0830646
212,0.966667,12.0000100136,234.704,4.98249,0.0829917
213,0.947222,18.9999961853,231.968,7.02938,0.0829189
214,0.969444,10.9999966621,234.321,5.36743,0.0828461
215,0.95,18.0000042915,230.25,4.879,0.0827734
216,0.969444,10.9999966621,232.503,5.36524,0.0827007
217,0.947222,18.9999961853,229.672,6.98448,0.0826282
218,0.969444,10.9999966621,231.518,5.36412,0.0825556
219,0.958333,15.0000071526,227.15,4.57119,0.0824832
220,0.966667,12.0000100136,229.886,5.52716,0.0824108
221,0.961111,13.9999938011,225.772,6.36461,0.0823385
222,0.963889,13.0000019073,227.197,5.15307,0.0822662
223,0.958333,15.0000071526,224.058,5.02512,0.082194
224,0.958333,15.0000071526,227.032,5.72102,0.0821219
225,0.961111,13.9999938011,224.742,6.56015,0.0820498
226,0.958333,15.0000071526,225.765,5.70985,0.0819778
227,0.958333,15.0000071526,223.297,6.32009,0.0819059
228,0.963889,13.0000019073,224.274,5.13695,0.081834
229,0.947222,18.9999961853,221.208,6.67651,0.0817622
230,0.966667,12.0000100136,223.158,5.08978,0.0816904
231,0.944444,20.0000095367,220.81,7.04919,0.0816187
232,0.969444,10.9999966621,222.282,5.09044,0.0815471
233,0.95,18.0000042915,218.205,5.88894,0.0814755
234,0.958333,15.0000071526,220.543,5.66501,0.081404
235,0.961111,13.9999938011,218.056,6.69968,0.0813326
236,0.969444,10.9999966621,219.429,5.0334,0.0812612
237,0.952778,16.9999909401,216.076,6.50811,0.0811899
238,0.961111,13.9999938011,218.142,5.29296,0.0811186
239,0.95,18.0000042915,215.205,6.55942,0.0810474
240,0.969444,10.9999966621,217.43,4.95997,0.0809763
241,0.958333,15.0000071526,213.564,6.26903,0.0809052
242,0.947222,18.9999961853,215.038,6.66712,0.0808342
243,0.969444,10.9999966621,214.501,5.03201,0.0807633
244,0.952778,16.9999909401,212.862,6.43954,0.0806924
245,0.972222,10.0000047684,213.461,5.40924,0.0806216
246,0.947222,18.9999961853,211.135,6.64453,0.0805508
247,0.966667,12.0000100136,212.18,4.934,0.0804801
248,0.95,18.0000042915,210.207,6.52921,0.0804095
249,0.969444,10.9999966621,211.282,5.02996,0.0803389
250,0.95,18.0000042915,208.056,6.40648,0.0802684
251,0.969444,10.9999966621,210.45,4.94671,0.080198
252,0.958333,15.0000071526,206.436,6.18951,0.0801276
253,0.966667,12.0000100136,207.194,5.04786,0.0800573
254,0.966667,12.0000100136,207.81,5.00476,0.079987
255,0.95,18.0000042915,205.792,6.50099,0.0799168
256,0.969444,10.9999966621,207.107,5.06381,0.0798467
257,0.947222,18.9999961853,204.375,6.69872,0.0797766
258,0.975,8.99999141693,206.325,5.4596,0.0797066
259,0.947222,18.9999961853,203.173,6.67708,0.0796366
260,0.972222,10.0000047684,204.692,5.08616,0.0795668
261,0.958333,15.0000071526,201.464,6.11797,0.0794969
262,0.966667,12.0000100136,203.573,4.91455,0.0794272
263,0.95,18.0000042915,200.094,6.30899,0.0793575
264,0.966667,12.0000100136,202.425,5.02379,0.0792878
265,0.952778,16.9999909401,198.999,6.0927,0.0792182
266,0.975,8.99999141693,200.953,5.46222,0.0791487
267,0.941667,21.0000014305,197.976,6.81896,0.0790792
268,0.975,8.99999141693,199.829,5.46185,0.0790098
269,0.944444,20.0000095367,197.614,6.73517,0.0789405
270,0.975,8.99999141693,198.522,5.46409,0.0788712
271,0.944444,20.0000095367,195.803,6.71461,0.078802
272,0.966667,12.0000100136,197.284,5.00571,0.0787328
273,0.955556,15.9999990463,194.241,6.00699,0.0786637
274,0.961111,13.9999938011,196.38,5.36525,0.0785947
275,0.961111,13.9999938011,193.369,6.01064,0.0785257
276,0.963889,13.0000019073,195.121,5.18579,0.0784568
277,0.958333,15.0000071526,191.771,6.0922,0.078388
278,0.966667,12.0000100136,193.744,4.97919,0.0783192
279,0.947222,18.9999961853,190.49,6.32611,0.0782504
280,0.966667,12.0000100136,192.273,5.31396,0.0781818
281,0.95,18.0000042915,190.477,6.18407,0.0781131
282,0.966667,12.0000100136,191.195,5.34566,0.0780446
283,0.95,18.0000042915,188.675,5.96082,0.0779761
284,0.972222,10.0000047684,189.385,5.41927,0.0779077
285,0.947222,18.9999961853,187.596,6.27416,0.0778393
286,0.972222,10.0000047684,188.462,5.09451,0.077771
287,0.944444,20.0000095367,186.278,6.41844,0.0777027
288,0.969444,10.9999966621,186.435,4.92703,0.0776345
289,0.944444,20.0000095367,185.44,6.57599,0.0775664
290,0.972222,10.0000047684,185.242,5.09783,0.0774983
291,0.947222,18.9999961853,184.071,6.32466,0.0774303
292,0.972222,10.0000047684,184.09,5.09985,0.0773624
293,0.944444,20.0000095367,182.725,6.33408,0.0772945
294,0.969444,10.9999966621,182.57,5.04329,0.0772266
295,0.944444,20.0000095367,181.305,6.46161,0.0771588
296,0.961111,13.9999938011,181.555,5.27749,0.0770911
297,0.95,18.0000042915,180.1,6.01253,0.0770235
298,0.969444,10.9999966621,179.798,4.69267,0.0769559
299,0.952778,16.9999909401,178.298,6.01561,0.0768883
300,0.963889,13.0000019073,179.2,5.00862,0.0768209
301,0.944444,20.0000095367,177.426,6.29839,0.0767534
302,0.969444,10.9999966621,177.631,4.92152,0.0766861
303,0.955556,15.9999990463,175.719,5.85647,0.0766188
304,0.966667,12.0000100136,176.63,5.24258,0.0765515
305,0.95,18.0000042915,174.241,5.87557,0.0764843
306,0.958333,15.0000071526,175.475,5.55466,0.0764172
307,0.95,18.0000042915,173.03,5.98207,0.0763502
308,0.975,8.99999141693,173.61,5.44142,0.0762832
309,0.944444,20.0000095367,172.291,6.07309,0.0762162
310,0.958333,15.0000071526,172.602,5.46347,0.0761493
311,0.95,18.0000042915,170.742,5.89236,0.0760825
312,0.972222,10.0000047684,171.13,5.12152,0.0760157
313,0.947222,18.9999961853,169.991,5.9764,0.075949
314,0.969444,10.9999966621,169.71,5.40467,0.0758824
315,0.95,18.0000042915,168.452,5.90447,0.0758158
316,0.972222,10.0000047684,167.755,5.12638,0.0757492
317,0.952778,16.9999909401,168.002,5.86834,0.0756827
318,0.958333,15.0000071526,165.435,5.81294,0.0756163
319,0.966667,12.0000100136,166.91,4.97004,0.07555
320,0.95,18.0000042915,164.787,5.90204,0.0754836
321,0.966667,12.0000100136,165.731,5.36388,0.0754174
322,0.95,18.0000042915,163.253,5.83149,0.0753512
323,0.966667,12.0000100136,163.455,4.79052,0.0752851
324,0.955556,15.9999990463,162.284,5.79445,0.075219
325,0.966667,12.0000100136,162.481,4.92909,0.075153
326,0.947222,18.9999961853,161.651,5.84544,0.075087
327,0.969444,10.9999966621,161.026,5.15668,0.0750211
328,0.966667,12.0000100136,160.995,5.417,0.0749553
329,0.947222,18.9999961853,160.305,5.81921,0.0748895
330,0.966667,12.0000100136,159.802,4.92283,0.0748238
331,0.952778,16.9999909401,158.574,5.80534,0.0747581
332,0.972222,10.0000047684,158.609,5.20902,0.0746925
333,0.955556,15.9999990463,157.625,5.79526,0.074627
334,0.966667,12.0000100136,157.396,5.33236,0.0745615
335,0.955556,15.9999990463,156.479,5.38802,0.074496
336,0.961111,13.9999938011,156.397,5.24847,0.0744307
337,0.95,18.0000042915,155.236,5.75138,0.0743653
338,0.969444,10.9999966621,155.797,5.07961,0.0743001
339,0.961111,13.9999938011,154.485,5.64243,0.0742349
340,0.963889,13.0000019073,154.572,5.62376,0.0741697
341,0.952778,16.9999909401,154.109,5.46896,0.0741046
342,0.963889,13.0000019073,153.265,5.61671,0.0740396
343,0.975,8.99999141693,153.444,5.52051,0.0739746
344,0.961111,13.9999938011,152.33,6.01752,0.0739097
345,0.961111,13.9999938011,151.631,5.45218,0.0738448
346,0.955556,15.9999990463,151.144,5.32948,0.07378
347,0.963889,13.0000019073,150.346,5.44578,0.0737153
348,0.969444,10.9999966621,150.458,5.07345,0.0736506
349,0.961111,13.9999938011,149.454,5.29534,0.0735859
350,0.958333,15.0000071526,148.809,4.82326,0.0735214
351,0.955556,15.9999990463,147.93,5.58826,0.0734568
352,0.966667,12.0000100136,147.72,5.27792,0.0733924
353,0.955556,15.9999990463,145.899,4.98951,0.073328
354,0.969444,10.9999966621,146.375,4.88282,0.0732636
355,0.969444,10.9999966621,144.513,5.38244,0.0731993
356,0.975,8.99999141693,145.756,5.1583,0.0731351
357,0.944444,20.0000095367,144.082,4.95884,0.0730709
358,0.963889,13.0000019073,145.147,5.55685,0.0730067
359,0.955556,15.9999990463,144.33,5.46891,0.0729427
360,0.966667,12.0000100136,143.179,5.25511,0.0728787
361,0.966667,12.0000100136,143.422,5.25536,0.0728147
362,0.958333,15.0000071526,142.279,5.26427,0.0727508
363,0.966667,12.0000100136,141.905,5.10571,0.072687
364,0.955556,15.9999990463,141.223,5.21535,0.0726232
365,0.961111,13.9999938011,141.14,5.3844,0.0725594
366,0.963889,13.0000019073,140.821,5.80674,0.0724958
367,0.975,8.99999141693,139.892,5.15754,0.0724321
368,0.947222,18.9999961853,137.845,4.71166,0.0723686
369,0.969444,10.9999966621,138.834,4.82115,0.072305
370,0.952778,16.9999909401,137.989,5.28315,0.0722416
371,0.963889,13.0000019073,137.903,5.51232,0.0721782
372,0.972222,10.0000047684,137.664,5.04593,0.0721148
373,0.952778,16.9999909401,136.703,5.26045,0.0720515
374,0.972222,10.0000047684,135.704,5.11982,0.0719883
375,0.972222,10.0000047684,136.72,4.98478,0.0719251
376,0.95,18.0000042915,135.07,5.79512,0.071862
377,0.975,8.99999141693,135.503,5.54331,0.0717989
378,0.952778,16.9999909401,134.189,5.58048,0.0717359
379,0.969444,10.9999966621,133.551,5.0659,0.071673
380,0.963889,13.0000019073,133.59,5.17155,0.0716101
381,0.95,18.0000042915,132.773,5.75266,0.0715472
382,0.969444,10.9999966621,132.257,5.06386,0.0714844
383,0.972222,10.0000047684,131.849,5.03064,0.0714217
384,0.95,18.0000042915,130.975,5.72778,0.071359
385,0.963889,13.0000019073,131.08,5.56193,0.0712964
386,0.972222,10.0000047684,130.457,5.49835,0.0712338
387,0.952778,16.9999909401,128.769,5.21161,0.0711713
388,0.961111,13.9999938011,129.293,5.15681,0.0711088
389,0.955556,15.9999990463,128.494,5.41517,0.0710464
390,0.972222,10.0000047684,127.445,5.19464,0.0709841
391,0.969444,10.9999966621,128.485,4.99394,0.0709218
392,0.95,18.0000042915,126.547,5.84608,0.0708596
393,0.969444,10.9999966621,126.532,5.32487,0.0707974
394,0.955556,15.9999990463,125.451,5.22575,0.0707352
395,0.963889,13.0000019073,125.351,5.17767,0.0706732
396,0.969444,10.9999966621,125.359,5.32558,0.0706111
397,0.958333,15.0000071526,123.992,5.25777,0.0705492
398,0.955556,15.9999990463,125.213,6.64395,0.0704872
399,0.952778,16.9999909401,123.05,5.11969,0.0704254
400,0.966667,12.0000100136,124.456,4.96525,0.0703636
401,0.944444,20.0000095367,123.727,6.0189,0.0703018
402,0.972222,10.0000047684,121.978,5.10227,0.0702401
403,0.958333,15.0000071526,121.086,4.92517,0.0701785
404,0.955556,15.9999990463,121.603,5.63442,0.0701169
405,0.958333,15.0000071526,120.859,4.72744,0.0700554
406,0.963889,13.0000019073,120.801,5.60818,0.0699939
407,0.963889,13.0000019073,120.457,6.06558,0.0699324
408,0.966667,12.0000100136,121.895,7.33166,0.0698711
409,0.95,18.0000042915,119.618,5.44556,0.0698097
410,0.969444,10.9999966621,120.405,5.65436,0.0697485
411,0.95,18.0000042915,118.258,5.35815,0.0696873
412,0.966667,12.0000100136,117.522,4.88774,0.0696261
413,0.963889,13.0000019073,118.495,4.87022,0.069565
414,0.95,18.0000042915,118.064,6.55072,0.069504
415,0.966667,12.0000100136,117.71,7.3368,0.069443
416,0.95,18.0000042915,115.753,5.20695,0.069382
417,0.969444,10.9999966621,116.609,4.97528,0.0693211
418,0.944444,20.0000095367,114.661,3.90346,0.0692603
419,0.966667,12.0000100136,117.437,7.22496,0.0691995
420,0.944444,20.0000095367,115.739,5.94335,0.0691388
421,0.969444,10.9999966621,116.005,5.3175,0.0690781
422,0.955556,15.9999990463,113.559,4.12376,0.0690175
423,0.966667,12.0000100136,114.013,5.3937,0.0689569
424,0.969444,10.9999966621,113.089,4.96448,0.0688964
425,0.969444,10.9999966621,112.843,4.88059,0.0688359
426,0.958333,15.0000071526,113.213,6.16005,0.0687755
427,0.969444,10.9999966621,114.523,6.01173,0.0687151
428,0.95,18.0000042915,112.011,5.39591,0.0686548
429,0.969444,10.9999966621,112.212,6.85875,0.0685946
430,0.952778,16.9999909401,110.105,5.41114,0.0685344
431,0.963889,13.0000019073,112.216,6.03497,0.0684742
432,0.955556,15.9999990463,110.028,5.39317,0.0684141
433,0.972222,10.0000047684,111.828,4.9197,0.0683541
434,0.947222,18.9999961853,109.664,4.90568,0.0682941
435,0.966667,12.0000100136,110.297,6.40029,0.0682342
436,0.955556,15.9999990463,107.9,4.17748,0.0681743
437,0.969444,10.9999966621,108.961,4.96662,0.0681145
438,0.961111,13.9999938011,108.784,5.69049,0.0680547
439,0.963889,13.0000019073,107.614,5.14006,0.067995
440,0.972222,10.0000047684,107.831,4.91779,0.0679353
441,0.944444,20.0000095367,106.262,5.06247,0.0678757
442,0.966667,12.0000100136,108.036,5.82939,0.0678161
443,0.955556,15.9999990463,105.549,5.16068,0.0677566
444,0.969444,10.9999966621,108.493,6.85565,0.0676971
445,0.95,18.0000042915,106.142,5.38537,0.0676377
446,0.975,8.99999141693,106.571,5.00316,0.0675783
447,0.955556,15.9999990463,105.072,5.23495,0.067519
448,0.972222,10.0000047684,105.756,5.2378,0.0674598
449,0.952778,16.9999909401,103.577,4.43601,0.0674006
450,0.972222,10.0000047684,102.629,5.47737,0.0673414
451,0.961111,13.9999938011,104.082,5.90094,0.0672823
452,0.947222,18.9999961853,102.172,6.14423,0.0672233
453,0.963889,13.0000019073,103.762,5.20723,0.0671643
454,0.95,18.0000042915,102.07,5.18652,0.0671053
455,0.969444,10.9999966621,103.476,5.56708,0.0670464
456,0.95,18.0000042915,102.713,5.3924,0.0669876
457,0.972222,10.0000047684,102.002,4.7272,0.0669288
458,0.952778,16.9999909401,102.131,6.34518,0.0668701
459,0.966667,12.0000100136,99.5914,3.10699,0.0668114
460,0.963889,13.0000019073,101.926,4.92172,0.0667527
461,0.966667,12.0000100136,99.3617,3.28311,0.0666942
462,0.969444,10.9999966621,102.029,5.18877,0.0666356
463,0.955556,15.9999990463,100.245,4.83694,0.0665772
464,0.963889,13.0000019073,101.115,5.49601,0.0665187
465,0.952778,16.9999909401,100.21,5.28271,0.0664603
466,0.969444,10.9999966621,100.836,4.98464,0.066402
467,0.952778,16.9999909401,99.4787,5.18782,0.0663437
468,0.963889,13.0000019073,100.587,6.84938,0.0662855
469,0.95,18.0000042915,98.6188,4.40752,0.0662273
470,0.966667,12.0000100136,99.638,5.28306,0.0661692
471,0.961111,13.9999938011,98.9109,4.81309,0.0661111
472,0.969444,10.9999966621,98.0727,4.99115,0.0660531
473,0.963889,13.0000019073,98.2191,4.88096,0.0659952
474,0.961111,13.9999938011,97.9757,6.2907,0.0659372
475,0.972222,10.0000047684,99.2478,6.7153,0.0658794
476,0.941667,21.0000014305,98.9213,6.64397,0.0658216
477,0.975,8.99999141693,98.0793,5.77329,0.0657638
478,0.952778,16.9999909401,97.3452,5.46639,0.0657061
479,0.966667,12.0000100136,98.0937,5.66709,0.0656484
480,0.95,18.0000042915,97.9881,5.46478,0.0655908
481,0.972222,10.0000047684,96.8441,4.94473,0.0655332
482,0.966667,12.0000100136,96.9198,5.38882,0.0654757
483,0.966667,12.0000100136,95.3919,4.5649,0.0654183
484,0.969444,10.9999966621,95.9073,4.81827,0.0653608
485,0.966667,12.0000100136,96.3294,6.963,0.0653035
486,0.961111,13.9999938011,94.5324,3.89045,0.0652462
487,0.966667,12.0000100136,95.5832,5.04151,0.0651889
488,0.966667,12.0000100136,94.6054,4.95605,0.0651317
489,0.975,8.99999141693,94.6951,4.82437,0.0650745
490,0.958333,15.0000071526,94.8614,5.14637,0.0650174
491,0.963889,13.0000019073,94.3898,5.60811,0.0649604
492,0.969444,10.9999966621,96.1655,6.95925,0.0649034
493,0.938889,21.9999933243,94.9647,6.68829,0.0648464
494,0.969444,10.9999966621,94.4979,5.5678,0.0647895
495,0.955556,15.9999990463,92.5443,4.28254,0.0647326
496,0.966667,12.0000100136,93.8682,5.02717,0.0646758
497,0.963889,13.0000019073,93.0279,4.76992,0.0646191
498,0.961111,13.9999938011,93.2721,4.87241,0.0645623
499,0.958333,15.0000071526,93.1072,5.99856,0.0645057
500,0.969444,10.9999966621,91.5726,4.98845,0.0644491
501,0.966667,12.0000100136,93.6877,5.64745,0.0643925
502,0.947222,18.9999961853,93.1442,5.52646,0.064336
503,0.972222,10.0000047684,92.3207,4.70895,0.0642795
504,0.972222,10.0000047684,90.6321,3.19414,0.0642231
505,0.966667,12.0000100136,92.8996,6.78851,0.0641668
506,0.944444,20.0000095367,92.3961,6.47796,0.0641104
507,0.966667,12.0000100136,91.5221,5.14314,0.0640542
508,0.972222,10.0000047684,90.6944,4.72004,0.063998
509,0.963889,13.0000019073,90.4568,4.96633,0.0639418
510,0.963889,13.0000019073,90.4418,4.66162,0.0638857
511,0.961111,13.9999938011,90.7792,6.25388,0.0638296
512,0.963889,13.0000019073,91.3727,6.81291,0.0637736
513,0.952778,16.9999909401,89.5887,5.13695,0.0637176
514,0.966667,12.0000100136,90.5886,4.92715,0.0636617
515,0.947222,18.9999961853,89.2005,4.62111,0.0636058
516,0.972222,10.0000047684,89.2151,5.1989,0.06355
517,0.961111,13.9999938011,88.9494,4.7202,0.0634942
518,0.966667,12.0000100136,88.7983,5.84783,0.0634385
519,0.966667,12.0000100136,90.0479,6.55372,0.0633828
520,0.944444,20.0000095367,89.5692,6.40116,0.0633272
521,0.977778,7.99999952316,88.7127,4.90812,0.0632716
522,0.95,18.0000042915,88.3191,5.26569,0.0632161
523,0.969444,10.9999966621,89.3414,5.91739,0.0631606
524,0.963889,13.0000019073,86.7311,3.47019,0.0631052
525,0.966667,12.0000100136,87.8161,6.74156,0.0630498
526,0.95,18.0000042915,87.0091,4.61941,0.0629945
527,0.963889,13.0000019073,88.5111,6.64863,0.0629392
528,0.95,18.0000042915,87.4881,5.19739,0.062884
529,0.972222,10.0000047684,87.006,4.70195,0.0628288
530,0.963889,13.0000019073,85.4445,3.20358,0.0627736
531,0.969444,10.9999966621,85.5703,3.53628,0.0627185
532,0.972222,10.0000047684,85.3416,4.64071,0.0626635
533,0.955556,15.9999990463,85.5365,4.96421,0.0626085
534,0.972222,10.0000047684,85.0479,4.2648,0.0625536
535,0.963889,13.0000019073,84.6941,4.40965,0.0624987
536,0.966667,12.0000100136,85.0503,4.65379,0.0624438
537,0.963889,13.0000019073,85.2229,4.76158,0.062389
538,0.961111,13.9999938011,85.3282,5.11374,0.0623343
539,0.969444,10.9999966621,84.1172,3.9621,0.0622795
540,0.961111,13.9999938011,84.9566,6.09977,0.0622249
541,0.975,8.99999141693,84.8,4.9984,0.0621703
542,0.963889,13.0000019073,84.5544,5.37836,0.0621157
543,0.966667,12.0000100136,83.4635,4.66401,0.0620612
544,0.969444,10.9999966621,83.6189,5.04641,0.0620067
545,0.966667,12.0000100136,83.4542,4.66335,0.0619523
546,0.961111,13.9999938011,83.3253,6.22511,0.0618979
547,0.966667,12.0000100136,84.2501,6.53514,0.0618436
548,0.947222,18.9999961853,83.6162,5.34992,0.0617894
549,0.969444,10.9999966621,83.0187,5.52949,0.0617351
550,0.95,18.0000042915,81.6565,4.34417,0.0616809
551,0.972222,10.0000047684,83.0527,5.01052,0.0616268
552,0.95,18.0000042915,81.3686,4.40781,0.0615727
553,0.969444,10.9999966621,81.3638,4.56394,0.0615187
554,0.972222,10.0000047684,80.9961,3.76045,0.0614647
555,0.961111,13.9999938011,80.9953,4.86362,0.0614108
556,0.963889,13.0000019073,80.8875,4.84462,0.0613569
557,0.966667,12.0000100136,80.7193,4.66081,0.061303
558,0.963889,13.0000019073,80.5362,4.10394,0.0612492
559,0.969444,10.9999966621,80.1457,4.25896,0.0611955
560,0.961111,13.9999938011,81.1019,6.12255,0.0611418
561,0.966667,12.0000100136,80.8607,4.91954,0.0610881
562,0.958333,15.0000071526,79.0872,3.60457,0.0610345
563,0.972222,10.0000047684,79.3526,5.1985,0.0609809
564,0.966667,12.0000100136,79.3904,4.66206,0.0609274
565,0.961111,13.9999938011,79.5162,5.222,0.0608739
566,0.969444,10.9999966621,79.0133,4.69416,0.0608205
567,0.972222,10.0000047684,78.8394,4.30449,0.0607671
568,0.963889,13.0000019073,79.2377,6.53328,0.0607138
569,0.947222,18.9999961853,78.7105,5.4084,0.0606605
570,0.966667,12.0000100136,79.8547,6.5216,0.0606073
571,0.947222,18.9999961853,78.9962,5.42497,0.0605541
572,0.972222,10.0000047684,78.0746,4.65379,0.0605009
573,0.969444,10.9999966621,77.2836,3.51943,0.0604478
574,0.966667,12.0000100136,77.5797,5.5969,0.0603948
575,0.963889,13.0000019073,77.8543,4.75974,0.0603418
576,0.963889,13.0000019073,77.2733,5.57649,0.0602888
577,0.972222,10.0000047684,76.5879,5.00871,0.0602359
578,0.969444,10.9999966621,76.4176,3.95555,0.0601831
579,0.963889,13.0000019073,76.381,4.88424,0.0601302
580,0.972222,10.0000047684,76.1757,4.65253,0.0600775
581,0.961111,13.9999938011,76.266,4.7667,0.0600247
582,0.963889,13.0000019073,75.7559,5.60411,0.0599721
583,0.969444,10.9999966621,76.138,4.39571,0.0599194
584,0.952778,16.9999909401,74.8192,4.10668,0.0598668
585,0.972222,10.0000047684,76.3165,4.66795,0.0598143
586,0.95,18.0000042915,74.6353,4.29119,0.0597618
587,0.969444,10.9999966621,74.8208,4.65194,0.0597094
588,0.969444,10.9999966621,74.5223,4.25663,0.059657
589,0.969444,10.9999966621,74.0911,5.50964,0.0596046
590,0.969444,10.9999966621,75.3539,4.66906,0.0595523
591,0.947222,18.9999961853,73.7684,4.40634,0.0595
592,0.972222,10.0000047684,73.3363,3.75341,0.0594478
593,0.963889,13.0000019073,74.2755,4.95179,0.0593956
594,0.972222,10.0000047684,73.0843,3.04006,0.0593435
595,0.961111,13.9999938011,73.7173,4.94054,0.0592914
596,0.963889,13.0000019073,73.6301,4.952,0.0592394
597,0.969444,10.9999966621,72.5812,3.23334,0.0591874
598,0.972222,10.0000047684,73.0651,5.07096,0.0591355
599,0.977778,7.99999952316,72.4427,3.89444,0.0590836
600,0.966667,12.0000100136,72.6819,5.80123,0.0590317
601,0.966667,12.0000100136,71.7765,4.65766,0.0589799
602,0.966667,12.0000100136,71.9344,4.91811,0.0589281
603,0.972222,10.0000047684,71.8152,4.69291,0.0588764
604,0.966667,12.0000100136,71.612,5.23797,0.0588248
605,0.955556,15.9999990463,71.1737,3.68897,0.0587731
606,0.966667,12.0000100136,71.4706,4.91709,0.0587215
607,0.966667,12.0000100136,70.9662,4.65131,0.05867
608,0.947222,18.9999961853,71.6346,6.10514,0.0586185
609,0.966667,12.0000100136,71.4175,5.58194,0.0585671
610,0.95,18.0000042915,70.811,5.16292,0.0585157
611,0.966667,12.0000100136,71.2721,5.31932,0.0584643
612,0.958333,15.0000071526,69.4011,3.74142,0.058413
613,0.969444,10.9999966621,70.8746,5.49961,0.0583618
614,0.961111,13.9999938011,69.157,3.29875,0.0583105
615,0.975,8.99999141693,69.9435,4.80095,0.0582594
616,0.969444,10.9999966621,69.0735,3.51269,0.0582082
617,0.972222,10.0000047684,68.715,4.0635,0.0581571
618,0.961111,13.9999938011,68.791,4.12476,0.0581061
619,0.969444,10.9999966621,69.7388,4.91776,0.0580551
620,0.958333,15.0000071526,67.9129,3.58097,0.0580042
621,0.975,8.99999141693,68.2234,3.93,0.0579532
622,0.958333,15.0000071526,67.789,5.36428,0.0579024
623,0.966667,12.0000100136,67.8083,4.66334,0.0578516
624,0.966667,12.0000100136,67.8429,4.29558,0.0578008
625,0.966667,12.0000100136,67.719,5.79208,0.0577501
626,0.969444,10.9999966621,67.8555,4.76254,0.0576994
627,0.966667,12.0000100136,67.3429,5.79161,0.0576488
628,0.975,8.99999141693,66.515,3.27056,0.0575982
629,0.972222,10.0000047684,66.6377,3.58225,0.0575476
630,0.966667,12.0000100136,66.7127,4.95494,0.0574971
631,0.969444,10.9999966621,66.1897,3.72969,0.0574466
632,0.963889,13.0000019073,66.1133,6.00853,0.0573962
633,0.969444,10.9999966621,66.7967,5.57484,0.0573459
634,0.958333,15.0000071526,65.3545,3.69968,0.0572955
635,0.972222,10.0000047684,66.1661,4.61244,0.0572453
636,0.952778,16.9999909401,65.0645,4.04854,0.057195
637,0.969444,10.9999966621,65.7632,3.9576,0.0571448
638,0.969444,10.9999966621,64.6775,3.51104,0.0570947
639,0.975,8.99999141693,64.6253,3.09035,0.0570446
640,0.958333,15.0000071526,64.2809,5.58073,0.0569945
641,0.963889,13.0000019073,64.4455,5.37059,0.0569445
642,0.969444,10.9999966621,64.543,4.25598,0.0568945
643,0.958333,15.0000071526,63.3726,3.56004,0.0568446
644,0.972222,10.0000047684,64.8002,5.08437,0.0567947
645,0.955556,15.9999990463,63.2625,3.64877,0.0567448
646,0.969444,10.9999966621,64.4046,5.04015,0.056695
647,0.955556,15.9999990463,62.7764,3.63705,0.0566453
648,0.963889,13.0000019073,63.9282,4.28902,0.0565956
649,0.972222,10.0000047684,62.5051,3.54318,0.0565459
650,0.969444,10.9999966621,62.6221,3.96113,0.0564963
651,0.961111,13.9999938011,62.0598,5.24441,0.0564467
652,0.972222,10.0000047684,61.8267,3.04007,0.0563971
653,0.966667,12.0000100136,62.3279,4.29891,0.0563476
654,0.955556,15.9999990463,61.4694,4.6774,0.0562982
655,0.966667,12.0000100136,62.5622,4.98568,0.0562488
656,0.975,8.99999141693,61.2422,3.79405,0.0561994
657,0.961111,13.9999938011,60.9213,3.44205,0.0561501
658,0.966667,12.0000100136,63.0024,6.85648,0.0561008
659,0.958333,15.0000071526,61.23,5.0246,0.0560516
660,0.969444,10.9999966621,61.0827,4.88798,0.0560024
661,0.963889,13.0000019073,59.7182,2.74214,0.0559533
662,0.972222,10.0000047684,60.9074,5.09196,0.0559041
663,0.963889,13.0000019073,59.4826,2.8813,0.0558551
664,0.969444,10.9999966621,60.3633,4.2592,0.0558061
665,0.958333,15.0000071526,59.1764,3.27933,0.0557571
666,0.975,8.99999141693,60.209,4.56122,0.0557082
667,0.963889,13.0000019073,58.7009,2.56307,0.0556593
668,0.969444,10.9999966621,59.9376,4.96365,0.0556104
669,0.958333,15.0000071526,58.6203,4.36282,0.0555616
670,0.966667,12.0000100136,60.3275,6.85372,0.0555128
671,0.958333,15.0000071526,58.2708,4.35963,0.0554641
672,0.969444,10.9999966621,58.4443,3.63186,0.0554155
673,0.963889,13.0000019073,57.7892,5.07971,0.0553668
674,0.961111,13.9999938011,57.5637,3.29265,0.0553182
675,0.975,8.99999141693,58.1181,4.35918,0.0552697
676,0.966667,12.0000100136,56.8742,2.62216,0.0552212
677,0.977778,7.99999952316,57.9166,3.98197,0.0551727
678,0.975,8.99999141693,56.7686,3.41425,0.0551243
679,0.975,8.99999141693,57.9492,4.42788,0.0550759
680,0.972222,10.0000047684,56.454,3.5979,0.0550276
681,0.977778,7.99999952316,56.6764,3.9258,0.0549793
682,0.961111,13.9999938011,56.1888,6.00772,0.054931
683,0.972222,10.0000047684,56.1006,3.72254,0.0548828
684,0.972222,10.0000047684,55.6323,3.24146,0.0548347
685,0.972222,10.0000047684,55.9619,3.85372,0.0547865
686,0.961111,13.9999938011,55.44,5.41839,0.0547385
687,0.969444,10.9999966621,55.0904,4.52701,0.0546904
688,0.972222,10.0000047684,55.7593,4.93205,0.0546424
689,0.972222,10.0000047684,55.1449,3.59575,0.0545945
690,0.966667,12.0000100136,55.1132,3.83274,0.0545465
691,0.963889,13.0000019073,54.5243,5.53004,0.0544987
692,0.963889,13.0000019073,53.941,2.76588,0.0544508
693,0.972222,10.0000047684,55.115,5.10672,0.0544031
694,0.969444,10.9999966621,54.0029,3.75242,0.0543553
695,0.966667,12.0000100136,54.4495,6.48412,0.0543076
696,0.972222,10.0000047684,53.5315,3.70476,0.05426
697,0.958333,15.0000071526,53.6032,5.79725,0.0542123
698,0.972222,10.0000047684,54.3082,4.93416,0.0541647
699,0.958333,15.0000071526,53.4044,5.0014,0.0541172
700,0.972222,10.0000047684,53.538,3.85608,0.0540697
701,0.961111,13.9999938011,52.5634,3.07169,0.0540223
702,0.977778,7.99999952316,53.6526,4.68102,0.0539749
703,0.972222,10.0000047684,52.0855,3.24841,0.0539275
704,0.975,8.99999141693,53.3024,4.57276,0.0538802
705,0.975,8.99999141693,51.8673,3.41815,0.0538329
706,0.972222,10.0000047684,52.11,3.85907,0.0537856
707,0.966667,12.0000100136,51.6574,5.36774,0.0537384
708,0.972222,10.0000047684,51.2672,3.05181,0.0536913
709,0.972222,10.0000047684,52.9611,5.5799,0.0536441
710,0.975,8.99999141693,50.8784,3.2105,0.0535971
711,0.961111,13.9999938011,51.1359,5.40124,0.05355
712,0.972222,10.0000047684,50.7525,3.25056,0.053503
713,0.977778,7.99999952316,50.9522,4.54636,0.0534561
714,0.961111,13.9999938011,50.357,4.98883,0.0534092
715,0.975,8.99999141693,51.0228,4.59095,0.0533623
716,0.975,8.99999141693,50.1165,3.80399,0.0533155
717,0.966667,12.0000100136,51.0774,4.78277,0.0532687
718,0.966667,12.0000100136,49.6346,3.42259,0.0532219
719,0.975,8.99999141693,50.1596,3.91104,0.0531752
720,0.975,8.99999141693,49.0673,2.79606,0.0531285
721,0.977778,7.99999952316,49.9259,3.97906,0.0530819
722,0.966667,12.0000100136,49.0256,3.39338,0.0530353
723,0.975,8.99999141693,49.6678,4.10187,0.0529888
724,0.972222,10.0000047684,48.6501,3.75668,0.0529423
725,0.975,8.99999141693,49.3991,4.07364,0.0528958
726,0.972222,10.0000047684,48.2762,3.54085,0.0528494
727,0.980556,7.00000762939,48.4562,3.94797,0.052803
728,0.966667,12.0000100136,48.5535,4.88747,0.0527567
729,0.969444,10.9999966621,48.3738,4.73814,0.0527104
730,0.963889,13.0000019073,47.9955,5.39614,0.0526641
731,0.972222,10.0000047684,47.8564,3.25703,0.0526179
732,0.969444,10.9999966621,47.1467,4.07621,0.0525717
733,0.977778,7.99999952316,47.5325,3.86626,0.0525256
734,0.963889,13.0000019073,46.8204,3.56733,0.0524795
735,0.972222,10.0000047684,47.4803,4.31798,0.0524334
736,0.969444,10.9999966621,46.2853,3.44794,0.0523874
737,0.966667,12.0000100136,47.5151,6.47668,0.0523414
738,0.961111,13.9999938011,46.6677,5.56611,0.0522955
739,0.972222,10.0000047684,46.3689,3.88347,0.0522496
740,0.972222,10.0000047684,45.7486,3.15403,0.0522037
741,0.975,8.99999141693,45.9043,3.65838,0.0521579
742,0.975,8.99999141693,45.3758,3.06179,0.0521122
743,0.983333,5.99999427795,45.5821,3.92159,0.0520664
744,0.972222,10.0000047684,45.0812,3.26361,0.0520207
745,0.983333,5.99999427795,45.3426,3.40256,0.0519751
746,0.972222,10.0000047684,44.7192,3.67858,0.0519295
747,0.977778,7.99999952316,45.1909,3.65969,0.0518839
748,0.972222,10.0000047684,44.2955,3.52268,0.0518383
749,0.972222,10.0000047684,44.6417,3.61411,0.0517928
750,0.963889,13.0000019073,44.038,5.10603,0.0517474
751,0.969444,10.9999966621,43.7822,3.8129,0.051702
752,0.972222,10.0000047684,44.4213,4.45321,0.0516566
753,0.966667,12.0000100136,43.2571,3.58482,0.0516113
754,0.972222,10.0000047684,43.8622,4.45419,0.051566
755,0.961111,13.9999938011,42.9801,5.82336,0.0515207
756,0.952778,16.9999909401,43.3,6.32275,0.0514755
757,0.977778,7.99999952316,43.0045,3.88117,0.0514303
758,0.975,8.99999141693,42.7046,3.11653,0.0513852
759,0.983333,5.99999427795,42.4649,3.35613,0.0513401
760,0.975,8.99999141693,42.4705,3.11745,0.051295
761,0.972222,10.0000047684,42.3552,3.7814,0.05125
762,0.975,8.99999141693,42.1113,3.11829,0.051205
763,0.963889,13.0000019073,42.088,6.0032,0.0511601
764,0.972222,10.0000047684,42.2864,4.45799,0.0511152
765,0.966667,12.0000100136,41.1536,3.58625,0.0510704
766,0.975,8.99999141693,41.7265,4.00297,0.0510255
767,0.966667,12.0000100136,41.1474,5.57811,0.0509807
768,0.969444,10.9999966621,42.4836,4.99901,0.050936
769,0.969444,10.9999966621,40.7944,3.1879,0.0508913
770,0.963889,13.0000019073,42.1119,6.72847,0.0508466
771,0.980556,7.00000762939,40.1081,2.26733,0.050802
772,0.977778,7.99999952316,40.1121,3.03259,0.0507574
773,0.972222,10.0000047684,40.2683,4.42285,0.0507129
774,0.975,8.99999141693,40.4665,4.90441,0.0506684
775,0.972222,10.0000047684,39.7502,3.75648,0.0506239
776,0.975,8.99999141693,40.047,4.35708,0.0505795
777,0.963889,13.0000019073,39.3899,4.64728,0.0505351
778,0.972222,10.0000047684,40.4381,4.72343,0.0504907
779,0.972222,10.0000047684,39.0171,3.39836,0.0504464
780,0.966667,12.0000100136,40.0586,5.81608,0.0504022
781,0.980556,7.00000762939,38.5234,2.58439,0.0503579
782,0.975,8.99999141693,38.693,3.82421,0.0503137
783,0.975,8.99999141693,38.4828,3.12825,0.0502696
784,0.972222,10.0000047684,38.2464,3.97427,0.0502255
785,0.975,8.99999141693,38.2187,3.44674,0.0501814
786,0.972222,10.0000047684,37.9422,3.7506,0.0501373
787,0.972222,10.0000047684,37.9293,3.33545,0.0500933
788,0.963889,13.0000019073,37.666,3.72873,0.0500494
789,0.972222,10.0000047684,37.8636,3.75371,0.0500054
790,0.972222,10.0000047684,37.2294,3.62566,0.0499616
791,0.975,8.99999141693,37.252,3.25806,0.0499177
792,0.980556,7.00000762939,36.8506,3.07894,0.0498739
793,0.975,8.99999141693,36.4743,3.24431,0.0498301
794,0.972222,10.0000047684,36.3979,4.36733,0.0497864
795,0.975,8.99999141693,36.4748,4.02072,0.0497427
796,0.969444,10.9999966621,36.075,4.2262,0.0496991
797,0.969444,10.9999966621,36.7949,4.13186,0.0496554
798,0.966667,12.0000100136,35.8683,3.92552,0.0496119
799,0.972222,10.0000047684,36.3523,4.05801,0.0495683
800,0.972222,10.0000047684,35.5033,3.36635,0.0495248
801,0.966667,12.0000100136,36.0122,4.04393,0.0494814
802,0.977778,7.99999952316,35.0104,2.74746,0.0494379
803,0.966667,12.0000100136,36.0454,5.50878,0.0493945
804,0.980556,7.00000762939,35.044,3.26901,0.0493512
805,0.977778,7.99999952316,34.5542,2.46542,0.0493079
806,0.972222,10.0000047684,34.5472,4.00069,0.0492646
807,0.969444,10.9999966621,34.226,3.67303,0.0492214
808,0.972222,10.0000047684,34.4896,4.41732,0.0491782
809,0.969444,10.9999966621,33.8694,3.62268,0.049135
810,0.977778,7.99999952316,33.8225,3.27561,0.0490919
811,0.975,8.99999141693,33.736,3.87839,0.0490488
812,0.975,8.99999141693,33.6702,3.97785,0.0490058
813,0.969444,10.9999966621,33.3719,4.70052,0.0489628
814,0.955556,15.9999990463,33.6372,6.61081,0.0489198
815,0.980556,7.00000762939,32.9433,3.32356,0.0488768
816,0.977778,7.99999952316,32.6329,3.27092,0.048834
817,0.966667,12.0000100136,32.7635,4.17311,0.0487911
818,0.977778,7.99999952316,32.5785,3.47888,0.0487483
819,0.977778,7.99999952316,32.0385,2.45399,0.0487055
820,0.977778,7.99999952316,31.9651,3.11429,0.0486627
821,0.972222,10.0000047684,31.7463,3.14714,0.04862
822,0.972222,10.0000047684,31.8669,5.23661,0.0485774
823,0.966667,12.0000100136,31.7108,5.10414,0.0485347
824,0.975,8.99999141693,31.5798,3.43525,0.0484921
825,0.980556,7.00000762939,31.0994,3.27564,0.0484496
826,0.972222,10.0000047684,30.7267,3.80293,0.0484071
827,0.975,8.99999141693,30.9505,3.26402,0.0483646
828,0.975,8.99999141693,30.5283,3.5573,0.0483221
829,0.980556,7.00000762939,30.1068,2.36256,0.0482797
830,0.975,8.99999141693,30.0515,3.01973,0.0482374
831,0.980556,7.00000762939,29.9247,3.3559,0.048195
832,0.966667,12.0000100136,29.7524,3.9363,0.0481527
833,0.977778,7.99999952316,30.1585,4.58634,0.0481105
834,0.980556,7.00000762939,29.2658,2.70414,0.0480682
835,0.975,8.99999141693,29.1184,2.81716,0.0480261
836,0.975,8.99999141693,29.978,4.64333,0.0479839
837,0.983333,5.99999427795,28.6631,2.36909,0.0479418
838,0.977778,7.99999952316,28.601,3.17146,0.0478997
839,0.966667,12.0000100136,28.3703,3.93937,0.0478577
840,0.977778,7.99999952316,28.6926,4.47154,0.0478157
841,0.972222,10.0000047684,27.9673,3.6022,0.0477737
842,0.983333,5.99999427795,28.0107,3.38193,0.0477318
843,0.977778,7.99999952316,27.8448,3.86718,0.0476899
844,0.975,8.99999141693,27.648,3.83001,0.0476481
845,0.966667,12.0000100136,27.8689,5.10892,0.0476062
846,0.969444,10.9999966621,27.6094,3.63137,0.0475645
847,0.972222,10.0000047684,27.5821,4.01765,0.0475227
848,0.980556,7.00000762939,27.0847,3.91201,0.047481
849,0.972222,10.0000047684,27.2868,4.85591,0.0474393
850,0.963889,13.0000019073,27.0162,5.30638,0.0473977
851,0.975,8.99999141693,26.7951,3.57204,0.0473561
852,0.986111,5.00000238419,26.1383,2.27349,0.0473145
853,0.975,8.99999141693,26.175,3.58021,0.047273
854,0.980556,7.00000762939,26.7166,4.15323,0.0472315
855,0.988889,4.00001049042,25.6146,2.50357,0.0471901
856,0.972222,10.0000047684,25.5824,3.43849,0.0471487
857,0.980556,7.00000762939,25.9558,4.09315,0.0471073
858,0.980556,7.00000762939,25.1679,2.45556,0.0470659
859,0.980556,7.00000762939,25.1059,3.35455,0.0470246
860,0.975,8.99999141693,25.3099,4.74296,0.0469834
861,0.972222,10.0000047684,24.7948,3.67333,0.0469421
862,0.966667,12.0000100136,25.2945,5.19709,0.0469009
863,0.972222,10.0000047684,24.4796,3.65604,0.0468598
864,0.975,8.99999141693,24.5208,4.36956,0.0468187
865,0.980556,7.00000762939,23.8646,2.76113,0.0467776
866,0.977778,7.99999952316,23.8789,3.43257,0.0467365
867,0.980556,7.00000762939,23.693,3.193,0.0466955
868,0.977778,7.99999952316,23.482,3.16261,0.0466545
869,0.983333,5.99999427795,23.3613,2.85216,0.0466136
870,0.969444,10.9999966621,23.2814,3.95802,0.0465727
871,0.977778,7.99999952316,23.6661,4.7748,0.0465318
872,0.980556,7.00000762939,23.0192,3.3123,0.0464909
873,0.977778,7.99999952316,23.1762,4.00325,0.0464501
874,0.975,8.99999141693,23.1759,5.59794,0.0464094
875,0.975,8.99999141693,22.7353,4.96266,0.0463686
876,0.980556,7.00000762939,22.6241,4.53019,0.046328
877,0.986111,5.00000238419,22.3778,3.4159,0.0462873
878,0.991667,2.99999713898,21.8459,2.39965,0.0462467
879,0.997222,0.999991893768,21.7975,2.24168,0.0462061
880,0.997222,0.999991893768,21.7975,2.24168,0.0461655
0.997222,21.7975,3.2001500129699707,1.6377,1.27446491152,0.242254847387
