83,10,0.4,2,1000, .1 
0,0.547222,163.00000906,1.34476e+06,877.26,0.0997458
1,0.561111,158.000006676,1.14083e+06,805.725,0.0989871
2,0.577778,151.99999094,973025.0,729.956,0.0982341
3,0.588889,148.000001907,835029.0,669.243,0.0974869
4,0.586111,148.999993801,720443.0,624.502,0.0967453
5,0.6,143.999991417,622050.0,582.598,0.0960094
6,0.616667,137.999997139,536532.0,544.78,0.0952791
7,0.633333,132.000002861,461309.0,501.421,0.0945543
8,0.647222,127.000000477,398308.0,466.995,0.0938351
9,0.652778,124.999995232,343636.0,439.533,0.0931213
10,0.661111,121.999998093,296037.0,399.769,0.092413
11,0.675,116.999995708,257358.0,366.628,0.09171
12,0.691667,111.000001431,224682.0,339.548,0.0910124
13,0.705556,105.999999046,196573.0,316.375,0.0903201
14,0.713889,103.000001907,172191.0,297.559,0.0896331
15,0.725,98.9999914169,150632.0,276.284,0.0889513
16,0.738889,94.0000104904,131876.0,255.873,0.0882746
17,0.744444,92.0000052452,115958.0,244.316,0.0876032
18,0.752778,89.0000081062,101312.0,237.413,0.0869368
19,0.761111,85.9999895096,88148.3,223.493,0.0862755
20,0.786111,76.9999980927,77121.0,193.484,0.0856192
21,0.802778,71.0000038147,69312.2,164.56,0.0849679
22,0.816667,66.0000014305,63598.3,143.781,0.0843216
23,0.827778,61.9999909401,59099.0,134.773,0.0836802
24,0.841667,57.0000100136,55220.0,125.317,0.0830437
25,0.855556,52.0000076294,52066.7,110.818,0.082412
26,0.869444,47.0000052452,49558.0,94.1164,0.0817851
27,0.869444,47.0000052452,47569.3,89.5025,0.081163
28,0.872222,45.9999918938,45821.1,88.8516,0.0805456
29,0.866667,47.999997139,44092.9,85.362,0.0799329
30,0.869444,47.0000052452,42491.3,80.7697,0.0793249
31,0.875,45.0,41134.2,77.3064,0.0787215
32,0.877778,44.0000081062,39950.2,65.629,0.0781227
33,0.877778,44.0000081062,39135.4,64.2549,0.0775285
34,0.888889,39.9999976158,38400.3,59.7705,0.0769387
35,0.883333,42.000002861,37716.5,57.9866,0.0763535
36,0.888889,39.9999976158,37060.6,58.9864,0.0757727
37,0.883333,42.000002861,36412.6,59.364,0.0751963
38,0.886111,40.9999895096,35962.8,51.2006,0.0746243
39,0.888889,39.9999976158,35561.4,49.0702,0.0740567
40,0.888889,39.9999976158,35172.1,48.9779,0.0734933
41,0.888889,39.9999976158,34789.5,49.4411,0.0729343
42,0.886111,40.9999895096,34418.1,50.0983,0.0723795
43,0.886111,40.9999895096,34040.4,50.022,0.0718289
44,0.888889,39.9999976158,33666.9,53.2416,0.0712826
45,0.886111,40.9999895096,33331.5,52.6709,0.0707403
46,0.897222,37.0000004768,32962.5,45.586,0.0702022
47,0.891667,39.000005722,32658.3,48.9547,0.0696682
48,0.883333,42.000002861,32336.1,49.0151,0.0691383
49,0.886111,40.9999895096,32013.8,47.6531,0.0686124
50,0.894444,37.9999923706,31740.8,47.2692,0.0680905
51,0.886111,40.9999895096,31480.0,48.3819,0.0675725
52,0.883333,42.000002861,31195.1,48.3182,0.0670585
53,0.888889,39.9999976158,30896.7,45.5284,0.0665484
54,0.891667,39.000005722,30634.2,46.0917,0.0660422
55,0.888889,39.9999976158,30380.8,45.3916,0.0655399
56,0.886111,40.9999895096,30112.6,44.7493,0.0650413
57,0.886111,40.9999895096,29860.2,44.699,0.0645466
58,0.891667,39.000005722,29620.9,46.8355,0.0640556
59,0.886111,40.9999895096,29392.5,45.9582,0.0635683
60,0.888889,39.9999976158,29148.7,47.9574,0.0630848
61,0.888889,39.9999976158,28913.1,45.0973,0.0626049
62,0.888889,39.9999976158,28665.9,44.4576,0.0621287
63,0.888889,39.9999976158,28427.9,44.4214,0.0616561
64,0.894444,37.9999923706,28195.5,45.9646,0.0611871
65,0.888889,39.9999976158,27989.9,44.9332,0.0607217
66,0.888889,39.9999976158,27757.9,44.3092,0.0602598
67,0.888889,39.9999976158,27528.2,44.2848,0.0598014
68,0.888889,39.9999976158,27303.9,44.8938,0.0593465
69,0.888889,39.9999976158,27080.0,44.2564,0.0588951
70,0.891667,39.000005722,26864.9,46.2043,0.0584471
71,0.891667,39.000005722,26664.6,45.2165,0.0580025
72,0.891667,39.000005722,26446.3,45.8301,0.0575613
73,0.888889,39.9999976158,26227.1,44.9767,0.0571235
74,0.888889,39.9999976158,26011.9,44.9536,0.0566889
75,0.888889,39.9999976158,25808.0,46.2114,0.0562577
76,0.891667,39.000005722,25623.1,48.1701,0.0558298
77,0.888889,39.9999976158,25404.9,44.8429,0.0554051
78,0.888889,39.9999976158,25196.4,44.8309,0.0549837
79,0.888889,39.9999976158,24990.8,45.4753,0.0545654
80,0.894444,37.9999923706,24796.2,45.3318,0.0541504
81,0.888889,39.9999976158,24615.4,44.7638,0.0537384
82,0.891667,39.000005722,24413.2,45.3985,0.0533297
83,0.891667,39.000005722,24220.8,46.2618,0.052924
84,0.891667,39.000005722,24040.7,43.9638,0.0525214
85,0.891667,39.000005722,23841.4,41.5345,0.0521219
86,0.9,36.0000085831,23664.0,42.7127,0.0517254
87,0.897222,37.0000004768,23512.2,44.3827,0.051332
88,0.902778,34.9999952316,23312.5,40.9944,0.0509415
89,0.9,36.0000085831,23140.7,46.6477,0.050554
90,0.888889,39.9999976158,22977.5,45.719,0.0501695
91,0.897222,37.0000004768,22787.9,41.0866,0.0497879
92,0.9,36.0000085831,22622.4,42.9863,0.0494091
93,0.9,36.0000085831,22463.4,41.0625,0.0490333
94,0.9,36.0000085831,22282.1,41.7974,0.0486603
95,0.9,36.0000085831,22120.9,42.9099,0.0482902
96,0.9,36.0000085831,21960.0,41.0058,0.0479228
97,0.902778,34.9999952316,21788.4,41.9177,0.0475583
98,0.897222,37.0000004768,21630.7,40.3461,0.0471966
99,0.905556,34.0000033379,21477.5,40.6175,0.0468375
100,0.902778,34.9999952316,21338.8,39.2295,0.0464813
101,0.908333,32.9999899864,21177.1,38.1832,0.0461277
102,0.911111,31.9999980927,21031.8,38.3677,0.0457768
103,0.905556,34.0000033379,20885.5,38.1566,0.0454286
104,0.905556,34.0000033379,20750.0,39.8725,0.045083
105,0.908333,32.9999899864,20602.8,38.3893,0.0447401
106,0.911111,31.9999980927,20470.3,41.2325,0.0443998
107,0.911111,31.9999980927,20338.2,39.869,0.0440621
108,0.919444,29.0000009537,20198.0,38.0121,0.0437269
109,0.913889,31.0000061989,20069.8,38.4392,0.0433943
110,0.922222,28.0000090599,19936.5,40.3456,0.0430642
111,0.913889,31.0000061989,19816.3,38.4235,0.0427366
112,0.916667,29.9999928474,19675.6,36.8339,0.0424115
113,0.916667,29.9999928474,19549.8,37.8657,0.0420889
114,0.919444,29.0000009537,19430.2,38.7059,0.0417688
115,0.916667,29.9999928474,19304.2,38.2569,0.041451
116,0.919444,29.0000009537,19179.4,38.7637,0.0411357
117,0.913889,31.0000061989,19053.8,38.3899,0.0408228
118,0.925,26.9999957085,18933.4,37.0085,0.0405123
119,0.913889,31.0000061989,18816.2,40.194,0.0402041
120,0.925,26.9999957085,18690.6,36.9582,0.0398983
121,0.911111,31.9999980927,18578.6,40.8715,0.0395948
122,0.922222,28.0000090599,18455.3,38.9224,0.0392936
123,0.913889,31.0000061989,18339.8,38.3781,0.0389947
124,0.916667,29.9999928474,18226.6,41.0124,0.0386981
125,0.913889,31.0000061989,18105.5,38.404,0.0384038
126,0.922222,28.0000090599,17981.1,36.6995,0.0381116
127,0.911111,31.9999980927,17874.6,37.908,0.0378217
128,0.919444,29.0000009537,17759.2,38.5385,0.037534
129,0.913889,31.0000061989,17646.0,38.4241,0.0372485
130,0.922222,28.0000090599,17533.9,37.8542,0.0369652
131,0.911111,31.9999980927,17426.2,39.4736,0.036684
132,0.919444,29.0000009537,17317.8,36.0172,0.036405
133,0.916667,29.9999928474,17222.4,38.5697,0.036128
134,0.913889,31.0000061989,17128.6,40.8079,0.0358532
135,0.922222,28.0000090599,17024.5,37.7665,0.0355805
136,0.911111,31.9999980927,16928.5,41.2456,0.0353099
137,0.913889,31.0000061989,16839.5,38.1828,0.0350413
138,0.919444,29.0000009537,16735.6,37.3873,0.0347747
139,0.913889,31.0000061989,16640.0,37.3943,0.0345102
140,0.919444,29.0000009537,16552.0,38.8311,0.0342477
141,0.911111,31.9999980927,16456.5,38.8524,0.0339872
142,0.919444,29.0000009537,16366.5,35.649,0.0337286
143,0.916667,29.9999928474,16267.2,38.8222,0.0334721
144,0.913889,31.0000061989,16178.7,40.6957,0.0332175
145,0.913889,31.0000061989,16089.4,40.3246,0.0329648
146,0.913889,31.0000061989,16005.1,39.9953,0.0327141
147,0.922222,28.0000090599,15916.0,37.1076,0.0324652
148,0.916667,29.9999928474,15823.0,39.6065,0.0322182
149,0.916667,29.9999928474,15737.8,40.0194,0.0319732
150,0.916667,29.9999928474,15646.8,37.3692,0.03173
151,0.913889,31.0000061989,15562.3,42.1031,0.0314886
152,0.919444,29.0000009537,15479.4,40.1436,0.0312491
153,0.913889,31.0000061989,15395.8,37.3264,0.0310114
154,0.916667,29.9999928474,15313.2,38.6021,0.0307755
155,0.919444,29.0000009537,15233.6,38.9641,0.0305414
156,0.913889,31.0000061989,15145.1,38.3315,0.0303091
157,0.913889,31.0000061989,15062.2,40.2816,0.0300785
158,0.908333,32.9999899864,14979.8,39.8996,0.0298497
159,0.916667,29.9999928474,14899.1,35.7627,0.0296227
160,0.916667,29.9999928474,14818.1,38.8687,0.0293973
161,0.913889,31.0000061989,14741.5,38.5295,0.0291737
162,0.919444,29.0000009537,14666.1,38.0742,0.0289518
163,0.911111,31.9999980927,14586.6,41.987,0.0287316
164,0.911111,31.9999980927,14503.8,38.7049,0.028513
165,0.919444,29.0000009537,14425.5,34.6493,0.0282961
166,0.913889,31.0000061989,14350.9,39.7293,0.0280809
167,0.916667,29.9999928474,14275.4,38.7298,0.0278673
168,0.922222,28.0000090599,14203.1,37.3317,0.0276553
169,0.913889,31.0000061989,14130.3,42.858,0.0274449
170,0.913889,31.0000061989,14045.4,34.9129,0.0272362
171,0.911111,31.9999980927,13971.3,36.9149,0.027029
172,0.922222,28.0000090599,13910.3,38.154,0.0268234
173,0.913889,31.0000061989,13828.6,37.7294,0.0266194
174,0.919444,29.0000009537,13757.7,35.5924,0.0264169
175,0.925,26.9999957085,13684.6,36.5246,0.0262159
176,0.913889,31.0000061989,13622.0,40.6692,0.0260165
177,0.913889,31.0000061989,13546.1,43.6971,0.0258186
178,0.913889,31.0000061989,13479.1,42.2058,0.0256222
179,0.919444,29.0000009537,13403.6,36.1567,0.0254273
180,0.922222,28.0000090599,13335.2,35.9598,0.0252339
181,0.908333,32.9999899864,13268.6,38.9049,0.025042
182,0.919444,29.0000009537,13206.8,40.7042,0.0248515
183,0.913889,31.0000061989,13133.5,40.8104,0.0246624
184,0.913889,31.0000061989,13064.7,38.4175,0.0244748
185,0.908333,32.9999899864,12997.2,37.9923,0.0242887
186,0.902778,34.9999952316,12935.7,38.5267,0.0241039
187,0.916667,29.9999928474,12866.9,40.0641,0.0239206
188,0.925,26.9999957085,12801.3,36.5368,0.0237386
189,0.911111,31.9999980927,12736.7,38.1382,0.023558
190,0.922222,28.0000090599,12672.4,38.1701,0.0233788
191,0.913889,31.0000061989,12611.7,40.9128,0.023201
192,0.919444,29.0000009537,12545.3,36.6716,0.0230245
193,0.922222,28.0000090599,12477.8,34.9716,0.0228494
194,0.911111,31.9999980927,12422.9,39.329,0.0226756
195,0.911111,31.9999980927,12361.9,45.0565,0.0225031
196,0.902778,34.9999952316,12299.5,44.8879,0.0223319
197,0.919444,29.0000009537,12233.7,37.5063,0.022162
198,0.925,26.9999957085,12176.3,34.8809,0.0219935
199,0.916667,29.9999928474,12124.7,32.3449,0.0218262
200,0.919444,29.0000009537,12077.2,33.9423,0.0216601
201,0.922222,28.0000090599,12027.2,32.399,0.0214954
202,0.919444,29.0000009537,11985.0,36.0545,0.0213319
203,0.922222,28.0000090599,11933.9,31.8829,0.0211696
204,0.919444,29.0000009537,11894.0,34.0103,0.0210086
205,0.922222,28.0000090599,11845.6,33.023,0.0208488
206,0.916667,29.9999928474,11798.4,32.6256,0.0206902
207,0.925,26.9999957085,11756.1,33.3403,0.0205328
208,0.925,26.9999957085,11714.7,35.618,0.0203766
209,0.927778,26.0000038147,11669.2,32.7952,0.0202216
210,0.922222,28.0000090599,11630.3,34.635,0.0200678
211,0.925,26.9999957085,11582.0,35.8062,0.0199151
212,0.911111,31.9999980927,11545.8,37.1474,0.0197637
213,0.925,26.9999957085,11499.9,34.5763,0.0196133
214,0.927778,26.0000038147,11460.2,35.2871,0.0194641
215,0.919444,29.0000009537,11419.0,36.7811,0.0193161
216,0.922222,28.0000090599,11375.2,36.3026,0.0191691
217,0.925,26.9999957085,11335.2,38.6207,0.0190233
218,0.913889,31.0000061989,11296.0,37.9492,0.0188786
219,0.919444,29.0000009537,11257.7,36.811,0.018735
220,0.922222,28.0000090599,11216.2,39.9753,0.0185925
221,0.925,26.9999957085,11170.9,33.3453,0.0184511
222,0.927778,26.0000038147,11130.6,34.363,0.0183107
223,0.925,26.9999957085,11095.6,34.212,0.0181714
224,0.925,26.9999957085,11055.8,34.348,0.0180332
225,0.930556,24.9999904633,11015.6,33.6708,0.017896
226,0.919444,29.0000009537,10977.7,36.8784,0.0177599
227,0.922222,28.0000090599,10945.6,39.9299,0.0176248
228,0.919444,29.0000009537,10908.1,38.4924,0.0174908
229,0.922222,28.0000090599,10866.8,35.0952,0.0173577
230,0.925,26.9999957085,10827.4,32.7163,0.0172257
231,0.922222,28.0000090599,10786.9,33.6748,0.0170946
232,0.927778,26.0000038147,10753.4,34.5577,0.0169646
233,0.919444,29.0000009537,10716.1,37.0639,0.0168356
234,0.922222,28.0000090599,10678.9,34.8635,0.0167075
235,0.930556,24.9999904633,10642.4,33.3518,0.0165804
236,0.916667,29.9999928474,10608.2,35.2843,0.0164543
237,0.919444,29.0000009537,10573.5,36.985,0.0163291
238,0.930556,24.9999904633,10541.1,35.6152,0.0162049
239,0.919444,29.0000009537,10503.9,38.7563,0.0160817
240,0.930556,24.9999904633,10465.3,35.6277,0.0159593
241,0.916667,29.9999928474,10429.8,34.6524,0.0158379
242,0.922222,28.0000090599,10402.2,39.9656,0.0157175
243,0.913889,31.0000061989,10366.6,41.0682,0.0155979
244,0.933333,23.9999985695,10329.9,34.5969,0.0154793
245,0.936111,23.0000066757,10295.4,35.1167,0.0153615
246,0.919444,29.0000009537,10260.8,35.6273,0.0152447
247,0.927778,26.0000038147,10232.0,39.5085,0.0151287
248,0.919444,29.0000009537,10196.5,40.9848,0.0150136
249,0.925,26.9999957085,10166.9,37.0067,0.0148994
250,0.933333,23.9999985695,10134.0,37.1232,0.0147861
251,0.925,26.9999957085,10097.9,32.0194,0.0146736
252,0.930556,24.9999904633,10067.0,34.2771,0.014562
253,0.930556,24.9999904633,10034.9,32.424,0.0144512
254,0.925,26.9999957085,10008.7,36.9105,0.0143413
255,0.930556,24.9999904633,9973.9,33.1853,0.0142322
256,0.927778,26.0000038147,9943.32,33.943,0.0141239
257,0.930556,24.9999904633,9915.15,35.3267,0.0140165
258,0.938889,21.9999933243,9885.97,32.7756,0.0139099
259,0.927778,26.0000038147,9852.73,36.8243,0.0138041
260,0.925,26.9999957085,9822.81,35.3051,0.0136991
261,0.936111,23.0000066757,9794.8,33.1872,0.0135949
262,0.925,26.9999957085,9762.56,34.2012,0.0134915
263,0.936111,23.0000066757,9737.35,35.1177,0.0133888
264,0.927778,26.0000038147,9707.55,32.3466,0.013287
265,0.933333,23.9999985695,9685.44,29.0628,0.0131859
266,0.925,26.9999957085,9665.88,35.517,0.0130856
267,0.933333,23.9999985695,9647.19,32.5476,0.0129861
268,0.933333,23.9999985695,9620.82,29.9781,0.0128873
269,0.938889,21.9999933243,9600.93,29.7661,0.0127893
270,0.930556,24.9999904633,9580.53,30.4322,0.012692
271,0.933333,23.9999985695,9559.6,28.975,0.0125954
272,0.930556,24.9999904633,9539.38,32.9098,0.0124996
273,0.933333,23.9999985695,9517.69,30.3125,0.0124046
274,0.930556,24.9999904633,9499.66,33.2851,0.0123102
275,0.938889,21.9999933243,9480.71,31.975,0.0122166
276,0.941667,21.0000014305,9460.77,31.2062,0.0121236
277,0.944444,20.0000095367,9440.51,28.9003,0.0120314
278,0.938889,21.9999933243,9423.09,30.5827,0.0119399
279,0.941667,21.0000014305,9403.68,32.4763,0.0118491
280,0.938889,21.9999933243,9385.01,31.6185,0.0117589
281,0.947222,18.9999961853,9365.05,28.836,0.0116695
282,0.936111,23.0000066757,9346.64,34.984,0.0115807
283,0.938889,21.9999933243,9328.05,31.6257,0.0114926
284,0.938889,21.9999933243,9308.74,30.1286,0.0114052
285,0.936111,23.0000066757,9292.61,32.8908,0.0113185
286,0.947222,18.9999961853,9271.66,28.811,0.0112324
287,0.936111,23.0000066757,9254.9,34.9601,0.0111469
288,0.933333,23.9999985695,9237.82,33.662,0.0110621
289,0.941667,21.0000014305,9219.47,31.6556,0.010978
290,0.947222,18.9999961853,9199.39,28.7925,0.0108945
291,0.941667,21.0000014305,9184.17,30.5397,0.0108116
292,0.938889,21.9999933243,9164.95,29.9893,0.0107294
293,0.933333,23.9999985695,9148.33,30.9633,0.0106477
294,0.938889,21.9999933243,9132.5,31.6518,0.0105668
295,0.938889,21.9999933243,9115.91,31.6661,0.0104864
296,0.947222,18.9999961853,9096.81,28.7707,0.0104066
297,0.938889,21.9999933243,9082.46,33.0604,0.0103275
298,0.938889,21.9999933243,9064.31,33.0793,0.0102489
299,0.941667,21.0000014305,9049.27,32.1137,0.0101709
300,0.936111,23.0000066757,9031.16,32.0577,0.0100936
301,0.938889,21.9999933243,9014.12,30.5877,0.0100168
302,0.938889,21.9999933243,8999.4,31.4561,0.00994059
303,0.936111,23.0000066757,8981.76,30.1126,0.00986498
304,0.95,18.0000042915,8966.63,29.6759,0.00978994
305,0.938889,21.9999933243,8951.94,33.067,0.00971547
306,0.938889,21.9999933243,8935.17,30.6476,0.00964157
307,0.938889,21.9999933243,8920.91,30.5905,0.00956822
308,0.938889,21.9999933243,8903.7,33.1595,0.00949544
309,0.936111,23.0000066757,8887.66,30.6888,0.00942321
310,0.941667,21.0000014305,8872.51,31.6248,0.00935154
311,0.938889,21.9999933243,8859.6,30.5536,0.0092804
312,0.947222,18.9999961853,8841.23,30.1089,0.00920981
313,0.941667,21.0000014305,8827.45,29.2474,0.00913975
314,0.941667,21.0000014305,8811.83,29.2455,0.00907023
315,0.941667,21.0000014305,8798.27,30.5554,0.00900124
316,0.941667,21.0000014305,8783.87,28.6152,0.00893277
317,0.938889,21.9999933243,8769.58,32.5435,0.00886482
318,0.933333,23.9999985695,8756.47,35.8649,0.00879739
319,0.938889,21.9999933243,8741.16,31.7156,0.00873047
320,0.936111,23.0000066757,8726.16,33.1136,0.00866406
321,0.930556,24.9999904633,8711.33,32.9649,0.00859815
322,0.941667,21.0000014305,8698.0,30.9066,0.00853275
323,0.938889,21.9999933243,8683.98,31.0582,0.00846784
324,0.936111,23.0000066757,8669.89,31.6305,0.00840343
325,0.944444,20.0000095367,8656.28,29.2076,0.00833951
326,0.941667,21.0000014305,8642.18,31.8044,0.00827607
327,0.944444,20.0000095367,8629.46,29.2617,0.00821312
328,0.936111,23.0000066757,8615.26,32.5123,0.00815064
329,0.936111,23.0000066757,8602.43,32.824,0.00808865
330,0.938889,21.9999933243,8589.4,30.6114,0.00802712
331,0.944444,20.0000095367,8574.98,28.5767,0.00796606
332,0.938889,21.9999933243,8563.68,30.6155,0.00790546
333,0.938889,21.9999933243,8550.72,32.6123,0.00784533
334,0.944444,20.0000095367,8536.48,31.4772,0.00778565
335,0.941667,21.0000014305,8524.32,29.2112,0.00772643
336,0.938889,21.9999933243,8512.87,30.8963,0.00766766
337,0.941667,21.0000014305,8499.37,30.9039,0.00760933
338,0.941667,21.0000014305,8488.47,31.7852,0.00755145
339,0.947222,18.9999961853,8473.27,30.1513,0.00749401
340,0.936111,23.0000066757,8462.19,32.0737,0.007437
341,0.944444,20.0000095367,8449.98,31.752,0.00738043
342,0.944444,20.0000095367,8437.77,29.1732,0.00732429
343,0.944444,20.0000095367,8425.45,30.6305,0.00726858
344,0.938889,21.9999933243,8414.53,29.8059,0.00721329
345,0.941667,21.0000014305,8403.19,34.1897,0.00715842
346,0.944444,20.0000095367,8390.66,28.5467,0.00710397
347,0.938889,21.9999933243,8379.6,35.6504,0.00704993
348,0.936111,23.0000066757,8367.74,31.6089,0.0069963
349,0.941667,21.0000014305,8356.12,31.8153,0.00694308
350,0.95,18.0000042915,8344.5,29.4749,0.00689027
351,0.941667,21.0000014305,8332.99,31.7292,0.00683786
352,0.933333,23.9999985695,8321.98,34.2256,0.00678584
353,0.938889,21.9999933243,8311.02,30.6403,0.00673423
354,0.947222,18.9999961853,8299.0,29.5656,0.006683
355,0.938889,21.9999933243,8288.81,30.8145,0.00663217
356,0.941667,21.0000014305,8277.56,31.7405,0.00658172
357,0.95,18.0000042915,8266.78,29.6628,0.00653165
358,0.941667,21.0000014305,8256.32,32.5093,0.00648197
359,0.933333,23.9999985695,8245.91,33.388,0.00643266
360,0.944444,20.0000095367,8234.58,29.9983,0.00638373
361,0.944444,20.0000095367,8223.21,29.1554,0.00633517
362,0.936111,23.0000066757,8214.61,31.3983,0.00628698
363,0.938889,21.9999933243,8204.26,31.8266,0.00623916
364,0.941667,21.0000014305,8193.75,32.4938,0.0061917
365,0.944444,20.0000095367,8182.29,28.652,0.0061446
366,0.933333,23.9999985695,8173.88,33.3923,0.00609786
367,0.941667,21.0000014305,8163.29,31.7671,0.00605148
368,0.938889,21.9999933243,8154.03,34.1223,0.00600545
369,0.938889,21.9999933243,8142.61,29.5049,0.00595976
370,0.933333,23.9999985695,8134.2,33.3942,0.00591443
371,0.938889,21.9999933243,8124.31,32.2318,0.00586944
372,0.941667,21.0000014305,8113.46,31.4399,0.00582479
373,0.938889,21.9999933243,8103.48,30.9488,0.00578049
374,0.947222,18.9999961853,8095.01,29.4737,0.00573652
375,0.936111,23.0000066757,8086.02,34.6818,0.00569288
376,0.938889,21.9999933243,8075.03,31.7077,0.00564958
377,0.944444,20.0000095367,8066.12,30.8305,0.0056066
378,0.944444,20.0000095367,8057.26,34.3626,0.00556396
379,0.938889,21.9999933243,8046.9,29.5839,0.00552163
380,0.941667,21.0000014305,8038.46,29.5119,0.00547963
381,0.947222,18.9999961853,8030.53,31.6869,0.00543795
382,0.938889,21.9999933243,8020.81,31.5638,0.00539658
383,0.947222,18.9999961853,8011.2,30.4435,0.00535553
384,0.947222,18.9999961853,8002.6,28.918,0.0053148
385,0.944444,20.0000095367,7994.06,32.8276,0.00527437
386,0.947222,18.9999961853,7985.47,29.9776,0.00523425
387,0.936111,23.0000066757,7977.22,33.2052,0.00519443
388,0.941667,21.0000014305,7968.47,32.2,0.00515492
389,0.941667,21.0000014305,7959.79,32.6603,0.00511571
390,0.944444,20.0000095367,7950.85,28.9122,0.00507679
391,0.941667,21.0000014305,7943.22,33.0334,0.00503818
392,0.944444,20.0000095367,7934.0,29.728,0.00499985
393,0.941667,21.0000014305,7926.76,30.562,0.00496182
394,0.947222,18.9999961853,7916.76,28.9139,0.00492408
395,0.941667,21.0000014305,7909.37,30.2161,0.00488662
396,0.938889,21.9999933243,7901.42,30.9141,0.00484945
397,0.947222,18.9999961853,7893.85,31.3968,0.00481256
398,0.938889,21.9999933243,7885.15,31.8485,0.00477596
399,0.944444,20.0000095367,7877.43,31.7647,0.00473963
400,0.944444,20.0000095367,7869.68,30.2813,0.00470357
401,0.941667,21.0000014305,7862.23,33.563,0.00466779
402,0.947222,18.9999961853,7853.22,31.7282,0.00463229
403,0.952778,16.9999909401,7846.14,29.4966,0.00459705
404,0.938889,21.9999933243,7838.93,34.539,0.00456208
405,0.947222,18.9999961853,7831.01,31.7339,0.00452738
406,0.95,18.0000042915,7822.97,28.4247,0.00449294
407,0.941667,21.0000014305,7815.99,31.2512,0.00445877
408,0.944444,20.0000095367,7808.24,28.789,0.00442485
409,0.938889,21.9999933243,7801.24,34.5355,0.00439119
410,0.944444,20.0000095367,7793.64,31.961,0.00435779
411,0.952778,16.9999909401,7786.64,31.4126,0.00432464
412,0.944444,20.0000095367,7778.93,29.709,0.00429174
413,0.938889,21.9999933243,7772.5,30.625,0.0042591
414,0.944444,20.0000095367,7764.88,29.1008,0.0042267
415,0.95,18.0000042915,7757.36,28.4169,0.00419455
416,0.944444,20.0000095367,7751.29,30.5433,0.00416264
417,0.941667,21.0000014305,7744.0,31.31,0.00413098
418,0.947222,18.9999961853,7737.46,31.1034,0.00409956
419,0.944444,20.0000095367,7730.66,32.2499,0.00406837
420,0.95,18.0000042915,7723.1,28.4139,0.00403743
421,0.941667,21.0000014305,7717.34,30.7889,0.00400672
422,0.938889,21.9999933243,7710.16,31.5551,0.00397624
423,0.944444,20.0000095367,7703.69,33.346,0.00394599
424,0.947222,18.9999961853,7696.22,28.458,0.00391598
425,0.944444,20.0000095367,7690.96,30.5523,0.00388619
426,0.944444,20.0000095367,7683.48,32.2567,0.00385663
427,0.938889,21.9999933243,7677.69,30.8488,0.00382729
428,0.944444,20.0000095367,7671.41,32.2659,0.00379818
429,0.944444,20.0000095367,7665.04,30.1721,0.00376929
430,0.947222,18.9999961853,7658.43,29.9287,0.00374061
431,0.933333,23.9999985695,7652.22,31.4015,0.00371216
432,0.944444,20.0000095367,7646.49,31.8184,0.00368392
433,0.944444,20.0000095367,7639.72,28.865,0.0036559
434,0.944444,20.0000095367,7633.47,29.3164,0.00362809
435,0.936111,23.0000066757,7627.93,30.8559,0.00360049
436,0.947222,18.9999961853,7622.09,31.7875,0.00357311
437,0.941667,21.0000014305,7615.91,32.1035,0.00354593
438,0.941667,21.0000014305,7609.31,29.2089,0.00351895
439,0.944444,20.0000095367,7603.54,29.1071,0.00349219
440,0.944444,20.0000095367,7598.46,32.4115,0.00346562
441,0.947222,18.9999961853,7592.08,31.7956,0.00343926
442,0.947222,18.9999961853,7586.44,28.9504,0.0034131
443,0.941667,21.0000014305,7580.79,30.524,0.00338714
444,0.941667,21.0000014305,7574.94,30.715,0.00336137
445,0.941667,21.0000014305,7569.64,31.3095,0.0033358
446,0.941667,21.0000014305,7564.35,30.6182,0.00331043
447,0.95,18.0000042915,7558.63,28.398,0.00328525
448,0.95,18.0000042915,7553.29,34.3878,0.00326026
449,0.944444,20.0000095367,7547.21,30.3429,0.00323546
450,0.941667,21.0000014305,7542.61,30.2513,0.00321085
451,0.947222,18.9999961853,7536.64,30.9739,0.00318642
452,0.95,18.0000042915,7531.7,29.5563,0.00316218
453,0.941667,21.0000014305,7526.61,35.0098,0.00313813
454,0.944444,20.0000095367,7520.62,29.1114,0.00311426
455,0.938889,21.9999933243,7516.24,31.8487,0.00309057
456,0.944444,20.0000095367,7510.54,30.5836,0.00306706
457,0.944444,20.0000095367,7505.75,29.7898,0.00304373
458,0.938889,21.9999933243,7500.55,31.2034,0.00302058
459,0.947222,18.9999961853,7495.15,30.7025,0.0029976
460,0.941667,21.0000014305,7490.86,30.8304,0.0029748
461,0.947222,18.9999961853,7485.59,30.3111,0.00295217
462,0.947222,18.9999961853,7480.45,30.3118,0.00292972
463,0.947222,18.9999961853,7475.7,28.4394,0.00290743
464,0.944444,20.0000095367,7471.39,32.409,0.00288532
465,0.947222,18.9999961853,7465.74,28.9393,0.00286337
466,0.95,18.0000042915,7460.91,31.9138,0.00284159
467,0.933333,23.9999985695,7456.79,30.9417,0.00281997
468,0.947222,18.9999961853,7451.81,31.8381,0.00279852
469,0.95,18.0000042915,7447.26,28.3891,0.00277723
470,0.944444,20.0000095367,7442.65,29.3046,0.00275611
471,0.944444,20.0000095367,7438.52,32.3344,0.00273514
472,0.944444,20.0000095367,7433.12,29.2208,0.00271434
473,0.947222,18.9999961853,7428.78,28.7863,0.00269369
474,0.938889,21.9999933243,7424.78,33.3381,0.0026732
475,0.947222,18.9999961853,7419.62,29.774,0.00265287
476,0.938889,21.9999933243,7415.56,30.887,0.00263269
477,0.944444,20.0000095367,7411.29,31.8875,0.00261266
478,0.944444,20.0000095367,7406.91,31.6688,0.00259279
479,0.952778,16.9999909401,7402.09,29.7048,0.00257307
480,0.947222,18.9999961853,7398.41,31.4975,0.00255349
481,0.952778,16.9999909401,7394.68,26.8591,0.00253407
482,0.941667,21.0000014305,7392.27,30.3969,0.00251479
483,0.95,18.0000042915,7389.0,29.0188,0.00249566
484,0.95,18.0000042915,7385.67,31.8563,0.00247668
485,0.947222,18.9999961853,7382.52,29.0526,0.00245784
486,0.95,18.0000042915,7379.28,28.6796,0.00243914
487,0.955556,15.9999990463,7376.23,26.589,0.00242059
488,0.944444,20.0000095367,7373.68,32.567,0.00240218
489,0.944444,20.0000095367,7370.12,27.9837,0.00238391
490,0.955556,15.9999990463,7367.53,26.5882,0.00236577
491,0.947222,18.9999961853,7364.74,30.3876,0.00234778
492,0.947222,18.9999961853,7361.78,30.6017,0.00232992
493,0.947222,18.9999961853,7358.78,28.4376,0.00231219
494,0.955556,15.9999990463,7355.81,25.8571,0.00229461
495,0.947222,18.9999961853,7353.27,27.9017,0.00227715
496,0.952778,16.9999909401,7350.25,28.6099,0.00225983
497,0.95,18.0000042915,7347.7,29.2978,0.00224264
498,0.952778,16.9999909401,7344.83,27.1013,0.00222558
499,0.955556,15.9999990463,7341.78,28.3809,0.00220865
500,0.947222,18.9999961853,7338.85,28.7246,0.00219185
501,0.955556,15.9999990463,7336.26,26.6626,0.00217518
502,0.952778,16.9999909401,7333.6,28.4839,0.00215863
503,0.947222,18.9999961853,7331.07,27.8746,0.00214221
504,0.95,18.0000042915,7328.78,31.8656,0.00212592
505,0.95,18.0000042915,7325.49,27.6285,0.00210975
506,0.952778,16.9999909401,7323.28,27.0776,0.0020937
507,0.952778,16.9999909401,7320.99,28.6521,0.00207777
508,0.947222,18.9999961853,7317.91,26.7801,0.00206197
509,0.947222,18.9999961853,7315.74,31.1698,0.00204628
510,0.95,18.0000042915,7312.85,27.5867,0.00203072
511,0.944444,20.0000095367,7310.73,29.3069,0.00201527
512,0.95,18.0000042915,7308.03,27.628,0.00199994
513,0.955556,15.9999990463,7305.38,26.9907,0.00198473
514,0.947222,18.9999961853,7303.22,29.0324,0.00196963
515,0.944444,20.0000095367,7300.42,28.0034,0.00195465
516,0.95,18.0000042915,7298.38,26.6915,0.00193978
517,0.944444,20.0000095367,7296.1,30.6367,0.00192503
518,0.95,18.0000042915,7293.64,25.8635,0.00191038
519,0.944444,20.0000095367,7291.28,26.765,0.00189585
520,0.944444,20.0000095367,7289.18,26.7651,0.00188143
521,0.95,18.0000042915,7286.57,28.0889,0.00186712
522,0.944444,20.0000095367,7284.66,26.7425,0.00185292
523,0.944444,20.0000095367,7282.5,28.6201,0.00183882
524,0.947222,18.9999961853,7280.13,26.848,0.00182483
525,0.941667,21.0000014305,7278.61,29.6897,0.00181095
526,0.952778,16.9999909401,7275.75,26.2739,0.00179718
527,0.941667,21.0000014305,7274.2,33.8261,0.00178351
528,0.947222,18.9999961853,7271.88,30.0444,0.00176994
529,0.941667,21.0000014305,7269.9,32.8973,0.00175648
530,0.95,18.0000042915,7267.53,30.4902,0.00174312
531,0.938889,21.9999933243,7265.51,33.3349,0.00172986
532,0.947222,18.9999961853,7263.28,28.2447,0.0017167
533,0.947222,18.9999961853,7261.13,28.8719,0.00170364
534,0.952778,16.9999909401,7259.33,26.9782,0.00169068
535,0.947222,18.9999961853,7257.35,30.9376,0.00167782
536,0.944444,20.0000095367,7255.11,29.913,0.00166506
537,0.944444,20.0000095367,7253.37,29.5551,0.00165239
538,0.955556,15.9999990463,7251.22,29.811,0.00163982
539,0.944444,20.0000095367,7249.23,28.8867,0.00162735
540,0.941667,21.0000014305,7247.45,30.238,0.00161497
541,0.95,18.0000042915,7245.58,26.3561,0.00160269
542,0.941667,21.0000014305,7243.71,32.3532,0.00159049
543,0.947222,18.9999961853,7241.59,31.0251,0.0015784
544,0.944444,20.0000095367,7240.09,29.6936,0.00156639
545,0.947222,18.9999961853,7237.89,26.2555,0.00155447
546,0.944444,20.0000095367,7236.19,28.3813,0.00154265
547,0.952778,16.9999909401,7234.06,26.5889,0.00153092
548,0.95,18.0000042915,7232.54,32.8782,0.00151927
549,0.947222,18.9999961853,7230.51,25.9602,0.00150771
550,0.941667,21.0000014305,7229.0,30.2403,0.00149625
551,0.941667,21.0000014305,7226.95,31.2829,0.00148486
552,0.947222,18.9999961853,7225.12,26.1392,0.00147357
553,0.952778,16.9999909401,7223.47,27.5458,0.00146236
554,0.941667,21.0000014305,7221.68,28.3829,0.00145124
555,0.95,18.0000042915,7219.92,25.8513,0.0014402
556,0.947222,18.9999961853,7218.23,27.4485,0.00142924
557,0.95,18.0000042915,7216.51,26.6936,0.00141837
558,0.944444,20.0000095367,7215.11,32.5249,0.00140758
559,0.944444,20.0000095367,7213.3,29.156,0.00139687
560,0.944444,20.0000095367,7211.54,27.2499,0.00138625
561,0.95,18.0000042915,7210.03,31.87,0.0013757
562,0.947222,18.9999961853,7208.2,26.7616,0.00136524
563,0.944444,20.0000095367,7206.7,29.9146,0.00135485
564,0.944444,20.0000095367,7205.08,28.1125,0.00134455
565,0.95,18.0000042915,7203.25,26.9811,0.00133432
566,0.947222,18.9999961853,7201.61,27.4488,0.00132417
567,0.947222,18.9999961853,7200.11,25.9551,0.0013141
568,0.95,18.0000042915,7198.59,28.2559,0.0013041
569,0.941667,21.0000014305,7197.16,29.1539,0.00129418
570,0.944444,20.0000095367,7195.37,28.0146,0.00128434
571,0.95,18.0000042915,7194.01,28.1563,0.00127457
572,0.95,18.0000042915,7192.42,26.9817,0.00126487
573,0.941667,21.0000014305,7191.1,28.3365,0.00125525
574,0.95,18.0000042915,7189.4,28.5362,0.0012457
575,0.941667,21.0000014305,7188.14,31.8311,0.00123623
576,0.944444,20.0000095367,7186.35,26.9607,0.00122683
577,0.947222,18.9999961853,7185.02,26.822,0.00121749
578,0.941667,21.0000014305,7183.78,28.3883,0.00120823
579,0.947222,18.9999961853,7182.05,25.9522,0.00119904
580,0.944444,20.0000095367,7180.86,31.7873,0.00118992
581,0.95,18.0000042915,7179.22,28.2592,0.00118087
582,0.947222,18.9999961853,7177.88,27.8421,0.00117189
583,0.941667,21.0000014305,7176.68,32.3501,0.00116297
584,0.952778,16.9999909401,7175.04,26.5907,0.00115413
585,0.936111,23.0000066757,7173.95,31.3039,0.00114535
586,0.944444,20.0000095367,7172.27,29.916,0.00113663
587,0.938889,21.9999933243,7170.88,30.2093,0.00112799
588,0.952778,16.9999909401,7169.6,26.9831,0.00111941
589,0.947222,18.9999961853,7168.29,30.5351,0.00111089
590,0.941667,21.0000014305,7166.98,32.1325,0.00110244
591,0.947222,18.9999961853,7165.53,25.9496,0.00109406
592,0.944444,20.0000095367,7164.55,31.3099,0.00108574
593,0.947222,18.9999961853,7162.87,25.9491,0.00107748
594,0.938889,21.9999933243,7162.1,33.8575,0.00106928
595,0.952778,16.9999909401,7160.55,29.6444,0.00106115
596,0.947222,18.9999961853,7159.27,28.4474,0.00105308
597,0.95,18.0000042915,7157.88,26.2449,0.00104506
598,0.947222,18.9999961853,7156.7,30.9645,0.00103711
599,0.952778,16.9999909401,7155.38,27.5466,0.00102923
600,0.941667,21.0000014305,7154.36,30.036,0.0010214
601,0.947222,18.9999961853,7152.94,30.0505,0.00101363
602,0.944444,20.0000095367,7151.75,27.4495,0.00100592
603,0.95,18.0000042915,7150.62,26.6955,0.000998266
604,0.944444,20.0000095367,7149.46,32.2683,0.000990672
605,0.947222,18.9999961853,7148.02,27.5947,0.000983136
606,0.947222,18.9999961853,7147.12,27.5947,0.000975658
607,0.947222,18.9999961853,7145.78,31.1746,0.000968237
608,0.944444,20.0000095367,7144.6,26.7587,0.000960871
609,0.947222,18.9999961853,7143.49,25.9461,0.000953562
610,0.941667,21.0000014305,7142.46,30.104,0.000946309
611,0.952778,16.9999909401,7141.14,26.9846,0.000939111
612,0.947222,18.9999961853,7140.04,29.0037,0.000931967
613,0.944444,20.0000095367,7138.96,29.1471,0.000924878
614,0.95,18.0000042915,7137.87,25.8383,0.000917843
615,0.944444,20.0000095367,7137.04,30.949,0.000910861
616,0.952778,16.9999909401,7135.69,26.6959,0.000903932
617,0.947222,18.9999961853,7134.68,31.9485,0.000897056
618,0.941667,21.0000014305,7133.55,28.1505,0.000890233
619,0.947222,18.9999961853,7132.51,25.9445,0.000883461
620,0.944444,20.0000095367,7131.67,32.3011,0.000876741
621,0.95,18.0000042915,7130.39,30.7941,0.000870072
622,0.944444,20.0000095367,7129.43,33.2734,0.000863454
623,0.944444,20.0000095367,7128.38,30.5635,0.000856885
624,0.955556,15.9999990463,7127.37,27.5468,0.000850367
625,0.938889,21.9999933243,7126.37,30.2158,0.000843899
626,0.95,18.0000042915,7125.32,31.6045,0.00083748
627,0.941667,21.0000014305,7124.19,31.5898,0.000831109
628,0.952778,16.9999909401,7123.24,28.0333,0.000824787
629,0.938889,21.9999933243,7122.41,32.1406,0.000818513
630,0.95,18.0000042915,7121.29,28.5346,0.000812287
631,0.944444,20.0000095367,7120.33,29.708,0.000806108
632,0.944444,20.0000095367,7119.38,27.5846,0.000799977
633,0.947222,18.9999961853,7118.37,27.4502,0.000793891
634,0.941667,21.0000014305,7117.38,30.1705,0.000787853
635,0.95,18.0000042915,7116.39,25.8352,0.000781859
636,0.944444,20.0000095367,7115.7,31.0615,0.000775912
637,0.95,18.0000042915,7114.67,25.8351,0.00077001
638,0.95,18.0000042915,7113.83,32.6558,0.000764153
639,0.947222,18.9999961853,7112.78,28.9329,0.00075834
640,0.947222,18.9999961853,7111.79,25.9411,0.000752572
641,0.947222,18.9999961853,7111.05,32.092,0.000746847
642,0.941667,21.0000014305,7110.06,28.1505,0.000741166
643,0.944444,20.0000095367,7109.27,29.2802,0.000735528
644,0.95,18.0000042915,7108.32,25.8339,0.000729933
645,0.944444,20.0000095367,7107.61,30.1087,0.000724381
646,0.952778,16.9999909401,7106.55,26.5933,0.000718871
647,0.947222,18.9999961853,7105.82,30.9232,0.000713403
648,0.95,18.0000042915,7104.86,25.9403,0.000707976
649,0.941667,21.0000014305,7104.15,30.1092,0.000702591
650,0.952778,16.9999909401,7103.12,26.5935,0.000697246
651,0.941667,21.0000014305,7102.32,28.1241,0.000691943
652,0.947222,18.9999961853,7101.43,28.0412,0.000686679
653,0.941667,21.0000014305,7100.72,28.1241,0.000681456
654,0.952778,16.9999909401,7099.91,26.9873,0.000676272
655,0.947222,18.9999961853,7099.06,28.599,0.000671128
656,0.947222,18.9999961853,7098.28,25.9395,0.000666023
657,0.944444,20.0000095367,7097.54,30.1551,0.000660957
658,0.941667,21.0000014305,7096.8,29.1423,0.000655929
659,0.95,18.0000042915,7095.96,28.9073,0.00065094
660,0.947222,18.9999961853,7095.13,32.5842,0.000645988
661,0.944444,20.0000095367,7094.28,29.7114,0.000641074
662,0.952778,16.9999909401,7093.62,26.8129,0.000636198
663,0.944444,20.0000095367,7092.86,27.7042,0.000631359
664,0.947222,18.9999961853,7092.08,29.3519,0.000626556
665,0.952778,16.9999909401,7091.29,27.0744,0.00062179
666,0.938889,21.9999933243,7090.68,32.1447,0.00061706
667,0.952778,16.9999909401,7089.8,31.6054,0.000612367
668,0.944444,20.0000095367,7089.03,28.5978,0.000607708
669,0.947222,18.9999961853,7088.27,25.9378,0.000603086
670,0.944444,20.0000095367,7087.68,30.4892,0.000598498
671,0.947222,18.9999961853,7086.95,27.2333,0.000593946
672,0.944444,20.0000095367,7086.2,26.757,0.000589428
673,0.95,18.0000042915,7085.41,27.9961,0.000584944
674,0.947222,18.9999961853,7084.83,26.7961,0.000580495
675,0.944444,20.0000095367,7084.02,28.4019,0.000576079
676,0.95,18.0000042915,7083.42,26.3247,0.000571697
677,0.941667,21.0000014305,7082.77,33.1174,0.000567348
678,0.952778,16.9999909401,7082.07,26.698,0.000563033
679,0.944444,20.0000095367,7081.35,26.7569,0.00055875
680,0.944444,20.0000095367,7080.75,29.92,0.0005545
681,0.941667,21.0000014305,7080.07,28.1267,0.000550282
682,0.952778,16.9999909401,7079.33,26.9886,0.000546096
683,0.95,18.0000042915,7078.65,27.8646,0.000541942
684,0.947222,18.9999961853,7078.02,25.9363,0.00053782
685,0.947222,18.9999961853,7077.41,27.4512,0.000533729
686,0.941667,21.0000014305,7076.83,29.14,0.000529669
687,0.944444,20.0000095367,7076.21,29.0379,0.00052564
688,0.95,18.0000042915,7075.42,29.5191,0.000521641
689,0.941667,21.0000014305,7074.81,28.5964,0.000517673
690,0.955556,15.9999990463,7074.15,26.5947,0.000513736
691,0.941667,21.0000014305,7073.69,28.3445,0.000509828
692,0.947222,18.9999961853,7073.03,27.316,0.00050595
693,0.947222,18.9999961853,7072.42,28.9438,0.000502101
694,0.952778,16.9999909401,7071.78,26.5948,0.000498282
695,0.944444,20.0000095367,7071.25,32.2503,0.000494491
696,0.947222,18.9999961853,7070.6,26.6834,0.00049073
697,0.944444,20.0000095367,7070.1,28.0297,0.000486997
698,0.947222,18.9999961853,7069.41,26.2342,0.000483293
699,0.944444,20.0000095367,7068.88,31.3205,0.000479616
700,0.944444,20.0000095367,7068.35,27.2308,0.000475968
701,0.947222,18.9999961853,7067.81,32.6606,0.000472348
702,0.947222,18.9999961853,7067.23,27.3151,0.000468755
703,0.947222,18.9999961853,7066.71,29.3081,0.000465189
704,0.952778,16.9999909401,7066.05,26.5877,0.000461651
705,0.944444,20.0000095367,7065.58,31.0757,0.000458139
706,0.95,18.0000042915,7064.95,28.5339,0.000454654
707,0.944444,20.0000095367,7064.39,28.3453,0.000451196
708,0.952778,16.9999909401,7063.82,28.5339,0.000447763
709,0.941667,21.0000014305,7063.36,31.5792,0.000444358
710,0.947222,18.9999961853,7062.74,26.7904,0.000440977
711,0.947222,18.9999961853,7062.32,28.4562,0.000437623
712,0.95,18.0000042915,7061.68,29.519,0.000434294
713,0.944444,20.0000095367,7061.21,32.248,0.00043099
714,0.947222,18.9999961853,7060.66,29.2156,0.000427712
715,0.95,18.0000042915,7060.22,26.9899,0.000424459
716,0.944444,20.0000095367,7059.67,30.4915,0.00042123
717,0.95,18.0000042915,7059.19,28.1163,0.000418026
718,0.947222,18.9999961853,7058.66,27.1435,0.000414846
719,0.941667,21.0000014305,7058.27,33.721,0.00041169
720,0.95,18.0000042915,7057.73,27.0507,0.000408559
721,0.944444,20.0000095367,7057.2,29.3108,0.000405451
722,0.947222,18.9999961853,7056.64,25.9332,0.000402367
723,0.944444,20.0000095367,7056.21,31.1435,0.000399306
724,0.947222,18.9999961853,7055.71,27.9597,0.000396269
725,0.947222,18.9999961853,7055.27,30.4919,0.000393255
726,0.947222,18.9999961853,7054.8,27.313,0.000390263
727,0.944444,20.0000095367,7054.32,28.1299,0.000387295
728,0.95,18.0000042915,7053.84,26.2325,0.000384349
729,0.947222,18.9999961853,7053.38,30.9188,0.000381425
730,0.95,18.0000042915,7052.94,26.6992,0.000378524
731,0.941667,21.0000014305,7052.52,32.4904,0.000375644
732,0.95,18.0000042915,7052.05,28.2829,0.000372787
733,0.944444,20.0000095367,7051.59,29.0445,0.000369951
734,0.95,18.0000042915,7051.09,26.6992,0.000367137
735,0.944444,20.0000095367,7050.69,31.1437,0.000364344
736,0.941667,21.0000014305,7050.23,28.1506,0.000361573
737,0.944444,20.0000095367,7049.86,29.9216,0.000358823
738,0.947222,18.9999961853,7049.41,27.452,0.000356093
739,0.952778,16.9999909401,7049.0,27.0747,0.000353385
740,0.944444,20.0000095367,7048.55,28.4071,0.000350696
741,0.95,18.0000042915,7048.14,27.1423,0.000348029
742,0.944444,20.0000095367,7047.75,31.1438,0.000345381
743,0.955556,15.9999990463,7047.31,26.6995,0.000342754
744,0.938889,21.9999933243,7046.93,31.1239,0.000340147
745,0.944444,20.0000095367,7046.52,28.6792,0.00033756
746,0.941667,21.0000014305,7046.09,28.1308,0.000334992
747,0.952778,16.9999909401,7045.63,25.9316,0.000332444
748,0.947222,18.9999961853,7045.29,31.0815,0.000329915
749,0.95,18.0000042915,7044.84,27.8163,0.000327405
750,0.947222,18.9999961853,7044.46,28.9514,0.000324915
751,0.95,18.0000042915,7044.1,25.9314,0.000322443
752,0.944444,20.0000095367,7043.77,31.9451,0.000319991
753,0.952778,16.9999909401,7043.28,26.6995,0.000317557
754,0.938889,21.9999933243,7043.0,32.9401,0.000315141
755,0.95,18.0000042915,7042.56,27.699,0.000312744
756,0.944444,20.0000095367,7042.19,31.1439,0.000310365
757,0.944444,20.0000095367,7041.84,28.6786,0.000308004
758,0.947222,18.9999961853,7041.48,28.4583,0.000305661
759,0.952778,16.9999909401,7041.05,26.317,0.000303336
760,0.947222,18.9999961853,7040.74,30.9753,0.000301029
761,0.95,18.0000042915,7040.32,27.8155,0.000298739
762,0.947222,18.9999961853,7039.98,29.3158,0.000296466
763,0.952778,16.9999909401,7039.63,25.9308,0.000294211
764,0.944444,20.0000095367,7039.33,32.843,0.000291973
765,0.95,18.0000042915,7038.87,25.9306,0.000289752
766,0.941667,21.0000014305,7038.61,29.7974,0.000287548
767,0.944444,20.0000095367,7038.25,27.3102,0.000285361
768,0.944444,20.0000095367,7037.92,30.2205,0.00028319
769,0.955556,15.9999990463,7037.55,27.0748,0.000281036
770,0.941667,21.0000014305,7037.23,30.3879,0.000278899
771,0.95,18.0000042915,7036.87,27.2268,0.000276777
772,0.941667,21.0000014305,7036.6,33.7274,0.000274672
773,0.947222,18.9999961853,7036.23,32.8433,0.000272582
774,0.944444,20.0000095367,7035.9,27.3097,0.000270509
775,0.947222,18.9999961853,7035.55,29.0489,0.000268451
776,0.952778,16.9999909401,7035.22,26.6999,0.000266409
777,0.941667,21.0000014305,7034.93,33.2899,0.000264383
778,0.947222,18.9999961853,7034.59,25.9301,0.000262372
779,0.947222,18.9999961853,7034.32,31.1442,0.000260376
780,0.944444,20.0000095367,7034.0,29.2714,0.000258395
781,0.947222,18.9999961853,7033.7,29.0493,0.00025643
782,0.944444,20.0000095367,7033.34,32.5298,0.000254479
783,0.944444,20.0000095367,7033.04,32.4882,0.000252543
784,0.95,18.0000042915,7032.72,29.9865,0.000250622
785,0.95,18.0000042915,7032.41,25.9297,0.000248716
786,0.944444,20.0000095367,7032.18,28.2164,0.000246824
787,0.95,18.0000042915,7031.83,28.7905,0.000244947
788,0.941667,21.0000014305,7031.52,28.3479,0.000243083
789,0.944444,20.0000095367,7031.28,27.3089,0.000241234
790,0.944444,20.0000095367,7030.98,26.7555,0.000239399
791,0.952778,16.9999909401,7030.68,26.5968,0.000237578
792,0.944444,20.0000095367,7030.43,30.4941,0.000235771
793,0.952778,16.9999909401,7030.11,26.673,0.000233978
794,0.947222,18.9999961853,7029.86,29.2011,0.000232198
795,0.95,18.0000042915,7029.55,25.9293,0.000230432
796,0.944444,20.0000095367,7029.34,30.8329,0.000228679
797,0.947222,18.9999961853,7028.99,25.9292,0.000226939
798,0.944444,20.0000095367,7028.76,29.0507,0.000225213
799,0.947222,18.9999961853,7028.46,29.3192,0.0002235
800,0.95,18.0000042915,7028.16,26.2296,0.0002218
801,0.952778,16.9999909401,7027.89,25.929,0.000220113
802,0.941667,21.0000014305,7027.73,33.73,0.000218438
803,0.947222,18.9999961853,7027.4,27.3083,0.000216777
804,0.941667,21.0000014305,7027.14,28.1332,0.000215128
805,0.947222,18.9999961853,7026.88,28.7911,0.000213491
806,0.944444,20.0000095367,7026.61,31.5731,0.000211868
807,0.952778,16.9999909401,7026.35,27.047,0.000210256
808,0.941667,21.0000014305,7026.12,28.4105,0.000208656
809,0.952778,16.9999909401,7025.85,26.3143,0.000207069
810,0.947222,18.9999961853,7025.63,31.8831,0.000205494
811,0.944444,20.0000095367,7025.36,29.2704,0.000203931
812,0.95,18.0000042915,7025.14,30.8975,0.00020238
813,0.95,18.0000042915,7024.88,26.802,0.00020084
814,0.95,18.0000042915,7024.62,26.9924,0.000199313
815,0.944444,20.0000095367,7024.4,28.5915,0.000197797
816,0.95,18.0000042915,7024.15,26.6715,0.000196292
817,0.941667,21.0000014305,7023.98,30.036,0.000194799
818,0.947222,18.9999961853,7023.68,28.9574,0.000193317
819,0.941667,21.0000014305,7023.48,29.7995,0.000191847
820,0.947222,18.9999961853,7023.26,32.1451,0.000190387
821,0.938889,21.9999933243,7023.01,34.4794,0.000188939
822,0.95,18.0000042915,7022.8,27.9615,0.000187502
823,0.944444,20.0000095367,7022.59,31.9445,0.000186076
824,0.947222,18.9999961853,7022.29,28.1338,0.00018466
825,0.95,18.0000042915,7022.11,29.7838,0.000183256
826,0.95,18.0000042915,7021.88,29.5323,0.000181862
827,0.944444,20.0000095367,7021.69,32.4869,0.000180478
828,0.944444,20.0000095367,7021.46,27.5045,0.000179105
829,0.947222,18.9999961853,7021.26,29.27,0.000177743
830,0.952778,16.9999909401,7021.0,28.2889,0.000176391
831,0.944444,20.0000095367,7020.77,26.7553,0.000175049
832,0.95,18.0000042915,7020.58,28.9243,0.000173718
833,0.95,18.0000042915,7020.4,26.2287,0.000172396
834,0.952778,16.9999909401,7020.19,30.5012,0.000171085
835,0.944444,20.0000095367,7019.98,30.121,0.000169783
836,0.952778,16.9999909401,7019.77,28.9527,0.000168492
837,0.944444,20.0000095367,7019.56,29.2014,0.00016721
838,0.95,18.0000042915,7019.36,26.7007,0.000165938
839,0.944444,20.0000095367,7019.19,31.6134,0.000164676
840,0.952778,16.9999909401,7018.97,27.7224,0.000163424
841,0.947222,18.9999961853,7018.78,27.8116,0.00016218
842,0.947222,18.9999961853,7018.6,30.9819,0.000160947
843,0.947222,18.9999961853,7018.35,27.3493,0.000159723
844,0.95,18.0000042915,7018.19,25.9277,0.000158508
845,0.952778,16.9999909401,7018.0,26.7007,0.000157302
846,0.944444,20.0000095367,7017.85,31.3267,0.000156105
847,0.955556,15.9999990463,7017.61,27.7877,0.000154918
848,0.941667,21.0000014305,7017.46,30.037,0.000153739
849,0.947222,18.9999961853,7017.27,29.6605,0.00015257
850,0.95,18.0000042915,7017.07,29.4125,0.000151409
851,0.944444,20.0000095367,7016.87,28.1345,0.000150258
852,0.95,18.0000042915,7016.68,28.0711,0.000149115
853,0.941667,21.0000014305,7016.51,28.5192,0.00014798
854,0.947222,18.9999961853,7016.35,27.4832,0.000146855
855,0.95,18.0000042915,7016.16,27.2243,0.000145738
856,0.944444,20.0000095367,7015.99,29.0541,0.000144629
857,0.952778,16.9999909401,7015.83,26.5803,0.000143529
858,0.95,18.0000042915,7015.64,29.2529,0.000142437
859,0.95,18.0000042915,7015.46,25.9274,0.000141354
860,0.944444,20.0000095367,7015.33,28.1347,0.000140279
861,0.95,18.0000042915,7015.16,29.66,0.000139211
862,0.947222,18.9999961853,7014.99,31.9443,0.000138153
863,0.947222,18.9999961853,7014.8,29.9235,0.000137102
864,0.941667,21.0000014305,7014.64,30.0374,0.000136059
865,0.95,18.0000042915,7014.47,25.9272,0.000135024
866,0.944444,20.0000095367,7014.32,33.1186,0.000133997
867,0.944444,20.0000095367,7014.16,29.1334,0.000132977
868,0.952778,16.9999909401,7014.0,26.7897,0.000131966
869,0.944444,20.0000095367,7013.86,28.6917,0.000130962
870,0.95,18.0000042915,7013.67,26.0186,0.000129966
871,0.952778,16.9999909401,7013.52,28.7854,0.000128977
872,0.947222,18.9999961853,7013.37,26.6688,0.000127996
873,0.947222,18.9999961853,7013.22,32.4859,0.000127023
874,0.944444,20.0000095367,7013.09,29.2691,0.000126056
875,0.944444,20.0000095367,7012.93,29.055,0.000125098
876,0.947222,18.9999961853,7012.75,29.0261,0.000124146
877,0.944444,20.0000095367,7012.6,28.2194,0.000123202
878,0.947222,18.9999961853,7012.48,25.927,0.000122264
879,0.947222,18.9999961853,7012.34,31.1449,0.000121334
880,0.955556,15.9999990463,7012.18,27.045,0.000120411
881,0.952778,16.9999909401,7012.04,30.9014,0.000119496
882,0.95,18.0000042915,7011.9,28.6616,0.000118587
883,0.944444,20.0000095367,7011.75,28.2195,0.000117685
884,0.952778,16.9999909401,7011.59,26.3118,0.000116789
885,0.95,18.0000042915,7011.47,31.8856,0.000115901
886,0.947222,18.9999961853,7011.32,26.6682,0.000115019
887,0.944444,20.0000095367,7011.21,33.2528,0.000114144
888,0.944444,20.0000095367,7011.06,30.5464,0.000113276
889,0.95,18.0000042915,7010.92,29.1372,0.000112415
890,0.952778,16.9999909401,7010.75,27.1498,0.000111559
891,0.947222,18.9999961853,7010.62,28.0021,0.000110711
892,0.947222,18.9999961853,7010.51,27.4959,0.000109869
893,0.952778,16.9999909401,7010.38,28.2471,0.000109033
894,0.95,18.0000042915,7010.26,31.3276,0.000108204
895,0.952778,16.9999909401,7010.1,29.2438,0.000107381
896,0.947222,18.9999961853,7009.99,31.3031,0.000106564
897,0.952778,16.9999909401,7009.87,27.1064,0.000105753
898,0.947222,18.9999961853,7009.74,30.2592,0.000104949
899,0.944444,20.0000095367,7009.6,29.9237,0.00010415
900,0.952778,16.9999909401,7009.47,26.8688,0.000103358
901,0.952778,16.9999909401,7009.36,27.0751,0.000102572
902,0.944444,20.0000095367,7009.24,26.8688,0.000101792
903,0.947222,18.9999961853,7009.11,25.9265,0.000101017
904,0.95,18.0000042915,7009.0,31.3278,0.000100249
905,0.955556,15.9999990463,7008.87,29.3784,9.94864e-05
906,0.941667,21.0000014305,7008.75,27.9538,9.87296e-05
907,0.955556,15.9999990463,7008.63,27.075,9.79786e-05
908,0.941667,21.0000014305,7008.53,32.9461,9.72333e-05
909,0.95,18.0000042915,7008.41,28.247,9.64937e-05
910,0.947222,18.9999961853,7008.29,31.068,9.57597e-05
911,0.952778,16.9999909401,7008.16,29.3631,9.50313e-05
912,0.947222,18.9999961853,7008.05,28.6386,9.43084e-05
913,0.95,18.0000042915,7007.94,28.0418,9.35911e-05
914,0.944444,20.0000095367,7007.83,27.4863,9.28792e-05
915,0.955556,15.9999990463,7007.71,27.3355,9.21727e-05
916,0.944444,20.0000095367,7007.6,28.2202,9.14715e-05
917,0.952778,16.9999909401,7007.49,26.3111,9.07757e-05
918,0.95,18.0000042915,7007.38,31.145,9.00852e-05
919,0.955556,15.9999990463,7007.27,26.3111,8.94e-05
920,0.941667,21.0000014305,7007.17,28.5208,8.87199e-05
921,0.952778,16.9999909401,7007.07,27.0444,8.80451e-05
922,0.947222,18.9999961853,7006.95,29.4296,8.73754e-05
923,0.952778,16.9999909401,7006.85,28.6616,8.67107e-05
924,0.944444,20.0000095367,7006.74,28.2203,8.60511e-05
925,0.952778,16.9999909401,7006.63,26.5789,8.53966e-05
926,0.95,18.0000042915,7006.52,28.1358,8.4747e-05
927,0.952778,16.9999909401,7006.43,29.2435,8.41023e-05
928,0.952778,16.9999909401,7006.33,31.0219,8.34626e-05
929,0.95,18.0000042915,7006.22,25.9261,8.28277e-05
930,0.947222,18.9999961853,7006.14,33.252,8.21977e-05
931,0.941667,21.0000014305,7006.04,29.1326,8.15724e-05
932,0.952778,16.9999909401,7005.94,28.2204,8.09519e-05
933,0.955556,15.9999990463,7005.85,29.3787,8.03362e-05
934,0.95,18.0000042915,7005.74,26.0177,7.97251e-05
935,0.95,18.0000042915,7005.64,29.43,7.91186e-05
936,0.95,18.0000042915,7005.56,26.0177,7.85168e-05
937,0.952778,16.9999909401,7005.46,27.1069,7.79196e-05
938,0.944444,20.0000095367,7005.37,30.7744,7.73268e-05
939,0.95,18.0000042915,7005.28,29.924,7.67386e-05
940,0.944444,20.0000095367,7005.17,28.136,7.61549e-05
941,0.952778,16.9999909401,7005.1,29.2434,7.55756e-05
942,0.95,18.0000042915,7005.01,30.0668,7.50007e-05
943,0.95,18.0000042915,7004.92,31.1456,7.44302e-05
944,0.955556,15.9999990463,7004.83,29.933,7.38641e-05
945,0.947222,18.9999961853,7004.73,30.2594,7.33022e-05
946,0.95,18.0000042915,7004.65,27.3045,7.27446e-05
947,0.944444,20.0000095367,7004.57,28.1361,7.21913e-05
948,0.95,18.0000042915,7004.46,27.0441,7.16422e-05
949,0.947222,18.9999961853,7004.39,30.2882,7.10972e-05
950,0.952778,16.9999909401,7004.3,26.3433,7.05564e-05
951,0.952778,16.9999909401,7004.21,28.9603,7.00197e-05
952,0.947222,18.9999961853,7004.15,30.4518,6.94871e-05
953,0.952778,16.9999909401,7004.05,29.3789,6.89585e-05
954,0.947222,18.9999961853,7003.96,28.2907,6.84339e-05
955,0.95,18.0000042915,7003.88,28.6616,6.79134e-05
956,0.947222,18.9999961853,7003.79,28.2207,6.73968e-05
957,0.952778,16.9999909401,7003.73,27.3043,6.68841e-05
958,0.955556,15.9999990463,7003.64,26.755,6.63754e-05
959,0.947222,18.9999961853,7003.56,28.1362,6.58705e-05
960,0.95,18.0000042915,7003.49,27.044,6.53694e-05
961,0.95,18.0000042915,7003.4,27.7255,6.48722e-05
962,0.95,18.0000042915,7003.33,26.7014,6.43787e-05
963,0.952778,16.9999909401,7003.24,31.0679,6.3889e-05
964,0.952778,16.9999909401,7003.16,27.615,6.3403e-05
965,0.944444,20.0000095367,7003.09,26.755,6.29207e-05
966,0.944444,20.0000095367,7003.01,28.2208,6.24421e-05
967,0.952778,16.9999909401,7002.94,26.7522,6.19671e-05
968,0.95,18.0000042915,7002.87,25.9256,6.14958e-05
969,0.952778,16.9999909401,7002.81,31.0226,6.1028e-05
970,0.955556,15.9999990463,7002.72,27.1071,6.05638e-05
971,0.947222,18.9999961853,7002.66,28.2209,6.01031e-05
972,0.952778,16.9999909401,7002.57,26.5783,5.96459e-05
973,0.947222,18.9999961853,7002.51,28.1363,5.91922e-05
974,0.952778,16.9999909401,7002.44,29.2431,5.87419e-05
975,0.947222,18.9999961853,7002.37,28.5216,5.82951e-05
976,0.95,18.0000042915,7002.31,27.6842,5.78517e-05
977,0.95,18.0000042915,7002.23,28.5217,5.74116e-05
978,0.952778,16.9999909401,7002.16,31.7276,5.69749e-05
979,0.944444,20.0000095367,7002.09,27.494,5.65415e-05
980,0.947222,18.9999961853,7002.02,30.8889,5.61114e-05
981,0.95,18.0000042915,7001.95,28.0318,5.56846e-05
982,0.944444,20.0000095367,7001.89,28.5217,5.5261e-05
983,0.95,18.0000042915,7001.83,28.166,5.48407e-05
984,0.95,18.0000042915,7001.75,25.9201,5.44235e-05
985,0.95,18.0000042915,7001.69,33.6236,5.40095e-05
986,0.947222,18.9999961853,7001.62,27.304,5.35987e-05
987,0.944444,20.0000095367,7001.56,28.2211,5.3191e-05
988,0.952778,16.9999909401,7001.49,28.919,5.27864e-05
989,0.947222,18.9999961853,7001.43,28.1365,5.23848e-05
990,0.95,18.0000042915,7001.37,26.3431,5.19864e-05
991,0.95,18.0000042915,7001.3,26.3431,5.15909e-05
992,0.947222,18.9999961853,7001.26,28.5218,5.11985e-05
993,0.955556,15.9999990463,7001.19,29.3792,5.08091e-05
994,0.947222,18.9999961853,7001.12,28.2909,5.04226e-05
995,0.952778,16.9999909401,7001.05,28.0318,5.0039e-05
996,0.947222,18.9999961853,7001.0,28.2212,4.96584e-05
997,0.95,18.0000042915,7000.95,27.1474,4.92806e-05
998,0.95,18.0000042915,7000.88,27.1473,4.89058e-05
999,0.947222,18.9999961853,7000.83,28.5219,4.85338e-05
1000,0.952778,16.9999909401,7000.76,26.7521,4.81646e-05
1001,0.95,18.0000042915,7000.7,29.4116,4.77982e-05
1002,0.95,18.0000042915,7000.65,27.1073,4.74347e-05
1003,0.952778,16.9999909401,7000.59,30.2889,4.70738e-05
1004,0.95,18.0000042915,7000.53,26.343,4.67157e-05
1005,0.952778,16.9999909401,7000.48,30.2596,4.63604e-05
1006,0.952778,16.9999909401,7000.42,28.0318,4.60077e-05
1007,0.944444,20.0000095367,7000.37,28.003,4.56578e-05
1008,0.955556,15.9999990463,7000.3,27.785,4.53105e-05
1009,0.947222,18.9999961853,7000.26,28.522,4.49658e-05
1010,0.952778,16.9999909401,7000.2,27.9397,4.46238e-05
1011,0.95,18.0000042915,7000.16,30.289,4.42843e-05
1012,0.952778,16.9999909401,7000.1,28.2465,4.39475e-05
1013,0.955556,15.9999990463,7000.05,31.0678,4.36132e-05
1014,0.952778,16.9999909401,7000.0,27.1074,4.32814e-05
1015,0.955556,15.9999990463,6999.95,29.4318,4.29522e-05
1016,0.95,18.0000042915,6999.89,27.684,4.26255e-05
1017,0.952778,16.9999909401,6999.84,28.5221,4.23012e-05
1018,0.955556,15.9999990463,6999.79,28.8013,4.19795e-05
1019,0.955556,15.9999990463,6999.73,26.3429,4.16601e-05
1020,0.95,18.0000042915,6999.69,29.598,4.13432e-05
1021,0.955556,15.9999990463,6999.63,26.3429,4.10288e-05
1022,0.955556,15.9999990463,6999.58,26.8789,4.07167e-05
1023,0.947222,18.9999961853,6999.54,31.4562,4.0407e-05
1024,0.95,18.0000042915,6999.48,25.9861,4.00996e-05
1025,0.944444,20.0000095367,6999.45,28.5221,3.97946e-05
1026,0.955556,15.9999990463,6999.39,30.2574,3.94918e-05
1027,0.944444,20.0000095367,6999.34,28.9975,3.91914e-05
1028,0.95,18.0000042915,6999.3,29.6566,3.88933e-05
1029,0.955556,15.9999990463,6999.25,31.0678,3.85975e-05
1030,0.947222,18.9999961853,6999.21,28.8939,3.83039e-05
1031,0.955556,15.9999990463,6999.16,29.4321,3.80125e-05
1032,0.955556,15.9999990463,6999.11,27.1036,3.77234e-05
1033,0.955556,15.9999990463,6999.06,27.0434,3.74364e-05
1034,0.947222,18.9999961853,6999.02,29.4321,3.71516e-05
1035,0.952778,16.9999909401,6998.98,26.8568,3.68691e-05
1036,0.95,18.0000042915,6998.94,30.2892,3.65886e-05
1037,0.952778,16.9999909401,6998.89,28.7359,3.63103e-05
1038,0.95,18.0000042915,6998.84,31.0678,3.60341e-05
1039,0.952778,16.9999909401,6998.8,25.986,3.576e-05
1040,0.947222,18.9999961853,6998.76,28.5223,3.5488e-05
1041,0.947222,18.9999961853,6998.72,26.8568,3.5218e-05
1042,0.947222,18.9999961853,6998.67,31.4561,3.49501e-05
1043,0.95,18.0000042915,6998.63,28.0664,3.46843e-05
1044,0.95,18.0000042915,6998.59,26.8692,3.44205e-05
1045,0.95,18.0000042915,6998.54,25.925,3.41586e-05
1046,0.952778,16.9999909401,6998.5,28.5223,3.38988e-05
1047,0.952778,16.9999909401,6998.46,27.2931,3.3641e-05
1048,0.95,18.0000042915,6998.43,30.2597,3.33851e-05
1049,0.955556,15.9999990463,6998.38,29.4323,3.31311e-05
1050,0.95,18.0000042915,6998.34,25.9859,3.28791e-05
1051,0.955556,15.9999990463,6998.3,26.3428,3.2629e-05
1052,0.95,18.0000042915,6998.27,28.5224,3.23808e-05
1053,0.952778,16.9999909401,6998.23,27.6072,3.21345e-05
1054,0.95,18.0000042915,6998.19,31.4561,3.189e-05
1055,0.955556,15.9999990463,6998.15,26.3428,3.16475e-05
1056,0.947222,18.9999961853,6998.12,29.2982,3.14067e-05
1057,0.952778,16.9999909401,6998.07,27.9633,3.11678e-05
1058,0.95,18.0000042915,6998.03,25.9249,3.09307e-05
1059,0.95,18.0000042915,6998.0,28.5224,3.06955e-05
1060,0.95,18.0000042915,6997.97,27.6839,3.0462e-05
1061,0.952778,16.9999909401,6997.93,29.8019,3.02303e-05
1062,0.95,18.0000042915,6997.88,28.8938,3.00003e-05
1063,0.952778,16.9999909401,6997.85,27.4275,2.97721e-05
1064,0.952778,16.9999909401,6997.81,26.7549,2.95456e-05
1065,0.95,18.0000042915,6997.77,26.3428,2.93209e-05
1066,0.95,18.0000042915,6997.74,30.2597,2.90978e-05
1067,0.955556,15.9999990463,6997.7,27.7888,2.88765e-05
1068,0.95,18.0000042915,6997.67,28.5225,2.86569e-05
1069,0.952778,16.9999909401,6997.63,27.0433,2.84389e-05
1070,0.952778,16.9999909401,6997.6,28.5225,2.82226e-05
1071,0.952778,16.9999909401,6997.57,26.3428,2.80079e-05
1072,0.952778,16.9999909401,6997.53,28.0665,2.77948e-05
1073,0.952778,16.9999909401,6997.5,29.1412,2.75834e-05
1074,0.95,18.0000042915,6997.47,26.5188,2.73736e-05
1075,0.955556,15.9999990463,6997.43,29.9003,2.71654e-05
1076,0.955556,15.9999990463,6997.4,27.1035,2.69587e-05
1077,0.955556,15.9999990463,6997.37,25.994,2.67537e-05
1078,0.952778,16.9999909401,6997.34,27.0432,2.65502e-05
1079,0.95,18.0000042915,6997.32,28.5225,2.63482e-05
1080,0.955556,15.9999990463,6997.28,27.0432,2.61478e-05
1081,0.955556,15.9999990463,6997.25,29.4327,2.59489e-05
1082,0.952778,16.9999909401,6997.21,27.6838,2.57515e-05
1083,0.95,18.0000042915,6997.19,28.5226,2.55556e-05
1084,0.952778,16.9999909401,6997.16,27.0432,2.53612e-05
1085,0.955556,15.9999990463,6997.12,28.5226,2.51683e-05
1086,0.95,18.0000042915,6997.1,26.3427,2.49768e-05
1087,0.955556,15.9999990463,6997.06,26.3427,2.47868e-05
1088,0.955556,15.9999990463,6997.04,29.4328,2.45983e-05
1089,0.955556,15.9999990463,6997.01,27.6838,2.44112e-05
1090,0.955556,15.9999990463,6996.98,27.4275,2.42255e-05
1091,0.952778,16.9999909401,6996.95,28.4484,2.40412e-05
1092,0.952778,16.9999909401,6996.92,26.3427,2.38584e-05
1093,0.947222,18.9999961853,6996.89,28.5226,2.36769e-05
1094,0.952778,16.9999909401,6996.87,27.2928,2.34968e-05
1095,0.95,18.0000042915,6996.84,30.2896,2.3318e-05
1096,0.952778,16.9999909401,6996.81,30.2572,2.31407e-05
1097,0.95,18.0000042915,6996.78,31.0678,2.29646e-05
1098,0.955556,15.9999990463,6996.74,27.1035,2.279e-05
1099,0.95,18.0000042915,6996.72,28.6939,2.26166e-05
1100,0.952778,16.9999909401,6996.69,26.3427,2.24446e-05
1101,0.952778,16.9999909401,6996.67,28.5226,2.22738e-05
1102,0.952778,16.9999909401,6996.64,27.2928,2.21044e-05
1103,0.95,18.0000042915,6996.62,30.2597,2.19363e-05
1104,0.955556,15.9999990463,6996.58,29.5989,2.17694e-05
1105,0.95,18.0000042915,6996.56,26.3427,2.16038e-05
1106,0.952778,16.9999909401,6996.53,27.6838,2.14395e-05
1107,0.95,18.0000042915,6996.51,28.5227,2.12764e-05
1108,0.952778,16.9999909401,6996.48,27.0431,2.11146e-05
1109,0.955556,15.9999990463,6996.45,28.5227,2.09539e-05
1110,0.955556,15.9999990463,6996.43,27.0431,2.07945e-05
1111,0.955556,15.9999990463,6996.4,25.9941,2.06364e-05
1112,0.955556,15.9999990463,6996.38,26.3427,2.04794e-05
1113,0.952778,16.9999909401,6996.36,28.5227,2.03236e-05
1114,0.955556,15.9999990463,6996.33,27.0431,2.0169e-05
1115,0.95,18.0000042915,6996.31,27.6133,2.00156e-05
1116,0.955556,15.9999990463,6996.28,28.5227,1.98633e-05
1117,0.952778,16.9999909401,6996.26,26.3427,1.97123e-05
1118,0.955556,15.9999990463,6996.24,26.3427,1.95623e-05
1119,0.955556,15.9999990463,6996.22,28.5227,1.94135e-05
1120,0.955556,15.9999990463,6996.19,27.1035,1.92658e-05
1121,0.95,18.0000042915,6996.17,29.2985,1.91193e-05
1122,0.955556,15.9999990463,6996.15,26.3427,1.89739e-05
1123,0.955556,15.9999990463,6996.12,27.4276,1.88295e-05
1124,0.952778,16.9999909401,6996.1,29.1661,1.86863e-05
1125,0.95,18.0000042915,6996.08,30.2598,1.85442e-05
1126,0.955556,15.9999990463,6996.06,27.0431,1.84031e-05
1127,0.952778,16.9999909401,6996.04,28.5228,1.82631e-05
1128,0.952778,16.9999909401,6996.01,27.6837,1.81242e-05
1129,0.95,18.0000042915,6996.0,28.5228,1.79863e-05
1130,0.955556,15.9999990463,6995.97,29.3798,1.78495e-05
1131,0.955556,15.9999990463,6995.95,28.5228,1.77137e-05
1132,0.955556,15.9999990463,6995.93,26.3426,1.7579e-05
1133,0.952778,16.9999909401,6995.9,27.6133,1.74453e-05
1134,0.952778,16.9999909401,6995.89,27.4276,1.73126e-05
1135,0.955556,15.9999990463,6995.86,27.043,1.71809e-05
1136,0.95,18.0000042915,6995.85,28.5228,1.70502e-05
1137,0.952778,16.9999909401,6995.82,27.6837,1.69205e-05
1138,0.952778,16.9999909401,6995.8,28.5228,1.67918e-05
1139,0.955556,15.9999990463,6995.78,27.043,1.66641e-05
1140,0.955556,15.9999990463,6995.76,28.1261,1.65373e-05
1141,0.952778,16.9999909401,6995.74,28.0665,1.64115e-05
1142,0.955556,15.9999990463,6995.72,26.3426,1.62867e-05
1143,0.955556,15.9999990463,6995.7,27.4276,1.61628e-05
1144,0.955556,15.9999990463,6995.68,25.9941,1.60398e-05
1145,0.955556,15.9999990463,6995.66,27.4276,1.59178e-05
1146,0.955556,15.9999990463,6995.64,27.043,1.57967e-05
1147,0.955556,15.9999990463,6995.62,29.9011,1.56766e-05
1148,0.95,18.0000042915,6995.6,27.6837,1.55573e-05
1149,0.952778,16.9999909401,6995.58,26.3426,1.5439e-05
1150,0.95,18.0000042915,6995.56,28.5228,1.53216e-05
1151,0.955556,15.9999990463,6995.54,26.3426,1.5205e-05
1152,0.955556,15.9999990463,6995.52,25.9941,1.50894e-05
1153,0.955556,15.9999990463,6995.51,27.9633,1.49746e-05
1154,0.955556,15.9999990463,6995.49,27.7429,1.48607e-05
1155,0.955556,15.9999990463,6995.47,26.3426,1.47476e-05
1156,0.952778,16.9999909401,6995.46,28.5229,1.46354e-05
1157,0.955556,15.9999990463,6995.43,27.6133,1.45241e-05
1158,0.955556,15.9999990463,6995.42,26.3426,1.44136e-05
1159,0.955556,15.9999990463,6995.4,27.9633,1.4304e-05
1160,0.955556,15.9999990463,6995.38,28.5229,1.41952e-05
1161,0.955556,15.9999990463,6995.37,26.3426,1.40872e-05
1162,0.955556,15.9999990463,6995.35,27.1035,1.39801e-05
1163,0.955556,15.9999990463,6995.33,29.9012,1.38737e-05
1164,0.955556,15.9999990463,6995.32,26.3426,1.37682e-05
1165,0.955556,15.9999990463,6995.3,27.6133,1.36635e-05
1166,0.955556,15.9999990463,6995.28,29.5992,1.35595e-05
1167,0.955556,15.9999990463,6995.27,26.3426,1.34564e-05
1168,0.955556,15.9999990463,6995.25,28.6941,1.3354e-05
1169,0.955556,15.9999990463,6995.23,26.3426,1.32524e-05
1170,0.955556,15.9999990463,6995.22,25.9942,1.31516e-05
1171,0.955556,15.9999990463,6995.2,26.3426,1.30516e-05
1172,0.955556,15.9999990463,6995.19,28.5229,1.29523e-05
1173,0.955556,15.9999990463,6995.17,26.3426,1.28538e-05
1174,0.955556,15.9999990463,6995.16,26.3426,1.2756e-05
1175,0.955556,15.9999990463,6995.14,29.4334,1.2659e-05
1176,0.955556,15.9999990463,6995.13,26.3426,1.25627e-05
1177,0.955556,15.9999990463,6995.11,29.9013,1.24671e-05
1178,0.955556,15.9999990463,6995.1,27.0429,1.23723e-05
1179,0.955556,15.9999990463,6995.09,25.9942,1.22782e-05
1180,0.955556,15.9999990463,6995.08,26.3426,1.21848e-05
1181,0.955556,15.9999990463,6995.06,29.5993,1.20921e-05
1182,0.955556,15.9999990463,6995.05,28.4488,1.20001e-05
1183,0.952778,16.9999909401,6995.03,31.2115,1.19088e-05
1184,0.955556,15.9999990463,6995.01,26.3426,1.18182e-05
1185,0.955556,15.9999990463,6995.0,28.5229,1.17284e-05
1186,0.955556,15.9999990463,6994.99,26.3426,1.16391e-05
1187,0.955556,15.9999990463,6994.97,26.3289,1.15506e-05
1188,0.955556,15.9999990463,6994.97,27.1035,1.14627e-05
1189,0.955556,15.9999990463,6994.95,28.523,1.13756e-05
1190,0.955556,15.9999990463,6994.93,27.1035,1.1289e-05
1191,0.955556,15.9999990463,6994.92,25.9942,1.12031e-05
1192,0.955556,15.9999990463,6994.91,30.2598,1.11179e-05
1193,0.952778,16.9999909401,6994.89,26.3426,1.10334e-05
1194,0.955556,15.9999990463,6994.88,29.8944,1.09494e-05
1195,0.955556,15.9999990463,6994.87,27.0429,1.08661e-05
1196,0.955556,15.9999990463,6994.86,28.9983,1.07835e-05
1197,0.955556,15.9999990463,6994.84,26.3426,1.07015e-05
1198,0.955556,15.9999990463,6994.83,27.9634,1.06201e-05
1199,0.955556,15.9999990463,6994.81,27.1035,1.05393e-05
1200,0.95,18.0000042915,6994.8,28.9984,1.04591e-05
1201,0.955556,15.9999990463,6994.79,26.3426,1.03795e-05
1202,0.955556,15.9999990463,6994.78,28.523,1.03006e-05
1203,0.955556,15.9999990463,6994.77,26.8565,1.02222e-05
1204,0.955556,15.9999990463,6994.75,28.523,1.01445e-05
1205,0.955556,15.9999990463,6994.74,26.3426,1.00673e-05
1206,0.955556,15.9999990463,6994.73,27.6134,9.99073e-06
1207,0.955556,15.9999990463,6994.71,27.1035,9.91474e-06
1208,0.955556,15.9999990463,6994.71,28.523,9.83932e-06
1209,0.955556,15.9999990463,6994.69,26.8565,9.76448e-06
1210,0.955556,15.9999990463,6994.68,28.6942,9.6902e-06
1211,0.955556,15.9999990463,6994.67,27.0429,9.61649e-06
1212,0.955556,15.9999990463,6994.66,31.0678,9.54335e-06
1213,0.955556,15.9999990463,6994.64,25.5939,9.47075e-06
1214,0.955556,15.9999990463,6994.63,28.1262,9.39871e-06
1215,0.952778,16.9999909401,6994.62,28.0665,9.32721e-06
1216,0.955556,15.9999990463,6994.61,28.523,9.25627e-06
1217,0.955556,15.9999990463,6994.6,27.1035,9.18586e-06
1218,0.955556,15.9999990463,6994.58,28.523,9.11599e-06
1219,0.955556,15.9999990463,6994.58,26.3425,9.04664e-06
1220,0.955556,15.9999990463,6994.57,26.3425,8.97783e-06
1221,0.955556,15.9999990463,6994.56,28.523,8.90953e-06
1222,0.955556,15.9999990463,6994.55,27.1035,8.84176e-06
1223,0.955556,15.9999990463,6994.54,28.6488,8.77451e-06
1224,0.952778,16.9999909401,6994.53,27.6134,8.70776e-06
1225,0.955556,15.9999990463,6994.52,28.1262,8.64153e-06
1226,0.955556,15.9999990463,6994.51,28.0665,8.57579e-06
1227,0.955556,15.9999990463,6994.5,27.4277,8.51056e-06
1228,0.955556,15.9999990463,6994.49,27.0429,8.44583e-06
1229,0.955556,15.9999990463,6994.49,28.523,8.38157e-06
1230,0.955556,15.9999990463,6994.47,27.6134,8.31782e-06
1231,0.955556,15.9999990463,6994.46,26.3425,8.25455e-06
1232,0.955556,15.9999990463,6994.46,28.6942,8.19176e-06
1233,0.955556,15.9999990463,6994.45,26.3425,8.12945e-06
1234,0.955556,15.9999990463,6994.44,25.9942,8.06761e-06
1235,0.955556,15.9999990463,6994.43,27.9634,8.00625e-06
1236,0.955556,15.9999990463,6994.42,25.9942,7.94534e-06
1237,0.955556,15.9999990463,6994.41,26.3425,7.8849e-06
1238,0.955556,15.9999990463,6994.4,28.523,7.82492e-06
1239,0.955556,15.9999990463,6994.39,26.3425,7.7654e-06
1240,0.955556,15.9999990463,6994.38,28.0665,7.70634e-06
1241,0.955556,15.9999990463,6994.37,30.2598,7.64772e-06
1242,0.955556,15.9999990463,6994.36,28.6942,7.58954e-06
1243,0.955556,15.9999990463,6994.36,26.3425,7.53181e-06
1244,0.955556,15.9999990463,6994.35,28.0665,7.47452e-06
1245,0.955556,15.9999990463,6994.34,31.0678,7.41766e-06
1246,0.955556,15.9999990463,6994.33,26.3425,7.36124e-06
1247,0.955556,15.9999990463,6994.32,28.5231,7.30524e-06
1248,0.955556,15.9999990463,6994.32,27.0429,7.24968e-06
1249,0.955556,15.9999990463,6994.31,29.9016,7.19453e-06
1250,0.955556,15.9999990463,6994.3,26.3425,7.13981e-06
1251,0.955556,15.9999990463,6994.29,29.3799,7.08549e-06
1252,0.955556,15.9999990463,6994.28,28.6942,7.03159e-06
1253,0.955556,15.9999990463,6994.28,26.8565,6.97811e-06
1254,0.955556,15.9999990463,6994.26,26.3289,6.92503e-06
1255,0.955556,15.9999990463,6994.26,27.9634,6.87235e-06
1256,0.955556,15.9999990463,6994.25,27.6134,6.82008e-06
1257,0.955556,15.9999990463,6994.24,27.7847,6.7682e-06
1258,0.955556,15.9999990463,6994.24,27.4277,6.71672e-06
1259,0.955556,15.9999990463,6994.23,26.3289,6.66562e-06
1260,0.955556,15.9999990463,6994.21,27.0429,6.61492e-06
1261,0.955556,15.9999990463,6994.22,28.5231,6.5646e-06
1262,0.955556,15.9999990463,6994.21,27.7847,6.51467e-06
1263,0.955556,15.9999990463,6994.2,28.6942,6.46511e-06
1264,0.955556,15.9999990463,6994.19,26.8565,6.41594e-06
1265,0.955556,15.9999990463,6994.18,28.6942,6.36713e-06
1266,0.955556,15.9999990463,6994.17,27.0429,6.31869e-06
1267,0.955556,15.9999990463,6994.16,27.0429,6.27063e-06
1268,0.955556,15.9999990463,6994.16,28.6942,6.22293e-06
1269,0.955556,15.9999990463,6994.15,27.0429,6.1756e-06
1270,0.955556,15.9999990463,6994.14,28.1263,6.12862e-06
1271,0.955556,15.9999990463,6994.13,25.9942,6.08201e-06
1272,0.955556,15.9999990463,6994.13,25.594,6.03574e-06
1273,0.955556,15.9999990463,6994.12,28.1263,5.98983e-06
1274,0.955556,15.9999990463,6994.12,27.6134,5.94426e-06
1275,0.955556,15.9999990463,6994.11,27.9634,5.89905e-06
1276,0.955556,15.9999990463,6994.09,28.1257,5.85418e-06
1277,0.955556,15.9999990463,6994.09,27.0428,5.80965e-06
1278,0.955556,15.9999990463,6994.08,25.5941,5.76546e-06
1279,0.955556,15.9999990463,6994.08,25.9942,5.7216e-06
1280,0.955556,15.9999990463,6994.07,28.1263,5.67808e-06
1281,0.955556,15.9999990463,6994.06,28.1263,5.63488e-06
1282,0.952778,16.9999909401,6994.05,28.5231,5.59202e-06
1283,0.955556,15.9999990463,6994.05,29.6045,5.54949e-06
1284,0.955556,15.9999990463,6994.04,27.4259,5.50727e-06
1285,0.955556,15.9999990463,6994.03,27.1035,5.46538e-06
1286,0.955556,15.9999990463,6994.02,28.5231,5.42381e-06
1287,0.955556,15.9999990463,6994.01,27.1035,5.38255e-06
1288,0.955556,15.9999990463,6994.01,28.7367,5.34161e-06
1289,0.955556,15.9999990463,6994.0,25.9943,5.30097e-06
1290,0.955556,15.9999990463,6994.0,25.9943,5.26065e-06
1291,0.955556,15.9999990463,6993.99,26.3425,5.22064e-06
1292,0.955556,15.9999990463,6993.98,26.8802,5.18092e-06
1293,0.955556,15.9999990463,6993.98,29.4338,5.14151e-06
1294,0.955556,15.9999990463,6993.97,27.789,5.10241e-06
1295,0.955556,15.9999990463,6993.96,27.108,5.06359e-06
1296,0.955556,15.9999990463,6993.95,28.7367,5.02507e-06
1297,0.955556,15.9999990463,6993.95,29.4338,4.98685e-06
1298,0.955556,15.9999990463,6993.94,27.0428,4.94892e-06
1299,0.955556,15.9999990463,6993.93,27.108,4.91127e-06
1300,0.955556,15.9999990463,6993.93,27.6134,4.87391e-06
1301,0.955556,15.9999990463,6993.92,28.5232,4.83684e-06
1302,0.955556,15.9999990463,6993.91,27.0428,4.80005e-06
1303,0.955556,15.9999990463,6993.91,25.9943,4.76354e-06
1304,0.955556,15.9999990463,6993.9,26.408,4.7273e-06
1305,0.955556,15.9999990463,6993.89,30.0777,4.69134e-06
1306,0.955556,15.9999990463,6993.88,26.3425,4.65566e-06
1307,0.955556,15.9999990463,6993.88,27.108,4.62024e-06
1308,0.955556,15.9999990463,6993.87,28.2689,4.5851e-06
1309,0.955556,15.9999990463,6993.86,26.8565,4.55022e-06
1310,0.955556,15.9999990463,6993.86,28.5232,4.51561e-06
1311,0.955556,15.9999990463,6993.85,26.3425,4.48126e-06
1312,0.955556,15.9999990463,6993.84,27.1035,4.44717e-06
1313,0.955556,15.9999990463,6993.84,27.0428,4.41334e-06
1314,0.955556,15.9999990463,6993.83,27.4278,4.37977e-06
1315,0.955556,15.9999990463,6993.83,26.8803,4.34646e-06
1316,0.955556,15.9999990463,6993.82,26.3425,4.3134e-06
1317,0.955556,15.9999990463,6993.81,28.2689,4.28059e-06
1318,0.955556,15.9999990463,6993.81,28.5232,4.24803e-06
1319,0.955556,15.9999990463,6993.8,27.108,4.21571e-06
1320,0.955556,15.9999990463,6993.79,27.0428,4.18364e-06
1321,0.955556,15.9999990463,6993.79,28.6943,4.15182e-06
1322,0.955556,15.9999990463,6993.79,27.7891,4.12024e-06
1323,0.955556,15.9999990463,6993.79,28.5232,4.0889e-06
1324,0.955556,15.9999990463,6993.78,26.3425,4.05779e-06
1325,0.955556,15.9999990463,6993.77,29.5997,4.02693e-06
1326,0.955556,15.9999990463,6993.77,27.7891,3.99629e-06
1327,0.955556,15.9999990463,6993.76,26.3425,3.9659e-06
1328,0.955556,15.9999990463,6993.76,28.9986,3.93573e-06
0.955556,6993.76,5.6601386070251465,0.0427246,1.81192785465,0.413943590261
