58,10,0.1,2,1000, .1 
0,0.605556,142.000007629,1.51015e+06,801.899,0.0993624
1,0.622222,135.999991894,1.32995e+06,741.794,0.097474
2,0.627778,134.000008106,1.17091e+06,701.546,0.0956215
3,0.636111,130.99998951,1.03762e+06,640.727,0.0938042
4,0.641667,129.000005722,931187.0,585.515,0.0920214
5,0.661111,121.999998093,845615.0,535.186,0.0902725
6,0.666667,119.999992847,772061.0,518.901,0.0885569
7,0.666667,119.999992847,705595.0,502.587,0.0868738
8,0.672222,118.00000906,643915.0,489.414,0.0852228
9,0.688889,111.999993324,588375.0,461.339,0.0836031
10,0.702778,106.99999094,540236.0,427.116,0.0820142
11,0.702778,106.99999094,499691.0,416.572,0.0804555
12,0.713889,103.000001907,461688.0,400.917,0.0789264
13,0.719444,100.999996662,427440.0,388.194,0.0774264
14,0.722222,100.000004768,395923.0,376.071,0.0759549
15,0.722222,100.000004768,366696.0,373.88,0.0745113
16,0.722222,100.000004768,338652.0,357.223,0.0730952
17,0.730556,97.0000076294,313958.0,341.791,0.071706
18,0.730556,97.0000076294,291793.0,335.284,0.0703432
19,0.738889,94.0000104904,272743.0,312.939,0.0690063
20,0.741667,92.999997139,255636.0,306.856,0.0676948
21,0.75,90.0,239857.0,297.372,0.0664083
22,0.755556,87.9999947548,225601.0,283.708,0.0651462
23,0.758333,87.000002861,211899.0,281.535,0.063908
24,0.763889,84.9999976158,198843.0,271.932,0.0626935
25,0.763889,84.9999976158,186029.0,273.443,0.061502
26,0.772222,82.0000004768,173873.0,264.96,0.0603331
27,0.786111,76.9999980927,162348.0,255.02,0.0591864
28,0.797222,73.0000090599,152378.0,242.733,0.0580616
29,0.808333,68.9999985695,143864.0,230.342,0.0569581
30,0.819444,65.0000095367,136591.0,208.708,0.0558756
31,0.822222,63.9999961853,130221.0,204.553,0.0548137
32,0.833333,60.0000071526,124744.0,191.917,0.0537719
33,0.830556,60.9999990463,119646.0,191.092,0.05275
34,0.836111,58.9999938011,114682.0,192.284,0.0517474
35,0.836111,58.9999938011,109952.0,190.497,0.050764
36,0.847222,55.0000047684,105638.0,178.582,0.0497992
37,0.85,53.9999914169,101686.0,176.678,0.0488527
38,0.852778,52.9999995232,97767.5,176.594,0.0479243
39,0.855556,52.0000076294,93926.8,174.126,0.0470135
40,0.858333,50.999994278,90242.0,172.688,0.04612
41,0.861111,50.0000023842,86685.3,168.874,0.0452434
42,0.869444,47.0000052452,83247.6,170.119,0.0443836
43,0.869444,47.0000052452,80121.4,163.805,0.04354
44,0.875,45.0,77065.1,161.36,0.0427126
45,0.872222,45.9999918938,74183.5,154.748,0.0419008
46,0.877778,44.0000081062,71638.3,153.088,0.0411045
47,0.875,45.0,69177.1,153.212,0.0403233
48,0.877778,44.0000081062,66783.3,154.807,0.0395569
49,0.880556,42.9999947548,64410.6,154.398,0.0388051
50,0.880556,42.9999947548,62124.4,153.727,0.0380676
51,0.886111,40.9999895096,59897.9,148.652,0.0373441
52,0.886111,40.9999895096,57721.7,149.166,0.0366344
53,0.888889,39.9999976158,55628.8,145.745,0.0359381
54,0.888889,39.9999976158,53639.5,146.303,0.0352551
55,0.888889,39.9999976158,51671.7,146.863,0.0345851
56,0.891667,39.000005722,49723.4,138.536,0.0339278
57,0.894444,37.9999923706,48059.4,139.2,0.033283
58,0.886111,40.9999895096,46414.6,139.506,0.0326504
59,0.894444,37.9999923706,44835.1,136.832,0.0320299
60,0.897222,37.0000004768,43297.4,137.076,0.0314212
61,0.897222,37.0000004768,41775.8,137.59,0.030824
62,0.902778,34.9999952316,40333.0,131.563,0.0302382
63,0.902778,34.9999952316,38949.4,132.047,0.0296635
64,0.905556,34.0000033379,37592.9,128.589,0.0290997
65,0.911111,31.9999980927,36379.7,122.713,0.0285467
66,0.919444,29.0000009537,35296.0,111.105,0.0280041
67,0.919444,29.0000009537,34431.5,111.219,0.0274719
68,0.922222,28.0000090599,33587.6,112.131,0.0269498
69,0.919444,29.0000009537,32751.4,111.448,0.0264376
70,0.919444,29.0000009537,31929.7,111.565,0.0259352
71,0.922222,28.0000090599,31125.3,111.01,0.0254423
72,0.922222,28.0000090599,30351.8,111.122,0.0249587
73,0.922222,28.0000090599,29587.1,111.234,0.0244844
74,0.922222,28.0000090599,28835.2,111.346,0.024019
75,0.922222,28.0000090599,28096.0,111.458,0.0235625
76,0.922222,28.0000090599,27369.3,111.57,0.0231147
77,0.927778,26.0000038147,26767.4,89.3867,0.0226754
78,0.927778,26.0000038147,26253.5,89.4677,0.0222445
79,0.927778,26.0000038147,25748.3,89.5494,0.0218217
80,0.930556,24.9999904633,25252.6,90.0036,0.021407
81,0.927778,26.0000038147,24764.1,89.7114,0.0210001
82,0.933333,23.9999985695,24291.0,86.3831,0.020601
83,0.933333,23.9999985695,23869.0,83.5764,0.0202095
84,0.933333,23.9999985695,23483.8,83.6051,0.0198254
85,0.933333,23.9999985695,23100.1,83.6225,0.0194486
86,0.933333,23.9999985695,22722.2,83.6457,0.019079
87,0.936111,23.0000066757,22366.2,77.8512,0.0187164
88,0.936111,23.0000066757,22033.5,77.8767,0.0183607
89,0.936111,23.0000066757,21700.0,77.8934,0.0180117
90,0.936111,23.0000066757,21372.8,77.9104,0.0176694
91,0.936111,23.0000066757,21051.7,77.9276,0.0173336
92,0.936111,23.0000066757,20742.9,77.9534,0.0170042
93,0.936111,23.0000066757,20433.7,77.971,0.016681
94,0.936111,23.0000066757,20130.2,77.9888,0.016364
95,0.936111,23.0000066757,19829.4,78.0074,0.016053
96,0.938889,21.9999933243,19547.4,72.984,0.0157479
97,0.938889,21.9999933243,19296.7,72.9784,0.0154486
98,0.941667,21.0000014305,19051.7,73.6705,0.015155
99,0.938889,21.9999933243,18808.7,72.9696,0.014867
100,0.938889,21.9999933243,18576.3,72.9739,0.0145844
101,0.938889,21.9999933243,18344.4,72.9697,0.0143072
102,0.941667,21.0000014305,18118.2,73.6735,0.0140353
103,0.941667,21.0000014305,17892.9,73.6736,0.0137686
104,0.938889,21.9999933243,17673.0,72.9622,0.0135069
105,0.944444,20.0000095367,17486.3,67.3525,0.0132502
106,0.944444,20.0000095367,17312.6,67.3426,0.0129984
107,0.944444,20.0000095367,17138.0,67.3264,0.0127513
108,0.944444,20.0000095367,16966.8,67.3107,0.012509
109,0.944444,20.0000095367,16799.1,67.2955,0.0122713
110,0.944444,20.0000095367,16634.6,67.2808,0.012038
111,0.944444,20.0000095367,16477.1,67.2727,0.0118092
112,0.944444,20.0000095367,16319.0,67.2589,0.0115848
113,0.944444,20.0000095367,16164.0,67.2455,0.0113646
114,0.944444,20.0000095367,16012.0,67.2326,0.0111486
115,0.947222,18.9999961853,15865.5,64.7937,0.0109368
116,0.947222,18.9999961853,15725.7,64.7903,0.0107289
117,0.947222,18.9999961853,15586.7,64.781,0.010525
118,0.947222,18.9999961853,15450.3,64.772,0.010325
119,0.947222,18.9999961853,15316.6,64.7634,0.0101287
120,0.947222,18.9999961853,15185.6,64.7551,0.00993624
121,0.947222,18.9999961853,15057.0,64.747,0.0097474
122,0.947222,18.9999961853,14932.7,64.7448,0.00956215
123,0.947222,18.9999961853,14809.0,64.7373,0.00938042
124,0.947222,18.9999961853,14687.8,64.73,0.00920214
125,0.947222,18.9999961853,14569.0,64.7231,0.00902725
126,0.944444,20.0000095367,14452.5,64.9871,0.00885569
127,0.944444,20.0000095367,14338.6,64.9835,0.00868738
128,0.944444,20.0000095367,14225.9,64.9782,0.00852228
129,0.944444,20.0000095367,14116.3,64.9749,0.00836031
130,0.944444,20.0000095367,14010.9,64.9762,0.00820142
131,0.947222,18.9999961853,13904.1,64.6914,0.00804555
132,0.947222,18.9999961853,13807.4,57.6949,0.00789264
133,0.947222,18.9999961853,13715.3,57.6831,0.00774264
134,0.95,18.0000042915,13633.4,49.1778,0.00759549
135,0.952778,16.9999909401,13571.8,47.2911,0.00745113
136,0.952778,16.9999909401,13512.2,47.2851,0.00730952
137,0.952778,16.9999909401,13453.7,47.2793,0.0071706
138,0.952778,16.9999909401,13396.4,47.2736,0.00703432
139,0.952778,16.9999909401,13340.1,47.268,0.00690063
140,0.952778,16.9999909401,13285.0,47.2627,0.00676948
141,0.952778,16.9999909401,13230.9,47.2574,0.00664083
142,0.952778,16.9999909401,13177.8,47.2523,0.00651462
143,0.952778,16.9999909401,13125.8,47.2473,0.00639081
144,0.952778,16.9999909401,13074.7,47.2424,0.00626935
145,0.952778,16.9999909401,13024.7,47.2377,0.0061502
146,0.952778,16.9999909401,12975.6,47.2331,0.00603331
147,0.952778,16.9999909401,12927.4,47.2286,0.00591865
148,0.952778,16.9999909401,12880.2,47.2242,0.00580616
149,0.952778,16.9999909401,12833.8,47.2199,0.00569581
150,0.952778,16.9999909401,12788.3,47.215,0.00558756
151,0.952778,16.9999909401,12743.7,47.2109,0.00548137
152,0.952778,16.9999909401,12700.0,47.207,0.00537719
153,0.952778,16.9999909401,12657.1,47.2031,0.005275
154,0.952778,16.9999909401,12615.1,47.1994,0.00517474
155,0.952778,16.9999909401,12573.8,47.1957,0.0050764
156,0.952778,16.9999909401,12533.3,47.1921,0.00497992
157,0.952778,16.9999909401,12493.7,47.1886,0.00488527
158,0.952778,16.9999909401,12454.7,47.1852,0.00479243
159,0.955556,15.9999990463,12420.2,41.9402,0.00470135
160,0.955556,15.9999990463,12390.6,41.9376,0.004612
161,0.955556,15.9999990463,12361.6,41.9351,0.00452434
162,0.955556,15.9999990463,12333.1,41.9327,0.00443836
163,0.955556,15.9999990463,12305.2,41.9303,0.004354
164,0.955556,15.9999990463,12277.8,41.928,0.00427126
165,0.955556,15.9999990463,12250.9,41.9257,0.00419008
166,0.955556,15.9999990463,12224.6,41.9235,0.00411045
167,0.955556,15.9999990463,12198.7,41.9213,0.00403232
168,0.955556,15.9999990463,12173.3,41.9192,0.00395569
169,0.955556,15.9999990463,12148.5,41.9172,0.00388051
170,0.955556,15.9999990463,12124.1,41.9152,0.00380676
171,0.955556,15.9999990463,12100.1,41.9132,0.00373441
172,0.955556,15.9999990463,12076.7,41.9113,0.00366344
173,0.955556,15.9999990463,12053.6,41.9094,0.00359381
174,0.955556,15.9999990463,12031.0,41.9076,0.00352551
175,0.955556,15.9999990463,12008.9,41.9058,0.00345851
176,0.955556,15.9999990463,11987.1,41.904,0.00339278
177,0.955556,15.9999990463,11965.8,41.9023,0.0033283
178,0.955556,15.9999990463,11944.9,41.9007,0.00326504
179,0.955556,15.9999990463,11924.4,41.8991,0.00320299
180,0.955556,15.9999990463,11904.3,41.8975,0.00314212
181,0.955556,15.9999990463,11884.5,41.8959,0.0030824
182,0.958333,15.0000071526,11869.5,35.5783,0.00302382
183,0.958333,15.0000071526,11856.2,35.579,0.00296635
184,0.958333,15.0000071526,11843.2,35.5797,0.00290997
185,0.958333,15.0000071526,11830.5,35.5804,0.00285467
186,0.958333,15.0000071526,11818.0,35.5811,0.00280041
187,0.958333,15.0000071526,11806.0,35.5805,0.00274719
188,0.958333,15.0000071526,11794.0,35.5812,0.00269498
189,0.958333,15.0000071526,11782.2,35.5819,0.00264376
190,0.958333,15.0000071526,11770.6,35.5825,0.00259352
191,0.958333,15.0000071526,11759.2,35.5831,0.00254423
192,0.958333,15.0000071526,11748.4,35.5827,0.00249587
193,0.958333,15.0000071526,11737.4,35.5833,0.00244844
194,0.958333,15.0000071526,11726.7,35.5839,0.0024019
195,0.958333,15.0000071526,11716.2,35.5845,0.00235625
196,0.958333,15.0000071526,11705.8,35.5851,0.00231147
197,0.958333,15.0000071526,11696.0,35.5847,0.00226754
198,0.958333,15.0000071526,11686.0,35.5853,0.00222445
199,0.958333,15.0000071526,11676.3,35.5859,0.00218217
200,0.958333,15.0000071526,11666.7,35.5864,0.0021407
201,0.958333,15.0000071526,11657.3,35.587,0.00210001
202,0.958333,15.0000071526,11648.4,35.5866,0.0020601
203,0.958333,15.0000071526,11639.3,35.5872,0.00202095
204,0.958333,15.0000071526,11630.5,35.5877,0.00198254
205,0.958333,15.0000071526,11621.8,35.5882,0.00194486
206,0.955556,15.9999990463,11613.3,38.4458,0.0019079
207,0.958333,15.0000071526,11605.1,35.5884,0.00187164
208,0.958333,15.0000071526,11596.9,35.5889,0.00183607
209,0.958333,15.0000071526,11588.9,35.5894,0.00180117
210,0.958333,15.0000071526,11581.0,35.5899,0.00176694
211,0.958333,15.0000071526,11573.4,35.5896,0.00173336
212,0.958333,15.0000071526,11565.8,35.5901,0.00170042
213,0.958333,15.0000071526,11558.4,35.5906,0.0016681
214,0.958333,15.0000071526,11551.0,35.591,0.0016364
215,0.958333,15.0000071526,11543.9,35.5915,0.0016053
216,0.958333,15.0000071526,11537.0,35.5912,0.00157479
217,0.958333,15.0000071526,11530.1,35.5917,0.00154486
218,0.958333,15.0000071526,11523.3,35.5921,0.0015155
219,0.958333,15.0000071526,11516.7,35.5925,0.0014867
220,0.958333,15.0000071526,11510.2,35.5929,0.00145844
221,0.958333,15.0000071526,11503.9,35.5927,0.00143072
222,0.958333,15.0000071526,11497.7,35.5931,0.00140353
223,0.958333,15.0000071526,11491.5,35.5935,0.00137686
224,0.958333,15.0000071526,11485.5,35.5939,0.00135069
225,0.955556,15.9999990463,11479.6,38.441,0.00132502
226,0.958333,15.0000071526,11473.9,35.5941,0.00129984
227,0.958333,15.0000071526,11468.2,35.5945,0.00127513
228,0.958333,15.0000071526,11462.6,35.5948,0.0012509
229,0.958333,15.0000071526,11457.1,35.5952,0.00122713
230,0.955556,15.9999990463,11451.8,38.4401,0.0012038
231,0.958333,15.0000071526,11446.6,35.5954,0.00118092
232,0.958333,15.0000071526,11441.4,35.5957,0.00115848
233,0.958333,15.0000071526,11436.3,35.596,0.00113646
234,0.958333,15.0000071526,11431.3,35.5964,0.00111486
235,0.958333,15.0000071526,11426.6,35.5962,0.00109368
236,0.958333,15.0000071526,11421.8,35.5965,0.00107289
237,0.958333,15.0000071526,11417.1,35.5969,0.0010525
238,0.958333,15.0000071526,11412.4,35.5972,0.0010325
239,0.958333,15.0000071526,11407.9,35.5975,0.00101287
240,0.958333,15.0000071526,11403.6,35.5973,0.000993624
241,0.958333,15.0000071526,11399.2,35.5976,0.00097474
242,0.958333,15.0000071526,11394.9,35.5979,0.000956215
243,0.958333,15.0000071526,11390.7,35.5982,0.000938042
244,0.955556,15.9999990463,11386.7,38.438,0.000920214
245,0.958333,15.0000071526,11382.7,35.5984,0.000902725
246,0.958333,15.0000071526,11378.7,35.5986,0.000885569
247,0.958333,15.0000071526,11374.9,35.5989,0.000868738
248,0.958333,15.0000071526,11371.0,35.5992,0.000852228
249,0.958333,15.0000071526,11367.4,35.599,0.000836031
250,0.958333,15.0000071526,11363.7,35.5993,0.000820142
251,0.958333,15.0000071526,11360.1,35.5995,0.000804555
252,0.958333,15.0000071526,11356.6,35.5998,0.000789264
253,0.958333,15.0000071526,11353.1,35.6,0.000774264
254,0.958333,15.0000071526,11349.8,35.5999,0.000759549
255,0.958333,15.0000071526,11346.5,35.6002,0.000745113
256,0.958333,15.0000071526,11343.2,35.6004,0.000730952
257,0.958333,15.0000071526,11340.0,35.6006,0.00071706
258,0.958333,15.0000071526,11336.9,35.6008,0.000703432
259,0.958333,15.0000071526,11333.9,35.6007,0.000690063
260,0.958333,15.0000071526,11330.8,35.6009,0.000676948
261,0.958333,15.0000071526,11327.9,35.6011,0.000664083
262,0.958333,15.0000071526,11325.0,35.6013,0.000651462
263,0.955556,15.9999990463,11322.1,38.436,0.000639081
264,0.958333,15.0000071526,11319.4,35.6015,0.000626934
265,0.958333,15.0000071526,11316.6,35.6017,0.00061502
266,0.958333,15.0000071526,11313.9,35.6018,0.000603331
267,0.958333,15.0000071526,11311.3,35.602,0.000591865
268,0.958333,15.0000071526,11308.7,35.602,0.000580616
269,0.958333,15.0000071526,11306.2,35.6021,0.000569581
270,0.958333,15.0000071526,11303.7,35.6023,0.000558756
271,0.958333,15.0000071526,11301.2,35.6025,0.000548137
272,0.958333,15.0000071526,11298.8,35.6027,0.000537719
273,0.958333,15.0000071526,11296.5,35.6026,0.0005275
274,0.958333,15.0000071526,11294.2,35.6027,0.000517474
275,0.958333,15.0000071526,11292.0,35.6029,0.00050764
276,0.958333,15.0000071526,11289.7,35.6031,0.000497992
277,0.955556,15.9999990463,11287.5,38.435,0.000488527
278,0.958333,15.0000071526,11285.5,35.6032,0.000479243
279,0.958333,15.0000071526,11283.3,35.6033,0.000470135
280,0.958333,15.0000071526,11281.3,35.6035,0.0004612
281,0.958333,15.0000071526,11279.3,35.6036,0.000452434
282,0.955556,15.9999990463,11277.3,38.4347,0.000443836
283,0.958333,15.0000071526,11275.4,35.6037,0.0004354
284,0.958333,15.0000071526,11273.5,35.6038,0.000427126
285,0.958333,15.0000071526,11271.6,35.604,0.000419008
286,0.958333,15.0000071526,11269.8,35.6041,0.000411045
287,0.958333,15.0000071526,11268.0,35.604,0.000403232
288,0.958333,15.0000071526,11266.2,35.6042,0.000395569
289,0.958333,15.0000071526,11264.5,35.6043,0.000388051
290,0.958333,15.0000071526,11262.8,35.6044,0.000380676
291,0.958333,15.0000071526,11261.1,35.6045,0.000373441
292,0.958333,15.0000071526,11259.5,35.6045,0.000366344
293,0.958333,15.0000071526,11257.9,35.6046,0.000359381
294,0.958333,15.0000071526,11256.3,35.6047,0.000352551
295,0.958333,15.0000071526,11254.8,35.6048,0.000345851
296,0.955556,15.9999990463,11253.3,38.434,0.000339278
297,0.958333,15.0000071526,11251.8,35.6049,0.00033283
298,0.958333,15.0000071526,11250.4,35.605,0.000326504
299,0.958333,15.0000071526,11248.9,35.6051,0.000320299
300,0.958333,15.0000071526,11247.5,35.6052,0.000314212
301,0.958333,15.0000071526,11246.2,35.6052,0.00030824
302,0.958333,15.0000071526,11244.8,35.6053,0.000302382
303,0.958333,15.0000071526,11243.5,35.6054,0.000296635
304,0.958333,15.0000071526,11242.2,35.6055,0.000290997
305,0.958333,15.0000071526,11240.9,35.6056,0.000285467
306,0.958333,15.0000071526,11239.7,35.6055,0.000280041
307,0.958333,15.0000071526,11238.5,35.6056,0.000274719
308,0.958333,15.0000071526,11237.3,35.6057,0.000269498
309,0.958333,15.0000071526,11236.1,35.6058,0.000264376
310,0.955556,15.9999990463,11234.9,38.4335,0.000259352
311,0.958333,15.0000071526,11233.8,35.6058,0.000254423
312,0.958333,15.0000071526,11232.7,35.6059,0.000249587
313,0.958333,15.0000071526,11231.6,35.606,0.000244844
314,0.958333,15.0000071526,11230.5,35.6061,0.00024019
315,0.958333,15.0000071526,11229.5,35.6061,0.000235625
316,0.958333,15.0000071526,11228.5,35.6061,0.000231147
317,0.958333,15.0000071526,11227.4,35.6062,0.000226754
318,0.958333,15.0000071526,11226.5,35.6063,0.000222445
319,0.958333,15.0000071526,11225.5,35.6063,0.000218217
320,0.958333,15.0000071526,11224.5,35.6063,0.00021407
321,0.958333,15.0000071526,11223.6,35.6064,0.000210001
322,0.958333,15.0000071526,11222.7,35.6065,0.00020601
323,0.958333,15.0000071526,11221.8,35.6065,0.000202095
324,0.958333,15.0000071526,11220.9,35.6066,0.000198254
325,0.958333,15.0000071526,11220.0,35.6066,0.000194486
326,0.958333,15.0000071526,11219.2,35.6066,0.00019079
327,0.958333,15.0000071526,11218.4,35.6067,0.000187164
328,0.958333,15.0000071526,11217.5,35.6067,0.000183607
329,0.955556,15.9999990463,11216.7,38.433,0.000180117
330,0.958333,15.0000071526,11216.0,35.6068,0.000176694
331,0.958333,15.0000071526,11215.2,35.6068,0.000173336
332,0.958333,15.0000071526,11214.4,35.6069,0.000170042
333,0.958333,15.0000071526,11213.7,35.607,0.00016681
334,0.958333,15.0000071526,11213.0,35.6069,0.00016364
335,0.958333,15.0000071526,11212.2,35.607,0.00016053
336,0.958333,15.0000071526,11211.5,35.607,0.000157479
337,0.958333,15.0000071526,11210.8,35.6071,0.000154486
338,0.958333,15.0000071526,11210.2,35.6071,0.00015155
339,0.958333,15.0000071526,11209.5,35.6071,0.00014867
340,0.958333,15.0000071526,11208.9,35.6072,0.000145844
341,0.958333,15.0000071526,11208.2,35.6072,0.000143072
342,0.958333,15.0000071526,11207.6,35.6073,0.000140353
343,0.955556,15.9999990463,11207.0,38.4328,0.000137686
344,0.958333,15.0000071526,11206.4,35.6073,0.000135069
345,0.958333,15.0000071526,11205.8,35.6073,0.000132502
346,0.958333,15.0000071526,11205.2,35.6074,0.000129984
347,0.958333,15.0000071526,11204.6,35.6074,0.000127513
348,0.958333,15.0000071526,11204.1,35.6074,0.00012509
349,0.958333,15.0000071526,11203.5,35.6074,0.000122713
350,0.958333,15.0000071526,11203.0,35.6075,0.00012038
351,0.958333,15.0000071526,11202.5,35.6075,0.000118092
352,0.958333,15.0000071526,11202.0,35.6076,0.000115848
353,0.958333,15.0000071526,11201.5,35.6076,0.000113646
354,0.958333,15.0000071526,11201.0,35.6076,0.000111486
355,0.958333,15.0000071526,11200.5,35.6076,0.000109368
356,0.958333,15.0000071526,11200.0,35.6077,0.000107289
357,0.958333,15.0000071526,11199.5,38.4325,0.00010525
358,0.958333,15.0000071526,11199.1,35.6077,0.00010325
359,0.958333,15.0000071526,11198.6,35.6077,0.000101287
360,0.958333,15.0000071526,11198.2,35.6077,9.93624e-05
361,0.958333,15.0000071526,11197.7,35.6078,9.7474e-05
362,0.955556,15.9999990463,11197.3,38.4325,9.56215e-05
363,0.958333,15.0000071526,11196.9,35.6078,9.38042e-05
364,0.958333,15.0000071526,11196.5,35.6078,9.20214e-05
365,0.958333,15.0000071526,11196.1,35.6079,9.02725e-05
366,0.958333,15.0000071526,11195.7,35.6079,8.85569e-05
367,0.958333,15.0000071526,11195.3,35.6079,8.68738e-05
368,0.958333,15.0000071526,11194.9,35.6079,8.52228e-05
369,0.958333,15.0000071526,11194.5,35.6079,8.36031e-05
370,0.958333,15.0000071526,11194.2,35.608,8.20142e-05
371,0.958333,15.0000071526,11193.8,35.608,8.04555e-05
372,0.958333,15.0000071526,11193.5,35.608,7.89264e-05
373,0.958333,15.0000071526,11193.1,35.608,7.74264e-05
374,0.958333,15.0000071526,11192.8,35.608,7.59549e-05
375,0.958333,15.0000071526,11192.5,35.6081,7.45113e-05
376,0.958333,15.0000071526,11192.1,38.4324,7.30952e-05
377,0.958333,15.0000071526,11191.8,35.6081,7.1706e-05
378,0.958333,15.0000071526,11191.5,35.6081,7.03432e-05
379,0.958333,15.0000071526,11191.2,35.6081,6.90063e-05
380,0.958333,15.0000071526,11190.9,35.6081,6.76948e-05
381,0.958333,15.0000071526,11190.6,38.4323,6.64083e-05
382,0.958333,15.0000071526,11190.3,35.6081,6.51462e-05
383,0.958333,15.0000071526,11190.0,35.6082,6.39081e-05
384,0.958333,15.0000071526,11189.8,35.6082,6.26934e-05
385,0.958333,15.0000071526,11189.5,35.6082,6.1502e-05
386,0.955556,15.9999990463,11189.2,38.4323,6.03331e-05
387,0.958333,15.0000071526,11189.0,35.6082,5.91865e-05
388,0.958333,15.0000071526,11188.7,35.6082,5.80616e-05
389,0.958333,15.0000071526,11188.4,35.6083,5.69581e-05
390,0.958333,15.0000071526,11188.2,35.6083,5.58756e-05
391,0.958333,15.0000071526,11187.9,35.6083,5.48137e-05
392,0.958333,15.0000071526,11187.7,35.6083,5.37719e-05
393,0.958333,15.0000071526,11187.5,35.6083,5.275e-05
394,0.958333,15.0000071526,11187.2,35.6083,5.17474e-05
395,0.958333,15.0000071526,11187.0,35.6083,5.0764e-05
396,0.958333,15.0000071526,11186.8,35.6083,4.97992e-05
397,0.958333,15.0000071526,11186.6,35.6084,4.88527e-05
398,0.958333,15.0000071526,11186.4,35.6084,4.79243e-05
399,0.958333,15.0000071526,11186.1,35.6084,4.70135e-05
400,0.958333,15.0000071526,11185.9,35.6084,4.612e-05
401,0.958333,15.0000071526,11185.7,35.6084,4.52434e-05
402,0.958333,15.0000071526,11185.5,35.6084,4.43836e-05
403,0.958333,15.0000071526,11185.3,35.6084,4.354e-05
404,0.958333,15.0000071526,11185.2,35.6084,4.27126e-05
405,0.958333,15.0000071526,11185.0,35.6084,4.19008e-05
406,0.958333,15.0000071526,11184.8,35.6085,4.11045e-05
407,0.958333,15.0000071526,11184.6,35.6085,4.03233e-05
408,0.958333,15.0000071526,11184.4,35.6085,3.95569e-05
409,0.958333,15.0000071526,11184.3,35.6085,3.88051e-05
410,0.958333,15.0000071526,11184.1,35.6085,3.80676e-05
411,0.958333,15.0000071526,11183.9,35.6085,3.73441e-05
412,0.958333,15.0000071526,11183.8,35.6085,3.66344e-05
413,0.958333,15.0000071526,11183.6,35.6085,3.59381e-05
414,0.958333,15.0000071526,11183.4,35.6085,3.52551e-05
415,0.958333,15.0000071526,11183.3,35.6085,3.45851e-05
416,0.958333,15.0000071526,11183.1,35.6086,3.39278e-05
417,0.958333,15.0000071526,11183.0,35.6086,3.3283e-05
418,0.955556,15.9999990463,11182.9,38.4321,3.26504e-05
419,0.958333,15.0000071526,11182.7,35.6086,3.20299e-05
420,0.958333,15.0000071526,11182.6,35.6086,3.14212e-05
421,0.958333,15.0000071526,11182.4,35.6086,3.0824e-05
422,0.958333,15.0000071526,11182.3,38.4321,3.02382e-05
423,0.958333,15.0000071526,11182.2,35.6086,2.96635e-05
424,0.958333,15.0000071526,11182.0,35.6086,2.90997e-05
425,0.958333,15.0000071526,11181.9,35.6086,2.85467e-05
426,0.958333,15.0000071526,11181.8,35.6086,2.80041e-05
427,0.958333,15.0000071526,11181.7,35.6086,2.74719e-05
428,0.958333,15.0000071526,11181.5,35.6086,2.69498e-05
429,0.958333,15.0000071526,11181.4,35.6087,2.64376e-05
430,0.958333,15.0000071526,11181.3,35.6087,2.59352e-05
431,0.958333,15.0000071526,11181.2,38.4321,2.54422e-05
432,0.958333,15.0000071526,11181.1,35.6087,2.49587e-05
433,0.958333,15.0000071526,11181.0,35.6087,2.44844e-05
434,0.958333,15.0000071526,11180.9,35.6087,2.4019e-05
435,0.958333,15.0000071526,11180.8,35.6087,2.35625e-05
436,0.958333,15.0000071526,11180.7,35.6087,2.31147e-05
437,0.958333,15.0000071526,11180.5,35.6087,2.26754e-05
438,0.958333,15.0000071526,11180.5,35.6087,2.22445e-05
439,0.958333,15.0000071526,11180.4,35.6087,2.18217e-05
440,0.958333,15.0000071526,11180.3,35.6087,2.1407e-05
441,0.958333,15.0000071526,11180.2,35.6087,2.10001e-05
442,0.958333,15.0000071526,11180.1,35.6087,2.0601e-05
443,0.958333,15.0000071526,11180.0,35.6087,2.02095e-05
444,0.958333,15.0000071526,11179.9,35.6088,1.98254e-05
445,0.958333,15.0000071526,11179.8,35.6088,1.94486e-05
446,0.958333,15.0000071526,11179.7,35.6088,1.9079e-05
447,0.958333,15.0000071526,11179.6,35.6088,1.87164e-05
448,0.958333,15.0000071526,11179.6,35.6088,1.83607e-05
449,0.958333,15.0000071526,11179.5,35.6088,1.80117e-05
450,0.958333,15.0000071526,11179.4,35.6088,1.76694e-05
451,0.958333,15.0000071526,11179.3,35.6088,1.73336e-05
452,0.958333,15.0000071526,11179.3,35.6088,1.70042e-05
453,0.958333,15.0000071526,11179.2,35.6088,1.6681e-05
454,0.958333,15.0000071526,11179.1,35.6088,1.6364e-05
455,0.958333,15.0000071526,11179.0,35.6088,1.6053e-05
456,0.958333,15.0000071526,11179.0,35.6088,1.57479e-05
457,0.958333,15.0000071526,11178.9,35.6088,1.54486e-05
458,0.958333,15.0000071526,11178.8,38.432,1.5155e-05
459,0.958333,15.0000071526,11178.8,35.6088,1.4867e-05
460,0.958333,15.0000071526,11178.7,35.6088,1.45844e-05
461,0.958333,15.0000071526,11178.6,35.6088,1.43072e-05
462,0.958333,15.0000071526,11178.6,35.6088,1.40353e-05
463,0.958333,15.0000071526,11178.5,35.6088,1.37686e-05
464,0.958333,15.0000071526,11178.4,35.6088,1.35069e-05
465,0.958333,15.0000071526,11178.4,35.6088,1.32502e-05
466,0.958333,15.0000071526,11178.3,35.6088,1.29984e-05
467,0.958333,15.0000071526,11178.3,35.6088,1.27513e-05
468,0.958333,15.0000071526,11178.2,35.6088,1.2509e-05
469,0.958333,15.0000071526,11178.2,35.6089,1.22713e-05
470,0.958333,15.0000071526,11178.1,35.6089,1.2038e-05
471,0.958333,15.0000071526,11178.1,35.6089,1.18092e-05
472,0.958333,15.0000071526,11178.0,35.6089,1.15848e-05
473,0.958333,15.0000071526,11178.0,35.6089,1.13646e-05
474,0.958333,15.0000071526,11177.9,35.6089,1.11486e-05
475,0.958333,15.0000071526,11177.9,35.6089,1.09368e-05
476,0.958333,15.0000071526,11177.8,35.6089,1.07289e-05
477,0.958333,15.0000071526,11177.8,35.6089,1.0525e-05
478,0.958333,15.0000071526,11177.7,35.6089,1.0325e-05
479,0.958333,15.0000071526,11177.7,35.6089,1.01287e-05
480,0.958333,15.0000071526,11177.6,35.6089,9.93625e-06
481,0.958333,15.0000071526,11177.6,35.6089,9.7474e-06
482,0.958333,15.0000071526,11177.5,35.6089,9.56215e-06
483,0.958333,15.0000071526,11177.5,35.6089,9.38042e-06
484,0.958333,15.0000071526,11177.5,35.6089,9.20215e-06
485,0.958333,15.0000071526,11177.4,35.6089,9.02725e-06
486,0.958333,15.0000071526,11177.4,35.6089,8.85569e-06
487,0.958333,15.0000071526,11177.3,35.6089,8.68738e-06
488,0.958333,15.0000071526,11177.3,35.6089,8.52227e-06
489,0.958333,15.0000071526,11177.3,35.6089,8.36031e-06
490,0.958333,15.0000071526,11177.2,35.6089,8.20142e-06
491,0.958333,15.0000071526,11177.2,35.6089,8.04555e-06
492,0.958333,15.0000071526,11177.2,35.6089,7.89264e-06
493,0.958333,15.0000071526,11177.1,35.6089,7.74264e-06
494,0.958333,15.0000071526,11177.1,35.6089,7.59549e-06
495,0.958333,15.0000071526,11177.1,35.6089,7.45113e-06
496,0.958333,15.0000071526,11177.0,35.6089,7.30952e-06
497,0.958333,15.0000071526,11177.0,35.6089,7.1706e-06
498,0.958333,15.0000071526,11177.0,35.6089,7.03432e-06
499,0.958333,15.0000071526,11176.9,35.6089,6.90064e-06
500,0.958333,15.0000071526,11176.9,35.6089,6.76948e-06
501,0.958333,15.0000071526,11176.9,35.6089,6.64083e-06
502,0.958333,15.0000071526,11176.8,38.432,6.51462e-06
503,0.958333,15.0000071526,11176.8,35.6089,6.3908e-06
504,0.958333,15.0000071526,11176.8,35.6089,6.26934e-06
505,0.958333,15.0000071526,11176.7,35.609,6.1502e-06
506,0.958333,15.0000071526,11176.7,35.609,6.03331e-06
507,0.958333,15.0000071526,11176.7,35.609,5.91864e-06
508,0.958333,15.0000071526,11176.7,35.609,5.80616e-06
509,0.958333,15.0000071526,11176.6,35.609,5.69581e-06
510,0.958333,15.0000071526,11176.6,35.609,5.58756e-06
511,0.958333,15.0000071526,11176.6,35.609,5.48137e-06
512,0.958333,15.0000071526,11176.6,35.609,5.37719e-06
513,0.958333,15.0000071526,11176.5,35.609,5.275e-06
514,0.958333,15.0000071526,11176.5,35.609,5.17475e-06
515,0.958333,15.0000071526,11176.5,38.432,5.0764e-06
516,0.958333,15.0000071526,11176.5,35.609,4.97992e-06
517,0.958333,15.0000071526,11176.4,35.609,4.88528e-06
518,0.958333,15.0000071526,11176.4,35.609,4.79243e-06
519,0.958333,15.0000071526,11176.4,35.609,4.70135e-06
520,0.958333,15.0000071526,11176.4,35.609,4.612e-06
521,0.958333,15.0000071526,11176.4,35.609,4.52435e-06
522,0.958333,15.0000071526,11176.3,35.609,4.43836e-06
523,0.958333,15.0000071526,11176.3,35.609,4.354e-06
524,0.958333,15.0000071526,11176.3,35.609,4.27126e-06
525,0.958333,15.0000071526,11176.3,35.609,4.19008e-06
526,0.958333,15.0000071526,11176.3,35.609,4.11044e-06
527,0.958333,15.0000071526,11176.2,35.609,4.03233e-06
528,0.958333,15.0000071526,11176.2,35.609,3.95569e-06
529,0.958333,15.0000071526,11176.2,35.609,3.88051e-06
530,0.958333,15.0000071526,11176.2,35.609,3.80676e-06
531,0.958333,15.0000071526,11176.2,35.609,3.73441e-06
532,0.958333,15.0000071526,11176.2,35.609,3.66344e-06
533,0.958333,15.0000071526,11176.2,35.609,3.59381e-06
534,0.958333,15.0000071526,11176.1,35.609,3.52551e-06
535,0.958333,15.0000071526,11176.1,35.609,3.45851e-06
536,0.958333,15.0000071526,11176.1,35.609,3.39278e-06
537,0.958333,15.0000071526,11176.1,35.609,3.3283e-06
538,0.958333,15.0000071526,11176.1,35.609,3.26504e-06
539,0.958333,15.0000071526,11176.1,35.609,3.20299e-06
540,0.958333,15.0000071526,11176.1,35.609,3.14212e-06
541,0.958333,15.0000071526,11176.1,35.609,3.0824e-06
542,0.958333,15.0000071526,11176.0,35.609,3.02382e-06
543,0.958333,15.0000071526,11176.0,35.609,2.96635e-06
544,0.958333,15.0000071526,11176.0,35.609,2.90997e-06
545,0.958333,15.0000071526,11176.0,35.609,2.85467e-06
546,0.958333,15.0000071526,11176.0,35.609,2.80041e-06
547,0.958333,15.0000071526,11176.0,35.609,2.74719e-06
548,0.958333,15.0000071526,11176.0,35.609,2.69498e-06
549,0.958333,15.0000071526,11176.0,35.609,2.64376e-06
550,0.958333,15.0000071526,11175.9,35.609,2.59352e-06
551,0.958333,15.0000071526,11175.9,35.609,2.54423e-06
552,0.958333,15.0000071526,11175.9,35.609,2.49587e-06
553,0.958333,15.0000071526,11175.9,35.609,2.44844e-06
554,0.958333,15.0000071526,11175.9,35.609,2.4019e-06
555,0.958333,15.0000071526,11175.9,35.609,2.35626e-06
556,0.958333,15.0000071526,11175.9,35.609,2.31147e-06
557,0.958333,15.0000071526,11175.9,35.609,2.26754e-06
558,0.958333,15.0000071526,11175.9,35.609,2.22445e-06
559,0.958333,15.0000071526,11175.9,35.609,2.18217e-06
560,0.958333,15.0000071526,11175.9,35.609,2.1407e-06
561,0.958333,15.0000071526,11175.8,35.609,2.10001e-06
562,0.958333,15.0000071526,11175.8,35.609,2.0601e-06
563,0.958333,15.0000071526,11175.8,35.609,2.02095e-06
564,0.958333,15.0000071526,11175.8,35.609,1.98254e-06
565,0.958333,15.0000071526,11175.8,35.609,1.94486e-06
566,0.958333,15.0000071526,11175.8,35.609,1.9079e-06
567,0.958333,15.0000071526,11175.8,35.609,1.87164e-06
568,0.958333,15.0000071526,11175.8,35.609,1.83607e-06
569,0.958333,15.0000071526,11175.8,35.609,1.80117e-06
570,0.958333,15.0000071526,11175.8,35.609,1.76694e-06
571,0.958333,15.0000071526,11175.8,35.609,1.73336e-06
572,0.958333,15.0000071526,11175.8,35.609,1.70042e-06
573,0.958333,15.0000071526,11175.8,35.609,1.6681e-06
574,0.958333,15.0000071526,11175.8,35.609,1.6364e-06
575,0.958333,15.0000071526,11175.8,35.609,1.6053e-06
576,0.958333,15.0000071526,11175.8,35.609,1.57479e-06
577,0.958333,15.0000071526,11175.8,35.609,1.54486e-06
578,0.958333,15.0000071526,11175.7,35.609,1.5155e-06
579,0.958333,15.0000071526,11175.7,35.609,1.4867e-06
580,0.958333,15.0000071526,11175.7,35.609,1.45844e-06
581,0.958333,15.0000071526,11175.7,35.609,1.43072e-06
582,0.958333,15.0000071526,11175.7,35.609,1.40353e-06
583,0.958333,15.0000071526,11175.7,35.609,1.37686e-06
584,0.958333,15.0000071526,11175.7,35.609,1.35069e-06
585,0.958333,15.0000071526,11175.7,35.609,1.32502e-06
586,0.958333,15.0000071526,11175.7,35.609,1.29984e-06
587,0.958333,15.0000071526,11175.7,35.609,1.27513e-06
588,0.958333,15.0000071526,11175.7,35.609,1.2509e-06
589,0.958333,15.0000071526,11175.7,35.609,1.22713e-06
590,0.958333,15.0000071526,11175.7,35.609,1.2038e-06
591,0.958333,15.0000071526,11175.7,35.609,1.18092e-06
592,0.958333,15.0000071526,11175.7,35.609,1.15848e-06
593,0.958333,15.0000071526,11175.7,35.609,1.13646e-06
594,0.958333,15.0000071526,11175.7,35.609,1.11486e-06
595,0.958333,15.0000071526,11175.7,35.609,1.09368e-06
596,0.958333,15.0000071526,11175.7,35.609,1.07289e-06
597,0.958333,15.0000071526,11175.7,35.609,1.0525e-06
598,0.958333,15.0000071526,11175.7,35.609,1.0325e-06
599,0.958333,15.0000071526,11175.7,35.609,1.01287e-06
600,0.958333,15.0000071526,11175.7,35.609,9.93625e-07
601,0.958333,15.0000071526,11175.7,35.609,9.7474e-07
602,0.958333,15.0000071526,11175.6,35.609,9.56215e-07
603,0.958333,15.0000071526,11175.6,35.609,9.38042e-07
604,0.958333,15.0000071526,11175.6,35.609,9.20215e-07
605,0.958333,15.0000071526,11175.6,35.609,9.02725e-07
606,0.958333,15.0000071526,11175.6,35.609,8.85569e-07
607,0.958333,15.0000071526,11175.6,35.609,8.68739e-07
608,0.958333,15.0000071526,11175.6,35.609,8.52227e-07
609,0.958333,15.0000071526,11175.6,35.609,8.36031e-07
610,0.958333,15.0000071526,11175.6,35.609,8.20142e-07
611,0.958333,15.0000071526,11175.6,35.609,8.04555e-07
612,0.958333,15.0000071526,11175.6,35.609,7.89264e-07
613,0.958333,15.0000071526,11175.6,35.609,7.74264e-07
614,0.958333,15.0000071526,11175.6,35.609,7.59549e-07
615,0.958333,15.0000071526,11175.6,35.609,7.45114e-07
616,0.958333,15.0000071526,11175.6,35.609,7.30952e-07
617,0.958333,15.0000071526,11175.6,35.609,7.1706e-07
618,0.958333,15.0000071526,11175.6,35.609,7.03432e-07
619,0.958333,15.0000071526,11175.6,35.609,6.90064e-07
620,0.958333,15.0000071526,11175.6,35.609,6.76948e-07
621,0.958333,15.0000071526,11175.6,35.609,6.64083e-07
622,0.958333,15.0000071526,11175.6,35.609,6.51462e-07
623,0.958333,15.0000071526,11175.6,35.609,6.3908e-07
0.958333,11175.6,2.2354676723480225,7.25,1.6363926342,0.280360144564
