15,10,0.6,2,1000, .1 
0,0.405556,214.000003338,2.1688e+06,1104.61,0.0998582
1,0.413889,210.99999547,1.8183e+06,1009.35,0.099434
2,0.427778,206.000003815,1.52864e+06,924.739,0.0990116
3,0.436111,202.999995947,1.28648e+06,846.064,0.0985911
4,0.45,198.000004292,1.08429e+06,774.362,0.0981723
5,0.477778,187.999999523,917624.0,701.777,0.0977552
6,0.483333,186.000005007,782447.0,631.375,0.09734
7,0.486111,185.000002384,673202.0,577.68,0.0969265
8,0.502778,179.000008106,582309.0,528.019,0.0965148
9,0.519444,172.999992371,507084.0,485.264,0.0961048
10,0.541667,164.999992847,444129.0,440.12,0.0956966
11,0.541667,164.999992847,391702.0,409.812,0.0952901
12,0.547222,163.00000906,346246.0,384.635,0.0948853
13,0.566667,156.000001431,306644.0,356.641,0.0944822
14,0.575,153.000004292,272642.0,333.016,0.0940809
15,0.577778,151.99999094,242866.0,316.764,0.0936812
16,0.594444,145.999996662,216451.0,295.343,0.0932833
17,0.602778,142.999999523,193032.0,279.912,0.0928871
18,0.613889,139.00001049,172100.0,265.311,0.0924925
19,0.619444,137.000005245,153779.0,249.878,0.0920996
20,0.625,135.0,137314.0,238.678,0.0917084
21,0.633333,132.000002861,122650.0,225.144,0.0913188
22,0.647222,127.000000477,109671.0,212.652,0.0909309
23,0.655556,124.000003338,98244.3,201.271,0.0905446
24,0.663889,121.000006199,88286.0,188.761,0.09016
25,0.675,116.999995708,79258.2,181.48,0.089777
26,0.677778,116.000003815,70912.9,175.111,0.0893957
27,0.694444,110.000009537,63446.5,163.215,0.0890159
28,0.694444,110.000009537,57124.3,154.3,0.0886378
29,0.708333,105.000007153,51386.1,142.621,0.0882613
30,0.711111,103.999993801,46383.4,137.582,0.0878864
31,0.725,98.9999914169,41960.8,126.826,0.0875131
32,0.730556,97.0000076294,38182.4,119.692,0.0871413
33,0.738889,94.0000104904,34936.8,111.896,0.0867712
34,0.75,90.0,32141.4,104.386,0.0864026
35,0.761111,85.9999895096,29725.7,97.3351,0.0860355
36,0.772222,82.0000004768,27609.8,91.5739,0.0856701
37,0.788889,76.0000061989,25866.1,78.0328,0.0853062
38,0.791667,74.9999928474,24377.8,76.4427,0.0849438
39,0.797222,73.0000090599,22974.1,74.2809,0.084583
40,0.805556,69.9999904633,21817.0,64.5679,0.0842237
41,0.813889,66.9999933243,20867.7,60.7214,0.0838659
42,0.819444,65.0000095367,20033.4,58.5566,0.0835097
43,0.822222,63.9999961853,19242.7,57.5309,0.0831549
44,0.830556,60.9999990463,18526.4,54.0362,0.0828017
45,0.825,63.0000042915,17891.4,53.8584,0.08245
46,0.830556,60.9999990463,17261.8,53.8968,0.0820997
47,0.830556,60.9999990463,16646.9,53.4805,0.081751
48,0.833333,60.0000071526,16041.4,53.1608,0.0814037
49,0.833333,60.0000071526,15447.3,50.8655,0.0810579
50,0.830556,60.9999990463,14914.7,50.3055,0.0807136
51,0.85,53.9999914169,14442.5,47.264,0.0803708
52,0.855556,52.0000076294,14039.2,45.0816,0.0800294
53,0.855556,52.0000076294,13649.1,44.9701,0.0796894
54,0.861111,50.0000023842,13291.8,42.7537,0.0793509
55,0.863889,49.0000104904,12957.9,41.3722,0.0790138
56,0.863889,49.0000104904,12649.3,41.5579,0.0786782
57,0.861111,50.0000023842,12351.6,41.4676,0.078344
58,0.863889,49.0000104904,12043.4,41.7045,0.0780112
59,0.863889,49.0000104904,11749.4,41.5248,0.0776798
60,0.869444,47.0000052452,11450.7,40.312,0.0773498
61,0.866667,47.999997139,11186.7,40.4269,0.0770213
62,0.866667,47.999997139,10927.3,38.5022,0.0766941
63,0.861111,50.0000023842,10685.9,41.3064,0.0763683
64,0.863889,49.0000104904,10431.2,39.8929,0.0760439
65,0.863889,49.0000104904,10222.2,39.3209,0.0757209
66,0.872222,45.9999918938,10008.9,37.3786,0.0753992
67,0.866667,47.999997139,9811.23,38.0167,0.075079
68,0.861111,50.0000023842,9626.46,40.7777,0.07476
69,0.866667,47.999997139,9432.4,38.2391,0.0744425
70,0.863889,49.0000104904,9243.72,39.315,0.0741262
71,0.869444,47.0000052452,9041.84,40.1275,0.0738114
72,0.872222,45.9999918938,8838.56,38.0435,0.0734978
73,0.866667,47.999997139,8663.64,38.8123,0.0731856
74,0.863889,49.0000104904,8475.48,39.8061,0.0728747
75,0.863889,49.0000104904,8276.96,40.1268,0.0725652
76,0.875,45.0,8076.13,36.9321,0.0722569
77,0.872222,45.9999918938,7891.56,37.547,0.07195
78,0.875,45.0,7690.67,37.4713,0.0716444
79,0.877778,44.0000081062,7504.91,34.2521,0.07134
80,0.883333,42.000002861,7347.1,31.5766,0.071037
81,0.883333,42.000002861,7214.35,30.2652,0.0707352
82,0.891667,39.000005722,7092.73,29.689,0.0704348
83,0.883333,42.000002861,6972.02,31.5939,0.0701356
84,0.891667,39.000005722,6842.22,30.2375,0.0698377
85,0.891667,39.000005722,6715.36,30.5215,0.069541
86,0.886111,40.9999895096,6592.59,32.0319,0.0692456
87,0.891667,39.000005722,6464.15,31.5337,0.0689515
88,0.886111,40.9999895096,6342.53,33.506,0.0686586
89,0.888889,39.9999976158,6212.04,32.7696,0.0683669
90,0.894444,37.9999923706,6088.54,30.9976,0.0680765
91,0.894444,37.9999923706,5960.63,29.9822,0.0677873
92,0.9,36.0000085831,5854.09,29.6992,0.0674994
93,0.9,36.0000085831,5743.85,28.7507,0.0672126
94,0.897222,37.0000004768,5638.81,30.052,0.0669271
95,0.897222,37.0000004768,5539.44,28.3859,0.0666428
96,0.902778,34.9999952316,5436.59,26.4646,0.0663598
97,0.9,36.0000085831,5346.01,27.6739,0.0660779
98,0.902778,34.9999952316,5248.0,27.9791,0.0657972
99,0.9,36.0000085831,5150.28,28.1434,0.0655177
100,0.9,36.0000085831,5047.24,28.3943,0.0652394
101,0.9,36.0000085831,4945.28,29.6667,0.0649623
102,0.9,36.0000085831,4831.7,29.9267,0.0646863
103,0.897222,37.0000004768,4718.06,29.2817,0.0644115
104,0.9,36.0000085831,4598.13,29.5276,0.0641379
105,0.911111,31.9999980927,4492.82,28.9877,0.0638655
106,0.908333,32.9999899864,4374.88,29.147,0.0635942
107,0.911111,31.9999980927,4262.45,29.5852,0.063324
108,0.905556,34.0000033379,4137.92,30.4158,0.0630551
109,0.908333,32.9999899864,4020.67,30.6312,0.0627872
110,0.905556,34.0000033379,3903.75,30.7862,0.0625205
111,0.913889,31.0000061989,3777.5,30.2354,0.0622549
112,0.911111,31.9999980927,3651.44,30.4449,0.0619905
113,0.913889,31.0000061989,3528.69,30.8719,0.0617271
114,0.911111,31.9999980927,3402.41,31.1137,0.0614649
115,0.925,26.9999957085,3276.04,28.5895,0.0612038
116,0.922222,28.0000090599,3175.83,28.6233,0.0609439
117,0.925,26.9999957085,3073.67,28.5477,0.060685
118,0.925,26.9999957085,2969.36,28.7858,0.0604272
119,0.927778,26.0000038147,2864.94,29.0968,0.0601705
120,0.936111,23.0000066757,2757.57,26.7927,0.0599149
121,0.938889,21.9999933243,2660.57,26.5912,0.0596604
122,0.944444,20.0000095367,2566.37,25.9514,0.059407
123,0.941667,21.0000014305,2475.2,25.7621,0.0591546
124,0.944444,20.0000095367,2381.45,25.661,0.0589034
125,0.941667,21.0000014305,2292.33,27.5474,0.0586531
126,0.941667,21.0000014305,2192.68,26.3703,0.058404
127,0.944444,20.0000095367,2094.91,26.9503,0.0581559
128,0.938889,21.9999933243,2000.16,27.9236,0.0579089
129,0.944444,20.0000095367,1898.25,24.7854,0.0576629
130,0.947222,18.9999961853,1817.98,25.1168,0.0574179
131,0.938889,21.9999933243,1737.48,25.8893,0.057174
132,0.947222,18.9999961853,1654.51,25.4906,0.0569312
133,0.944444,20.0000095367,1574.77,25.1098,0.0566893
134,0.947222,18.9999961853,1501.04,25.2027,0.0564485
135,0.95,18.0000042915,1429.79,25.1713,0.0562087
136,0.947222,18.9999961853,1360.75,25.233,0.05597
137,0.95,18.0000042915,1291.53,25.4475,0.0557322
138,0.95,18.0000042915,1219.84,25.5895,0.0554955
139,0.944444,20.0000095367,1148.94,25.5954,0.0552598
140,0.952778,16.9999909401,1070.82,25.7373,0.055025
141,0.947222,18.9999961853,1000.98,26.1147,0.0547913
142,0.95,18.0000042915,926.986,26.1811,0.0545585
143,0.95,18.0000042915,854.885,26.1491,0.0543268
144,0.947222,18.9999961853,779.464,26.1627,0.054096
145,0.947222,18.9999961853,706.933,25.6692,0.0538662
146,0.947222,18.9999961853,632.315,25.4923,0.0536374
147,0.955556,15.9999990463,570.224,22.9135,0.0534096
148,0.952778,16.9999909401,514.869,23.069,0.0531827
149,0.958333,15.0000071526,460.239,21.4412,0.0529568
150,0.958333,15.0000071526,417.535,21.3014,0.0527318
151,0.963889,13.0000019073,378.901,19.6802,0.0525078
152,0.966667,12.0000100136,351.784,15.3027,0.0522848
153,0.963889,13.0000019073,328.001,16.0754,0.0520627
154,0.966667,12.0000100136,299.467,15.4139,0.0518415
155,0.972222,10.0000047684,274.637,14.5253,0.0516213
156,0.980556,7.00000762939,258.913,10.5643,0.051402
157,0.980556,7.00000762939,250.11,10.5783,0.0511837
158,0.983333,5.99999427795,243.103,9.67792,0.0509663
159,0.983333,5.99999427795,234.924,9.68701,0.0507498
160,0.983333,5.99999427795,230.362,9.69023,0.0505342
161,0.977778,7.99999952316,226.317,10.8219,0.0503195
162,0.986111,5.00000238419,221.346,8.15133,0.0501058
163,0.983333,5.99999427795,217.155,7.99669,0.049893
164,0.986111,5.00000238419,213.354,8.15527,0.049681
165,0.986111,5.00000238419,209.69,8.15854,0.04947
166,0.977778,7.99999952316,205.894,9.99711,0.0492598
167,0.986111,5.00000238419,202.709,8.16989,0.0490506
168,0.988889,4.00001049042,199.186,6.31058,0.0488422
169,0.983333,5.99999427795,198.549,7.24722,0.0486348
170,0.988889,4.00001049042,197.361,6.31451,0.0484282
171,0.986111,5.00000238419,196.319,6.97571,0.0482225
172,0.986111,5.00000238419,194.874,6.29149,0.0480176
173,0.988889,4.00001049042,194.089,6.31673,0.0478136
174,0.988889,4.00001049042,192.954,6.31598,0.0476105
175,0.988889,4.00001049042,191.901,6.31762,0.0474083
176,0.986111,5.00000238419,190.926,6.2953,0.0472069
177,0.988889,4.00001049042,190.136,6.32152,0.0470064
178,0.988889,4.00001049042,189.021,6.3208,0.0468067
179,0.986111,5.00000238419,188.367,7.65206,0.0466079
180,0.986111,5.00000238419,188.457,7.3874,0.0464099
181,0.991667,2.99999713898,186.441,6.38917,0.0462128
182,0.988889,4.00001049042,185.95,6.68403,0.0460165
183,0.988889,4.00001049042,185.007,6.33004,0.045821
184,0.991667,2.99999713898,184.117,6.39495,0.0456263
185,0.991667,2.99999713898,182.827,6.39607,0.0454325
186,0.991667,2.99999713898,181.707,6.39733,0.0452395
187,0.991667,2.99999713898,180.713,6.39793,0.0450474
188,0.991667,2.99999713898,180.184,6.39857,0.044856
189,0.991667,2.99999713898,179.198,6.39916,0.0446655
190,0.988889,4.00001049042,177.844,8.0433,0.0444757
191,0.994444,2.00000524521,178.23,5.82983,0.0442868
192,0.994444,2.00000524521,178.23,5.82983,0.0440987
0.994444,178.23,0.7439260482788086,64.2422,0.35308880744,0.108955904707
