55,10,0.2,2,1000, .1 
0,0.552778,161.000003815,971646.0,715.155,0.0995539
1,0.566667,156.000001431,830817.0,635.61,0.0982276
2,0.580556,150.999999046,722523.0,569.29,0.096919
3,0.605556,142.000007629,634315.0,516.091,0.0956278
4,0.619444,137.000005245,562273.0,481.611,0.0943538
5,0.627778,134.000008106,500367.0,446.833,0.0930968
6,0.638889,129.999997616,447694.0,415.599,0.0918565
7,0.636111,130.99998951,402979.0,384.904,0.0906328
8,0.65,126.000008583,364162.0,355.216,0.0894253
9,0.655556,124.000003338,331464.0,333.886,0.0882339
10,0.663889,121.000006199,303381.0,314.295,0.0870584
11,0.666667,119.999992847,279047.0,297.233,0.0858986
12,0.666667,119.999992847,257374.0,282.746,0.0847542
13,0.669444,119.000000954,238316.0,268.897,0.0836251
14,0.669444,119.000000954,221362.0,259.252,0.082511
15,0.672222,118.00000906,206232.0,242.5,0.0814118
16,0.666667,119.999992847,193132.0,232.024,0.0803272
17,0.675,116.999995708,181427.0,220.843,0.079257
18,0.686111,113.000006676,170753.0,211.237,0.0782011
19,0.7,108.000004292,161775.0,193.717,0.0771593
20,0.7,108.000004292,153935.0,189.916,0.0761313
21,0.702778,106.99999094,146493.0,185.73,0.0751171
22,0.702778,106.99999094,139441.0,182.446,0.0741163
23,0.7,108.000004292,132711.0,180.097,0.0731289
24,0.708333,105.000007153,126417.0,174.307,0.0721547
25,0.722222,100.000004768,120864.0,164.781,0.0711934
26,0.727778,97.9999995232,115791.0,160.613,0.0702449
27,0.738889,94.0000104904,111383.0,150.029,0.0693091
28,0.744444,92.0000052452,107361.0,147.245,0.0683857
29,0.736111,95.0000023842,103529.0,146.612,0.0674747
30,0.744444,92.0000052452,99837.2,142.872,0.0665757
31,0.738889,94.0000104904,96421.3,138.742,0.0656888
32,0.744444,92.0000052452,93224.1,132.829,0.0648136
33,0.744444,92.0000052452,90260.4,130.767,0.0639502
34,0.747222,90.9999918938,87435.8,129.246,0.0630982
35,0.747222,90.9999918938,84716.6,127.911,0.0622576
36,0.75,90.0,82082.2,126.465,0.0614281
37,0.75,90.0,79541.1,125.349,0.0606098
38,0.75,90.0,77070.1,123.687,0.0598023
39,0.755556,87.9999947548,74702.6,120.993,0.0590056
40,0.755556,87.9999947548,72474.6,119.05,0.0582195
41,0.75,90.0,70360.0,117.879,0.0574439
42,0.752778,89.0000081062,68308.7,116.942,0.0566786
43,0.755556,87.9999947548,66317.1,115.771,0.0559235
44,0.755556,87.9999947548,64380.4,115.216,0.0551784
45,0.761111,85.9999895096,62523.7,112.098,0.0544433
46,0.769444,82.9999923706,60770.4,111.51,0.053718
47,0.769444,82.9999923706,59067.8,111.091,0.0530024
48,0.769444,82.9999923706,57396.2,110.724,0.0522962
49,0.772222,82.0000004768,55755.5,108.829,0.0515995
50,0.772222,82.0000004768,54204.7,108.542,0.0509121
51,0.769444,82.9999923706,52680.6,108.624,0.0502338
52,0.769444,82.9999923706,51177.4,108.424,0.0495646
53,0.772222,82.0000004768,49696.1,107.983,0.0489043
54,0.769444,82.9999923706,48241.2,108.185,0.0482527
55,0.772222,82.0000004768,46823.8,106.898,0.0476099
56,0.772222,82.0000004768,45445.0,106.823,0.0469756
57,0.769444,82.9999923706,44083.7,107.005,0.0463498
58,0.775,81.0000085831,42738.6,106.738,0.0457323
59,0.772222,82.0000004768,41436.5,105.463,0.045123
60,0.772222,82.0000004768,40217.1,102.63,0.0445219
61,0.775,81.0000085831,39077.2,100.489,0.0439287
62,0.777778,79.9999952316,37969.3,100.562,0.0433435
63,0.780556,79.0000033379,36871.9,100.352,0.0427661
64,0.780556,79.0000033379,35811.0,99.3274,0.0421963
65,0.783333,77.9999899864,34772.5,99.3116,0.0416341
66,0.783333,77.9999899864,33762.4,97.9892,0.0410795
67,0.786111,76.9999980927,32782.0,97.6742,0.0405322
68,0.780556,79.0000033379,31823.7,97.5255,0.0399922
69,0.780556,79.0000033379,30876.5,97.6711,0.0394594
70,0.783333,77.9999899864,29938.1,97.4809,0.0389337
71,0.780556,79.0000033379,29012.3,98.0589,0.038415
72,0.780556,79.0000033379,28085.0,98.2884,0.0379032
73,0.783333,77.9999899864,27171.0,98.2203,0.0373983
74,0.786111,76.9999980927,26268.4,98.3134,0.0369001
75,0.788889,76.0000061989,25376.3,98.1476,0.0364085
76,0.805556,69.9999904633,24553.3,91.7589,0.0359234
77,0.811111,68.0000066757,23774.6,90.329,0.0354448
78,0.813889,66.9999933243,23009.8,89.1553,0.0349726
79,0.813889,66.9999933243,22275.8,89.4334,0.0345067
80,0.816667,66.0000014305,21555.1,88.4748,0.034047
81,0.813889,66.9999933243,20836.9,89.1819,0.0335934
82,0.825,63.0000042915,20133.9,85.8842,0.0331458
83,0.825,63.0000042915,19455.4,84.5033,0.0327042
84,0.822222,63.9999961853,18787.8,85.3867,0.0322686
85,0.825,63.0000042915,18122.6,83.3318,0.0318387
86,0.827778,61.9999909401,17474.9,83.6254,0.0314145
87,0.819444,65.0000095367,16832.8,84.9018,0.030996
88,0.830556,60.9999990463,16192.9,82.9907,0.030583
89,0.830556,60.9999990463,15576.6,82.6828,0.0301756
90,0.830556,60.9999990463,14975.6,83.0565,0.0297736
91,0.830556,60.9999990463,14391.6,80.7971,0.0293769
92,0.838889,58.0000019073,13845.6,79.8255,0.0289855
93,0.844444,55.9999966621,13329.0,77.2732,0.0285994
94,0.847222,55.0000047684,12849.0,76.3927,0.0282184
95,0.844444,55.9999966621,12375.0,76.9511,0.0278424
96,0.847222,55.0000047684,11907.8,75.5064,0.0274715
97,0.855556,52.0000076294,11483.7,72.5467,0.0271055
98,0.858333,50.999994278,11077.7,70.6397,0.0267444
99,0.869444,47.0000052452,10702.4,66.1219,0.0263881
100,0.869444,47.0000052452,10370.6,66.2995,0.0260365
101,0.869444,47.0000052452,10041.0,66.4818,0.0256897
102,0.869444,47.0000052452,9718.15,66.0475,0.0253474
103,0.875,45.0,9404.24,62.4597,0.0250097
104,0.877778,44.0000081062,9134.62,60.6167,0.0246766
105,0.883333,42.000002861,8881.36,58.3221,0.0243478
106,0.886111,40.9999895096,8646.51,57.5518,0.0240234
107,0.888889,39.9999976158,8415.25,55.8598,0.0237034
108,0.891667,39.000005722,8224.52,50.8976,0.0233876
109,0.886111,40.9999895096,8061.23,51.0592,0.023076
110,0.888889,39.9999976158,7903.44,50.5735,0.0227686
111,0.888889,39.9999976158,7748.25,50.6565,0.0224652
112,0.897222,37.0000004768,7603.86,48.0842,0.022166
113,0.897222,37.0000004768,7471.79,48.1672,0.0218707
114,0.902778,34.9999952316,7342.92,47.3434,0.0215793
115,0.905556,34.0000033379,7228.47,46.0372,0.0212918
116,0.908333,32.9999899864,7119.63,45.9454,0.0210081
117,0.908333,32.9999899864,7013.0,46.0056,0.0207283
118,0.908333,32.9999899864,6907.45,46.0658,0.0204521
119,0.908333,32.9999899864,6802.95,46.1261,0.0201796
120,0.913889,31.0000061989,6703.05,44.7266,0.0199108
121,0.913889,31.0000061989,6608.83,44.7795,0.0196455
122,0.913889,31.0000061989,6515.58,44.8325,0.0193838
123,0.913889,31.0000061989,6423.27,44.8855,0.0191256
124,0.913889,31.0000061989,6332.8,43.8317,0.0188708
125,0.922222,28.0000090599,6252.64,42.5299,0.0186194
126,0.922222,28.0000090599,6175.95,42.5678,0.0183713
127,0.922222,28.0000090599,6100.09,42.6057,0.0181266
128,0.922222,28.0000090599,6035.16,41.1282,0.0178851
129,0.925,26.9999957085,5969.42,40.5657,0.0176468
130,0.925,26.9999957085,5905.45,40.5916,0.0174117
131,0.922222,28.0000090599,5842.45,41.1976,0.0171797
132,0.925,26.9999957085,5779.36,40.6414,0.0169508
133,0.925,26.9999957085,5717.58,40.6673,0.016725
134,0.925,26.9999957085,5656.52,40.6931,0.0165022
135,0.922222,28.0000090599,5596.7,41.2912,0.0162824
136,0.925,26.9999957085,5536.2,40.7429,0.0160654
137,0.925,26.9999957085,5477.24,40.7686,0.0158514
138,0.922222,28.0000090599,5419.25,41.3608,0.0156402
139,0.925,26.9999957085,5361.08,40.8182,0.0154319
140,0.925,26.9999957085,5304.15,40.8438,0.0152263
141,0.922222,28.0000090599,5247.96,41.4303,0.0150234
142,0.925,26.9999957085,5192.01,40.8931,0.0148233
143,0.922222,28.0000090599,5137.24,40.6209,0.0146258
144,0.922222,28.0000090599,5084.27,40.6461,0.0144309
145,0.919444,29.0000009537,5032.42,41.2292,0.0142387
146,0.922222,28.0000090599,4979.94,40.6946,0.014049
147,0.927778,26.0000038147,4930.23,39.2352,0.0138618
148,0.925,26.9999957085,4885.58,39.8978,0.0136771
149,0.927778,26.0000038147,4840.63,39.2747,0.0134949
150,0.927778,26.0000038147,4796.8,39.2947,0.0133151
151,0.927778,26.0000038147,4753.5,39.3146,0.0131378
152,0.925,26.9999957085,4710.89,39.9766,0.0129627
153,0.927778,26.0000038147,4668.1,39.3536,0.01279
154,0.927778,26.0000038147,4626.33,39.3732,0.0126196
155,0.930556,24.9999904633,4585.13,38.9432,0.0124515
156,0.925,26.9999957085,4545.25,41.3819,0.0122856
157,0.930556,24.9999904633,4503.11,38.9781,0.012122
158,0.930556,24.9999904633,4464.45,38.9947,0.0119605
159,0.930556,24.9999904633,4426.26,39.0111,0.0118011
160,0.930556,24.9999904633,4388.53,39.0275,0.0116439
161,0.933333,23.9999985695,4351.55,38.884,0.0114888
162,0.933333,23.9999985695,4315.17,38.9006,0.0113357
163,0.936111,23.0000066757,4279.4,37.2798,0.0111847
164,0.936111,23.0000066757,4248.71,37.2917,0.0110357
165,0.936111,23.0000066757,4218.41,37.3036,0.0108887
166,0.936111,23.0000066757,4188.48,37.3154,0.0107436
167,0.936111,23.0000066757,4158.92,37.3271,0.0106005
168,0.936111,23.0000066757,4129.74,38.6209,0.0104592
169,0.936111,23.0000066757,4099.92,37.35,0.0103199
170,0.936111,23.0000066757,4071.45,37.3615,0.0101824
171,0.936111,23.0000066757,4043.34,37.373,0.0100468
172,0.938889,21.9999933243,4016.33,34.7327,0.00991292
173,0.938889,21.9999933243,3994.68,34.7427,0.00978085
174,0.938889,21.9999933243,3973.29,34.7525,0.00965055
175,0.938889,21.9999933243,3952.18,34.7623,0.00952198
176,0.941667,21.0000014305,3932.43,33.7817,0.00939512
177,0.938889,21.9999933243,3914.17,35.2131,0.00926996
178,0.941667,21.0000014305,3894.93,33.7994,0.00914646
179,0.941667,21.0000014305,3876.98,33.8083,0.0090246
180,0.941667,21.0000014305,3859.25,33.8171,0.00890437
181,0.941667,21.0000014305,3841.75,33.8259,0.00878575
182,0.941667,21.0000014305,3824.46,33.8346,0.0086687
183,0.941667,21.0000014305,3807.39,33.8432,0.00855321
184,0.941667,21.0000014305,3790.53,33.8517,0.00843926
185,0.941667,21.0000014305,3773.88,35.2713,0.00832683
186,0.941667,21.0000014305,3756.64,33.8681,0.0082159
187,0.941667,21.0000014305,3740.42,33.8764,0.00810644
188,0.941667,21.0000014305,3724.39,33.8846,0.00799844
189,0.941667,21.0000014305,3708.57,33.8927,0.00789189
190,0.941667,21.0000014305,3692.94,33.9008,0.00778674
191,0.941667,21.0000014305,3677.52,33.9087,0.00768301
192,0.941667,21.0000014305,3662.28,33.9166,0.00758065
193,0.941667,21.0000014305,3647.24,33.9244,0.00747966
194,0.941667,21.0000014305,3632.39,33.9321,0.00738001
195,0.938889,21.9999933243,3617.84,35.3388,0.00728169
196,0.941667,21.0000014305,3602.55,33.947,0.00718468
197,0.941667,21.0000014305,3588.26,33.9545,0.00708896
198,0.944444,20.0000095367,3574.2,34.1112,0.00699452
199,0.944444,20.0000095367,3560.21,34.1182,0.00690134
200,0.944444,20.0000095367,3546.39,34.1252,0.00680939
201,0.944444,20.0000095367,3532.75,34.1322,0.00671868
202,0.944444,20.0000095367,3519.28,34.139,0.00662917
203,0.944444,20.0000095367,3505.99,34.1458,0.00654085
204,0.944444,20.0000095367,3492.86,34.1525,0.00645371
205,0.944444,20.0000095367,3479.9,34.1591,0.00636773
206,0.944444,20.0000095367,3467.11,34.1657,0.0062829
207,0.944444,20.0000095367,3454.47,34.1722,0.00619919
208,0.944444,20.0000095367,3442.0,34.1786,0.0061166
209,0.944444,20.0000095367,3429.7,34.1849,0.00603512
210,0.941667,21.0000014305,3417.54,35.6387,0.00595471
211,0.944444,20.0000095367,3404.92,34.1971,0.00587538
212,0.944444,20.0000095367,3393.08,34.2033,0.00579711
213,0.947222,18.9999961853,3381.61,33.6247,0.00571988
214,0.947222,18.9999961853,3370.6,33.6297,0.00564367
215,0.947222,18.9999961853,3359.74,33.6346,0.00556849
216,0.947222,18.9999961853,3349.02,33.6395,0.0054943
217,0.947222,18.9999961853,3338.44,33.6443,0.0054211
218,0.947222,18.9999961853,3327.99,33.649,0.00534888
219,0.947222,18.9999961853,3317.68,33.6537,0.00527762
220,0.947222,18.9999961853,3307.5,33.6584,0.00520731
221,0.947222,18.9999961853,3297.45,33.663,0.00513794
222,0.95,18.0000042915,3288.48,32.6647,0.00506949
223,0.95,18.0000042915,3279.69,32.6683,0.00500195
224,0.95,18.0000042915,3271.0,32.6719,0.00493531
225,0.95,18.0000042915,3262.44,32.6755,0.00486956
226,0.95,18.0000042915,3253.98,32.679,0.00480469
227,0.95,18.0000042915,3245.63,32.6825,0.00474067
228,0.95,18.0000042915,3237.39,32.6859,0.00467752
229,0.95,18.0000042915,3229.26,32.6894,0.0046152
230,0.95,18.0000042915,3221.23,32.6927,0.00455372
231,0.95,18.0000042915,3213.3,32.6961,0.00449305
232,0.947222,18.9999961853,3205.49,34.1908,0.00443319
233,0.95,18.0000042915,3197.31,32.7025,0.00437413
234,0.95,18.0000042915,3189.69,32.7058,0.00431586
235,0.95,18.0000042915,3182.17,32.7089,0.00425836
236,0.95,18.0000042915,3174.75,32.7121,0.00420163
237,0.95,18.0000042915,3167.43,32.7152,0.00414565
238,0.95,18.0000042915,3160.2,32.7183,0.00409042
239,0.95,18.0000042915,3153.06,32.7214,0.00403593
240,0.95,18.0000042915,3146.02,32.7244,0.00398216
241,0.95,18.0000042915,3139.06,32.7274,0.00392911
242,0.95,18.0000042915,3132.21,32.7303,0.00387676
243,0.95,18.0000042915,3125.44,32.7332,0.00382511
244,0.95,18.0000042915,3118.75,32.7361,0.00377415
245,0.95,18.0000042915,3112.16,32.739,0.00372387
246,0.95,18.0000042915,3105.65,32.7418,0.00367426
247,0.95,18.0000042915,3099.22,32.7446,0.00362531
248,0.95,18.0000042915,3092.88,32.7473,0.00357701
249,0.95,18.0000042915,3086.62,32.7501,0.00352936
250,0.95,18.0000042915,3080.44,32.7528,0.00348234
251,0.95,18.0000042915,3074.35,32.7554,0.00343594
252,0.95,18.0000042915,3068.33,32.7581,0.00339017
253,0.95,18.0000042915,3062.39,32.7607,0.003345
254,0.947222,18.9999961853,3056.54,34.242,0.00330044
255,0.95,18.0000042915,3050.41,32.7657,0.00325647
256,0.95,18.0000042915,3044.7,32.7682,0.00321309
257,0.95,18.0000042915,3039.07,32.7707,0.00317028
258,0.95,18.0000042915,3033.51,32.7731,0.00312805
259,0.95,18.0000042915,3028.02,32.7756,0.00308637
260,0.95,18.0000042915,3022.61,32.7779,0.00304525
261,0.95,18.0000042915,3017.27,32.7803,0.00300468
262,0.95,18.0000042915,3011.99,32.7827,0.00296465
263,0.95,18.0000042915,3006.78,32.785,0.00292516
264,0.95,18.0000042915,3001.65,32.7872,0.00288619
265,0.95,18.0000042915,2996.58,32.7895,0.00284774
266,0.95,18.0000042915,2991.57,32.7917,0.0028098
267,0.95,18.0000042915,2986.64,32.7939,0.00277236
268,0.95,18.0000042915,2981.76,32.7961,0.00273543
269,0.95,18.0000042915,2976.96,32.7983,0.00269899
270,0.95,18.0000042915,2972.21,32.8004,0.00266303
271,0.95,18.0000042915,2967.52,32.8025,0.00262755
272,0.95,18.0000042915,2962.9,32.8046,0.00259255
273,0.95,18.0000042915,2958.34,32.8066,0.00255801
274,0.95,18.0000042915,2953.84,32.8086,0.00252393
275,0.95,18.0000042915,2949.39,32.8106,0.0024903
276,0.95,18.0000042915,2945.01,32.8126,0.00245713
277,0.947222,18.9999961853,2940.69,34.2837,0.00242439
278,0.95,18.0000042915,2936.16,32.8164,0.00239209
279,0.95,18.0000042915,2931.95,32.8183,0.00236022
280,0.95,18.0000042915,2927.79,32.8202,0.00232878
281,0.95,18.0000042915,2923.69,32.8221,0.00229775
282,0.95,18.0000042915,2919.64,32.8239,0.00226714
283,0.95,18.0000042915,2915.64,32.8257,0.00223694
284,0.95,18.0000042915,2911.7,32.8275,0.00220714
285,0.95,18.0000042915,2907.8,32.8293,0.00217773
286,0.95,18.0000042915,2903.96,32.831,0.00214872
287,0.95,18.0000042915,2900.17,32.8328,0.00212009
288,0.95,18.0000042915,2896.43,32.8345,0.00209185
289,0.95,18.0000042915,2892.74,32.8362,0.00206398
290,0.95,18.0000042915,2889.1,32.8378,0.00203648
291,0.95,18.0000042915,2885.5,32.8395,0.00200935
292,0.95,18.0000042915,2881.95,32.8411,0.00198258
293,0.95,18.0000042915,2878.45,32.8427,0.00195617
294,0.95,18.0000042915,2874.99,32.8443,0.00193011
295,0.95,18.0000042915,2871.58,32.8458,0.0019044
296,0.95,18.0000042915,2868.22,32.8474,0.00187902
297,0.95,18.0000042915,2864.9,32.8489,0.00185399
298,0.95,18.0000042915,2861.62,32.8504,0.00182929
299,0.95,18.0000042915,2858.39,32.8519,0.00180492
300,0.95,18.0000042915,2855.2,32.8534,0.00178087
301,0.947222,18.9999961853,2852.06,34.3167,0.00175715
302,0.95,18.0000042915,2848.76,32.8562,0.00173374
303,0.95,18.0000042915,2845.7,32.8576,0.00171064
304,0.95,18.0000042915,2842.67,32.859,0.00168785
305,0.95,18.0000042915,2839.69,32.8604,0.00166537
306,0.95,18.0000042915,2836.74,32.8618,0.00164318
307,0.95,18.0000042915,2833.83,32.8631,0.00162129
308,0.95,18.0000042915,2830.96,32.8644,0.00159969
309,0.95,18.0000042915,2828.13,32.8657,0.00157838
310,0.95,18.0000042915,2825.33,32.867,0.00155735
311,0.95,18.0000042915,2822.58,32.8683,0.0015366
312,0.95,18.0000042915,2819.86,32.8696,0.00151613
313,0.95,18.0000042915,2817.17,32.8708,0.00149593
314,0.95,18.0000042915,2814.52,32.8721,0.001476
315,0.95,18.0000042915,2811.91,32.8733,0.00145634
316,0.95,18.0000042915,2809.33,32.8745,0.00143694
317,0.95,18.0000042915,2806.78,32.8756,0.00141779
318,0.95,18.0000042915,2804.27,32.8768,0.0013989
319,0.95,18.0000042915,2801.79,32.878,0.00138027
320,0.95,18.0000042915,2799.34,32.8791,0.00136188
321,0.95,18.0000042915,2796.93,32.8802,0.00134374
322,0.95,18.0000042915,2794.55,32.8814,0.00132583
323,0.95,18.0000042915,2792.2,32.8825,0.00130817
324,0.95,18.0000042915,2789.88,32.8835,0.00129074
325,0.947222,18.9999961853,2787.59,34.3412,0.00127355
326,0.95,18.0000042915,2785.2,32.8856,0.00125658
327,0.95,18.0000042915,2782.97,32.8867,0.00123984
328,0.95,18.0000042915,2780.77,32.8877,0.00122332
329,0.95,18.0000042915,2778.6,32.8887,0.00120702
330,0.95,18.0000042915,2776.46,32.8897,0.00119094
331,0.95,18.0000042915,2774.35,32.8907,0.00117508
332,0.95,18.0000042915,2772.26,32.8917,0.00115942
333,0.95,18.0000042915,2770.2,32.8927,0.00114398
334,0.95,18.0000042915,2768.17,32.8936,0.00112873
335,0.95,18.0000042915,2766.17,32.8946,0.0011137
336,0.95,18.0000042915,2764.19,32.8955,0.00109886
337,0.95,18.0000042915,2762.24,32.8964,0.00108422
338,0.95,18.0000042915,2760.31,32.8973,0.00106978
339,0.95,18.0000042915,2758.42,32.8982,0.00105552
340,0.95,18.0000042915,2756.54,32.8991,0.00104146
341,0.95,18.0000042915,2754.69,32.8999,0.00102759
342,0.95,18.0000042915,2752.87,32.9008,0.0010139
343,0.95,18.0000042915,2751.07,32.9017,0.00100039
344,0.95,18.0000042915,2749.29,32.9025,0.000987062
345,0.95,18.0000042915,2747.53,32.9033,0.000973912
346,0.95,18.0000042915,2745.8,32.9041,0.000960937
347,0.95,18.0000042915,2744.1,32.9049,0.000948135
348,0.95,18.0000042915,2742.41,32.9057,0.000935504
349,0.95,18.0000042915,2740.75,32.9065,0.00092304
350,0.947222,18.9999961853,2739.11,34.36,0.000910743
351,0.95,18.0000042915,2737.4,32.908,0.00089861
352,0.95,18.0000042915,2735.8,32.9088,0.000886638
353,0.95,18.0000042915,2734.22,32.9095,0.000874826
354,0.95,18.0000042915,2732.67,32.9103,0.000863171
355,0.95,18.0000042915,2731.13,32.911,0.000851672
356,0.95,18.0000042915,2729.62,32.9117,0.000840325
357,0.95,18.0000042915,2728.12,32.9124,0.00082913
358,0.95,18.0000042915,2726.65,32.9131,0.000818084
359,0.95,18.0000042915,2725.19,32.9138,0.000807185
360,0.95,18.0000042915,2723.76,32.9145,0.000796431
361,0.95,18.0000042915,2722.34,32.9152,0.000785821
362,0.95,18.0000042915,2720.94,32.9158,0.000775352
363,0.95,18.0000042915,2719.56,32.9165,0.000765023
364,0.95,18.0000042915,2718.2,32.9171,0.00075483
365,0.95,18.0000042915,2716.86,32.9178,0.000744774
366,0.95,18.0000042915,2715.53,32.9184,0.000734852
367,0.95,18.0000042915,2714.22,32.919,0.000725062
368,0.95,18.0000042915,2712.93,32.9196,0.000715402
369,0.95,18.0000042915,2711.66,32.9202,0.000705871
370,0.95,18.0000042915,2710.4,32.9208,0.000696468
371,0.95,18.0000042915,2709.16,32.9214,0.000687189
372,0.95,18.0000042915,2707.94,32.922,0.000678034
373,0.95,18.0000042915,2706.73,32.9226,0.000669001
374,0.95,18.0000042915,2705.54,32.9232,0.000660088
375,0.95,18.0000042915,2704.37,34.3736,0.000651294
376,0.95,18.0000042915,2703.14,32.9242,0.000642617
377,0.95,18.0000042915,2702.0,32.9248,0.000634056
378,0.95,18.0000042915,2700.87,32.9253,0.000625609
379,0.95,18.0000042915,2699.75,32.9259,0.000617274
380,0.95,18.0000042915,2698.66,32.9264,0.000609051
381,0.95,18.0000042915,2697.57,32.9269,0.000600937
382,0.95,18.0000042915,2696.5,32.9274,0.000592931
383,0.95,18.0000042915,2695.44,32.9279,0.000585031
384,0.95,18.0000042915,2694.4,32.9284,0.000577237
385,0.95,18.0000042915,2693.37,32.9289,0.000569547
386,0.95,18.0000042915,2692.36,32.9294,0.000561959
387,0.95,18.0000042915,2691.36,32.9299,0.000554473
388,0.95,18.0000042915,2690.37,32.9303,0.000547086
389,0.95,18.0000042915,2689.4,32.9308,0.000539797
390,0.95,18.0000042915,2688.43,32.9313,0.000532606
391,0.95,18.0000042915,2687.49,32.9317,0.00052551
392,0.95,18.0000042915,2686.55,32.9322,0.000518509
393,0.95,18.0000042915,2685.62,32.9326,0.000511601
394,0.95,18.0000042915,2684.71,32.933,0.000504786
395,0.95,18.0000042915,2683.81,32.9335,0.000498061
396,0.95,18.0000042915,2682.93,32.9339,0.000491425
397,0.95,18.0000042915,2682.05,32.9343,0.000484878
398,0.95,18.0000042915,2681.19,32.9347,0.000478418
399,0.95,18.0000042915,2680.33,32.9351,0.000472045
400,0.95,18.0000042915,2679.49,32.9355,0.000465756
401,0.95,18.0000042915,2678.66,34.3837,0.000459551
402,0.95,18.0000042915,2677.8,32.9363,0.000453429
403,0.95,18.0000042915,2676.99,32.9367,0.000447388
404,0.95,18.0000042915,2676.19,32.9371,0.000441428
405,0.95,18.0000042915,2675.4,32.9375,0.000435547
406,0.95,18.0000042915,2674.63,32.9378,0.000429744
407,0.95,18.0000042915,2673.86,32.9382,0.000424019
408,0.95,18.0000042915,2673.1,32.9386,0.00041837
409,0.95,18.0000042915,2672.36,32.9389,0.000412796
410,0.95,18.0000042915,2671.62,32.9393,0.000407297
411,0.95,18.0000042915,2670.89,32.9396,0.000401871
412,0.95,18.0000042915,2670.18,32.94,0.000396517
413,0.95,18.0000042915,2669.47,32.9403,0.000391234
414,0.95,18.0000042915,2668.77,32.9406,0.000386022
415,0.95,18.0000042915,2668.09,32.941,0.000380879
416,0.95,18.0000042915,2667.41,32.9413,0.000375805
417,0.95,18.0000042915,2666.74,32.9416,0.000370798
418,0.95,18.0000042915,2666.08,32.9419,0.000365858
419,0.95,18.0000042915,2665.42,32.9423,0.000360984
420,0.95,18.0000042915,2664.78,32.9426,0.000356175
421,0.95,18.0000042915,2664.14,32.9429,0.00035143
422,0.95,18.0000042915,2663.52,32.9432,0.000346748
423,0.95,18.0000042915,2662.9,32.9435,0.000342129
424,0.95,18.0000042915,2662.29,32.9438,0.00033757
425,0.95,18.0000042915,2661.69,32.944,0.000333073
426,0.95,18.0000042915,2661.09,32.9443,0.000328636
427,0.95,18.0000042915,2660.51,32.9446,0.000324258
428,0.95,18.0000042915,2659.93,34.3912,0.000319938
429,0.95,18.0000042915,2659.32,32.9452,0.000315675
430,0.95,18.0000042915,2658.76,32.9454,0.00031147
431,0.95,18.0000042915,2658.2,32.9457,0.00030732
432,0.95,18.0000042915,2657.65,32.946,0.000303226
433,0.95,18.0000042915,2657.11,32.9462,0.000299186
434,0.95,18.0000042915,2656.58,32.9465,0.0002952
435,0.95,18.0000042915,2656.05,32.9467,0.000291268
436,0.95,18.0000042915,2655.53,32.947,0.000287387
437,0.95,18.0000042915,2655.02,32.9472,0.000283558
438,0.95,18.0000042915,2654.52,32.9475,0.000279781
439,0.95,18.0000042915,2654.02,32.9477,0.000276053
440,0.95,18.0000042915,2653.53,32.9479,0.000272376
441,0.95,18.0000042915,2653.04,32.9482,0.000268747
442,0.95,18.0000042915,2652.56,32.9484,0.000265167
443,0.95,18.0000042915,2652.08,32.9486,0.000261634
444,0.95,18.0000042915,2651.62,32.9489,0.000258148
445,0.95,18.0000042915,2651.16,32.9491,0.000254709
446,0.95,18.0000042915,2650.7,32.9493,0.000251316
447,0.95,18.0000042915,2650.25,32.9495,0.000247968
448,0.95,18.0000042915,2649.81,32.9497,0.000244664
449,0.95,18.0000042915,2649.38,32.9499,0.000241405
450,0.95,18.0000042915,2648.95,32.9502,0.000238189
451,0.95,18.0000042915,2648.52,32.9504,0.000235015
452,0.95,18.0000042915,2648.1,32.9506,0.000231884
453,0.95,18.0000042915,2647.69,32.9508,0.000228795
454,0.95,18.0000042915,2647.28,34.3962,0.000225747
455,0.95,18.0000042915,2646.85,32.9511,0.000222739
456,0.95,18.0000042915,2646.45,32.9513,0.000219772
457,0.95,18.0000042915,2646.06,32.9515,0.000216844
458,0.95,18.0000042915,2645.67,32.9517,0.000213955
459,0.95,18.0000042915,2645.29,32.9519,0.000211105
460,0.95,18.0000042915,2644.92,32.9521,0.000208292
461,0.95,18.0000042915,2644.54,32.9523,0.000205517
462,0.95,18.0000042915,2644.18,32.9524,0.000202779
463,0.95,18.0000042915,2643.81,32.9526,0.000200078
464,0.95,18.0000042915,2643.46,32.9528,0.000197412
465,0.95,18.0000042915,2643.1,32.953,0.000194782
466,0.95,18.0000042915,2642.75,32.9531,0.000192187
467,0.95,18.0000042915,2642.41,32.9533,0.000189627
468,0.95,18.0000042915,2642.07,32.9535,0.000187101
469,0.95,18.0000042915,2641.74,32.9536,0.000184608
470,0.95,18.0000042915,2641.41,32.9538,0.000182149
471,0.95,18.0000042915,2641.08,32.9539,0.000179722
472,0.95,18.0000042915,2640.76,32.9541,0.000177328
473,0.95,18.0000042915,2640.45,32.9542,0.000174965
474,0.95,18.0000042915,2640.14,32.9544,0.000172634
475,0.95,18.0000042915,2639.83,32.9545,0.000170334
476,0.95,18.0000042915,2639.52,32.9547,0.000168065
477,0.95,18.0000042915,2639.22,32.9548,0.000165826
478,0.95,18.0000042915,2638.93,32.955,0.000163617
479,0.95,18.0000042915,2638.63,32.9551,0.000161437
480,0.95,18.0000042915,2638.35,34.3998,0.000159286
481,0.95,18.0000042915,2638.04,32.9554,0.000157164
482,0.95,18.0000042915,2637.76,32.9555,0.00015507
483,0.95,18.0000042915,2637.49,32.9557,0.000153005
484,0.95,18.0000042915,2637.21,32.9558,0.000150966
485,0.95,18.0000042915,2636.94,32.9559,0.000148955
486,0.95,18.0000042915,2636.68,32.956,0.00014697
487,0.95,18.0000042915,2636.42,32.9562,0.000145012
488,0.95,18.0000042915,2636.16,32.9563,0.00014308
489,0.95,18.0000042915,2635.9,32.9564,0.000141174
490,0.95,18.0000042915,2635.65,32.9565,0.000139294
491,0.95,18.0000042915,2635.4,32.9567,0.000137438
492,0.95,18.0000042915,2635.16,32.9568,0.000135607
493,0.95,18.0000042915,2634.91,32.9569,0.0001338
494,0.95,18.0000042915,2634.67,32.957,0.000132018
495,0.95,18.0000042915,2634.44,32.9571,0.000130259
496,0.95,18.0000042915,2634.2,32.9572,0.000128523
497,0.95,18.0000042915,2633.97,32.9573,0.000126811
498,0.95,18.0000042915,2633.75,32.9575,0.000125122
499,0.95,18.0000042915,2633.52,32.9576,0.000123455
500,0.95,18.0000042915,2633.3,32.9577,0.00012181
501,0.95,18.0000042915,2633.09,32.9578,0.000120187
502,0.95,18.0000042915,2632.87,32.9579,0.000118586
503,0.95,18.0000042915,2632.66,32.958,0.000117006
504,0.95,18.0000042915,2632.45,32.9581,0.000115447
505,0.95,18.0000042915,2632.25,32.9582,0.000113909
506,0.95,18.0000042915,2632.04,32.9583,0.000112392
507,0.95,18.0000042915,2631.84,32.9584,0.000110895
508,0.95,18.0000042915,2631.64,34.4025,0.000109417
509,0.95,18.0000042915,2631.44,32.9586,0.000107959
510,0.95,18.0000042915,2631.24,32.9587,0.000106521
511,0.95,18.0000042915,2631.05,32.9588,0.000105102
512,0.95,18.0000042915,2630.86,32.9588,0.000103702
513,0.95,18.0000042915,2630.68,32.9589,0.00010232
514,0.95,18.0000042915,2630.5,32.959,0.000100957
515,0.95,18.0000042915,2630.32,32.9591,9.96121e-05
516,0.95,18.0000042915,2630.14,32.9592,9.8285e-05
517,0.95,18.0000042915,2629.96,32.9593,9.69757e-05
518,0.95,18.0000042915,2629.79,32.9594,9.56837e-05
519,0.95,18.0000042915,2629.62,32.9594,9.44089e-05
520,0.95,18.0000042915,2629.45,32.9595,9.31512e-05
521,0.95,18.0000042915,2629.28,32.9596,9.19102e-05
522,0.95,18.0000042915,2629.12,32.9597,9.06857e-05
523,0.95,18.0000042915,2628.95,32.9598,8.94776e-05
524,0.95,18.0000042915,2628.79,32.9598,8.82855e-05
525,0.95,18.0000042915,2628.64,32.9599,8.71094e-05
526,0.95,18.0000042915,2628.48,32.96,8.59488e-05
527,0.95,18.0000042915,2628.33,32.9601,8.48038e-05
528,0.95,18.0000042915,2628.18,32.9601,8.3674e-05
529,0.95,18.0000042915,2628.03,32.9602,8.25593e-05
530,0.95,18.0000042915,2627.88,32.9603,8.14593e-05
531,0.95,18.0000042915,2627.74,32.9604,8.03741e-05
532,0.95,18.0000042915,2627.59,32.9604,7.93034e-05
533,0.95,18.0000042915,2627.45,32.9605,7.82468e-05
534,0.95,18.0000042915,2627.31,34.4042,7.72044e-05
535,0.95,18.0000042915,2627.17,32.9606,7.61758e-05
536,0.95,18.0000042915,2627.03,32.9607,7.5161e-05
537,0.95,18.0000042915,2626.89,32.9608,7.41596e-05
538,0.95,18.0000042915,2626.76,32.9608,7.31717e-05
539,0.95,18.0000042915,2626.63,32.9609,7.21968e-05
540,0.95,18.0000042915,2626.5,32.961,7.1235e-05
541,0.95,18.0000042915,2626.37,32.961,7.0286e-05
542,0.95,18.0000042915,2626.25,32.9611,6.93496e-05
543,0.95,18.0000042915,2626.13,32.9611,6.84257e-05
544,0.95,18.0000042915,2626.0,32.9612,6.75141e-05
545,0.95,18.0000042915,2625.88,32.9613,6.66146e-05
546,0.95,18.0000042915,2625.76,32.9613,6.57272e-05
547,0.95,18.0000042915,2625.65,32.9614,6.48515e-05
548,0.95,18.0000042915,2625.53,32.9614,6.39875e-05
549,0.95,18.0000042915,2625.42,32.9615,6.31351e-05
550,0.95,18.0000042915,2625.3,32.9615,6.2294e-05
551,0.95,18.0000042915,2625.19,32.9616,6.14641e-05
552,0.95,18.0000042915,2625.08,32.9616,6.06452e-05
553,0.95,18.0000042915,2624.97,32.9617,5.98373e-05
554,0.95,18.0000042915,2624.86,32.9617,5.90401e-05
555,0.95,18.0000042915,2624.76,32.9618,5.82535e-05
556,0.95,18.0000042915,2624.66,32.9618,5.74774e-05
557,0.95,18.0000042915,2624.56,32.9619,5.67117e-05
558,0.95,18.0000042915,2624.45,32.9619,5.59562e-05
559,0.95,18.0000042915,2624.35,32.962,5.52107e-05
560,0.95,18.0000042915,2624.25,32.962,5.44751e-05
561,0.95,18.0000042915,2624.16,32.9621,5.37494e-05
562,0.95,18.0000042915,2624.06,34.4055,5.30333e-05
563,0.95,18.0000042915,2623.96,32.9622,5.23268e-05
564,0.95,18.0000042915,2623.87,32.9622,5.16297e-05
565,0.95,18.0000042915,2623.78,32.9623,5.09418e-05
566,0.95,18.0000042915,2623.68,32.9623,5.02632e-05
567,0.95,18.0000042915,2623.59,32.9624,4.95935e-05
568,0.95,18.0000042915,2623.5,32.9624,4.89328e-05
569,0.95,18.0000042915,2623.42,32.9624,4.82809e-05
570,0.95,18.0000042915,2623.33,32.9625,4.76377e-05
571,0.95,18.0000042915,2623.24,32.9625,4.70031e-05
572,0.95,18.0000042915,2623.16,32.9626,4.63769e-05
573,0.95,18.0000042915,2623.08,32.9626,4.5759e-05
574,0.95,18.0000042915,2623.0,32.9626,4.51494e-05
575,0.95,18.0000042915,2622.92,32.9627,4.45479e-05
576,0.95,18.0000042915,2622.84,32.9627,4.39544e-05
577,0.95,18.0000042915,2622.76,32.9628,4.33688e-05
578,0.95,18.0000042915,2622.68,32.9628,4.2791e-05
579,0.95,18.0000042915,2622.6,32.9628,4.2221e-05
580,0.95,18.0000042915,2622.53,32.9629,4.16585e-05
581,0.95,18.0000042915,2622.46,32.9629,4.11035e-05
582,0.95,18.0000042915,2622.38,32.9629,4.05559e-05
583,0.95,18.0000042915,2622.31,32.963,4.00156e-05
584,0.95,18.0000042915,2622.24,32.963,3.94825e-05
585,0.95,18.0000042915,2622.17,32.9631,3.89565e-05
586,0.95,18.0000042915,2622.1,32.9631,3.84375e-05
587,0.95,18.0000042915,2622.03,32.9631,3.79254e-05
588,0.95,18.0000042915,2621.96,32.9632,3.74201e-05
589,0.95,18.0000042915,2621.89,34.4064,3.69216e-05
590,0.95,18.0000042915,2621.82,32.9632,3.64297e-05
591,0.95,18.0000042915,2621.76,32.9632,3.59444e-05
592,0.95,18.0000042915,2621.69,32.9633,3.54655e-05
593,0.95,18.0000042915,2621.63,32.9633,3.4993e-05
594,0.95,18.0000042915,2621.57,32.9633,3.45268e-05
595,0.95,18.0000042915,2621.5,32.9634,3.40669e-05
596,0.95,18.0000042915,2621.44,32.9634,3.3613e-05
597,0.95,18.0000042915,2621.38,32.9634,3.31652e-05
598,0.95,18.0000042915,2621.32,32.9635,3.27234e-05
599,0.95,18.0000042915,2621.26,32.9635,3.22874e-05
600,0.95,18.0000042915,2621.21,32.9635,3.18573e-05
601,0.95,18.0000042915,2621.15,32.9635,3.14328e-05
602,0.95,18.0000042915,2621.09,32.9636,3.10141e-05
603,0.95,18.0000042915,2621.04,32.9636,3.06009e-05
604,0.95,18.0000042915,2620.98,32.9636,3.01932e-05
605,0.95,18.0000042915,2620.93,32.9636,2.9791e-05
606,0.95,18.0000042915,2620.88,32.9637,2.93941e-05
607,0.95,18.0000042915,2620.82,32.9637,2.90025e-05
608,0.95,18.0000042915,2620.77,32.9637,2.86161e-05
609,0.95,18.0000042915,2620.72,32.9637,2.82349e-05
610,0.95,18.0000042915,2620.67,32.9638,2.78587e-05
611,0.95,18.0000042915,2620.62,34.4069,2.74876e-05
612,0.95,18.0000042915,2620.57,32.9638,2.71214e-05
613,0.95,18.0000042915,2620.52,32.9638,2.676e-05
614,0.95,18.0000042915,2620.48,32.9639,2.64035e-05
615,0.95,18.0000042915,2620.43,32.9639,2.60518e-05
616,0.95,18.0000042915,2620.38,32.9639,2.57047e-05
617,0.95,18.0000042915,2620.33,32.9639,2.53622e-05
618,0.95,18.0000042915,2620.29,32.964,2.50244e-05
619,0.95,18.0000042915,2620.24,32.964,2.4691e-05
620,0.95,18.0000042915,2620.2,32.964,2.4362e-05
621,0.95,18.0000042915,2620.16,32.964,2.40375e-05
622,0.95,18.0000042915,2620.11,32.964,2.37172e-05
623,0.95,18.0000042915,2620.07,32.9641,2.34012e-05
624,0.95,18.0000042915,2620.03,32.9641,2.30895e-05
625,0.95,18.0000042915,2619.99,32.9641,2.27819e-05
626,0.95,18.0000042915,2619.95,32.9641,2.24784e-05
627,0.95,18.0000042915,2619.91,32.9641,2.21789e-05
628,0.95,18.0000042915,2619.87,32.9642,2.18834e-05
629,0.95,18.0000042915,2619.83,32.9642,2.15919e-05
630,0.95,18.0000042915,2619.79,32.9642,2.13042e-05
631,0.95,18.0000042915,2619.75,32.9642,2.10204e-05
632,0.95,18.0000042915,2619.72,32.9642,2.07404e-05
633,0.95,18.0000042915,2619.68,32.9642,2.04641e-05
634,0.95,18.0000042915,2619.64,32.9643,2.01914e-05
635,0.95,18.0000042915,2619.61,32.9643,1.99224e-05
636,0.95,18.0000042915,2619.57,32.9643,1.9657e-05
637,0.95,18.0000042915,2619.54,32.9643,1.93951e-05
638,0.95,18.0000042915,2619.51,32.9643,1.91367e-05
639,0.95,18.0000042915,2619.47,32.9644,1.88818e-05
640,0.95,18.0000042915,2619.44,32.9644,1.86302e-05
641,0.95,18.0000042915,2619.4,32.9644,1.8382e-05
642,0.95,18.0000042915,2619.37,32.9644,1.81371e-05
643,0.95,18.0000042915,2619.34,32.9644,1.78955e-05
644,0.95,18.0000042915,2619.3,32.9644,1.76571e-05
645,0.95,18.0000042915,2619.27,32.9644,1.74219e-05
646,0.95,18.0000042915,2619.24,32.9645,1.71898e-05
647,0.95,18.0000042915,2619.21,32.9645,1.69608e-05
648,0.95,18.0000042915,2619.18,32.9645,1.67348e-05
649,0.95,18.0000042915,2619.15,32.9645,1.65119e-05
650,0.95,18.0000042915,2619.12,32.9645,1.62919e-05
651,0.95,18.0000042915,2619.1,32.9645,1.60748e-05
652,0.95,18.0000042915,2619.07,32.9645,1.58607e-05
653,0.95,18.0000042915,2619.04,32.9646,1.56494e-05
654,0.95,18.0000042915,2619.01,32.9646,1.54409e-05
655,0.95,18.0000042915,2618.98,32.9646,1.52352e-05
656,0.95,18.0000042915,2618.95,32.9646,1.50322e-05
657,0.95,18.0000042915,2618.93,32.9646,1.48319e-05
658,0.95,18.0000042915,2618.9,34.4076,1.46343e-05
659,0.95,18.0000042915,2618.87,32.9646,1.44394e-05
660,0.95,18.0000042915,2618.85,32.9646,1.4247e-05
661,0.95,18.0000042915,2618.82,32.9647,1.40572e-05
662,0.95,18.0000042915,2618.8,32.9647,1.38699e-05
663,0.95,18.0000042915,2618.77,32.9647,1.36851e-05
664,0.95,18.0000042915,2618.75,32.9647,1.35028e-05
665,0.95,18.0000042915,2618.72,32.9647,1.33229e-05
666,0.95,18.0000042915,2618.7,32.9647,1.31454e-05
667,0.95,18.0000042915,2618.67,34.4077,1.29703e-05
668,0.95,18.0000042915,2618.65,32.9647,1.27975e-05
669,0.95,18.0000042915,2618.62,32.9648,1.2627e-05
670,0.95,18.0000042915,2618.6,32.9648,1.24588e-05
671,0.95,18.0000042915,2618.58,32.9648,1.22928e-05
672,0.95,18.0000042915,2618.56,32.9648,1.2129e-05
673,0.95,18.0000042915,2618.54,32.9648,1.19675e-05
674,0.95,18.0000042915,2618.51,32.9648,1.1808e-05
675,0.95,18.0000042915,2618.49,32.9648,1.16507e-05
676,0.95,18.0000042915,2618.47,32.9648,1.14955e-05
677,0.95,18.0000042915,2618.45,32.9648,1.13423e-05
678,0.95,18.0000042915,2618.43,32.9649,1.11912e-05
679,0.95,18.0000042915,2618.41,32.9649,1.10421e-05
680,0.95,18.0000042915,2618.39,32.9649,1.0895e-05
681,0.95,18.0000042915,2618.37,32.9649,1.07499e-05
682,0.95,18.0000042915,2618.35,32.9649,1.06067e-05
683,0.95,18.0000042915,2618.33,34.4078,1.04654e-05
684,0.95,18.0000042915,2618.31,32.9649,1.03259e-05
685,0.95,18.0000042915,2618.29,32.9649,1.01884e-05
686,0.95,18.0000042915,2618.27,32.9649,1.00526e-05
687,0.95,18.0000042915,2618.25,32.9649,9.91871e-06
688,0.95,18.0000042915,2618.24,32.9649,9.78657e-06
689,0.95,18.0000042915,2618.22,32.965,9.65619e-06
690,0.95,18.0000042915,2618.2,32.965,9.52755e-06
691,0.95,18.0000042915,2618.18,32.965,9.40061e-06
692,0.95,18.0000042915,2618.17,32.965,9.27537e-06
693,0.95,18.0000042915,2618.15,32.965,9.1518e-06
694,0.95,18.0000042915,2618.13,32.965,9.02988e-06
695,0.95,18.0000042915,2618.12,32.965,8.90958e-06
696,0.95,18.0000042915,2618.1,32.965,8.79088e-06
697,0.95,18.0000042915,2618.09,32.965,8.67377e-06
698,0.95,18.0000042915,2618.07,32.965,8.55821e-06
699,0.95,18.0000042915,2618.06,32.965,8.44419e-06
700,0.95,18.0000042915,2618.04,32.965,8.3317e-06
701,0.95,18.0000042915,2618.03,32.965,8.2207e-06
702,0.95,18.0000042915,2618.01,32.9651,8.11118e-06
703,0.95,18.0000042915,2618.0,32.9651,8.00312e-06
704,0.95,18.0000042915,2617.98,32.9651,7.8965e-06
705,0.95,18.0000042915,2617.97,34.408,7.7913e-06
706,0.95,18.0000042915,2617.96,32.9651,7.68749e-06
707,0.95,18.0000042915,2617.94,32.9651,7.58508e-06
708,0.95,18.0000042915,2617.93,32.9651,7.48403e-06
709,0.95,18.0000042915,2617.91,32.9651,7.38433e-06
710,0.95,18.0000042915,2617.9,32.9651,7.28594e-06
711,0.95,18.0000042915,2617.89,32.9651,7.18888e-06
712,0.95,18.0000042915,2617.88,32.9651,7.09311e-06
713,0.95,18.0000042915,2617.86,32.9651,6.99861e-06
714,0.95,18.0000042915,2617.85,32.9651,6.90537e-06
715,0.95,18.0000042915,2617.84,32.9651,6.81337e-06
716,0.95,18.0000042915,2617.83,32.9651,6.7226e-06
717,0.95,18.0000042915,2617.81,32.9651,6.63304e-06
718,0.95,18.0000042915,2617.8,32.9651,6.54467e-06
719,0.95,18.0000042915,2617.79,32.9652,6.45748e-06
720,0.95,18.0000042915,2617.78,32.9652,6.37145e-06
721,0.95,18.0000042915,2617.77,32.9652,6.28657e-06
722,0.95,18.0000042915,2617.76,32.9652,6.20282e-06
723,0.95,18.0000042915,2617.75,32.9652,6.12018e-06
724,0.95,18.0000042915,2617.74,32.9652,6.03865e-06
725,0.95,18.0000042915,2617.73,32.9652,5.95819e-06
726,0.95,18.0000042915,2617.71,32.9652,5.87882e-06
727,0.95,18.0000042915,2617.7,32.9652,5.8005e-06
728,0.95,18.0000042915,2617.69,32.9652,5.72322e-06
729,0.95,18.0000042915,2617.68,32.9652,5.64697e-06
730,0.95,18.0000042915,2617.67,32.9652,5.57174e-06
731,0.95,18.0000042915,2617.66,32.9652,5.49751e-06
732,0.95,18.0000042915,2617.65,32.9652,5.42427e-06
733,0.95,18.0000042915,2617.64,32.9652,5.35201e-06
734,0.95,18.0000042915,2617.63,32.9652,5.28071e-06
735,0.95,18.0000042915,2617.62,32.9652,5.21036e-06
736,0.95,18.0000042915,2617.62,32.9652,5.14094e-06
737,0.95,18.0000042915,2617.61,32.9652,5.07245e-06
738,0.95,18.0000042915,2617.6,32.9653,5.00487e-06
739,0.95,18.0000042915,2617.59,32.9653,4.9382e-06
740,0.95,18.0000042915,2617.58,32.9653,4.8724e-06
741,0.95,18.0000042915,2617.57,32.9653,4.80749e-06
742,0.95,18.0000042915,2617.56,32.9653,4.74345e-06
743,0.95,18.0000042915,2617.55,32.9653,4.68025e-06
744,0.95,18.0000042915,2617.54,32.9653,4.6179e-06
745,0.95,18.0000042915,2617.53,32.9653,4.55638e-06
746,0.95,18.0000042915,2617.53,32.9653,4.49568e-06
747,0.95,18.0000042915,2617.52,32.9653,4.43578e-06
748,0.95,18.0000042915,2617.51,32.9653,4.37669e-06
749,0.95,18.0000042915,2617.5,32.9653,4.31838e-06
750,0.95,18.0000042915,2617.49,32.9653,4.26085e-06
751,0.95,18.0000042915,2617.49,32.9653,4.20408e-06
752,0.95,18.0000042915,2617.48,32.9653,4.14807e-06
753,0.95,18.0000042915,2617.47,32.9653,4.09281e-06
754,0.95,18.0000042915,2617.47,32.9653,4.03829e-06
755,0.95,18.0000042915,2617.46,34.4082,3.98448e-06
756,0.95,18.0000042915,2617.45,32.9653,3.9314e-06
757,0.95,18.0000042915,2617.45,32.9653,3.87903e-06
758,0.95,18.0000042915,2617.44,34.4082,3.82735e-06
759,0.95,18.0000042915,2617.43,32.9653,3.77636e-06
760,0.95,18.0000042915,2617.42,32.9653,3.72605e-06
761,0.95,18.0000042915,2617.42,32.9653,3.67641e-06
762,0.95,18.0000042915,2617.41,34.4082,3.62743e-06
763,0.95,18.0000042915,2617.4,32.9654,3.5791e-06
764,0.95,18.0000042915,2617.4,32.9654,3.53142e-06
765,0.95,18.0000042915,2617.39,34.4082,3.48437e-06
766,0.95,18.0000042915,2617.38,32.9654,3.43795e-06
767,0.95,18.0000042915,2617.38,34.4082,3.39215e-06
768,0.95,18.0000042915,2617.37,32.9654,3.34696e-06
769,0.95,18.0000042915,2617.36,32.9654,3.30237e-06
770,0.95,18.0000042915,2617.36,34.4082,3.25837e-06
771,0.95,18.0000042915,2617.35,32.9654,3.21496e-06
772,0.95,18.0000042915,2617.35,32.9654,3.17213e-06
773,0.95,18.0000042915,2617.34,34.4082,3.12987e-06
774,0.95,18.0000042915,2617.34,32.9654,3.08817e-06
775,0.95,18.0000042915,2617.33,32.9654,3.04703e-06
776,0.95,18.0000042915,2617.33,32.9654,3.00644e-06
777,0.95,18.0000042915,2617.32,32.9654,2.96639e-06
778,0.95,18.0000042915,2617.32,34.4083,2.92687e-06
779,0.95,18.0000042915,2617.31,34.4083,2.88787e-06
780,0.95,18.0000042915,2617.3,32.9654,2.8494e-06
781,0.95,18.0000042915,2617.3,32.9654,2.81144e-06
782,0.95,18.0000042915,2617.29,34.4083,2.77398e-06
783,0.95,18.0000042915,2617.29,34.4083,2.73703e-06
784,0.95,18.0000042915,2617.28,32.9654,2.70056e-06
785,0.95,18.0000042915,2617.28,34.4083,2.66459e-06
786,0.95,18.0000042915,2617.27,34.4083,2.62909e-06
787,0.95,18.0000042915,2617.27,32.9654,2.59406e-06
788,0.95,18.0000042915,2617.26,32.9654,2.5595e-06
789,0.95,18.0000042915,2617.26,34.4083,2.5254e-06
790,0.95,18.0000042915,2617.25,34.4083,2.49176e-06
791,0.95,18.0000042915,2617.25,34.4083,2.45856e-06
792,0.95,18.0000042915,2617.24,34.4083,2.42581e-06
793,0.95,18.0000042915,2617.24,32.9654,2.39349e-06
794,0.95,18.0000042915,2617.23,32.9654,2.3616e-06
795,0.95,18.0000042915,2617.23,32.9654,2.33014e-06
796,0.95,18.0000042915,2617.22,32.9654,2.2991e-06
797,0.95,18.0000042915,2617.22,32.9654,2.26847e-06
798,0.95,18.0000042915,2617.22,32.9654,2.23825e-06
799,0.95,18.0000042915,2617.21,32.9655,2.20843e-06
800,0.95,18.0000042915,2617.21,32.9655,2.17901e-06
801,0.95,18.0000042915,2617.21,32.9655,2.14998e-06
802,0.95,18.0000042915,2617.2,32.9655,2.12133e-06
803,0.95,18.0000042915,2617.2,32.9655,2.09307e-06
804,0.95,18.0000042915,2617.19,32.9655,2.06519e-06
805,0.95,18.0000042915,2617.19,32.9655,2.03767e-06
806,0.95,18.0000042915,2617.18,32.9655,2.01053e-06
807,0.95,18.0000042915,2617.18,32.9655,1.98374e-06
808,0.95,18.0000042915,2617.18,32.9655,1.95731e-06
809,0.95,18.0000042915,2617.17,32.9655,1.93124e-06
810,0.95,18.0000042915,2617.17,32.9655,1.90551e-06
811,0.95,18.0000042915,2617.17,32.9655,1.88012e-06
812,0.95,18.0000042915,2617.17,32.9655,1.85507e-06
813,0.95,18.0000042915,2617.16,32.9655,1.83036e-06
814,0.95,18.0000042915,2617.16,32.9655,1.80598e-06
815,0.95,18.0000042915,2617.15,32.9655,1.78192e-06
816,0.95,18.0000042915,2617.15,32.9655,1.75818e-06
817,0.95,18.0000042915,2617.15,32.9655,1.73475e-06
818,0.95,18.0000042915,2617.15,32.9655,1.71164e-06
819,0.95,18.0000042915,2617.14,32.9655,1.68884e-06
820,0.95,18.0000042915,2617.14,32.9655,1.66634e-06
821,0.95,18.0000042915,2617.14,32.9655,1.64414e-06
822,0.95,18.0000042915,2617.14,32.9655,1.62224e-06
823,0.95,18.0000042915,2617.13,32.9655,1.60062e-06
824,0.95,18.0000042915,2617.13,32.9655,1.5793e-06
825,0.95,18.0000042915,2617.13,32.9655,1.55826e-06
826,0.95,18.0000042915,2617.13,32.9655,1.5375e-06
827,0.95,18.0000042915,2617.12,32.9655,1.51702e-06
828,0.95,18.0000042915,2617.12,32.9655,1.49681e-06
829,0.95,18.0000042915,2617.12,32.9655,1.47687e-06
830,0.95,18.0000042915,2617.11,32.9655,1.45719e-06
831,0.95,18.0000042915,2617.11,32.9655,1.43778e-06
832,0.95,18.0000042915,2617.11,32.9655,1.41862e-06
833,0.95,18.0000042915,2617.11,32.9655,1.39972e-06
834,0.95,18.0000042915,2617.11,32.9655,1.38107e-06
835,0.95,18.0000042915,2617.1,32.9655,1.36267e-06
836,0.95,18.0000042915,2617.1,32.9655,1.34452e-06
837,0.95,18.0000042915,2617.1,32.9655,1.32661e-06
838,0.95,18.0000042915,2617.1,32.9655,1.30893e-06
839,0.95,18.0000042915,2617.1,32.9655,1.2915e-06
840,0.95,18.0000042915,2617.1,32.9655,1.27429e-06
841,0.95,18.0000042915,2617.09,32.9655,1.25731e-06
842,0.95,18.0000042915,2617.09,32.9655,1.24056e-06
843,0.95,18.0000042915,2617.09,32.9655,1.22404e-06
844,0.95,18.0000042915,2617.09,32.9655,1.20773e-06
845,0.95,18.0000042915,2617.09,32.9655,1.19164e-06
846,0.95,18.0000042915,2617.08,32.9655,1.17576e-06
847,0.95,18.0000042915,2617.08,32.9655,1.1601e-06
848,0.95,18.0000042915,2617.08,32.9655,1.14464e-06
849,0.95,18.0000042915,2617.08,32.9655,1.12939e-06
850,0.95,18.0000042915,2617.08,32.9655,1.11435e-06
851,0.95,18.0000042915,2617.08,32.9655,1.0995e-06
852,0.95,18.0000042915,2617.07,32.9655,1.08485e-06
853,0.95,18.0000042915,2617.07,32.9655,1.0704e-06
854,0.95,18.0000042915,2617.07,32.9655,1.05614e-06
855,0.95,18.0000042915,2617.07,32.9655,1.04207e-06
856,0.95,18.0000042915,2617.07,32.9655,1.02819e-06
857,0.95,18.0000042915,2617.07,32.9655,1.01449e-06
858,0.95,18.0000042915,2617.06,32.9655,1.00097e-06
859,0.95,18.0000042915,2617.06,32.9655,9.87639e-07
860,0.95,18.0000042915,2617.06,32.9655,9.74481e-07
861,0.95,18.0000042915,2617.06,32.9655,9.61499e-07
862,0.95,18.0000042915,2617.06,32.9655,9.48689e-07
863,0.95,18.0000042915,2617.06,32.9655,9.3605e-07
864,0.95,18.0000042915,2617.06,32.9655,9.2358e-07
0.95,2617.06,3.193105459213257,2.59375,0.595792452946,0.139248661711
