25,10,0.1,2,1000, .1 
0,0.447222,198.999996185,1.09723e+06,784.953,0.0993624
1,0.452778,197.000001669,929623.0,714.024,0.097474
2,0.45,198.000004292,792174.0,652.895,0.0956215
3,0.438889,202.000004053,679298.0,602.27,0.0938042
4,0.452778,197.000001669,586310.0,551.876,0.0920214
5,0.461111,194.00000453,507752.0,508.843,0.0902725
6,0.472222,190.000004768,442830.0,476.328,0.0885569
7,0.466667,191.999999285,388239.0,439.184,0.0868738
8,0.483333,186.000005007,342793.0,406.143,0.0852228
9,0.488889,183.999999762,304506.0,379.269,0.0836031
10,0.494444,182.000005245,271308.0,356.629,0.0820142
11,0.494444,182.000005245,242406.0,336.14,0.0804555
12,0.497222,181.000002623,217690.0,314.365,0.0789264
13,0.502778,179.000008106,196290.0,297.685,0.0774264
14,0.5,180.0,177167.0,285.632,0.0759549
15,0.511111,175.99998951,159941.0,271.191,0.0745113
16,0.522222,172.000000477,144829.0,258.788,0.0730952
17,0.530556,169.000003338,131218.0,248.187,0.071706
18,0.533333,167.999989986,118806.0,239.905,0.0703432
19,0.538889,166.000006199,107509.0,229.033,0.0690063
20,0.547222,163.00000906,97232.1,219.784,0.0676948
21,0.558333,158.999998569,88013.3,209.642,0.0664083
22,0.566667,156.000001431,79980.2,196.119,0.0651462
23,0.588889,148.000001907,73381.5,179.639,0.063908
24,0.6,143.999991417,67582.9,167.515,0.0626935
25,0.616667,137.999997139,62663.0,156.542,0.061502
26,0.630556,132.999994755,58564.0,143.848,0.0603331
27,0.641667,129.000005722,55071.8,138.374,0.0591864
28,0.65,126.000008583,51961.3,132.653,0.0580616
29,0.647222,127.000000477,49161.4,128.227,0.0569581
30,0.655556,124.000003338,46595.4,124.551,0.0558756
31,0.661111,121.999998093,44164.0,121.971,0.0548137
32,0.666667,119.999992847,41884.5,117.599,0.0537719
33,0.669444,119.000000954,39818.7,114.978,0.05275
34,0.675,116.999995708,37854.8,111.931,0.0517474
35,0.677778,116.000003815,36032.4,110.333,0.050764
36,0.680556,114.999990463,34298.2,108.684,0.0497992
37,0.680556,114.999990463,32640.8,107.742,0.0488527
38,0.680556,114.999990463,31042.2,106.884,0.0479243
39,0.688889,111.999993324,29545.7,101.731,0.0470135
40,0.697222,108.999996185,28208.2,97.1706,0.04612
41,0.705556,105.999999046,27046.6,94.6591,0.0452434
42,0.708333,105.000007153,25926.3,93.8578,0.0443836
43,0.716667,102.000010014,24869.1,90.5872,0.04354
44,0.719444,100.999996662,23889.5,89.7397,0.0427126
45,0.727778,97.9999995232,22948.6,86.5442,0.0419008
46,0.730556,97.0000076294,22087.2,86.0993,0.0411045
47,0.730556,97.0000076294,21250.3,85.8698,0.0403233
48,0.738889,94.0000104904,20445.1,82.6655,0.0395569
49,0.741667,92.999997139,19711.2,81.3308,0.0388051
50,0.741667,92.999997139,19016.6,80.7776,0.0380676
51,0.738889,94.0000104904,18345.4,79.3148,0.0373441
52,0.738889,94.0000104904,17696.1,79.2671,0.0366344
53,0.741667,92.999997139,17066.6,78.2643,0.0359381
54,0.747222,90.9999918938,16478.9,77.2373,0.0352551
55,0.75,90.0,15907.2,75.9684,0.0345851
56,0.752778,89.0000081062,15372.7,74.9902,0.0339278
57,0.752778,89.0000081062,14855.0,74.9893,0.033283
58,0.755556,87.9999947548,14344.5,74.1032,0.0326504
59,0.755556,87.9999947548,13857.7,74.1175,0.0320299
60,0.761111,85.9999895096,13382.7,72.8302,0.0314212
61,0.761111,85.9999895096,12932.7,72.8785,0.030824
62,0.763889,84.9999976158,12490.6,73.1053,0.0302382
63,0.758333,87.000002861,12058.4,72.792,0.0296635
64,0.766667,84.000005722,11650.5,69.9271,0.0290997
65,0.780556,79.0000033379,11275.0,66.0243,0.0285467
66,0.786111,76.9999980927,10950.5,63.2533,0.0280041
67,0.786111,76.9999980927,10639.3,63.6143,0.0274719
68,0.794444,74.0000009537,10338.0,61.7446,0.0269498
69,0.797222,73.0000090599,10051.9,60.7526,0.0264376
70,0.802778,71.0000038147,9784.72,59.568,0.0259352
71,0.8,71.9999957085,9537.36,58.4536,0.0254423
72,0.805556,69.9999904633,9306.53,57.0456,0.0249587
73,0.805556,69.9999904633,9081.31,57.0708,0.0244844
74,0.805556,69.9999904633,8861.24,57.0724,0.024019
75,0.811111,68.0000066757,8652.57,55.8448,0.0235625
76,0.813889,66.9999933243,8458.4,54.7053,0.0231147
77,0.813889,66.9999933243,8269.44,54.7319,0.0226754
78,0.816667,66.0000014305,8084.2,53.9227,0.0222445
79,0.819444,65.0000095367,7910.68,53.1558,0.0218217
80,0.819444,65.0000095367,7744.41,53.182,0.021407
81,0.819444,65.0000095367,7586.58,52.8605,0.0210001
82,0.825,63.0000042915,7432.69,52.1985,0.020601
83,0.830556,60.9999990463,7285.09,50.7498,0.0202095
84,0.833333,60.0000071526,7143.78,49.3225,0.0198254
85,0.838889,58.0000019073,7023.37,47.0815,0.0194486
86,0.841667,57.0000100136,6909.16,46.5668,0.019079
87,0.841667,57.0000100136,6800.72,45.7797,0.0187164
88,0.844444,55.9999966621,6699.11,45.4786,0.0183607
89,0.844444,55.9999966621,6600.15,45.4724,0.0180117
90,0.841667,57.0000100136,6503.18,45.7603,0.0176694
91,0.841667,57.0000100136,6407.52,45.0733,0.0173336
92,0.844444,55.9999966621,6315.42,45.4652,0.0170042
93,0.841667,57.0000100136,6224.05,45.0782,0.016681
94,0.841667,57.0000100136,6136.38,45.7589,0.016364
95,0.844444,55.9999966621,6048.8,44.8196,0.016053
96,0.852778,52.9999995232,5966.28,42.8921,0.0157479
97,0.852778,52.9999995232,5886.35,42.889,0.0154486
98,0.852778,52.9999995232,5809.21,42.8883,0.015155
99,0.85,53.9999914169,5732.28,43.2198,0.014867
100,0.858333,50.999994278,5663.62,40.8011,0.0145844
101,0.861111,50.0000023842,5597.55,40.1269,0.0143072
102,0.866667,47.999997139,5533.8,39.4881,0.0140353
103,0.866667,47.999997139,5473.62,39.4946,0.0137686
104,0.866667,47.999997139,5414.56,39.5019,0.0135069
105,0.866667,47.999997139,5356.59,39.5097,0.0132502
106,0.866667,47.999997139,5299.68,39.5181,0.0129984
107,0.866667,47.999997139,5243.83,39.5271,0.0127513
108,0.866667,47.999997139,5189.0,39.5365,0.012509
109,0.869444,47.0000052452,5136.16,38.3913,0.0122713
110,0.869444,47.0000052452,5085.29,38.4039,0.012038
111,0.869444,47.0000052452,5035.34,38.4169,0.0118092
112,0.869444,47.0000052452,4986.3,38.4302,0.0115848
113,0.872222,45.9999918938,4938.63,37.9262,0.0113646
114,0.872222,45.9999918938,4893.17,37.9451,0.0111486
115,0.872222,45.9999918938,4848.52,37.9642,0.0109368
116,0.872222,45.9999918938,4804.66,37.9834,0.0107289
117,0.872222,45.9999918938,4761.59,38.0026,0.010525
118,0.872222,45.9999918938,4719.28,38.0219,0.010325
119,0.872222,45.9999918938,4677.73,38.0412,0.0101287
120,0.872222,45.9999918938,4636.92,38.0605,0.00993624
121,0.872222,45.9999918938,4596.84,38.0798,0.0097474
122,0.872222,45.9999918938,4557.47,38.0991,0.00956215
123,0.872222,45.9999918938,4518.8,38.1184,0.00938042
124,0.869444,47.0000052452,4481.68,37.8093,0.00920214
125,0.875,45.0,4447.23,36.475,0.00902725
126,0.875,45.0,4415.08,36.4869,0.00885569
127,0.875,45.0,4383.52,36.4989,0.00868738
128,0.875,45.0,4352.54,36.5108,0.00852228
129,0.875,45.0,4322.12,36.5228,0.00836031
130,0.875,45.0,4292.25,36.5348,0.00820142
131,0.875,45.0,4262.93,36.5467,0.00804555
132,0.872222,45.9999918938,4234.18,36.6446,0.00789264
133,0.875,45.0,4205.94,36.5691,0.00774264
134,0.875,45.0,4178.19,36.581,0.00759549
135,0.877778,44.0000081062,4151.36,36.3285,0.00745113
136,0.877778,44.0000081062,4125.07,36.3367,0.00730952
137,0.875,45.0,4099.29,36.4242,0.0071706
138,0.875,45.0,4074.03,36.431,0.00703432
139,0.877778,44.0000081062,4049.15,36.3599,0.00690063
140,0.886111,40.9999895096,4026.04,34.2056,0.00676948
141,0.883333,42.000002861,4005.03,34.2067,0.00664083
142,0.886111,40.9999895096,3984.4,34.2132,0.00651462
143,0.883333,42.000002861,3964.19,34.2124,0.00639081
144,0.888889,39.9999976158,3944.34,33.8856,0.00626935
145,0.886111,40.9999895096,3924.89,33.7519,0.0061502
146,0.888889,39.9999976158,3906.11,33.2288,0.00603331
147,0.888889,39.9999976158,3888.0,33.2337,0.00591865
148,0.891667,39.000005722,3870.65,31.5634,0.00580616
149,0.891667,39.000005722,3855.04,31.5674,0.00569581
150,0.894444,37.9999923706,3839.68,31.6939,0.00558756
151,0.891667,39.000005722,3824.65,31.5749,0.00548137
152,0.894444,37.9999923706,3809.87,31.7029,0.00537719
153,0.891667,39.000005722,3795.38,31.5823,0.005275
154,0.894444,37.9999923706,3781.15,31.7117,0.00517474
155,0.891667,39.000005722,3767.2,31.5896,0.0050764
156,0.897222,37.0000004768,3754.04,30.6244,0.00497992
157,0.894444,37.9999923706,3741.78,30.4659,0.00488527
158,0.894444,37.9999923706,3729.75,30.4686,0.00479243
159,0.897222,37.0000004768,3717.98,30.6348,0.00470135
160,0.894444,37.9999923706,3706.36,30.4743,0.004612
161,0.897222,37.0000004768,3695.0,30.6417,0.00452434
162,0.894444,37.9999923706,3683.84,30.48,0.00443836
163,0.894444,37.9999923706,3672.9,30.4826,0.004354
164,0.897222,37.0000004768,3662.21,30.6516,0.00427126
165,0.894444,37.9999923706,3651.63,30.4881,0.00419008
166,0.897222,37.0000004768,3641.3,30.6582,0.00411045
167,0.894444,37.9999923706,3631.15,30.4936,0.00403232
168,0.894444,37.9999923706,3621.2,30.4961,0.00395569
169,0.897222,37.0000004768,3611.47,30.6677,0.00388051
170,0.894444,37.9999923706,3601.85,30.5014,0.00380676
171,0.897222,37.0000004768,3592.46,30.6739,0.00373441
172,0.894444,37.9999923706,3583.23,30.5066,0.00366344
173,0.894444,37.9999923706,3574.18,30.509,0.00359381
174,0.897222,37.0000004768,3565.33,30.6828,0.00352551
175,0.894444,37.9999923706,3556.59,30.5141,0.00345851
176,0.897222,37.0000004768,3548.04,30.5164,0.00339278
177,0.894444,37.9999923706,3539.66,30.5191,0.0033283
178,0.894444,37.9999923706,3531.43,30.5213,0.00326504
179,0.897222,37.0000004768,3523.37,30.6972,0.00320299
180,0.894444,37.9999923706,3515.43,30.5261,0.00314212
181,0.894444,37.9999923706,3507.66,30.5283,0.0030824
182,0.897222,37.0000004768,3500.06,30.7053,0.00302382
183,0.894444,37.9999923706,3492.55,30.5329,0.00296635
184,0.897222,37.0000004768,3485.21,30.7106,0.00290997
185,0.894444,37.9999923706,3478.01,30.5375,0.00285467
186,0.897222,37.0000004768,3471.08,29.8032,0.00280041
187,0.9,36.0000085831,3464.58,29.989,0.00274719
188,0.897222,37.0000004768,3458.18,29.8047,0.00269498
189,0.897222,37.0000004768,3451.92,29.8054,0.00264376
190,0.9,36.0000085831,3445.79,29.9923,0.00259352
191,0.897222,37.0000004768,3439.74,29.8069,0.00254423
192,0.897222,37.0000004768,3433.82,29.8076,0.00249587
193,0.897222,37.0000004768,3428.01,29.8084,0.00244844
194,0.897222,37.0000004768,3422.32,29.8091,0.0024019
195,0.897222,37.0000004768,3416.73,29.8097,0.00235625
196,0.897222,37.0000004768,3411.25,29.8105,0.00231147
197,0.897222,37.0000004768,3405.88,29.8112,0.00226754
198,0.897222,37.0000004768,3400.64,30.0815,0.00222445
199,0.897222,37.0000004768,3395.57,30.0825,0.00218217
200,0.897222,37.0000004768,3390.6,30.0835,0.0021407
201,0.894444,37.9999923706,3385.68,29.8069,0.00210001
202,0.894444,37.9999923706,3380.88,29.8077,0.0020601
203,0.894444,37.9999923706,3376.18,29.8084,0.00202095
204,0.894444,37.9999923706,3371.56,29.8092,0.00198254
205,0.894444,37.9999923706,3367.04,29.8099,0.00194486
206,0.894444,37.9999923706,3362.6,29.8107,0.0019079
207,0.894444,37.9999923706,3358.24,29.8114,0.00187164
208,0.897222,37.0000004768,3353.97,29.8121,0.00183607
209,0.897222,37.0000004768,3349.78,30.0924,0.00180117
210,0.897222,37.0000004768,3345.67,30.0933,0.00176694
211,0.894444,37.9999923706,3341.61,29.8144,0.00173336
212,0.894444,37.9999923706,3337.65,29.8151,0.00170042
213,0.894444,37.9999923706,3333.77,29.8158,0.0016681
214,0.894444,37.9999923706,3329.95,29.8165,0.0016364
215,0.894444,37.9999923706,3326.22,29.8171,0.0016053
216,0.894444,37.9999923706,3322.55,29.8178,0.00157479
217,0.894444,37.9999923706,3318.95,29.8184,0.00154486
218,0.894444,37.9999923706,3315.42,29.819,0.0015155
219,0.897222,37.0000004768,3311.96,29.8197,0.0014867
220,0.897222,37.0000004768,3308.57,30.1018,0.00145844
221,0.897222,37.0000004768,3305.24,30.1026,0.00143072
222,0.894444,37.9999923706,3301.95,29.8217,0.00140353
223,0.894444,37.9999923706,3298.74,29.8222,0.00137686
224,0.894444,37.9999923706,3295.59,29.8228,0.00135069
225,0.894444,37.9999923706,3292.51,29.8234,0.00132502
226,0.894444,37.9999923706,3289.48,29.824,0.00129984
227,0.894444,37.9999923706,3286.51,29.8245,0.00127513
228,0.894444,37.9999923706,3283.59,29.8251,0.0012509
229,0.894444,37.9999923706,3280.73,29.8256,0.00122713
230,0.894444,37.9999923706,3277.93,29.8261,0.0012038
231,0.897222,37.0000004768,3275.18,29.8267,0.00118092
232,0.897222,37.0000004768,3272.48,30.1104,0.00115848
233,0.897222,37.0000004768,3269.84,30.111,0.00113646
234,0.897222,37.0000004768,3267.24,30.1116,0.00111486
235,0.894444,37.9999923706,3264.67,29.8288,0.00109368
236,0.894444,37.9999923706,3262.17,29.8293,0.00107289
237,0.894444,37.9999923706,3259.72,29.8298,0.0010525
238,0.894444,37.9999923706,3257.31,29.8303,0.0010325
239,0.894444,37.9999923706,3254.95,29.8307,0.00101287
240,0.894444,37.9999923706,3252.63,29.8312,0.000993624
241,0.894444,37.9999923706,3250.36,29.8316,0.00097474
242,0.894444,37.9999923706,3248.13,29.8321,0.000956215
243,0.897222,37.0000004768,3245.94,29.8325,0.000938042
244,0.897222,37.0000004768,3243.8,30.1175,0.000920214
245,0.897222,37.0000004768,3241.7,30.118,0.000902725
246,0.897222,37.0000004768,3239.63,30.1185,0.000885569
247,0.894444,37.9999923706,3237.59,29.8343,0.000868738
248,0.894444,37.9999923706,3235.61,29.8347,0.000852228
249,0.894444,37.9999923706,3233.66,29.8351,0.000836031
250,0.894444,37.9999923706,3231.75,29.8355,0.000820142
251,0.894444,37.9999923706,3229.87,29.8359,0.000804555
252,0.894444,37.9999923706,3228.03,29.8362,0.000789264
253,0.894444,37.9999923706,3226.22,29.8366,0.000774264
254,0.894444,37.9999923706,3224.45,29.837,0.000759549
255,0.894444,37.9999923706,3222.71,29.8373,0.000745113
256,0.894444,37.9999923706,3221.01,29.8377,0.000730952
257,0.897222,37.0000004768,3219.34,29.838,0.00071706
258,0.897222,37.0000004768,3217.7,30.1241,0.000703432
259,0.897222,37.0000004768,3216.09,30.1245,0.000690063
260,0.897222,37.0000004768,3214.52,30.1249,0.000676948
261,0.894444,37.9999923706,3212.95,29.8394,0.000664083
262,0.894444,37.9999923706,3211.43,29.8398,0.000651462
263,0.894444,37.9999923706,3209.94,29.8401,0.000639081
264,0.894444,37.9999923706,3208.48,29.8404,0.000626934
265,0.894444,37.9999923706,3207.05,29.8407,0.00061502
266,0.894444,37.9999923706,3205.64,29.841,0.000603331
267,0.894444,37.9999923706,3204.26,29.8413,0.000591865
268,0.897222,37.0000004768,3202.93,28.8672,0.000580616
269,0.9,36.0000085831,3201.7,29.024,0.000569581
270,0.897222,37.0000004768,3200.5,28.8682,0.000558756
271,0.9,36.0000085831,3199.32,29.025,0.000548137
272,0.897222,37.0000004768,3198.16,28.8691,0.000537719
273,0.9,36.0000085831,3197.02,29.0259,0.0005275
274,0.897222,37.0000004768,3195.9,28.87,0.000517474
275,0.9,36.0000085831,3194.81,28.8704,0.00050764
276,0.897222,37.0000004768,3193.74,28.8708,0.000497992
277,0.897222,37.0000004768,3192.69,28.8712,0.000488527
278,0.9,36.0000085831,3191.65,29.0281,0.000479243
279,0.897222,37.0000004768,3190.64,28.872,0.000470135
280,0.9,36.0000085831,3189.65,29.029,0.0004612
281,0.897222,37.0000004768,3188.67,28.8728,0.000452434
282,0.9,36.0000085831,3187.71,29.0298,0.000443836
283,0.897222,37.0000004768,3186.77,28.8735,0.0004354
284,0.9,36.0000085831,3185.85,28.8739,0.000427126
285,0.897222,37.0000004768,3184.95,28.8742,0.000419008
286,0.897222,37.0000004768,3184.06,28.8746,0.000411045
287,0.897222,37.0000004768,3183.2,28.8749,0.000403232
288,0.897222,37.0000004768,3182.34,28.8753,0.000395569
289,0.9,36.0000085831,3181.51,29.0323,0.000388051
290,0.897222,37.0000004768,3180.68,28.8759,0.000380676
291,0.9,36.0000085831,3179.88,29.033,0.000373441
292,0.897222,37.0000004768,3179.09,28.8765,0.000366344
293,0.9,36.0000085831,3178.32,28.8768,0.000359381
294,0.897222,37.0000004768,3177.56,28.8772,0.000352551
295,0.9,36.0000085831,3176.81,28.8774,0.000345851
296,0.897222,37.0000004768,3176.08,28.8777,0.000339278
297,0.897222,37.0000004768,3175.36,28.878,0.00033283
298,0.9,36.0000085831,3174.66,29.0352,0.000326504
299,0.897222,37.0000004768,3173.96,28.8786,0.000320299
300,0.9,36.0000085831,3173.29,29.0357,0.000314212
301,0.897222,37.0000004768,3172.62,28.8791,0.00030824
302,0.9,36.0000085831,3171.97,29.0362,0.000302382
303,0.897222,37.0000004768,3171.33,28.8933,0.000296635
304,0.9,36.0000085831,3170.71,29.0367,0.000290997
305,0.897222,37.0000004768,3170.09,28.8937,0.000285467
306,0.9,36.0000085831,3169.49,29.0372,0.000280041
307,0.9,36.0000085831,3168.9,28.8804,0.000274719
308,0.897222,37.0000004768,3168.32,28.8943,0.000269498
309,0.9,36.0000085831,3167.75,28.8809,0.000264376
310,0.897222,37.0000004768,3167.19,28.8811,0.000259352
311,0.9,36.0000085831,3166.64,28.8812,0.000254423
312,0.897222,37.0000004768,3166.1,28.8815,0.000249587
313,0.9,36.0000085831,3165.57,28.8816,0.000244844
314,0.897222,37.0000004768,3165.06,28.8954,0.00024019
315,0.9,36.0000085831,3164.55,28.882,0.000235625
316,0.897222,37.0000004768,3164.05,28.8957,0.000231147
317,0.9,36.0000085831,3163.56,28.8824,0.000226754
318,0.897222,37.0000004768,3163.08,28.8826,0.000222445
319,0.9,36.0000085831,3162.61,28.8827,0.000218217
320,0.897222,37.0000004768,3162.15,28.8829,0.00021407
321,0.9,36.0000085831,3161.7,29.0402,0.000210001
322,0.897222,37.0000004768,3161.26,28.8966,0.00020601
323,0.9,36.0000085831,3160.82,29.0406,0.000202095
324,0.897222,37.0000004768,3160.39,28.8969,0.000198254
325,0.9,36.0000085831,3159.97,29.0409,0.000194486
326,0.9,36.0000085831,3159.56,28.8839,0.00019079
327,0.9,36.0000085831,3159.16,29.0412,0.000187164
328,0.9,36.0000085831,3158.76,28.8842,0.000183607
329,0.9,36.0000085831,3158.38,29.0415,0.000180117
330,0.9,36.0000085831,3157.99,28.8977,0.000176694
331,0.9,36.0000085831,3157.62,29.0419,0.000173336
332,0.9,36.0000085831,3157.26,28.8979,0.000170042
333,0.9,36.0000085831,3156.9,29.0421,0.00016681
334,0.9,36.0000085831,3156.54,28.885,0.00016364
335,0.897222,37.0000004768,3156.2,28.8851,0.00016053
336,0.9,36.0000085831,3155.86,28.8852,0.000157479
337,0.897222,37.0000004768,3155.53,28.8854,0.000154486
338,0.9,36.0000085831,3155.2,29.0428,0.00015155
339,0.897222,37.0000004768,3154.88,28.8856,0.00014867
340,0.9,36.0000085831,3154.57,29.0431,0.000145844
341,0.897222,37.0000004768,3154.26,28.8989,0.000143072
342,0.9,36.0000085831,3153.96,29.0433,0.000140353
343,0.9,36.0000085831,3153.66,28.8861,0.000137686
344,0.9,36.0000085831,3153.37,29.0435,0.000135069
345,0.9,36.0000085831,3153.08,28.8863,0.000132502
346,0.9,36.0000085831,3152.8,29.0437,0.000129984
347,0.9,36.0000085831,3152.53,28.8865,0.000127513
348,0.9,36.0000085831,3152.26,29.044,0.00012509
349,0.9,36.0000085831,3151.99,28.8996,0.000122713
350,0.9,36.0000085831,3151.74,29.0442,0.00012038
351,0.9,36.0000085831,3151.48,28.8998,0.000118092
352,0.9,36.0000085831,3151.23,29.0444,0.000115848
353,0.9,36.0000085831,3150.98,28.8871,0.000113646
354,0.9,36.0000085831,3150.74,28.8871,0.000111486
355,0.9,36.0000085831,3150.51,28.8872,0.000109368
356,0.9,36.0000085831,3150.28,28.8873,0.000107289
357,0.9,36.0000085831,3150.05,28.8874,0.00010525
358,0.9,36.0000085831,3149.83,28.8875,0.00010325
359,0.9,36.0000085831,3149.61,28.8876,0.000101287
360,0.9,36.0000085831,3149.4,28.9005,9.93624e-05
361,0.9,36.0000085831,3149.19,28.8877,9.7474e-05
362,0.9,36.0000085831,3148.98,28.8878,9.56215e-05
363,0.9,36.0000085831,3148.78,28.8879,9.38042e-05
364,0.9,36.0000085831,3148.58,28.888,9.20214e-05
365,0.9,36.0000085831,3148.39,29.0455,9.02725e-05
366,0.9,36.0000085831,3148.2,28.9009,8.85569e-05
367,0.9,36.0000085831,3148.01,29.0456,8.68738e-05
368,0.9,36.0000085831,3147.82,28.901,8.52228e-05
369,0.9,36.0000085831,3147.64,29.0458,8.36031e-05
370,0.9,36.0000085831,3147.47,28.8884,8.20142e-05
371,0.9,36.0000085831,3147.29,29.0459,8.04555e-05
372,0.9,36.0000085831,3147.12,28.8885,7.89264e-05
373,0.9,36.0000085831,3146.96,29.0461,7.74264e-05
374,0.9,36.0000085831,3146.79,28.9013,7.59549e-05
375,0.9,36.0000085831,3146.63,29.0462,7.45113e-05
376,0.9,36.0000085831,3146.47,28.9015,7.30952e-05
377,0.9,36.0000085831,3146.32,29.0463,7.1706e-05
378,0.9,36.0000085831,3146.17,28.8889,7.03432e-05
379,0.9,36.0000085831,3146.02,28.9016,6.90063e-05
380,0.9,36.0000085831,3145.88,28.889,6.76948e-05
381,0.9,36.0000085831,3145.73,28.889,6.64083e-05
382,0.9,36.0000085831,3145.59,28.8891,6.51462e-05
383,0.9,36.0000085831,3145.45,28.8891,6.39081e-05
384,0.9,36.0000085831,3145.32,28.8892,6.26934e-05
385,0.9,36.0000085831,3145.19,28.9019,6.1502e-05
386,0.9,36.0000085831,3145.06,29.0468,6.03331e-05
387,0.9,36.0000085831,3144.93,28.8893,5.91865e-05
388,0.9,36.0000085831,3144.8,29.0469,5.80616e-05
389,0.9,36.0000085831,3144.68,28.8894,5.69581e-05
390,0.9,36.0000085831,3144.56,29.047,5.58756e-05
391,0.9,36.0000085831,3144.44,28.8895,5.48137e-05
392,0.9,36.0000085831,3144.33,29.0471,5.37719e-05
393,0.9,36.0000085831,3144.21,28.9022,5.275e-05
394,0.9,36.0000085831,3144.1,29.0472,5.17474e-05
395,0.9,36.0000085831,3143.99,28.8897,5.0764e-05
396,0.9,36.0000085831,3143.88,28.9023,4.97992e-05
397,0.9,36.0000085831,3143.78,28.8898,4.88527e-05
398,0.9,36.0000085831,3143.68,28.8898,4.79243e-05
399,0.9,36.0000085831,3143.57,28.8898,4.70135e-05
400,0.9,36.0000085831,3143.47,28.8899,4.612e-05
401,0.9,36.0000085831,3143.38,29.0475,4.52434e-05
402,0.9,36.0000085831,3143.28,28.8899,4.43836e-05
403,0.9,36.0000085831,3143.19,28.89,4.354e-05
404,0.9,36.0000085831,3143.09,28.9026,4.27126e-05
405,0.9,36.0000085831,3143.01,28.89,4.19008e-05
406,0.9,36.0000085831,3142.92,28.8901,4.11045e-05
407,0.9,36.0000085831,3142.83,28.8901,4.03233e-05
408,0.9,36.0000085831,3142.74,28.8901,3.95569e-05
409,0.9,36.0000085831,3142.66,29.0478,3.88051e-05
410,0.9,36.0000085831,3142.58,28.9027,3.80676e-05
411,0.9,36.0000085831,3142.5,29.0478,3.73441e-05
412,0.9,36.0000085831,3142.42,28.9028,3.66344e-05
413,0.9,36.0000085831,3142.34,29.0479,3.59381e-05
414,0.9,36.0000085831,3142.27,28.8903,3.52551e-05
415,0.9,36.0000085831,3142.19,29.0479,3.45851e-05
416,0.9,36.0000085831,3142.12,28.8904,3.39278e-05
417,0.9,36.0000085831,3142.05,29.048,3.3283e-05
418,0.9,36.0000085831,3141.98,28.903,3.26504e-05
419,0.9,36.0000085831,3141.91,29.0481,3.20299e-05
420,0.9,36.0000085831,3141.84,28.903,3.14212e-05
421,0.9,36.0000085831,3141.77,29.0481,3.0824e-05
422,0.9,36.0000085831,3141.71,28.8905,3.02382e-05
423,0.9,36.0000085831,3141.64,28.9031,2.96635e-05
424,0.9,36.0000085831,3141.58,28.8906,2.90997e-05
425,0.9,36.0000085831,3141.52,28.8906,2.85467e-05
426,0.9,36.0000085831,3141.46,28.8906,2.80041e-05
427,0.9,36.0000085831,3141.4,28.8906,2.74719e-05
428,0.9,36.0000085831,3141.34,28.8907,2.69498e-05
429,0.9,36.0000085831,3141.29,28.9032,2.64376e-05
430,0.9,36.0000085831,3141.23,28.8907,2.59352e-05
431,0.9,36.0000085831,3141.17,29.0484,2.54422e-05
432,0.9,36.0000085831,3141.12,28.8908,2.49587e-05
433,0.9,36.0000085831,3141.07,28.8908,2.44844e-05
434,0.9,36.0000085831,3141.02,28.8908,2.4019e-05
435,0.9,36.0000085831,3140.97,28.8908,2.35625e-05
436,0.9,36.0000085831,3140.92,28.8908,2.31147e-05
437,0.9,36.0000085831,3140.87,28.8909,2.26754e-05
438,0.9,36.0000085831,3140.82,28.8909,2.22445e-05
439,0.9,36.0000085831,3140.77,28.9034,2.18217e-05
440,0.9,36.0000085831,3140.72,28.8909,2.1407e-05
441,0.9,36.0000085831,3140.68,28.9034,2.10001e-05
442,0.9,36.0000085831,3140.63,29.0486,2.0601e-05
443,0.9,36.0000085831,3140.59,28.9034,2.02095e-05
444,0.9,36.0000085831,3140.55,29.0486,1.98254e-05
445,0.9,36.0000085831,3140.5,28.891,1.94486e-05
446,0.9,36.0000085831,3140.46,28.891,1.9079e-05
447,0.9,36.0000085831,3140.42,28.891,1.87164e-05
448,0.9,36.0000085831,3140.38,29.0487,1.83607e-05
449,0.9,36.0000085831,3140.34,28.891,1.80117e-05
450,0.9,36.0000085831,3140.3,29.0163,1.76694e-05
451,0.9,36.0000085831,3140.27,28.8911,1.73336e-05
452,0.9,36.0000085831,3140.23,29.0487,1.70042e-05
453,0.9,36.0000085831,3140.19,28.9035,1.6681e-05
454,0.9,36.0000085831,3140.16,29.0488,1.6364e-05
455,0.9,36.0000085831,3140.12,28.9036,1.6053e-05
456,0.9,36.0000085831,3140.09,29.0488,1.57479e-05
457,0.9,36.0000085831,3140.06,28.9036,1.54486e-05
458,0.9,36.0000085831,3140.02,29.0488,1.5155e-05
459,0.9,36.0000085831,3139.99,28.8912,1.4867e-05
460,0.9,36.0000085831,3139.96,28.8912,1.45844e-05
461,0.9,36.0000085831,3139.93,28.8912,1.43072e-05
462,0.9,36.0000085831,3139.9,29.0489,1.40353e-05
463,0.9,36.0000085831,3139.87,28.8912,1.37686e-05
464,0.9,36.0000085831,3139.84,29.0489,1.35069e-05
465,0.9,36.0000085831,3139.81,28.9037,1.32502e-05
466,0.9,36.0000085831,3139.78,29.0489,1.29984e-05
467,0.9,36.0000085831,3139.76,29.0489,1.27513e-05
468,0.9,36.0000085831,3139.73,28.8913,1.2509e-05
469,0.9,36.0000085831,3139.7,29.0489,1.22713e-05
470,0.9,36.0000085831,3139.68,28.8913,1.2038e-05
471,0.9,36.0000085831,3139.65,28.8913,1.18092e-05
472,0.9,36.0000085831,3139.63,29.049,1.15848e-05
473,0.9,36.0000085831,3139.6,28.9037,1.13646e-05
474,0.9,36.0000085831,3139.58,29.049,1.11486e-05
475,0.9,36.0000085831,3139.56,28.8913,1.09368e-05
476,0.9,36.0000085831,3139.53,29.049,1.07289e-05
477,0.9,36.0000085831,3139.51,28.9038,1.0525e-05
478,0.9,36.0000085831,3139.49,28.9038,1.0325e-05
479,0.9,36.0000085831,3139.47,28.8914,1.01287e-05
480,0.9,36.0000085831,3139.45,28.9038,9.93625e-06
481,0.9,36.0000085831,3139.43,28.8914,9.7474e-06
482,0.9,36.0000085831,3139.4,28.9038,9.56215e-06
483,0.9,36.0000085831,3139.38,28.8914,9.38042e-06
484,0.9,36.0000085831,3139.37,28.9038,9.20215e-06
485,0.9,36.0000085831,3139.35,28.8914,9.02725e-06
486,0.9,36.0000085831,3139.33,28.8914,8.85569e-06
487,0.9,36.0000085831,3139.31,28.8914,8.68738e-06
488,0.9,36.0000085831,3139.29,29.0166,8.52227e-06
489,0.9,36.0000085831,3139.27,28.8914,8.36031e-06
490,0.9,36.0000085831,3139.25,28.8914,8.20142e-06
491,0.9,36.0000085831,3139.24,28.8915,8.04555e-06
492,0.9,36.0000085831,3139.22,29.0491,7.89264e-06
493,0.9,36.0000085831,3139.2,28.8915,7.74264e-06
494,0.9,36.0000085831,3139.19,28.8915,7.59549e-06
495,0.9,36.0000085831,3139.17,28.8915,7.45113e-06
496,0.9,36.0000085831,3139.15,28.8915,7.30952e-06
497,0.9,36.0000085831,3139.14,29.0492,7.1706e-06
498,0.9,36.0000085831,3139.12,28.8915,7.03432e-06
499,0.9,36.0000085831,3139.11,28.8915,6.90064e-06
500,0.9,36.0000085831,3139.09,28.8915,6.76948e-06
501,0.9,36.0000085831,3139.08,29.0492,6.64083e-06
502,0.9,36.0000085831,3139.07,28.9039,6.51462e-06
503,0.9,36.0000085831,3139.05,28.8915,6.3908e-06
504,0.9,36.0000085831,3139.04,28.8915,6.26934e-06
505,0.9,36.0000085831,3139.03,28.8915,6.1502e-06
506,0.9,36.0000085831,3139.01,28.9039,6.03331e-06
507,0.9,36.0000085831,3139.0,28.8916,5.91864e-06
508,0.9,36.0000085831,3138.99,29.0492,5.80616e-06
509,0.9,36.0000085831,3138.98,28.8916,5.69581e-06
510,0.9,36.0000085831,3138.97,29.0492,5.58756e-06
511,0.9,36.0000085831,3138.95,28.904,5.48137e-06
512,0.9,36.0000085831,3138.94,29.0168,5.37719e-06
513,0.9,36.0000085831,3138.93,28.904,5.275e-06
514,0.9,36.0000085831,3138.92,29.0493,5.17475e-06
515,0.9,36.0000085831,3138.91,28.8916,5.0764e-06
516,0.9,36.0000085831,3138.9,29.0493,4.97992e-06
517,0.9,36.0000085831,3138.89,28.8916,4.88528e-06
518,0.9,36.0000085831,3138.88,28.904,4.79243e-06
519,0.9,36.0000085831,3138.87,28.8916,4.70135e-06
520,0.9,36.0000085831,3138.86,29.0493,4.612e-06
521,0.9,36.0000085831,3138.85,28.8916,4.52435e-06
522,0.9,36.0000085831,3138.84,28.8916,4.43836e-06
523,0.9,36.0000085831,3138.83,28.904,4.354e-06
524,0.9,36.0000085831,3138.82,28.8916,4.27126e-06
525,0.9,36.0000085831,3138.81,29.0493,4.19008e-06
526,0.9,36.0000085831,3138.8,28.904,4.11044e-06
527,0.9,36.0000085831,3138.8,28.904,4.03233e-06
528,0.9,36.0000085831,3138.79,28.8916,3.95569e-06
529,0.9,36.0000085831,3138.78,28.904,3.88051e-06
530,0.9,36.0000085831,3138.77,29.0493,3.80676e-06
531,0.9,36.0000085831,3138.76,28.8917,3.73441e-06
532,0.9,36.0000085831,3138.76,28.8917,3.66344e-06
533,0.9,36.0000085831,3138.75,29.0493,3.59381e-06
534,0.9,36.0000085831,3138.74,29.0494,3.52551e-06
535,0.9,36.0000085831,3138.73,28.8917,3.45851e-06
536,0.9,36.0000085831,3138.73,28.8917,3.39278e-06
537,0.9,36.0000085831,3138.72,29.0494,3.3283e-06
538,0.9,36.0000085831,3138.71,28.8917,3.26504e-06
539,0.9,36.0000085831,3138.7,28.8917,3.20299e-06
540,0.9,36.0000085831,3138.7,28.8917,3.14212e-06
541,0.9,36.0000085831,3138.69,28.8917,3.0824e-06
542,0.9,36.0000085831,3138.68,28.8917,3.02382e-06
543,0.9,36.0000085831,3138.68,28.8917,2.96635e-06
544,0.9,36.0000085831,3138.67,28.8917,2.90997e-06
545,0.9,36.0000085831,3138.66,28.8917,2.85467e-06
546,0.9,36.0000085831,3138.66,28.8917,2.80041e-06
547,0.9,36.0000085831,3138.65,28.9041,2.74719e-06
548,0.9,36.0000085831,3138.64,28.9041,2.69498e-06
549,0.9,36.0000085831,3138.64,28.9041,2.64376e-06
550,0.9,36.0000085831,3138.63,29.0494,2.59352e-06
551,0.9,36.0000085831,3138.63,28.8917,2.54423e-06
552,0.9,36.0000085831,3138.62,28.8917,2.49587e-06
553,0.9,36.0000085831,3138.62,28.8917,2.44844e-06
554,0.9,36.0000085831,3138.61,28.8917,2.4019e-06
555,0.9,36.0000085831,3138.61,28.8917,2.35626e-06
556,0.9,36.0000085831,3138.6,28.8917,2.31147e-06
557,0.9,36.0000085831,3138.6,29.0494,2.26754e-06
558,0.9,36.0000085831,3138.59,28.8917,2.22445e-06
559,0.9,36.0000085831,3138.59,28.8917,2.18217e-06
560,0.9,36.0000085831,3138.58,28.8917,2.1407e-06
561,0.9,36.0000085831,3138.58,28.9041,2.10001e-06
562,0.9,36.0000085831,3138.58,28.8918,2.0601e-06
563,0.9,36.0000085831,3138.57,28.9041,2.02095e-06
564,0.9,36.0000085831,3138.57,29.0494,1.98254e-06
565,0.9,36.0000085831,3138.56,28.9041,1.94486e-06
566,0.9,36.0000085831,3138.56,28.9041,1.9079e-06
567,0.9,36.0000085831,3138.56,28.8918,1.87164e-06
568,0.9,36.0000085831,3138.55,28.9041,1.83607e-06
569,0.9,36.0000085831,3138.55,28.9041,1.80117e-06
570,0.9,36.0000085831,3138.55,28.9041,1.76694e-06
571,0.9,36.0000085831,3138.54,28.9041,1.73336e-06
572,0.9,36.0000085831,3138.54,29.0169,1.70042e-06
573,0.9,36.0000085831,3138.54,29.0169,1.6681e-06
574,0.9,36.0000085831,3138.53,28.9041,1.6364e-06
575,0.9,36.0000085831,3138.53,28.9041,1.6053e-06
576,0.9,36.0000085831,3138.53,28.9041,1.57479e-06
577,0.9,36.0000085831,3138.53,28.9041,1.54486e-06
578,0.9,36.0000085831,3138.52,29.017,1.5155e-06
579,0.9,36.0000085831,3138.52,28.9041,1.4867e-06
580,0.9,36.0000085831,3138.52,29.017,1.45844e-06
581,0.9,36.0000085831,3138.51,29.017,1.43072e-06
582,0.9,36.0000085831,3138.51,28.9041,1.40353e-06
583,0.9,36.0000085831,3138.51,28.9041,1.37686e-06
584,0.9,36.0000085831,3138.51,28.9041,1.35069e-06
585,0.9,36.0000085831,3138.5,28.9041,1.32502e-06
586,0.9,36.0000085831,3138.5,28.9042,1.29984e-06
587,0.9,36.0000085831,3138.5,28.9042,1.27513e-06
588,0.9,36.0000085831,3138.5,28.9042,1.2509e-06
589,0.9,36.0000085831,3138.49,28.9042,1.22713e-06
590,0.9,36.0000085831,3138.49,28.9042,1.2038e-06
591,0.9,36.0000085831,3138.49,28.9042,1.18092e-06
592,0.9,36.0000085831,3138.49,28.9042,1.15848e-06
593,0.9,36.0000085831,3138.49,28.9042,1.13646e-06
594,0.9,36.0000085831,3138.48,28.9042,1.11486e-06
595,0.9,36.0000085831,3138.48,28.9042,1.09368e-06
596,0.9,36.0000085831,3138.48,28.9042,1.07289e-06
597,0.9,36.0000085831,3138.48,28.9042,1.0525e-06
598,0.9,36.0000085831,3138.48,28.9042,1.0325e-06
599,0.9,36.0000085831,3138.47,28.9042,1.01287e-06
600,0.9,36.0000085831,3138.47,28.9042,9.93625e-07
601,0.9,36.0000085831,3138.47,28.9042,9.7474e-07
602,0.9,36.0000085831,3138.47,28.9042,9.56215e-07
603,0.9,36.0000085831,3138.47,28.9042,9.38042e-07
604,0.9,36.0000085831,3138.47,28.9042,9.20215e-07
605,0.9,36.0000085831,3138.47,28.9042,9.02725e-07
606,0.9,36.0000085831,3138.46,28.9042,8.85569e-07
607,0.9,36.0000085831,3138.46,28.9042,8.68739e-07
608,0.9,36.0000085831,3138.46,28.9042,8.52227e-07
609,0.9,36.0000085831,3138.46,28.9042,8.36031e-07
610,0.9,36.0000085831,3138.46,28.9042,8.20142e-07
611,0.9,36.0000085831,3138.46,28.9042,8.04555e-07
612,0.9,36.0000085831,3138.46,28.9042,7.89264e-07
613,0.9,36.0000085831,3138.46,28.9042,7.74264e-07
614,0.9,36.0000085831,3138.46,28.9042,7.59549e-07
615,0.9,36.0000085831,3138.45,28.9042,7.45114e-07
616,0.9,36.0000085831,3138.45,28.9042,7.30952e-07
617,0.9,36.0000085831,3138.45,28.9042,7.1706e-07
618,0.9,36.0000085831,3138.45,28.9042,7.03432e-07
619,0.9,36.0000085831,3138.45,28.9042,6.90064e-07
620,0.9,36.0000085831,3138.45,28.9042,6.76948e-07
621,0.9,36.0000085831,3138.45,28.9042,6.64083e-07
622,0.9,36.0000085831,3138.45,28.9042,6.51462e-07
623,0.9,36.0000085831,3138.45,28.9042,6.3908e-07
624,0.9,36.0000085831,3138.45,28.9042,6.26935e-07
625,0.9,36.0000085831,3138.45,28.9042,6.1502e-07
0.9,3138.45,2.215090751647949,0.5625,1.46639268545,0.303247636946
