60,10,0.4,2,1000, .1 
0,0.494444,182.000005245,1.28662e+06,755.685,0.0997458
1,0.494444,182.000005245,1.12755e+06,711.461,0.0989871
2,0.513889,174.999997616,991205.0,660.298,0.0982341
3,0.533333,167.999989986,874506.0,610.5,0.0974869
4,0.541667,164.999992847,775781.0,575.823,0.0967453
5,0.552778,161.000003815,687679.0,546.934,0.0960094
6,0.558333,158.999998569,608794.0,517.368,0.0952791
7,0.569444,155.000009537,538067.0,488.395,0.0945543
8,0.586111,148.999993801,476730.0,455.213,0.0938351
9,0.583333,150.000007153,424268.0,431.467,0.0931213
10,0.6,143.999991417,377650.0,403.157,0.092413
11,0.613889,139.00001049,336824.0,383.066,0.09171
12,0.616667,137.999997139,300446.0,363.379,0.0910124
13,0.630556,132.999994755,268020.0,345.12,0.0903201
14,0.647222,127.000000477,238837.0,325.888,0.0896331
15,0.647222,127.000000477,213004.0,318.322,0.0889513
16,0.652778,124.999995232,188647.0,306.813,0.0882746
17,0.669444,119.000000954,167547.0,283.103,0.0876032
18,0.680556,114.999990463,149562.0,261.526,0.0869368
19,0.680556,114.999990463,133643.0,254.596,0.0862755
20,0.691667,111.000001431,119219.0,234.508,0.0856192
21,0.705556,105.999999046,106618.0,224.524,0.0849679
22,0.719444,100.999996662,95607.5,209.424,0.0843216
23,0.727778,97.9999995232,85967.9,195.4,0.0836802
24,0.738889,94.0000104904,77990.4,176.319,0.0830437
25,0.747222,90.9999918938,71197.8,167.965,0.082412
26,0.752778,89.0000081062,65072.7,162.661,0.0817851
27,0.75,90.0,59293.3,157.493,0.081163
28,0.761111,85.9999895096,53876.2,148.274,0.0805456
29,0.766667,84.000005722,48799.7,145.161,0.0799329
30,0.786111,76.9999980927,44147.5,129.786,0.0793249
31,0.786111,76.9999980927,40215.9,126.822,0.0787215
32,0.8,71.9999957085,36877.5,110.367,0.0781227
33,0.808333,68.9999985695,34265.4,103.917,0.0775285
34,0.813889,66.9999933243,31961.6,100.115,0.0769387
35,0.813889,66.9999933243,29807.6,97.3431,0.0763535
36,0.819444,65.0000095367,27787.7,89.9623,0.0757727
37,0.830556,60.9999990463,26020.2,82.9012,0.0751963
38,0.830556,60.9999990463,24483.0,83.2575,0.0746243
39,0.833333,60.0000071526,22993.7,81.998,0.0740567
40,0.833333,60.0000071526,21549.1,81.5248,0.0734933
41,0.844444,55.9999966621,20284.8,74.5873,0.0729343
42,0.841667,57.0000100136,19092.3,74.7611,0.0723795
43,0.863889,49.0000104904,17952.6,62.9474,0.0718289
44,0.872222,45.9999918938,17117.6,59.2894,0.0712826
45,0.880556,42.9999947548,16430.3,56.6602,0.0707403
46,0.886111,40.9999895096,15844.2,55.004,0.0702022
47,0.891667,39.000005722,15286.7,54.0641,0.0696682
48,0.891667,39.000005722,14743.3,54.143,0.0691383
49,0.891667,39.000005722,14201.2,54.7142,0.0686124
50,0.888889,39.9999976158,13667.8,53.966,0.0680905
51,0.891667,39.000005722,13160.6,53.2004,0.0675725
52,0.886111,40.9999895096,12675.1,53.1765,0.0670585
53,0.891667,39.000005722,12194.5,52.1832,0.0665484
54,0.894444,37.9999923706,11728.2,52.5804,0.0660422
55,0.886111,40.9999895096,11261.9,53.9902,0.0655399
56,0.894444,37.9999923706,10794.6,52.9119,0.0650413
57,0.9,36.0000085831,10401.4,49.1891,0.0645466
58,0.894444,37.9999923706,10003.4,51.0401,0.0640556
59,0.902778,34.9999952316,9615.92,49.1277,0.0635683
60,0.9,36.0000085831,9232.32,49.5969,0.0630848
61,0.908333,32.9999899864,8855.44,47.8972,0.0626049
62,0.902778,34.9999952316,8500.32,48.4499,0.0621287
63,0.905556,34.0000033379,8158.93,46.0671,0.0616561
64,0.913889,31.0000061989,7829.88,44.2047,0.0611871
65,0.913889,31.0000061989,7525.4,44.2536,0.0607217
66,0.916667,29.9999928474,7240.24,42.1156,0.0602598
67,0.916667,29.9999928474,6958.48,42.327,0.0598014
68,0.922222,28.0000090599,6687.47,40.0909,0.0593465
69,0.922222,28.0000090599,6448.74,38.0075,0.0588951
70,0.927778,26.0000038147,6230.83,37.1937,0.0584471
71,0.925,26.9999957085,6014.61,37.6486,0.0580025
72,0.927778,26.0000038147,5796.64,37.5465,0.0575613
73,0.927778,26.0000038147,5577.24,37.7332,0.0571235
74,0.930556,24.9999904633,5357.35,36.5815,0.0566889
75,0.927778,26.0000038147,5154.52,36.9958,0.0562577
76,0.933333,23.9999985695,4991.21,33.3445,0.0558298
77,0.933333,23.9999985695,4842.11,33.4262,0.0554051
78,0.933333,23.9999985695,4693.0,33.5104,0.0549837
79,0.933333,23.9999985695,4543.87,33.597,0.0545654
80,0.933333,23.9999985695,4394.69,33.6861,0.0541504
81,0.936111,23.0000066757,4271.69,31.2832,0.0537384
82,0.933333,23.9999985695,4155.4,31.831,0.0533297
83,0.938889,21.9999933243,4054.75,29.1501,0.052924
84,0.936111,23.0000066757,3960.45,29.6159,0.0525214
85,0.938889,21.9999933243,3862.1,29.3404,0.0521219
86,0.938889,21.9999933243,3767.36,29.1181,0.0517254
87,0.941667,21.0000014305,3670.95,28.6784,0.051332
88,0.941667,21.0000014305,3580.8,28.951,0.0509415
89,0.944444,20.0000095367,3486.19,28.528,0.050554
90,0.941667,21.0000014305,3396.18,29.1302,0.0501695
91,0.944444,20.0000095367,3300.91,28.7246,0.0497879
92,0.944444,20.0000095367,3210.68,29.3276,0.0494091
93,0.944444,20.0000095367,3114.61,28.9257,0.0490333
94,0.944444,20.0000095367,3025.6,29.5111,0.0486603
95,0.947222,18.9999961853,2931.52,27.9093,0.0482902
96,0.947222,18.9999961853,2850.94,28.4821,0.0479228
97,0.947222,18.9999961853,2769.71,28.0841,0.0475583
98,0.958333,15.0000071526,2694.28,25.4486,0.0471966
99,0.958333,15.0000071526,2642.11,26.0597,0.0468375
100,0.961111,13.9999938011,2588.52,25.0834,0.0464813
101,0.961111,13.9999938011,2537.12,25.1178,0.0461277
102,0.958333,15.0000071526,2488.25,26.1452,0.0457768
103,0.961111,13.9999938011,2435.58,25.1854,0.0454286
104,0.963889,13.0000019073,2387.29,24.8162,0.045083
105,0.963889,13.0000019073,2343.88,25.4406,0.0447401
106,0.963889,13.0000019073,2300.66,24.7687,0.0443998
107,0.963889,13.0000019073,2260.53,25.4799,0.0440621
108,0.966667,12.0000100136,2218.51,24.5048,0.0437269
109,0.966667,12.0000100136,2177.01,24.5297,0.0433943
110,0.963889,13.0000019073,2144.06,27.1934,0.0430642
111,0.969444,10.9999966621,2099.91,24.9895,0.0427366
112,0.966667,12.0000100136,2061.85,25.4243,0.0424115
113,0.969444,10.9999966621,2022.48,25.8477,0.0420889
114,0.966667,12.0000100136,1984.82,25.4573,0.0417688
115,0.969444,10.9999966621,1946.49,25.8739,0.041451
116,0.963889,13.0000019073,1909.81,27.4683,0.0411357
117,0.966667,12.0000100136,1872.69,24.7135,0.0408228
118,0.972222,10.0000047684,1838.73,25.7982,0.0405123
119,0.969444,10.9999966621,1797.03,25.9276,0.0402041
120,0.966667,12.0000100136,1761.08,25.5624,0.0398983
121,0.969444,10.9999966621,1723.58,25.9541,0.0395948
122,0.975,8.99999141693,1688.42,25.4517,0.0392936
123,0.955556,15.9999990463,1657.72,30.3662,0.0389947
124,0.958333,15.0000071526,1635.79,21.8224,0.0386981
125,0.975,8.99999141693,1605.55,18.6069,0.0384038
126,0.966667,12.0000100136,1582.03,20.183,0.0381116
127,0.975,8.99999141693,1554.16,18.5285,0.0378217
128,0.963889,13.0000019073,1528.42,19.7979,0.037534
129,0.969444,10.9999966621,1502.08,19.4893,0.0372485
130,0.969444,10.9999966621,1476.34,19.5326,0.0369652
131,0.969444,10.9999966621,1451.55,19.6112,0.036684
132,0.961111,13.9999938011,1424.99,20.5173,0.036405
133,0.969444,10.9999966621,1400.45,21.2269,0.036128
134,0.969444,10.9999966621,1376.33,23.4342,0.0358532
135,0.969444,10.9999966621,1351.37,19.0481,0.0355805
136,0.972222,10.0000047684,1326.65,19.1369,0.0353099
137,0.975,8.99999141693,1301.61,18.6643,0.0350413
138,0.963889,13.0000019073,1277.01,19.9916,0.0347747
139,0.972222,10.0000047684,1252.58,19.4678,0.0345102
140,0.969444,10.9999966621,1227.45,19.9188,0.0342477
141,0.975,8.99999141693,1203.96,20.1534,0.0339872
142,0.966667,12.0000100136,1180.1,19.7011,0.0337286
143,0.961111,13.9999938011,1157.47,20.5109,0.0334721
144,0.975,8.99999141693,1130.98,19.091,0.0332175
145,0.975,8.99999141693,1108.09,18.77,0.0329648
146,0.966667,12.0000100136,1083.71,19.1629,0.0327141
147,0.966667,12.0000100136,1064.11,21.5582,0.0324652
148,0.972222,10.0000047684,1038.0,19.4944,0.0322182
149,0.966667,12.0000100136,1025.25,20.0244,0.0319732
150,0.972222,10.0000047684,1002.72,17.3763,0.03173
151,0.972222,10.0000047684,986.56,20.3211,0.0314886
152,0.966667,12.0000100136,970.964,20.0468,0.0312491
153,0.972222,10.0000047684,951.027,19.8402,0.0310114
154,0.975,8.99999141693,935.393,17.9961,0.0307755
155,0.963889,13.0000019073,919.601,23.5748,0.0305414
156,0.975,8.99999141693,902.758,18.4514,0.0303091
157,0.977778,7.99999952316,889.493,17.7925,0.0300785
158,0.972222,10.0000047684,872.304,17.5224,0.0298497
159,0.975,8.99999141693,858.039,18.4795,0.0296227
160,0.966667,12.0000100136,843.921,19.5554,0.0293973
161,0.975,8.99999141693,826.117,16.7846,0.0291737
162,0.977778,7.99999952316,813.378,18.2924,0.0289518
163,0.969444,10.9999966621,797.983,17.4196,0.0287316
164,0.977778,7.99999952316,783.565,19.721,0.028513
165,0.980556,7.00000762939,770.719,18.4599,0.0282961
166,0.972222,10.0000047684,756.008,17.3673,0.0280809
167,0.983333,5.99999427795,742.804,15.5934,0.0278673
168,0.977778,7.99999952316,736.382,18.0026,0.0276553
169,0.980556,7.00000762939,729.913,17.9162,0.0274449
170,0.975,8.99999141693,718.452,18.7177,0.0272362
171,0.983333,5.99999427795,711.002,16.9422,0.027029
172,0.980556,7.00000762939,705.018,16.0317,0.0268234
173,0.983333,5.99999427795,695.095,14.2048,0.0266194
174,0.977778,7.99999952316,687.806,18.0033,0.0264169
175,0.986111,5.00000238419,681.249,16.3853,0.0262159
176,0.983333,5.99999427795,675.342,17.8783,0.0260165
177,0.983333,5.99999427795,667.817,13.7876,0.0258186
178,0.988889,4.00001049042,662.38,13.7837,0.0256222
179,0.983333,5.99999427795,657.119,16.4229,0.0254273
180,0.988889,4.00001049042,651.911,13.7787,0.0252339
181,0.980556,7.00000762939,646.457,14.7088,0.025042
182,0.988889,4.00001049042,640.686,13.7812,0.0248515
183,0.975,8.99999141693,635.72,19.678,0.0246624
184,0.986111,5.00000238419,631.459,16.3698,0.0244748
185,0.986111,5.00000238419,626.356,15.0788,0.0242887
186,0.980556,7.00000762939,619.811,14.7115,0.0241039
187,0.983333,5.99999427795,616.319,16.1771,0.0239206
188,0.983333,5.99999427795,612.108,12.6033,0.0237386
189,0.975,8.99999141693,609.852,16.1803,0.023558
190,0.983333,5.99999427795,606.252,13.3205,0.0233788
191,0.983333,5.99999427795,603.294,14.9021,0.023201
192,0.986111,5.00000238419,601.165,13.1483,0.0230245
193,0.983333,5.99999427795,597.477,12.6052,0.0228494
194,0.977778,7.99999952316,594.445,13.4777,0.0226756
195,0.975,8.99999141693,590.76,16.1855,0.0225031
196,0.986111,5.00000238419,589.352,15.1262,0.0223319
197,0.988889,4.00001049042,585.875,12.6368,0.022162
198,0.986111,5.00000238419,582.801,13.1571,0.0219935
199,0.980556,7.00000762939,581.652,16.5602,0.0218262
200,0.988889,4.00001049042,578.897,12.6375,0.0216601
201,0.986111,5.00000238419,576.048,13.1589,0.0214954
202,0.986111,5.00000238419,572.679,13.0693,0.0213319
203,0.988889,4.00001049042,569.604,12.6422,0.0211696
204,0.983333,5.99999427795,567.812,16.121,0.0210086
205,0.988889,4.00001049042,565.106,12.6427,0.0208488
206,0.988889,4.00001049042,562.142,12.6449,0.0206902
207,0.986111,5.00000238419,559.838,15.1237,0.0205328
208,0.986111,5.00000238419,558.343,13.0737,0.0203766
209,0.983333,5.99999427795,555.62,17.5297,0.0202216
210,0.986111,5.00000238419,552.538,16.8386,0.0200678
211,0.986111,5.00000238419,550.223,16.8398,0.0199151
212,0.983333,5.99999427795,549.88,15.4449,0.0197637
213,0.986111,5.00000238419,545.238,13.0807,0.0196133
214,0.988889,4.00001049042,542.352,12.65,0.0194641
215,0.983333,5.99999427795,539.803,12.6234,0.0193161
216,0.980556,7.00000762939,539.237,16.5685,0.0191691
217,0.983333,5.99999427795,536.668,13.7591,0.0190233
218,0.983333,5.99999427795,533.559,13.963,0.0188786
219,0.986111,5.00000238419,531.861,15.1211,0.018735
220,0.983333,5.99999427795,529.806,16.1445,0.0185925
221,0.988889,4.00001049042,526.715,12.9628,0.0184511
222,0.986111,5.00000238419,524.074,13.0905,0.0183107
223,0.983333,5.99999427795,521.819,15.4411,0.0181714
224,0.977778,7.99999952316,521.629,17.0405,0.0180332
225,0.980556,7.00000762939,518.64,16.3332,0.017896
226,0.983333,5.99999427795,515.677,16.1409,0.0177599
227,0.986111,5.00000238419,514.58,15.1185,0.0176248
228,0.983333,5.99999427795,512.191,17.1865,0.0174908
229,0.980556,7.00000762939,510.919,15.6917,0.0173577
230,0.983333,5.99999427795,507.967,13.4179,0.0172257
231,0.988889,4.00001049042,505.212,12.6599,0.0170946
232,0.988889,4.00001049042,502.785,12.6617,0.0169646
233,0.986111,5.00000238419,500.485,15.1155,0.0168356
234,0.983333,5.99999427795,500.128,13.7754,0.0167075
235,0.986111,5.00000238419,496.872,13.1882,0.0165804
236,0.983333,5.99999427795,495.028,15.4842,0.0164543
237,0.986111,5.00000238419,493.487,12.9731,0.0163291
238,0.986111,5.00000238419,491.115,16.8668,0.0162049
239,0.986111,5.00000238419,489.226,16.8678,0.0160817
240,0.983333,5.99999427795,488.448,15.5081,0.0159593
241,0.986111,5.00000238419,485.433,13.1062,0.0158379
242,0.983333,5.99999427795,483.187,13.9849,0.0157175
243,0.988889,4.00001049042,480.808,12.6692,0.0155979
244,0.986111,5.00000238419,479.03,15.1125,0.0154793
245,0.977778,7.99999952316,478.636,17.556,0.0153615
246,0.986111,5.00000238419,475.731,15.701,0.0152447
247,0.986111,5.00000238419,474.028,15.1123,0.0151287
248,0.988889,4.00001049042,472.217,12.6698,0.0150136
249,0.986111,5.00000238419,470.249,13.1976,0.0148994
250,0.983333,5.99999427795,467.985,13.4388,0.0147861
251,0.983333,5.99999427795,468.825,15.5048,0.0146736
252,0.983333,5.99999427795,464.985,13.3849,0.014562
253,0.988889,4.00001049042,462.642,12.6738,0.0144512
254,0.986111,5.00000238419,461.461,15.1101,0.0143413
255,0.980556,7.00000762939,460.62,14.0172,0.0142322
256,0.988889,4.00001049042,457.512,12.6758,0.0141239
257,0.983333,5.99999427795,456.429,14.8966,0.0140165
258,0.980556,7.00000762939,454.923,14.281,0.0139099
259,0.988889,4.00001049042,452.728,12.6768,0.0138041
260,0.986111,5.00000238419,450.891,13.2055,0.0136991
261,0.983333,5.99999427795,449.009,15.9708,0.0135949
262,0.986111,5.00000238419,447.956,12.9908,0.0134915
263,0.988889,4.00001049042,445.804,12.4381,0.0133888
264,0.986111,5.00000238419,444.205,15.4333,0.013287
265,0.983333,5.99999427795,443.451,15.9409,0.0131859
266,0.977778,7.99999952316,441.781,17.035,0.0130856
267,0.983333,5.99999427795,440.014,15.4834,0.0129861
268,0.986111,5.00000238419,438.516,12.9935,0.0128873
269,0.986111,5.00000238419,436.771,13.2105,0.0127893
270,0.986111,5.00000238419,434.79,13.1296,0.012692
271,0.986111,5.00000238419,433.535,15.1058,0.0125954
272,0.980556,7.00000762939,432.643,14.0337,0.0124996
273,0.988889,4.00001049042,430.313,12.6846,0.0124046
274,0.980556,7.00000762939,429.04,15.0829,0.0123102
275,0.986111,5.00000238419,427.913,13.132,0.0122166
276,0.986111,5.00000238419,426.195,13.2144,0.0121236
277,0.986111,5.00000238419,424.362,12.9999,0.0120314
278,0.972222,10.0000047684,422.927,18.451,0.0119399
279,0.980556,7.00000762939,422.312,15.7783,0.0118491
280,0.980556,7.00000762939,420.956,13.3795,0.0117589
281,0.980556,7.00000762939,419.183,13.2433,0.0116695
282,0.983333,5.99999427795,418.138,14.7076,0.0115807
283,0.977778,7.99999952316,417.256,13.8317,0.0114926
284,0.983333,5.99999427795,415.49,12.7643,0.0114052
285,0.980556,7.00000762939,414.537,15.1081,0.0113185
286,0.977778,7.99999952316,413.723,16.7413,0.0112324
287,0.986111,5.00000238419,411.815,12.2142,0.0111469
288,0.986111,5.00000238419,410.318,12.2152,0.0110621
289,0.986111,5.00000238419,408.973,12.2154,0.010978
290,0.980556,7.00000762939,408.246,14.4886,0.0108945
291,0.977778,7.99999952316,408.021,16.8909,0.0108116
292,0.980556,7.00000762939,405.663,16.4051,0.0107294
293,0.977778,7.99999952316,405.059,16.7453,0.0106477
294,0.977778,7.99999952316,403.256,15.6945,0.0105668
295,0.983333,5.99999427795,402.297,12.7656,0.0104864
296,0.983333,5.99999427795,400.772,12.5425,0.0104066
297,0.986111,5.00000238419,399.269,12.2165,0.0103275
298,0.986111,5.00000238419,398.015,12.2167,0.0102489
299,0.983333,5.99999427795,397.221,14.7003,0.0101709
300,0.980556,7.00000762939,396.52,13.3867,0.0100936
301,0.980556,7.00000762939,394.813,13.5977,0.0100168
302,0.983333,5.99999427795,394.028,14.6994,0.00994059
303,0.986111,5.00000238419,393.049,12.2165,0.00986498
304,0.983333,5.99999427795,391.833,12.7686,0.00978994
305,0.975,8.99999141693,390.592,15.1024,0.00971547
306,0.986111,5.00000238419,389.352,12.2179,0.00964157
307,0.980556,7.00000762939,388.842,15.7797,0.00956822
308,0.975,8.99999141693,388.021,17.2446,0.00949544
309,0.983333,5.99999427795,386.387,12.7706,0.00942321
310,0.977778,7.99999952316,386.022,15.6903,0.00935154
311,0.977778,7.99999952316,384.224,15.2834,0.0092804
312,0.980556,7.00000762939,383.716,13.6011,0.00920981
313,0.983333,5.99999427795,382.283,12.7707,0.00913975
314,0.983333,5.99999427795,381.068,12.9199,0.00907023
315,0.986111,5.00000238419,379.786,12.2194,0.00900124
316,0.983333,5.99999427795,378.903,14.6944,0.00893277
317,0.980556,7.00000762939,378.637,13.3931,0.00886482
318,0.986111,5.00000238419,376.893,12.2201,0.00879739
319,0.983333,5.99999427795,376.226,14.6934,0.00873047
320,0.980556,7.00000762939,375.505,13.6037,0.00866406
321,0.983333,5.99999427795,374.237,12.7725,0.00859815
322,0.977778,7.99999952316,373.24,14.4576,0.00853275
323,0.983333,5.99999427795,372.227,16.5684,0.00846784
324,0.977778,7.99999952316,371.711,15.9296,0.00840343
325,0.980556,7.00000762939,371.018,13.3958,0.00833951
326,0.986111,5.00000238419,369.464,12.2212,0.00827607
327,0.980556,7.00000762939,368.92,14.478,0.00821312
328,0.980556,7.00000762939,367.72,13.3973,0.00815064
329,0.980556,7.00000762939,367.039,14.4776,0.00808865
330,0.980556,7.00000762939,366.123,13.2033,0.00802712
331,0.983333,5.99999427795,364.863,12.9245,0.00796606
332,0.986111,5.00000238419,363.786,12.2219,0.00790546
333,0.983333,5.99999427795,363.015,14.6892,0.00784533
334,0.980556,7.00000762939,362.925,13.3988,0.00778565
335,0.986111,5.00000238419,361.246,12.2226,0.00772643
336,0.983333,5.99999427795,360.569,14.6885,0.00766766
337,0.977778,7.99999952316,360.193,13.9062,0.00760933
338,0.983333,5.99999427795,359.075,12.9258,0.00755145
339,0.980556,7.00000762939,358.109,17.3069,0.00749401
340,0.983333,5.99999427795,356.988,16.5746,0.007437
341,0.980556,7.00000762939,356.727,15.7813,0.00738043
342,0.975,8.99999141693,356.198,16.7813,0.00732429
343,0.983333,5.99999427795,354.763,12.778,0.00726858
344,0.977778,7.99999952316,354.476,15.6831,0.00721329
345,0.980556,7.00000762939,353.694,16.2006,0.00715842
346,0.980556,7.00000762939,352.596,16.3752,0.00710397
347,0.977778,7.99999952316,352.198,16.86,0.00704993
348,0.983333,5.99999427795,350.727,12.5536,0.0069963
349,0.986111,5.00000238419,349.715,12.2242,0.00694308
350,0.983333,5.99999427795,349.105,14.6849,0.00689027
351,0.980556,7.00000762939,348.725,13.4039,0.00683786
352,0.980556,7.00000762939,347.581,13.6154,0.00678584
353,0.983333,5.99999427795,347.055,14.6841,0.00673423
354,0.983333,5.99999427795,346.37,12.7792,0.006683
355,0.983333,5.99999427795,345.46,12.5548,0.00663217
356,0.983333,5.99999427795,344.772,16.5795,0.00658172
357,0.980556,7.00000762939,344.629,15.0829,0.00653165
358,0.983333,5.99999427795,343.454,12.7802,0.00648197
359,0.983333,5.99999427795,342.498,12.5557,0.00643266
360,0.983333,5.99999427795,341.795,14.6823,0.00638373
361,0.977778,7.99999952316,341.765,16.7526,0.00633517
362,0.983333,5.99999427795,340.59,15.9385,0.00628698
363,0.980556,7.00000762939,339.8,16.3127,0.00623916
364,0.977778,7.99999952316,339.042,13.9153,0.0061917
365,0.986111,5.00000238419,338.112,12.2261,0.0061446
366,0.986111,5.00000238419,337.365,12.2262,0.00609786
367,0.980556,7.00000762939,336.812,14.47,0.00605148
368,0.975,8.99999141693,336.583,15.5905,0.00600545
369,0.983333,5.99999427795,335.409,12.7825,0.00595976
370,0.980556,7.00000762939,335.082,15.1541,0.00591443
371,0.980556,7.00000762939,334.477,13.2711,0.00586944
372,0.980556,7.00000762939,333.701,17.3202,0.00582479
373,0.980556,7.00000762939,332.884,16.5165,0.00578049
374,0.975,8.99999141693,332.38,17.6351,0.00573652
375,0.980556,7.00000762939,332.936,15.0788,0.00569288
376,0.983333,5.99999427795,331.087,12.5586,0.00564958
377,0.980556,7.00000762939,330.56,15.2732,0.0056066
378,0.977778,7.99999952316,330.362,16.8568,0.00556396
379,0.980556,7.00000762939,329.332,16.187,0.00552163
380,0.980556,7.00000762939,328.794,15.273,0.00547963
381,0.986111,5.00000238419,327.929,12.2276,0.00543795
382,0.986111,5.00000238419,327.199,12.2281,0.00539658
383,0.986111,5.00000238419,326.545,12.2283,0.00535553
384,0.977778,7.99999952316,326.11,14.6641,0.0053148
385,0.980556,7.00000762939,325.674,13.2749,0.00527437
386,0.983333,5.99999427795,324.847,12.7854,0.00523425
387,0.980556,7.00000762939,324.56,15.0759,0.00519443
388,0.983333,5.99999427795,323.945,13.2184,0.00515492
389,0.986111,5.00000238419,323.203,12.2286,0.00511571
390,0.983333,5.99999427795,322.53,12.1359,0.00507679
391,0.977778,7.99999952316,322.042,16.2259,0.00503818
392,0.977778,7.99999952316,321.985,14.7268,0.00499985
393,0.983333,5.99999427795,321.056,12.7866,0.00496182
394,0.980556,7.00000762939,320.551,15.2716,0.00492408
395,0.977778,7.99999952316,320.254,18.8975,0.00488662
396,0.980556,7.00000762939,319.538,16.1815,0.00484945
397,0.983333,5.99999427795,319.018,14.6757,0.00481256
398,0.983333,5.99999427795,318.267,12.5615,0.00477596
399,0.986111,5.00000238419,317.597,12.2299,0.00473963
400,0.986111,5.00000238419,317.025,12.2301,0.00470357
401,0.983333,5.99999427795,316.736,14.6751,0.00466779
402,0.977778,7.99999952316,316.34,16.3596,0.00463229
403,0.986111,5.00000238419,315.931,12.23,0.00459705
404,0.986111,5.00000238419,315.314,12.2304,0.00456208
405,0.986111,5.00000238419,314.761,12.2305,0.00452738
406,0.986111,5.00000238419,314.212,12.2306,0.00449294
407,0.983333,5.99999427795,313.66,12.353,0.00445877
408,0.969444,10.9999966621,313.671,20.4013,0.00442485
409,0.975,8.99999141693,312.994,14.1437,0.00439119
410,0.986111,5.00000238419,312.255,12.2314,0.00435779
411,0.980556,7.00000762939,312.022,14.4646,0.00432464
412,0.975,8.99999141693,311.929,17.1353,0.00429174
413,0.977778,7.99999952316,311.398,15.6943,0.0042591
414,0.986111,5.00000238419,310.368,12.2317,0.0042267
415,0.986111,5.00000238419,309.857,12.2318,0.00419455
416,0.977778,7.99999952316,309.461,14.6524,0.00416264
417,0.972222,10.0000047684,309.306,17.2308,0.00413098
418,0.983333,5.99999427795,308.617,12.9422,0.00409956
419,0.983333,5.99999427795,308.252,14.6728,0.00406837
420,0.980556,7.00000762939,308.11,15.3957,0.00403743
421,0.986111,5.00000238419,307.346,12.2324,0.00400672
422,0.983333,5.99999427795,306.83,12.1382,0.00397624
423,0.980556,7.00000762939,306.555,15.1469,0.00394599
424,0.977778,7.99999952316,306.271,14.7349,0.00391598
425,0.986111,5.00000238419,305.6,12.2331,0.00388619
426,0.983333,5.99999427795,305.361,14.672,0.00385663
427,0.983333,5.99999427795,305.084,14.5277,0.00382729
428,0.983333,5.99999427795,304.466,12.1385,0.00379818
429,0.983333,5.99999427795,304.007,12.1385,0.00376929
430,0.980556,7.00000762939,303.798,15.1462,0.00374061
431,0.975,8.99999141693,303.384,17.4851,0.00371216
432,0.983333,5.99999427795,302.856,12.7922,0.00368392
433,0.983333,5.99999427795,302.671,14.6711,0.0036559
434,0.983333,5.99999427795,302.011,12.9443,0.00362809
435,0.986111,5.00000238419,301.492,12.2339,0.00360049
436,0.977778,7.99999952316,301.094,15.0985,0.00357311
437,0.977778,7.99999952316,300.914,14.0656,0.00354593
438,0.983333,5.99999427795,300.514,14.6705,0.00351895
439,0.983333,5.99999427795,300.268,12.567,0.00349219
440,0.983333,5.99999427795,299.835,12.9451,0.00346562
441,0.983333,5.99999427795,299.355,16.5989,0.00343926
442,0.983333,5.99999427795,298.957,16.5993,0.0034131
443,0.980556,7.00000762939,299.153,15.0678,0.00338714
444,0.980556,7.00000762939,298.496,15.6525,0.00336137
445,0.983333,5.99999427795,297.968,14.6697,0.0033358
446,0.986111,5.00000238419,297.613,12.2352,0.00331043
447,0.986111,5.00000238419,297.212,12.2353,0.00328525
448,0.980556,7.00000762939,296.876,14.4614,0.00326026
449,0.975,8.99999141693,296.554,17.3184,0.00323546
450,0.980556,7.00000762939,296.107,12.3562,0.00321085
451,0.975,8.99999141693,296.123,17.5624,0.00318642
452,0.980556,7.00000762939,295.536,13.2874,0.00316218
453,0.983333,5.99999427795,295.036,14.669,0.00313813
454,0.983333,5.99999427795,294.92,12.5686,0.00311426
455,0.980556,7.00000762939,294.557,14.0124,0.00309057
456,0.983333,5.99999427795,294.169,12.9473,0.00306706
457,0.986111,5.00000238419,293.735,12.236,0.00304373
458,0.983333,5.99999427795,293.354,14.6686,0.00302058
459,0.977778,7.99999952316,293.522,16.3658,0.0029976
460,0.980556,7.00000762939,292.835,15.1436,0.0029748
461,0.983333,5.99999427795,292.686,12.5693,0.00295217
462,0.983333,5.99999427795,292.3,12.7955,0.00292972
463,0.977778,7.99999952316,291.972,14.492,0.00290743
464,0.986111,5.00000238419,291.587,12.2367,0.00288532
465,0.983333,5.99999427795,291.231,12.7962,0.00286337
466,0.983333,5.99999427795,291.119,14.668,0.00284159
467,0.977778,7.99999952316,290.913,16.3663,0.00281997
468,0.980556,7.00000762939,290.354,12.6765,0.00279852
469,0.983333,5.99999427795,290.07,16.603,0.00277723
470,0.977778,7.99999952316,289.913,15.6891,0.00275611
471,0.983333,5.99999427795,289.499,12.7964,0.00273514
472,0.983333,5.99999427795,289.106,12.1409,0.00271434
473,0.983333,5.99999427795,288.761,12.1411,0.00269369
474,0.980556,7.00000762939,288.57,15.1427,0.0026732
475,0.966667,12.0000100136,288.75,20.7057,0.00265287
476,0.980556,7.00000762939,288.093,14.4597,0.00263269
477,0.980556,7.00000762939,287.946,13.2337,0.00261266
478,0.986111,5.00000238419,287.541,12.2377,0.00259279
479,0.986111,5.00000238419,287.194,12.2379,0.00257307
480,0.986111,5.00000238419,286.883,12.238,0.00255349
481,0.980556,7.00000762939,286.667,14.4595,0.00253407
482,0.977778,7.99999952316,286.728,16.3677,0.00251479
483,0.983333,5.99999427795,286.188,14.6668,0.00249566
484,0.980556,7.00000762939,286.061,16.4629,0.00247668
485,0.977778,7.99999952316,285.723,17.0111,0.00245784
486,0.980556,7.00000762939,285.331,12.3582,0.00243914
487,0.977778,7.99999952316,285.116,16.655,0.00242059
488,0.983333,5.99999427795,284.886,14.6664,0.00240218
489,0.972222,10.0000047684,284.647,16.6817,0.00238391
490,0.986111,5.00000238419,284.347,12.9511,0.00236577
491,0.986111,5.00000238419,284.027,12.2388,0.00234778
492,0.986111,5.00000238419,283.744,12.2388,0.00232992
493,0.983333,5.99999427795,283.459,13.642,0.00231219
494,0.975,8.99999141693,283.4,16.1209,0.00229461
495,0.977778,7.99999952316,283.064,14.7473,0.00227715
496,0.983333,5.99999427795,282.823,14.6658,0.00225983
497,0.983333,5.99999427795,282.709,14.5301,0.00224264
498,0.983333,5.99999427795,282.331,16.5352,0.00222558
499,0.980556,7.00000762939,282.102,16.5353,0.00220865
500,0.977778,7.99999952316,281.964,16.2304,0.00219185
501,0.980556,7.00000762939,281.676,12.6788,0.00217518
502,0.980556,7.00000762939,281.348,12.3591,0.00215863
503,0.977778,7.99999952316,281.278,17.3187,0.00214221
504,0.980556,7.00000762939,280.883,15.0506,0.00212592
505,0.983333,5.99999427795,280.75,12.7996,0.00210975
506,0.983333,5.99999427795,280.495,14.0183,0.0020937
507,0.986111,5.00000238419,280.245,12.2398,0.00207777
508,0.983333,5.99999427795,279.981,12.8001,0.00206197
509,0.980556,7.00000762939,279.879,15.2653,0.00204628
510,0.980556,7.00000762939,279.646,13.4319,0.00203072
511,0.983333,5.99999427795,279.302,12.5741,0.00201527
512,0.983333,5.99999427795,279.246,14.665,0.00199994
513,0.983333,5.99999427795,279.058,14.5306,0.00198473
514,0.983333,5.99999427795,278.699,12.1429,0.00196963
515,0.980556,7.00000762939,278.515,15.1402,0.00195465
516,0.977778,7.99999952316,278.426,14.5333,0.00193978
517,0.980556,7.00000762939,278.138,13.2951,0.00192503
518,0.983333,5.99999427795,277.893,14.6646,0.00191038
519,0.980556,7.00000762939,277.716,15.402,0.00189585
520,0.986111,5.00000238419,277.422,12.2406,0.00188143
521,0.983333,5.99999427795,277.242,14.4576,0.00186712
522,0.983333,5.99999427795,277.089,12.5747,0.00185292
523,0.983333,5.99999427795,276.847,12.8012,0.00183882
524,0.980556,7.00000762939,276.706,15.2649,0.00182483
525,0.986111,5.00000238419,276.513,12.5747,0.00181095
526,0.983333,5.99999427795,276.265,12.1431,0.00179718
527,0.980556,7.00000762939,276.045,16.5376,0.00178351
528,0.980556,7.00000762939,275.86,16.5376,0.00176994
529,0.975,8.99999141693,276.01,18.7599,0.00175648
530,0.977778,7.99999952316,275.77,15.768,0.00174312
531,0.980556,7.00000762939,275.416,14.4573,0.00172986
532,0.983333,5.99999427795,275.204,12.8018,0.0017167
533,0.980556,7.00000762939,275.007,15.6674,0.00170364
534,0.983333,5.99999427795,274.876,14.6639,0.00169068
535,0.977778,7.99999952316,274.83,18.7307,0.00167782
536,0.986111,5.00000238419,274.473,12.2415,0.00166506
537,0.986111,5.00000238419,274.248,12.2417,0.00165239
538,0.983333,5.99999427795,274.168,14.6637,0.00163982
539,0.977778,7.99999952316,273.891,15.2503,0.00162735
540,0.977778,7.99999952316,273.826,16.8587,0.00161497
541,0.983333,5.99999427795,273.573,12.3606,0.00160269
542,0.977778,7.99999952316,273.453,14.5003,0.00159049
543,0.983333,5.99999427795,273.208,14.6634,0.0015784
544,0.980556,7.00000762939,273.163,13.4348,0.00156639
545,0.986111,5.00000238419,272.867,12.242,0.00155447
546,0.983333,5.99999427795,272.725,14.6633,0.00154265
547,0.983333,5.99999427795,272.629,12.8025,0.00153092
548,0.980556,7.00000762939,272.441,13.2976,0.00151927
549,0.983333,5.99999427795,272.223,12.8027,0.00150771
550,0.983333,5.99999427795,272.019,12.144,0.00149625
551,0.977778,7.99999952316,271.947,16.6553,0.00148486
552,0.977778,7.99999952316,271.941,16.372,0.00147357
553,0.983333,5.99999427795,271.637,14.6631,0.00146236
554,0.986111,5.00000238419,271.423,12.2422,0.00145124
555,0.983333,5.99999427795,271.242,12.8031,0.0014402
556,0.977778,7.99999952316,271.076,18.215,0.00142924
557,0.983333,5.99999427795,271.006,14.6629,0.00141837
558,0.980556,7.00000762939,270.861,16.3723,0.00140758
559,0.986111,5.00000238419,270.722,12.2424,0.00139687
560,0.986111,5.00000238419,270.554,12.2425,0.00138625
561,0.986111,5.00000238419,270.368,12.2426,0.0013757
562,0.983333,5.99999427795,270.211,16.6121,0.00136524
563,0.980556,7.00000762939,270.065,15.9542,0.00135485
564,0.977778,7.99999952316,270.043,17.4706,0.00134455
565,0.983333,5.99999427795,269.806,14.6625,0.00133432
566,0.980556,7.00000762939,269.767,17.3568,0.00132417
567,0.980556,7.00000762939,269.596,17.1454,0.0013141
568,0.983333,5.99999427795,269.428,16.6124,0.0013041
569,0.980556,7.00000762939,269.353,15.0587,0.00129418
570,0.983333,5.99999427795,269.186,15.9009,0.00128434
571,0.980556,7.00000762939,269.003,17.007,0.00127457
572,0.986111,5.00000238419,268.799,12.8041,0.00126487
573,0.980556,7.00000762939,268.747,16.6553,0.00125525
574,0.977778,7.99999952316,268.6,16.3731,0.0012457
575,0.986111,5.00000238419,268.447,12.2431,0.00123623
576,0.986111,5.00000238419,268.296,12.2432,0.00122683
577,0.986111,5.00000238419,268.131,12.2433,0.00121749
578,0.986111,5.00000238419,267.984,12.2433,0.00120823
579,0.980556,7.00000762939,267.896,14.456,0.00119904
580,0.975,8.99999141693,267.882,17.4715,0.00118992
581,0.983333,5.99999427795,267.698,14.6621,0.00118087
582,0.983333,5.99999427795,267.576,12.8044,0.00117189
583,0.983333,5.99999427795,267.431,12.9579,0.00116297
584,0.986111,5.00000238419,267.263,12.2435,0.00115413
585,0.983333,5.99999427795,267.112,14.6619,0.00114535
586,0.977778,7.99999952316,267.136,16.8367,0.00113663
587,0.975,8.99999141693,266.924,17.2489,0.00112799
588,0.983333,5.99999427795,266.778,14.6618,0.00111941
589,0.983333,5.99999427795,266.673,14.5322,0.00111089
590,0.983333,5.99999427795,266.506,12.1451,0.00110244
591,0.975,8.99999141693,266.434,17.6563,0.00109406
592,0.980556,7.00000762939,266.348,13.4379,0.00108574
593,0.983333,5.99999427795,266.166,12.805,0.00107748
594,0.983333,5.99999427795,266.088,14.6616,0.00106928
595,0.986111,5.00000238419,265.971,12.2438,0.00106115
596,0.980556,7.00000762939,265.849,18.3658,0.00105308
597,0.977778,7.99999952316,265.763,17.4728,0.00104506
598,0.977778,7.99999952316,265.835,15.6832,0.00103711
599,0.980556,7.00000762939,265.534,13.3008,0.00102923
600,0.986111,5.00000238419,265.386,12.2441,0.0010214
601,0.980556,7.00000762939,265.318,14.4555,0.00101363
602,0.980556,7.00000762939,265.225,16.8362,0.00100592
603,0.983333,5.99999427795,265.061,14.6614,0.000998266
604,0.977778,7.99999952316,265.011,15.6616,0.000990672
605,0.983333,5.99999427795,264.833,12.1454,0.000983136
606,0.977778,7.99999952316,264.734,14.6423,0.000975658
607,0.983333,5.99999427795,264.649,12.5789,0.000968237
608,0.983333,5.99999427795,264.521,12.1455,0.000960871
609,0.977778,7.99999952316,264.456,16.6555,0.000953562
610,0.980556,7.00000762939,264.401,15.4047,0.000946309
611,0.983333,5.99999427795,264.248,12.1455,0.000939111
612,0.983333,5.99999427795,264.134,12.1455,0.000931967
613,0.977778,7.99999952316,264.04,14.6422,0.000924878
614,0.977778,7.99999952316,263.987,14.7578,0.000917843
615,0.983333,5.99999427795,263.852,12.9594,0.000910861
616,0.983333,5.99999427795,263.762,14.6611,0.000903932
617,0.983333,5.99999427795,263.694,16.3348,0.000897056
618,0.986111,5.00000238419,263.576,13.3017,0.000890233
619,0.986111,5.00000238419,263.457,12.8059,0.000883461
620,0.977778,7.99999952316,263.364,17.5668,0.000876741
621,0.980556,7.00000762939,263.302,14.8823,0.000870072
622,0.980556,7.00000762939,263.204,16.1576,0.000863454
623,0.983333,5.99999427795,263.14,14.6609,0.000856885
624,0.986111,5.00000238419,262.991,12.2447,0.000850367
625,0.980556,7.00000762939,262.885,17.3609,0.000843899
626,0.983333,5.99999427795,262.793,15.79,0.00083748
627,0.977778,7.99999952316,262.787,16.3747,0.000831109
628,0.980556,7.00000762939,262.651,15.1366,0.000824787
629,0.980556,7.00000762939,262.593,12.6841,0.000818513
630,0.980556,7.00000762939,262.501,17.0367,0.000812287
631,0.975,8.99999141693,262.451,17.3194,0.000806108
632,0.983333,5.99999427795,262.341,15.8979,0.000799977
633,0.983333,5.99999427795,262.231,15.4053,0.000793891
634,0.983333,5.99999427795,262.13,12.1459,0.000787853
635,0.980556,7.00000762939,262.05,15.1365,0.000781859
636,0.980556,7.00000762939,262.031,16.8354,0.000775912
637,0.983333,5.99999427795,261.895,16.3342,0.00077001
638,0.972222,10.0000047684,261.846,19.5033,0.000764153
639,0.983333,5.99999427795,261.726,12.8066,0.00075834
640,0.986111,5.00000238419,261.608,12.2452,0.000752572
641,0.986111,5.00000238419,261.509,12.8067,0.000746847
642,0.980556,7.00000762939,261.479,15.0564,0.000741166
643,0.980556,7.00000762939,261.405,15.0537,0.000735528
644,0.983333,5.99999427795,261.35,14.0267,0.000729933
645,0.983333,5.99999427795,261.262,12.9603,0.000724381
646,0.986111,5.00000238419,261.159,12.2453,0.000718871
647,0.986111,5.00000238419,261.063,12.2454,0.000713403
648,0.986111,5.00000238419,260.976,12.2454,0.000707976
649,0.983333,5.99999427795,260.938,14.6604,0.000702591
650,0.977778,7.99999952316,260.911,16.3753,0.000697246
651,0.986111,5.00000238419,260.768,12.5803,0.000691943
652,0.977778,7.99999952316,260.69,14.5062,0.000686679
653,0.986111,5.00000238419,260.602,12.9607,0.000681456
654,0.983333,5.99999427795,260.537,14.6603,0.000676272
655,0.980556,7.00000762939,260.505,13.3032,0.000671128
656,0.986111,5.00000238419,260.387,12.5804,0.000666023
657,0.983333,5.99999427795,260.331,14.6602,0.000660957
658,0.980556,7.00000762939,260.298,15.1405,0.000655929
659,0.980556,7.00000762939,260.194,16.5437,0.00065094
660,0.977778,7.99999952316,260.132,17.4755,0.000645988
661,0.980556,7.00000762939,260.149,15.056,0.000641074
662,0.983333,5.99999427795,259.996,12.8073,0.000636198
663,0.986111,5.00000238419,259.912,13.3034,0.000631359
664,0.983333,5.99999427795,259.86,14.4546,0.000626556
665,0.977778,7.99999952316,259.828,15.663,0.00062179
666,0.983333,5.99999427795,259.745,14.6601,0.00061706
667,0.980556,7.00000762939,259.696,16.3334,0.000612367
668,0.986111,5.00000238419,259.609,17.6972,0.000607708
669,0.986111,5.00000238419,259.537,12.2458,0.000603086
670,0.983333,5.99999427795,259.462,12.8075,0.000598498
671,0.983333,5.99999427795,259.427,14.66,0.000593946
672,0.977778,7.99999952316,259.349,16.2857,0.000589428
673,0.983333,5.99999427795,259.285,12.8075,0.000584944
674,0.983333,5.99999427795,259.209,12.5808,0.000580495
675,0.986111,5.00000238419,259.131,12.8076,0.000576079
676,0.977778,7.99999952316,259.092,16.6555,0.000571697
677,0.983333,5.99999427795,259.049,13.4412,0.000567348
678,0.983333,5.99999427795,258.96,12.8076,0.000563033
679,0.980556,7.00000762939,258.914,15.6648,0.00055875
680,0.983333,5.99999427795,258.883,15.406,0.0005545
681,0.986111,5.00000238419,258.784,12.1466,0.000550282
682,0.986111,5.00000238419,258.718,12.1466,0.000546096
683,0.980556,7.00000762939,258.671,14.6411,0.000541942
684,0.983333,5.99999427795,258.627,12.581,0.00053782
685,0.983333,5.99999427795,258.545,12.6853,0.000533729
686,0.983333,5.99999427795,258.506,14.6598,0.000529669
687,0.983333,5.99999427795,258.426,12.8078,0.00052564
688,0.983333,5.99999427795,258.353,12.1466,0.000521641
689,0.977778,7.99999952316,258.304,17.6591,0.000517673
690,0.983333,5.99999427795,258.275,15.7905,0.000513736
691,0.977778,7.99999952316,258.26,16.3761,0.000509828
692,0.980556,7.00000762939,258.182,13.3042,0.00050595
693,0.983333,5.99999427795,258.116,16.6177,0.000502101
694,0.980556,7.00000762939,258.061,17.0389,0.000498282
695,0.977778,7.99999952316,258.054,17.3196,0.000494491
696,0.983333,5.99999427795,257.981,14.5333,0.00049073
697,0.986111,5.00000238419,257.888,12.1467,0.000486997
698,0.983333,5.99999427795,257.841,15.1356,0.000483293
699,0.980556,7.00000762939,257.829,17.1519,0.000479616
700,0.983333,5.99999427795,257.767,17.3639,0.000475968
701,0.975,8.99999141693,257.728,16.958,0.000472348
702,0.986111,5.00000238419,257.633,12.2463,0.000468755
703,0.983333,5.99999427795,257.572,14.5334,0.000465189
704,0.983333,5.99999427795,257.545,15.1355,0.000461651
705,0.980556,7.00000762939,257.504,13.3046,0.000458139
706,0.986111,5.00000238419,257.427,12.2464,0.000454654
707,0.983333,5.99999427795,257.393,14.6595,0.000451196
708,0.986111,5.00000238419,257.353,12.5814,0.000447763
709,0.986111,5.00000238419,257.289,12.2464,0.000444358
710,0.986111,5.00000238419,257.236,12.2464,0.000440977
711,0.986111,5.00000238419,257.18,12.3641,0.000437623
712,0.977778,7.99999952316,257.183,17.5678,0.000434294
713,0.977778,7.99999952316,257.163,16.7631,0.00043099
714,0.986111,5.00000238419,257.083,12.5815,0.000427712
715,0.986111,5.00000238419,257.025,12.2465,0.000424459
716,0.986111,5.00000238419,256.971,12.2465,0.00042123
717,0.986111,5.00000238419,256.917,12.1469,0.000418026
718,0.983333,5.99999427795,256.874,15.1354,0.000414846
719,0.977778,7.99999952316,256.878,19.5273,0.00041169
720,0.977778,7.99999952316,256.812,16.6556,0.000408559
721,0.983333,5.99999427795,256.784,15.1354,0.000405451
722,0.986111,5.00000238419,256.697,12.2466,0.000402367
723,0.986111,5.00000238419,256.643,12.147,0.000399306
724,0.983333,5.99999427795,256.608,15.1353,0.000396269
725,0.975,8.99999141693,256.611,18.232,0.000393255
726,0.980556,7.00000762939,256.546,16.6556,0.000390263
727,0.983333,5.99999427795,256.518,13.6548,0.000387295
728,0.986111,5.00000238419,256.464,17.3647,0.000384349
729,0.986111,5.00000238419,256.412,16.9653,0.000381425
730,0.980556,7.00000762939,256.371,16.5452,0.000378524
731,0.977778,7.99999952316,256.404,15.6811,0.000375644
732,0.983333,5.99999427795,256.292,12.5818,0.000372787
733,0.986111,5.00000238419,256.239,15.1353,0.000369951
734,0.977778,7.99999952316,256.261,19.8525,0.000367137
735,0.980556,7.00000762939,256.18,15.1352,0.000364344
736,0.977778,7.99999952316,256.145,15.1756,0.000361573
737,0.986111,5.00000238419,256.092,12.9625,0.000358823
738,0.986111,5.00000238419,256.041,12.2468,0.000356093
739,0.980556,7.00000762939,256.004,14.454,0.000353385
740,0.980556,7.00000762939,255.991,16.3768,0.000350696
741,0.980556,7.00000762939,255.943,15.1352,0.000348029
742,0.986111,5.00000238419,255.919,12.2468,0.000345381
743,0.983333,5.99999427795,255.878,12.3644,0.000342754
744,0.980556,7.00000762939,255.842,14.5085,0.000340147
745,0.986111,5.00000238419,255.79,13.2552,0.00033756
746,0.983333,5.99999427795,255.758,14.6591,0.000334992
747,0.983333,5.99999427795,255.735,13.3054,0.000332444
748,0.986111,5.00000238419,255.685,12.8088,0.000329915
749,0.983333,5.99999427795,255.66,15.1351,0.000327405
750,0.980556,7.00000762939,255.651,18.9331,0.000324915
751,0.983333,5.99999427795,255.59,12.1472,0.000322443
752,0.980556,7.00000762939,255.555,13.3894,0.000319991
753,0.983333,5.99999427795,255.53,15.1351,0.000317557
754,0.980556,7.00000762939,255.499,16.1546,0.000315141
755,0.983333,5.99999427795,255.452,15.8949,0.000312744
756,0.983333,5.99999427795,255.426,14.4539,0.000310365
757,0.983333,5.99999427795,255.394,15.7741,0.000308004
758,0.980556,7.00000762939,255.347,16.2338,0.000305661
759,0.977778,7.99999952316,255.333,15.4019,0.000303336
760,0.986111,5.00000238419,255.277,12.2471,0.000301029
761,0.983333,5.99999427795,255.253,14.659,0.000298739
762,0.986111,5.00000238419,255.228,12.247,0.000296466
763,0.986111,5.00000238419,255.195,19.3613,0.000294211
764,0.980556,7.00000762939,255.168,17.478,0.000291973
765,0.980556,7.00000762939,255.178,15.6808,0.000289752
766,0.986111,5.00000238419,255.104,12.9629,0.000287548
767,0.986111,5.00000238419,255.064,12.2471,0.000285361
768,0.983333,5.99999427795,255.034,14.6589,0.00028319
769,0.983333,5.99999427795,255.03,20.8795,0.000281036
770,0.980556,7.00000762939,254.99,16.6564,0.000278899
771,0.986111,5.00000238419,254.948,12.6863,0.000276777
772,0.983333,5.99999427795,254.911,12.1473,0.000274672
773,0.983333,5.99999427795,254.878,12.1473,0.000272582
774,0.980556,7.00000762939,254.864,15.135,0.000270509
775,0.980556,7.00000762939,254.841,15.2816,0.000268451
776,0.983333,5.99999427795,254.795,14.6589,0.000266409
777,0.986111,5.00000238419,254.782,13.3058,0.000264383
778,0.986111,5.00000238419,254.747,12.8092,0.000262372
779,0.986111,5.00000238419,254.708,12.2472,0.000260376
780,0.986111,5.00000238419,254.677,12.2472,0.000258395
781,0.983333,5.99999427795,254.654,14.7103,0.00025643
782,0.977778,7.99999952316,254.642,14.086,0.000254479
783,0.983333,5.99999427795,254.612,14.6588,0.000252543
784,0.986111,5.00000238419,254.571,12.2472,0.000250622
785,0.986111,5.00000238419,254.539,12.2473,0.000248716
786,0.986111,5.00000238419,254.509,12.2473,0.000246824
787,0.983333,5.99999427795,254.492,14.6588,0.000244947
788,0.977778,7.99999952316,254.493,16.3772,0.000243083
789,0.980556,7.00000762939,254.449,15.1349,0.000241234
790,0.986111,5.00000238419,254.425,12.6864,0.000239399
791,0.983333,5.99999427795,254.393,12.1474,0.000237578
792,0.983333,5.99999427795,254.367,13.3898,0.000235771
793,0.986111,5.00000238419,254.333,12.1474,0.000233978
794,0.983333,5.99999427795,254.324,16.2339,0.000232198
795,0.980556,7.00000762939,254.312,16.7642,0.000230432
796,0.983333,5.99999427795,254.282,12.6865,0.000228679
797,0.983333,5.99999427795,254.259,17.0407,0.000226939
798,0.975,8.99999141693,254.237,17.3198,0.000225213
799,0.986111,5.00000238419,254.195,12.2474,0.0002235
800,0.986111,5.00000238419,254.169,12.8094,0.0002218
801,0.986111,5.00000238419,254.139,13.3061,0.000220113
802,0.983333,5.99999427795,254.117,14.4536,0.000218438
803,0.980556,7.00000762939,254.116,15.6647,0.000216777
804,0.983333,5.99999427795,254.077,15.1348,0.000215128
805,0.986111,5.00000238419,254.059,12.8094,0.000213491
806,0.983333,5.99999427795,254.034,15.1768,0.000211868
807,0.986111,5.00000238419,254.007,12.2474,0.000210256
808,0.986111,5.00000238419,253.979,12.2474,0.000208656
809,0.983333,5.99999427795,253.965,14.6587,0.000207069
810,0.980556,7.00000762939,253.952,15.0549,0.000205494
811,0.983333,5.99999427795,253.93,15.1348,0.000203931
812,0.986111,5.00000238419,253.907,12.1475,0.00020238
813,0.986111,5.00000238419,253.881,12.3648,0.00020084
814,0.983333,5.99999427795,253.859,13.39,0.000199313
815,0.986111,5.00000238419,253.832,12.2475,0.000197797
816,0.983333,5.99999427795,253.819,14.6586,0.000196292
817,0.980556,7.00000762939,253.813,16.3774,0.000194799
818,0.983333,5.99999427795,253.783,15.1347,0.000193317
819,0.986111,5.00000238419,253.75,12.2475,0.000191847
820,0.986111,5.00000238419,253.726,12.3649,0.000190387
821,0.980556,7.00000762939,253.715,18.2179,0.000188939
822,0.983333,5.99999427795,253.698,14.6586,0.000187502
823,0.983333,5.99999427795,253.672,12.5828,0.000186076
824,0.983333,5.99999427795,253.645,14.4536,0.00018466
825,0.983333,5.99999427795,253.653,17.1572,0.000183256
826,0.983333,5.99999427795,253.613,12.1476,0.000181862
827,0.983333,5.99999427795,253.59,13.3901,0.000180478
828,0.983333,5.99999427795,253.578,14.6586,0.000179105
829,0.983333,5.99999427795,253.561,12.5828,0.000177743
830,0.986111,5.00000238419,253.53,12.2476,0.000176391
831,0.983333,5.99999427795,253.517,14.6586,0.000175049
832,0.983333,5.99999427795,253.516,15.6648,0.000173718
833,0.983333,5.99999427795,253.489,17.0411,0.000172396
834,0.980556,7.00000762939,253.487,15.6804,0.000171085
835,0.983333,5.99999427795,253.453,16.2564,0.000169783
836,0.986111,5.00000238419,253.429,15.8171,0.000168492
837,0.986111,5.00000238419,253.406,12.1476,0.00016721
838,0.980556,7.00000762939,253.395,15.1346,0.000165938
839,0.983333,5.99999427795,253.372,16.1446,0.000164676
840,0.983333,5.99999427795,253.355,14.878,0.000163424
841,0.980556,7.00000762939,253.353,15.7748,0.00016218
842,0.980556,7.00000762939,253.323,14.5097,0.000160947
843,0.980556,7.00000762939,253.302,15.1346,0.000159723
844,0.983333,5.99999427795,253.291,12.6868,0.000158508
845,0.986111,5.00000238419,253.264,12.1477,0.000157302
846,0.983333,5.99999427795,253.25,15.1346,0.000156105
847,0.983333,5.99999427795,253.25,15.6649,0.000154918
848,0.983333,5.99999427795,253.222,12.365,0.000153739
849,0.983333,5.99999427795,253.206,13.3902,0.00015257
850,0.980556,7.00000762939,253.192,15.1346,0.000151409
851,0.980556,7.00000762939,253.182,18.2473,0.000150258
852,0.986111,5.00000238419,253.154,16.1537,0.000149115
853,0.983333,5.99999427795,253.141,14.6585,0.00014798
854,0.986111,5.00000238419,253.122,15.1422,0.000146855
855,0.986111,5.00000238419,253.101,12.1477,0.000145738
856,0.980556,7.00000762939,253.096,15.1346,0.000144629
857,0.986111,5.00000238419,253.076,12.6868,0.000143529
858,0.986111,5.00000238419,253.056,12.365,0.000142437
859,0.980556,7.00000762939,253.054,15.1346,0.000141354
860,0.986111,5.00000238419,253.033,12.6868,0.000140279
861,0.983333,5.99999427795,253.014,12.1477,0.000139211
862,0.983333,5.99999427795,252.998,16.5465,0.000138153
863,0.977778,7.99999952316,252.987,16.2341,0.000137102
864,0.977778,7.99999952316,252.982,14.4955,0.000136059
865,0.980556,7.00000762939,252.964,16.6557,0.000135024
866,0.983333,5.99999427795,252.953,15.9844,0.000133997
867,0.986111,5.00000238419,252.934,16.6834,0.000132977
868,0.983333,5.99999427795,252.918,17.1518,0.000131966
869,0.986111,5.00000238419,252.897,15.1423,0.000130962
870,0.983333,5.99999427795,252.883,12.1477,0.000129966
871,0.980556,7.00000762939,252.873,14.64,0.000128977
872,0.983333,5.99999427795,252.86,12.6869,0.000127996
873,0.983333,5.99999427795,252.843,12.3651,0.000127023
874,0.980556,7.00000762939,252.838,16.6557,0.000126056
875,0.986111,5.00000238419,252.82,12.8099,0.000125098
876,0.986111,5.00000238419,252.806,12.6869,0.000124146
877,0.986111,5.00000238419,252.788,12.3651,0.000123202
878,0.980556,7.00000762939,252.775,15.1345,0.000122264
879,0.980556,7.00000762939,252.774,14.4955,0.000121334
880,0.980556,7.00000762939,252.758,16.6557,0.000120411
881,0.983333,5.99999427795,252.743,15.1345,0.000119496
882,0.986111,5.00000238419,252.733,16.4519,0.000118587
883,0.986111,5.00000238419,252.715,12.3651,0.000117685
884,0.983333,5.99999427795,252.7,12.6869,0.000116789
885,0.986111,5.00000238419,252.683,12.1478,0.000115901
886,0.980556,7.00000762939,252.68,14.6399,0.000115019
887,0.977778,7.99999952316,252.665,15.9703,0.000114144
888,0.983333,5.99999427795,252.651,12.1478,0.000113276
889,0.983333,5.99999427795,252.639,12.3651,0.000112415
890,0.983333,5.99999427795,252.628,14.0869,0.000111559
891,0.983333,5.99999427795,252.615,16.2341,0.000110711
892,0.986111,5.00000238419,252.605,14.4955,0.000109869
893,0.980556,7.00000762939,252.597,16.6557,0.000109033
894,0.986111,5.00000238419,252.584,12.81,0.000108204
895,0.986111,5.00000238419,252.571,12.1478,0.000107381
896,0.986111,5.00000238419,252.557,16.5467,0.000106564
897,0.986111,5.00000238419,252.545,16.5467,0.000105753
898,0.983333,5.99999427795,252.538,16.2342,0.000104949
899,0.983333,5.99999427795,252.528,14.4955,0.00010415
900,0.980556,7.00000762939,252.52,15.1345,0.000103358
901,0.983333,5.99999427795,252.506,17.4134,0.000102572
902,0.983333,5.99999427795,252.493,15.6802,0.000101792
903,0.986111,5.00000238419,252.481,12.81,0.000101017
904,0.986111,5.00000238419,252.468,13.2565,0.000100249
905,0.986111,5.00000238419,252.455,12.3651,9.94864e-05
906,0.983333,5.99999427795,252.446,15.1344,9.87296e-05
907,0.983333,5.99999427795,252.439,13.2566,9.79786e-05
908,0.986111,5.00000238419,252.423,14.4955,9.72333e-05
909,0.986111,5.00000238419,252.421,14.5101,9.64937e-05
910,0.986111,5.00000238419,252.407,12.7146,9.57597e-05
911,0.986111,5.00000238419,252.394,12.1478,9.50313e-05
912,0.986111,5.00000238419,252.381,12.1478,9.43084e-05
913,0.986111,5.00000238419,252.371,14.6399,9.35911e-05
914,0.986111,5.00000238419,252.367,16.6833,9.28792e-05
915,0.986111,5.00000238419,252.352,12.1478,9.21727e-05
916,0.983333,5.99999427795,252.346,15.1344,9.14715e-05
917,0.983333,5.99999427795,252.338,14.9966,9.07757e-05
918,0.983333,5.99999427795,252.32,12.1478,9.00852e-05
919,0.980556,7.00000762939,252.316,16.6557,8.94e-05
920,0.986111,5.00000238419,252.304,12.8101,8.87199e-05
921,0.986111,5.00000238419,252.291,12.6871,8.80451e-05
922,0.983333,5.99999427795,252.29,15.5931,8.73754e-05
923,0.986111,5.00000238419,252.279,14.9966,8.67107e-05
924,0.983333,5.99999427795,252.267,12.1478,8.60511e-05
925,0.980556,7.00000762939,252.261,16.6557,8.53966e-05
926,0.983333,5.99999427795,252.256,15.1344,8.4747e-05
927,0.986111,5.00000238419,252.241,12.6871,8.41023e-05
928,0.983333,5.99999427795,252.231,15.1344,8.34626e-05
929,0.986111,5.00000238419,252.226,14.3884,8.28277e-05
930,0.983333,5.99999427795,252.215,12.1479,8.21977e-05
931,0.983333,5.99999427795,252.206,12.1479,8.15724e-05
932,0.983333,5.99999427795,252.2,17.6611,8.09519e-05
933,0.983333,5.99999427795,252.206,15.6801,8.03362e-05
934,0.986111,5.00000238419,252.178,15.8165,7.97251e-05
935,0.986111,5.00000238419,252.169,12.3652,7.91186e-05
936,0.983333,5.99999427795,252.168,15.6801,7.85168e-05
937,0.983333,5.99999427795,252.154,15.6801,7.79196e-05
938,0.983333,5.99999427795,252.15,15.7752,7.73268e-05
939,0.986111,5.00000238419,252.138,12.1479,7.67386e-05
940,0.983333,5.99999427795,252.127,12.3652,7.61549e-05
941,0.980556,7.00000762939,252.125,17.3199,7.55756e-05
942,0.986111,5.00000238419,252.112,12.5833,7.50007e-05
943,0.986111,5.00000238419,252.102,12.1479,7.44302e-05
944,0.983333,5.99999427795,252.098,15.1344,7.38641e-05
945,0.986111,5.00000238419,252.091,14.3885,7.33022e-05
946,0.983333,5.99999427795,252.082,12.1479,7.27446e-05
947,0.983333,5.99999427795,252.074,12.1479,7.21913e-05
948,0.980556,7.00000762939,252.069,16.6557,7.16422e-05
949,0.986111,5.00000238419,252.06,16.1533,7.10972e-05
950,0.986111,5.00000238419,252.049,16.2343,7.05564e-05
951,0.983333,5.99999427795,252.046,15.1344,7.00197e-05
952,0.986111,5.00000238419,252.032,12.7148,6.94871e-05
953,0.986111,5.00000238419,252.025,12.3652,6.89585e-05
954,0.983333,5.99999427795,252.021,18.2182,6.84339e-05
955,0.983333,5.99999427795,252.017,15.6653,6.79134e-05
956,0.986111,5.00000238419,252.004,15.1344,6.73968e-05
957,0.986111,5.00000238419,252.002,12.9642,6.68841e-05
958,0.986111,5.00000238419,251.991,12.8102,6.63754e-05
959,0.986111,5.00000238419,251.984,12.1479,6.58705e-05
960,0.986111,5.00000238419,251.975,12.1479,6.53694e-05
961,0.983333,5.99999427795,251.971,14.6398,6.48722e-05
962,0.983333,5.99999427795,251.969,14.9966,6.43787e-05
963,0.980556,7.00000762939,251.958,15.1343,6.3889e-05
964,0.986111,5.00000238419,251.954,13.2567,6.3403e-05
965,0.983333,5.99999427795,251.945,18.3515,6.29207e-05
966,0.986111,5.00000238419,251.936,12.1479,6.24421e-05
967,0.986111,5.00000238419,251.93,16.5469,6.19671e-05
968,0.983333,5.99999427795,251.937,15.6801,6.14958e-05
969,0.986111,5.00000238419,251.912,15.5005,6.1028e-05
970,0.986111,5.00000238419,251.91,13.2568,6.05638e-05
971,0.986111,5.00000238419,251.901,14.6398,6.01031e-05
972,0.986111,5.00000238419,251.9,12.3653,5.96459e-05
973,0.986111,5.00000238419,251.893,12.7148,5.91922e-05
974,0.986111,5.00000238419,251.883,12.1479,5.87419e-05
975,0.983333,5.99999427795,251.876,12.3653,5.82951e-05
976,0.980556,7.00000762939,251.875,17.3199,5.78517e-05
977,0.983333,5.99999427795,251.87,14.4956,5.74116e-05
978,0.983333,5.99999427795,251.861,14.6398,5.69749e-05
979,0.986111,5.00000238419,251.855,12.3653,5.65415e-05
980,0.983333,5.99999427795,251.849,12.1479,5.61114e-05
981,0.983333,5.99999427795,251.842,12.1479,5.56846e-05
982,0.983333,5.99999427795,251.836,15.1343,5.5261e-05
983,0.986111,5.00000238419,251.834,18.3819,5.48407e-05
984,0.983333,5.99999427795,251.827,18.0472,5.44235e-05
985,0.986111,5.00000238419,251.817,12.3653,5.40095e-05
986,0.986111,5.00000238419,251.813,13.2568,5.35987e-05
987,0.986111,5.00000238419,251.805,12.3653,5.3191e-05
988,0.980556,7.00000762939,251.804,15.1343,5.27864e-05
989,0.986111,5.00000238419,251.798,15.1782,5.23848e-05
990,0.986111,5.00000238419,251.79,16.1444,5.19864e-05
991,0.986111,5.00000238419,251.786,13.7707,5.15909e-05
992,0.986111,5.00000238419,251.78,12.1479,5.11985e-05
993,0.986111,5.00000238419,251.774,12.1479,5.08091e-05
994,0.983333,5.99999427795,251.767,15.1343,5.04226e-05
995,0.986111,5.00000238419,251.765,12.6872,5.0039e-05
996,0.986111,5.00000238419,251.757,12.3653,4.96584e-05
997,0.983333,5.99999427795,251.752,15.68,4.92806e-05
998,0.986111,5.00000238419,251.749,17.8891,4.89058e-05
999,0.983333,5.99999427795,251.744,12.1479,4.85338e-05
1000,0.983333,5.99999427795,251.738,13.3907,4.81646e-05
1001,0.983333,5.99999427795,251.732,15.1343,4.77982e-05
1002,0.986111,5.00000238419,251.726,13.2568,4.74347e-05
1003,0.986111,5.00000238419,251.722,15.1343,4.70738e-05
1004,0.986111,5.00000238419,251.716,14.3885,4.67157e-05
1005,0.983333,5.99999427795,251.713,13.3907,4.63604e-05
1006,0.986111,5.00000238419,251.706,12.148,4.60077e-05
1007,0.983333,5.99999427795,251.703,15.1343,4.56578e-05
1008,0.986111,5.00000238419,251.698,12.6872,4.53105e-05
1009,0.986111,5.00000238419,251.691,12.3653,4.49658e-05
1010,0.980556,7.00000762939,251.689,18.2182,4.46238e-05
1011,0.986111,5.00000238419,251.684,15.9838,4.42843e-05
1012,0.986111,5.00000238419,251.677,12.148,4.39475e-05
1013,0.986111,5.00000238419,251.671,14.3885,4.36132e-05
1014,0.980556,7.00000762939,251.67,15.1343,4.32814e-05
1015,0.986111,5.00000238419,251.668,18.2471,4.29522e-05
1016,0.986111,5.00000238419,251.66,16.683,4.26255e-05
1017,0.983333,5.99999427795,251.655,15.1343,4.23012e-05
1018,0.986111,5.00000238419,251.65,12.7149,4.19795e-05
1019,0.986111,5.00000238419,251.645,17.042,4.16601e-05
1020,0.986111,5.00000238419,251.638,12.148,4.13432e-05
1021,0.986111,5.00000238419,251.637,16.2343,4.10288e-05
1022,0.986111,5.00000238419,251.635,14.4956,4.07167e-05
1023,0.986111,5.00000238419,251.629,15.1343,4.0407e-05
1024,0.986111,5.00000238419,251.624,12.6873,4.00996e-05
1025,0.986111,5.00000238419,251.619,12.6873,3.97946e-05
1026,0.983333,5.99999427795,251.617,15.1343,3.94918e-05
1027,0.986111,5.00000238419,251.609,12.148,3.91914e-05
1028,0.986111,5.00000238419,251.605,12.3653,3.88933e-05
1029,0.983333,5.99999427795,251.602,17.3199,3.85975e-05
1030,0.983333,5.99999427795,251.597,15.1343,3.83039e-05
1031,0.986111,5.00000238419,251.593,14.4956,3.80125e-05
1032,0.986111,5.00000238419,251.591,13.2569,3.77234e-05
1033,0.986111,5.00000238419,251.585,12.148,3.74364e-05
1034,0.986111,5.00000238419,251.581,12.3653,3.71516e-05
1035,0.986111,5.00000238419,251.575,12.148,3.68691e-05
1036,0.983333,5.99999427795,251.574,15.1342,3.65886e-05
1037,0.986111,5.00000238419,251.57,12.6873,3.63103e-05
1038,0.986111,5.00000238419,251.564,13.7707,3.60341e-05
1039,0.983333,5.99999427795,251.565,14.5105,3.576e-05
1040,0.986111,5.00000238419,251.559,12.7149,3.5488e-05
1041,0.986111,5.00000238419,251.554,12.148,3.5218e-05
1042,0.986111,5.00000238419,251.55,12.148,3.49501e-05
1043,0.986111,5.00000238419,251.547,15.1342,3.46843e-05
1044,0.986111,5.00000238419,251.545,14.9967,3.44205e-05
1045,0.980556,7.00000762939,251.542,16.6558,3.41586e-05
1046,0.986111,5.00000238419,251.535,12.3653,3.38988e-05
1047,0.986111,5.00000238419,251.533,13.2569,3.3641e-05
1048,0.986111,5.00000238419,251.528,15.1342,3.33851e-05
1049,0.986111,5.00000238419,251.526,12.6873,3.31311e-05
1050,0.986111,5.00000238419,251.522,13.2569,3.28791e-05
1051,0.986111,5.00000238419,251.518,15.1342,3.2629e-05
1052,0.986111,5.00000238419,251.516,14.6469,3.23808e-05
1053,0.983333,5.99999427795,251.512,16.5471,3.21345e-05
1054,0.980556,7.00000762939,251.512,15.68,3.189e-05
1055,0.986111,5.00000238419,251.504,12.3653,3.16475e-05
1056,0.983333,5.99999427795,251.502,12.6873,3.14067e-05
1057,0.983333,5.99999427795,251.5,17.5686,3.11678e-05
1058,0.986111,5.00000238419,251.495,15.1342,3.09307e-05
1059,0.986111,5.00000238419,251.49,12.6873,3.06955e-05
1060,0.983333,5.99999427795,251.49,16.1443,3.0462e-05
0.983333,251.49,3.7646970748901367,0.15625,0.422646229336,0.0971424321113
