94,10,0.8,2,1000, .1 
0,0.511111,175.99998951,1.32705e+06,868.049,0.099938
1,0.508333,177.000002861,1.12077e+06,790.986,0.0997524
2,0.508333,177.000002861,949597.0,721.801,0.099567
3,0.513889,174.999997616,806823.0,658.293,0.0993821
4,0.511111,175.99998951,688900.0,601.766,0.0991974
5,0.511111,175.99998951,590259.0,548.99,0.0990131
6,0.513889,174.999997616,507655.0,507.245,0.0988292
7,0.519444,172.999992371,436897.0,469.859,0.0986456
8,0.525,171.000008583,376746.0,430.296,0.0984623
9,0.522222,172.000000477,326773.0,394.2,0.0982794
10,0.530556,169.000003338,284760.0,362.905,0.0980968
11,0.533333,167.999989986,248876.0,336.039,0.0979146
12,0.538889,166.000006199,217838.0,311.87,0.0977327
13,0.541667,164.999992847,191222.0,292.411,0.0975511
14,0.538889,166.000006199,168027.0,271.896,0.0973699
15,0.538889,166.000006199,147834.0,251.995,0.097189
16,0.536111,166.999998093,130782.0,233.788,0.0970084
17,0.536111,166.999998093,115970.0,219.5,0.0968282
18,0.544444,164.000000954,103232.0,204.175,0.0966483
19,0.538889,166.000006199,92161.2,188.832,0.0964688
20,0.541667,164.999992847,82431.6,179.675,0.0962895
21,0.541667,164.999992847,73662.8,169.979,0.0961107
22,0.544444,164.000000954,65810.6,162.11,0.0959321
23,0.558333,158.999998569,58758.3,149.268,0.0957539
24,0.566667,156.000001431,52597.8,142.096,0.095576
25,0.563889,156.999993324,47037.7,134.496,0.0953984
26,0.572222,153.999996185,42111.8,126.95,0.0952212
27,0.577778,151.99999094,37705.4,121.417,0.0950443
28,0.575,153.000004292,33617.9,117.178,0.0948677
29,0.588889,148.000001907,29915.3,110.269,0.0946915
30,0.619444,137.000005245,26649.9,102.274,0.0945156
31,0.619444,137.000005245,23784.4,98.8669,0.09434
32,0.625,135.0,21120.3,95.8092,0.0941647
33,0.636111,130.99998951,18664.8,89.3337,0.0939898
34,0.65,126.000008583,16501.8,83.314,0.0938151
35,0.661111,121.999998093,14604.9,79.2957,0.0936409
36,0.683333,113.999998569,12927.1,73.4794,0.0934669
37,0.697222,108.999996185,11583.1,68.1003,0.0932932
38,0.713889,103.000001907,10401.9,63.3846,0.0931199
39,0.733333,95.999994278,9378.15,58.836,0.0929469
40,0.738889,94.0000104904,8450.07,56.9627,0.0927743
41,0.761111,85.9999895096,7608.96,49.7094,0.0926019
42,0.763889,84.9999976158,6944.48,49.2953,0.0924299
43,0.772222,82.0000004768,6322.71,46.6729,0.0922581
44,0.780556,79.0000033379,5752.46,44.3091,0.0920868
45,0.791667,74.9999928474,5241.56,40.8377,0.0919157
46,0.797222,73.0000090599,4798.33,39.3182,0.0917449
47,0.816667,66.0000014305,4433.74,34.705,0.0915745
48,0.819444,65.0000095367,4117.89,34.6321,0.0914043
49,0.827778,61.9999909401,3814.96,32.8166,0.0912345
50,0.827778,61.9999909401,3521.34,32.8785,0.091065
51,0.847222,55.0000047684,3264.55,30.0233,0.0908959
52,0.847222,55.0000047684,3034.28,29.1751,0.090727
53,0.855556,52.0000076294,2825.63,27.2508,0.0905584
54,0.863889,49.0000104904,2638.8,26.55,0.0903902
55,0.869444,47.0000052452,2468.04,25.4658,0.0902223
56,0.866667,47.999997139,2306.05,25.4071,0.0900547
57,0.872222,45.9999918938,2145.93,24.4833,0.0898873
58,0.877778,44.0000081062,2001.15,23.7621,0.0897204
59,0.883333,42.000002861,1865.65,23.3953,0.0895537
60,0.891667,39.000005722,1748.92,20.7277,0.0893873
61,0.902778,34.9999952316,1652.0,17.7223,0.0892212
62,0.902778,34.9999952316,1586.99,16.9308,0.0890555
63,0.905556,34.0000033379,1523.5,16.8892,0.08889
64,0.908333,32.9999899864,1463.39,15.417,0.0887249
65,0.913889,31.0000061989,1408.96,15.024,0.0885601
66,0.913889,31.0000061989,1356.22,14.9478,0.0883955
67,0.911111,31.9999980927,1303.92,14.8766,0.0882313
68,0.916667,29.9999928474,1252.46,14.5751,0.0880674
69,0.916667,29.9999928474,1203.29,14.5079,0.0879038
70,0.919444,29.0000009537,1155.33,14.1773,0.0877405
71,0.919444,29.0000009537,1109.56,14.1101,0.0875775
72,0.925,26.9999957085,1066.22,13.4374,0.0874148
73,0.922222,28.0000090599,1027.33,12.8529,0.0872524
74,0.925,26.9999957085,989.26,12.6983,0.0870903
75,0.922222,28.0000090599,951.846,12.7121,0.0869285
76,0.919444,29.0000009537,915.371,12.2915,0.086767
77,0.919444,29.0000009537,879.982,11.97,0.0866058
78,0.916667,29.9999928474,845.94,12.0821,0.0864449
79,0.925,26.9999957085,812.977,11.9022,0.0862843
80,0.930556,24.9999904633,784.627,10.249,0.086124
81,0.930556,24.9999904633,763.791,9.23018,0.085964
82,0.930556,24.9999904633,745.246,9.19943,0.0858043
83,0.930556,24.9999904633,726.869,9.16985,0.0856449
84,0.930556,24.9999904633,708.366,9.14288,0.0854858
85,0.925,26.9999957085,690.477,9.03609,0.0853269
86,0.930556,24.9999904633,671.778,8.95968,0.0851684
87,0.927778,26.0000038147,655.008,9.02372,0.0850102
88,0.930556,24.9999904633,638.354,8.92658,0.0848523
89,0.930556,24.9999904633,621.65,8.91631,0.0846946
90,0.938889,21.9999933243,606.483,7.70248,0.0845373
91,0.941667,21.0000014305,594.449,7.62424,0.0843802
92,0.941667,21.0000014305,581.563,7.89264,0.0842235
93,0.941667,21.0000014305,568.981,7.9254,0.084067
94,0.944444,20.0000095367,556.394,7.40732,0.0839108
95,0.941667,21.0000014305,546.836,6.96043,0.0837549
96,0.941667,21.0000014305,536.638,6.93459,0.0835993
97,0.95,18.0000042915,527.994,6.7632,0.083444
98,0.95,18.0000042915,518.459,6.92602,0.083289
99,0.95,18.0000042915,509.851,6.72734,0.0831343
100,0.947222,18.9999961853,500.194,6.784,0.0829798
101,0.947222,18.9999961853,491.742,6.4487,0.0828257
102,0.95,18.0000042915,483.361,6.8787,0.0826718
103,0.952778,16.9999909401,475.679,6.6564,0.0825182
104,0.955556,15.9999990463,467.406,6.63055,0.0823649
105,0.95,18.0000042915,458.479,6.76907,0.0822119
106,0.952778,16.9999909401,451.51,6.24996,0.0820591
107,0.955556,15.9999990463,443.34,6.6021,0.0819067
108,0.952778,16.9999909401,436.114,6.62697,0.0817545
109,0.944444,20.0000095367,428.776,7.25162,0.0816026
110,0.95,18.0000042915,420.878,6.66202,0.081451
111,0.952778,16.9999909401,413.621,6.57107,0.0812997
112,0.952778,16.9999909401,405.193,6.14579,0.0811487
113,0.952778,16.9999909401,397.554,6.43208,0.0809979
114,0.952778,16.9999909401,390.416,6.1115,0.0808474
115,0.958333,15.0000071526,383.076,6.40516,0.0806972
116,0.952778,16.9999909401,376.315,7.3381,0.0805473
117,0.952778,16.9999909401,369.072,6.49783,0.0803977
118,0.95,18.0000042915,361.117,6.59543,0.0802483
119,0.955556,15.9999990463,354.487,6.44211,0.0800992
120,0.952778,16.9999909401,347.465,6.52224,0.0799504
121,0.952778,16.9999909401,341.109,6.55091,0.0798019
122,0.95,18.0000042915,333.429,6.50225,0.0796536
123,0.95,18.0000042915,328.391,6.97252,0.0795057
124,0.955556,15.9999990463,323.474,5.28972,0.079358
125,0.955556,15.9999990463,320.672,6.17162,0.0792105
126,0.947222,18.9999961853,317.731,6.55902,0.0790634
127,0.952778,16.9999909401,314.137,4.57224,0.0789165
128,0.955556,15.9999990463,311.286,5.30955,0.0787699
129,0.955556,15.9999990463,308.038,4.23564,0.0786235
130,0.955556,15.9999990463,305.331,5.55384,0.0784775
131,0.961111,13.9999938011,303.082,5.17606,0.0783317
132,0.958333,15.0000071526,301.173,6.17806,0.0781861
133,0.955556,15.9999990463,297.425,4.931,0.0780409
134,0.958333,15.0000071526,294.158,4.62758,0.0778959
135,0.961111,13.9999938011,291.609,5.19337,0.0777512
136,0.95,18.0000042915,289.57,6.78589,0.0776067
137,0.955556,15.9999990463,286.252,5.68884,0.0774626
138,0.958333,15.0000071526,282.98,4.63739,0.0773187
139,0.963889,13.0000019073,279.578,4.88609,0.077175
140,0.958333,15.0000071526,277.635,5.943,0.0770316
141,0.95,18.0000042915,275.236,4.85485,0.0768885
142,0.955556,15.9999990463,273.381,6.12318,0.0767457
143,0.952778,16.9999909401,270.155,4.92985,0.0766031
144,0.955556,15.9999990463,267.981,6.17881,0.0764608
145,0.958333,15.0000071526,265.141,4.13438,0.0763187
146,0.955556,15.9999990463,262.683,4.93852,0.076177
147,0.952778,16.9999909401,259.726,4.34009,0.0760354
148,0.952778,16.9999909401,257.4,4.95361,0.0758942
149,0.955556,15.9999990463,254.741,4.99809,0.0757532
150,0.958333,15.0000071526,252.343,6.02893,0.0756124
151,0.952778,16.9999909401,249.404,4.37349,0.075472
152,0.955556,15.9999990463,246.688,4.24981,0.0753318
153,0.955556,15.9999990463,244.516,5.06377,0.0751918
154,0.95,18.0000042915,241.376,4.43287,0.0750521
155,0.952778,16.9999909401,239.027,4.63834,0.0749127
156,0.952778,16.9999909401,236.799,5.8966,0.0747735
157,0.952778,16.9999909401,233.816,6.53855,0.0746346
158,0.947222,18.9999961853,231.226,6.32366,0.0744959
159,0.955556,15.9999990463,227.828,4.33776,0.0743575
160,0.961111,13.9999938011,225.455,4.96302,0.0742194
161,0.958333,15.0000071526,224.335,6.86178,0.0740815
162,0.955556,15.9999990463,222.026,6.11371,0.0739439
163,0.961111,13.9999938011,220.903,6.49012,0.0738065
164,0.961111,13.9999938011,218.005,5.07685,0.0736694
165,0.966667,12.0000100136,216.201,6.02093,0.0735325
166,0.966667,12.0000100136,214.093,4.32221,0.0733959
167,0.966667,12.0000100136,212.77,6.01968,0.0732596
168,0.963889,13.0000019073,210.712,6.79655,0.0731235
169,0.963889,13.0000019073,209.477,6.05888,0.0729876
170,0.966667,12.0000100136,207.071,5.20588,0.072852
171,0.966667,12.0000100136,205.902,4.63226,0.0727167
172,0.961111,13.9999938011,204.135,7.40605,0.0725816
173,0.961111,13.9999938011,201.426,5.92328,0.0724467
174,0.961111,13.9999938011,200.258,5.95704,0.0723122
175,0.966667,12.0000100136,198.928,4.62295,0.0721778
176,0.961111,13.9999938011,197.458,7.40863,0.0720437
177,0.966667,12.0000100136,194.687,5.71686,0.0719099
178,0.966667,12.0000100136,192.878,5.40595,0.0717763
179,0.969444,10.9999966621,191.948,4.56631,0.0716429
180,0.972222,10.0000047684,189.582,4.92286,0.0715098
181,0.961111,13.9999938011,188.777,6.33374,0.071377
182,0.972222,10.0000047684,185.96,4.9256,0.0712444
183,0.969444,10.9999966621,185.6,5.63511,0.071112
184,0.975,8.99999141693,183.665,4.54821,0.0709799
185,0.972222,10.0000047684,183.365,4.34737,0.070848
186,0.963889,13.0000019073,182.373,7.45674,0.0707164
187,0.966667,12.0000100136,181.941,5.08113,0.070585
188,0.969444,10.9999966621,180.604,5.43927,0.0704539
189,0.975,8.99999141693,179.628,4.55141,0.070323
190,0.972222,10.0000047684,178.947,5.58436,0.0701924
191,0.969444,10.9999966621,177.315,5.44467,0.070062
192,0.963889,13.0000019073,176.706,7.45703,0.0699318
193,0.966667,12.0000100136,175.6,5.40421,0.0698019
194,0.972222,10.0000047684,174.812,4.86844,0.0696722
195,0.972222,10.0000047684,174.147,4.37405,0.0695428
196,0.972222,10.0000047684,172.802,4.37405,0.0694136
197,0.977778,7.99999952316,173.303,4.26424,0.0692846
198,0.977778,7.99999952316,171.583,4.26433,0.0691559
199,0.972222,10.0000047684,171.256,5.01917,0.0690274
200,0.969444,10.9999966621,170.756,5.39325,0.0688992
201,0.975,8.99999141693,170.288,4.39686,0.0687712
202,0.963889,13.0000019073,170.141,6.72394,0.0686434
203,0.975,8.99999141693,169.827,4.27064,0.0685159
204,0.972222,10.0000047684,168.154,4.08979,0.0683886
205,0.969444,10.9999966621,168.119,4.37079,0.0682616
206,0.966667,12.0000100136,167.512,5.31241,0.0681347
207,0.972222,10.0000047684,167.387,4.31452,0.0680082
208,0.975,8.99999141693,166.563,4.2907,0.0678818
209,0.969444,10.9999966621,166.295,4.13339,0.0677557
210,0.977778,7.99999952316,165.54,4.28105,0.0676298
211,0.975,8.99999141693,165.08,4.04801,0.0675042
212,0.969444,10.9999966621,164.665,5.8927,0.0673788
213,0.972222,10.0000047684,164.21,4.31656,0.0672536
214,0.972222,10.0000047684,163.867,5.41689,0.0671287
215,0.975,8.99999141693,162.685,3.62607,0.0670039
216,0.977778,7.99999952316,161.849,4.2326,0.0668795
217,0.972222,10.0000047684,161.749,3.89349,0.0667552
218,0.966667,12.0000100136,161.193,5.59004,0.0666312
219,0.975,8.99999141693,160.916,4.29715,0.0665074
220,0.972222,10.0000047684,160.417,4.34288,0.0663839
221,0.975,8.99999141693,159.828,3.99207,0.0662605
222,0.975,8.99999141693,159.148,4.32225,0.0661374
223,0.975,8.99999141693,157.595,3.6554,0.0660146
224,0.977778,7.99999952316,158.083,4.2465,0.0658919
225,0.977778,7.99999952316,156.372,4.24679,0.0657695
226,0.966667,12.0000100136,157.131,5.27804,0.0656473
227,0.977778,7.99999952316,155.608,4.25232,0.0655254
228,0.977778,7.99999952316,156.097,4.2561,0.0654036
229,0.977778,7.99999952316,154.384,4.25649,0.0652821
230,0.975,8.99999141693,155.061,4.52948,0.0651608
231,0.975,8.99999141693,153.388,4.52903,0.0650398
232,0.972222,10.0000047684,154.178,4.81017,0.064919
233,0.966667,12.0000100136,152.753,5.20452,0.0647983
234,0.972222,10.0000047684,152.3,4.59245,0.064678
235,0.969444,10.9999966621,151.632,3.90551,0.0645578
236,0.969444,10.9999966621,151.198,4.43484,0.0644379
237,0.969444,10.9999966621,149.827,4.35003,0.0643182
238,0.961111,13.9999938011,150.807,7.0841,0.0641987
239,0.969444,10.9999966621,149.756,4.32867,0.0640794
240,0.969444,10.9999966621,148.972,5.16118,0.0639603
241,0.972222,10.0000047684,147.673,4.3352,0.0638415
242,0.975,8.99999141693,148.191,4.55031,0.0637229
243,0.975,8.99999141693,146.511,4.5502,0.0636045
244,0.975,8.99999141693,147.101,4.55563,0.0634864
245,0.972222,10.0000047684,145.452,4.83306,0.0633684
246,0.966667,12.0000100136,145.311,4.65201,0.0632507
247,0.975,8.99999141693,144.096,4.39951,0.0631332
248,0.969444,10.9999966621,144.348,4.60644,0.0630159
249,0.972222,10.0000047684,143.498,4.84372,0.0628988
250,0.975,8.99999141693,141.755,4.56474,0.062782
251,0.975,8.99999141693,142.343,4.56955,0.0626653
252,0.975,8.99999141693,140.653,4.56971,0.0625489
253,0.975,8.99999141693,141.189,4.57526,0.0624327
254,0.969444,10.9999966621,139.546,5.25764,0.0623167
255,0.969444,10.9999966621,139.479,4.61293,0.062201
256,0.963889,13.0000019073,139.014,4.91187,0.0620854
257,0.972222,10.0000047684,138.166,4.31357,0.0619701
258,0.972222,10.0000047684,137.342,3.93088,0.0618549
259,0.972222,10.0000047684,136.903,4.31747,0.06174
260,0.969444,10.9999966621,136.32,4.40984,0.0616253
261,0.966667,12.0000100136,136.077,4.67841,0.0615108
262,0.969444,10.9999966621,135.137,4.44524,0.0613965
263,0.963889,13.0000019073,134.775,5.61026,0.0612825
264,0.969444,10.9999966621,132.979,4.38406,0.0611686
265,0.972222,10.0000047684,133.264,4.66025,0.061055
266,0.969444,10.9999966621,131.677,4.38841,0.0609416
267,0.969444,10.9999966621,131.031,4.00023,0.0608284
268,0.966667,12.0000100136,130.659,4.68765,0.0607153
269,0.969444,10.9999966621,129.89,4.00948,0.0606025
270,0.969444,10.9999966621,129.276,4.39608,0.06049
271,0.969444,10.9999966621,128.594,4.05606,0.0603776
272,0.969444,10.9999966621,127.928,4.40076,0.0602654
273,0.961111,13.9999938011,127.678,5.93231,0.0601535
274,0.972222,10.0000047684,126.617,4.34333,0.0600417
275,0.972222,10.0000047684,125.634,4.00963,0.0599302
276,0.969444,10.9999966621,125.435,5.47019,0.0598188
277,0.969444,10.9999966621,124.905,4.55283,0.0597077
278,0.975,8.99999141693,123.659,4.63754,0.0595968
279,0.972222,10.0000047684,123.049,4.10651,0.059486
280,0.975,8.99999141693,122.328,4.64388,0.0593755
281,0.969444,10.9999966621,121.776,4.57629,0.0592652
282,0.966667,12.0000100136,121.054,4.66339,0.0591551
283,0.966667,12.0000100136,120.464,4.58847,0.0590452
284,0.972222,10.0000047684,119.712,4.365,0.0589355
285,0.972222,10.0000047684,118.89,4.73136,0.058826
286,0.972222,10.0000047684,118.256,4.3705,0.0587167
287,0.972222,10.0000047684,117.455,4.74016,0.0586077
288,0.966667,12.0000100136,116.96,5.06917,0.0584988
289,0.963889,13.0000019073,116.185,5.26605,0.0583901
290,0.972222,10.0000047684,114.108,4.37768,0.0582816
291,0.972222,10.0000047684,114.348,4.75725,0.0581733
292,0.966667,12.0000100136,112.697,5.40906,0.0580653
293,0.969444,10.9999966621,112.922,5.40768,0.0579574
294,0.969444,10.9999966621,111.047,5.06138,0.0578497
295,0.966667,12.0000100136,111.328,5.41482,0.0577422
296,0.966667,12.0000100136,109.463,4.71665,0.057635
297,0.969444,10.9999966621,109.495,4.69299,0.0575279
298,0.969444,10.9999966621,108.686,5.06482,0.057421
299,0.963889,13.0000019073,108.098,5.103,0.0573143
300,0.966667,12.0000100136,106.771,5.1637,0.0572079
301,0.969444,10.9999966621,106.202,4.23958,0.0571016
302,0.972222,10.0000047684,105.094,4.80142,0.0569955
303,0.969444,10.9999966621,104.589,4.25297,0.0568896
304,0.972222,10.0000047684,103.525,4.81071,0.0567839
305,0.966667,12.0000100136,102.985,4.71969,0.0566784
306,0.963889,13.0000019073,102.119,5.62442,0.0565731
307,0.972222,10.0000047684,100.122,4.42469,0.056468
308,0.975,8.99999141693,100.204,4.8272,0.0563631
309,0.969444,10.9999966621,98.4823,4.52426,0.0562584
310,0.972222,10.0000047684,97.6459,4.19608,0.0561539
311,0.969444,10.9999966621,96.9852,4.73278,0.0560496
312,0.969444,10.9999966621,96.5721,4.66934,0.0559455
313,0.972222,10.0000047684,95.347,4.44536,0.0558415
314,0.972222,10.0000047684,94.3318,4.22104,0.0557378
315,0.966667,12.0000100136,93.8113,5.13667,0.0556342
316,0.966667,12.0000100136,92.6817,4.87019,0.0555309
317,0.969444,10.9999966621,92.6163,5.41901,0.0554277
318,0.972222,10.0000047684,90.5812,4.80163,0.0553247
319,0.975,8.99999141693,90.7344,4.78301,0.0552219
320,0.972222,10.0000047684,88.925,5.07659,0.0551194
321,0.966667,12.0000100136,88.0204,4.38325,0.055017
322,0.966667,12.0000100136,87.3846,5.57219,0.0549147
323,0.969444,10.9999966621,86.7507,4.69123,0.0548127
324,0.975,8.99999141693,85.6768,4.80158,0.0547109
325,0.980556,7.00000762939,83.9504,4.27078,0.0546093
326,0.980556,7.00000762939,84.3474,4.34116,0.0545078
327,0.980556,7.00000762939,82.9914,4.34072,0.0544065
328,0.972222,10.0000047684,83.5768,5.10506,0.0543055
329,0.977778,7.99999952316,82.013,4.62625,0.0542046
330,0.980556,7.00000762939,81.5702,4.27853,0.0541039
331,0.975,8.99999141693,81.1291,4.71723,0.0540034
332,0.977778,7.99999952316,79.6192,4.39759,0.053903
333,0.977778,7.99999952316,80.0039,4.40301,0.0538029
334,0.975,8.99999141693,78.8148,4.71373,0.0537029
335,0.977778,7.99999952316,78.4303,4.40476,0.0536032
336,0.975,8.99999141693,77.093,4.16701,0.0535036
337,0.966667,12.0000100136,76.9293,4.89351,0.0534042
338,0.972222,10.0000047684,76.2813,5.0518,0.053305
339,0.975,8.99999141693,74.7392,4.17047,0.0532059
340,0.977778,7.99999952316,75.0499,4.41341,0.0531071
341,0.975,8.99999141693,73.6985,4.73607,0.0530084
342,0.975,8.99999141693,73.4156,3.87223,0.0529099
343,0.972222,10.0000047684,72.955,5.05941,0.0528116
344,0.972222,10.0000047684,72.54,4.48996,0.0527135
345,0.972222,10.0000047684,72.179,4.95246,0.0526156
346,0.972222,10.0000047684,70.6156,4.63382,0.0525179
347,0.966667,12.0000100136,70.5614,4.97201,0.0524203
348,0.972222,10.0000047684,69.3875,4.66611,0.0523229
349,0.972222,10.0000047684,69.1676,4.26097,0.0522257
350,0.977778,7.99999952316,68.3151,4.67369,0.0521287
351,0.975,8.99999141693,66.852,4.5759,0.0520318
352,0.975,8.99999141693,67.2007,4.5808,0.0519352
353,0.977778,7.99999952316,65.7956,4.67299,0.0518387
354,0.972222,10.0000047684,65.5587,4.07738,0.0517424
355,0.975,8.99999141693,64.6856,4.5826,0.0516462
356,0.975,8.99999141693,64.38,4.1875,0.0515503
357,0.975,8.99999141693,63.5543,4.58592,0.0514545
358,0.966667,12.0000100136,63.2462,4.83604,0.0513589
359,0.972222,10.0000047684,62.344,4.8492,0.0512635
360,0.975,8.99999141693,61.8567,4.59042,0.0511683
361,0.975,8.99999141693,61.265,4.59346,0.0510732
362,0.977778,7.99999952316,60.7346,4.68302,0.0509783
363,0.972222,10.0000047684,59.3088,4.10435,0.0508836
364,0.966667,12.0000100136,59.1841,5.00255,0.0507891
365,0.972222,10.0000047684,58.071,4.8509,0.0506947
366,0.972222,10.0000047684,57.8915,4.36129,0.0506006
367,0.975,8.99999141693,56.9876,4.66744,0.0505066
368,0.977778,7.99999952316,55.6072,4.74874,0.0504127
369,0.969444,10.9999966621,55.9704,5.27996,0.0503191
370,0.975,8.99999141693,54.2833,4.60481,0.0502256
371,0.975,8.99999141693,54.1768,4.21938,0.0501323
372,0.975,8.99999141693,53.1574,4.60809,0.0500391
373,0.975,8.99999141693,52.7937,4.22472,0.0499462
374,0.975,8.99999141693,52.0261,4.61145,0.0498534
375,0.972222,10.0000047684,51.5337,4.14211,0.0497608
376,0.977778,7.99999952316,50.8686,4.69393,0.0496683
377,0.975,8.99999141693,50.33,4.61694,0.049576
378,0.975,8.99999141693,49.7083,4.62025,0.0494839
379,0.977778,7.99999952316,49.1826,4.69794,0.049392
380,0.975,8.99999141693,47.7537,4.62075,0.0493002
381,0.969444,10.9999966621,47.5308,5.10508,0.0492087
382,0.972222,10.0000047684,46.5424,4.63944,0.0491172
383,0.975,8.99999141693,45.4297,4.24629,0.049026
384,0.975,8.99999141693,45.5509,4.62941,0.0489349
385,0.980556,7.00000762939,44.6066,3.8339,0.048844
386,0.977778,7.99999952316,44.0838,3.6766,0.0487533
387,0.972222,10.0000047684,44.6553,4.37533,0.0486627
388,0.975,8.99999141693,44.335,4.72548,0.0485723
389,0.980556,7.00000762939,43.3992,3.52769,0.048482
390,0.983333,5.99999427795,43.1162,3.64348,0.048392
391,0.983333,5.99999427795,42.669,3.47083,0.0483021
392,0.986111,5.00000238419,42.9553,3.47871,0.0482123
393,0.986111,5.00000238419,42.5067,3.31736,0.0481228
394,0.983333,5.99999427795,42.1551,2.46333,0.0480334
395,0.983333,5.99999427795,42.7667,4.31132,0.0479441
396,0.986111,5.00000238419,41.8732,3.49008,0.0478551
397,0.986111,5.00000238419,41.9341,3.31765,0.0477661
398,0.986111,5.00000238419,41.587,3.00359,0.0476774
399,0.986111,5.00000238419,41.4304,3.31641,0.0475888
400,0.988889,4.00001049042,41.0541,3.02554,0.0475004
401,0.988889,4.00001049042,40.8122,3.02518,0.0474122
402,0.988889,4.00001049042,40.5709,3.02481,0.0473241
403,0.988889,4.00001049042,40.3302,3.02445,0.0472362
404,0.986111,5.00000238419,40.1,3.31407,0.0471484
405,0.983333,5.99999427795,39.7703,4.10054,0.0470608
406,0.983333,5.99999427795,39.2172,3.64396,0.0469734
407,0.980556,7.00000762939,39.5035,3.59904,0.0468861
408,0.980556,7.00000762939,39.4275,3.53751,0.046799
409,0.988889,4.00001049042,39.1824,3.00378,0.0467121
410,0.986111,5.00000238419,39.0304,3.31265,0.0466253
411,0.986111,5.00000238419,38.7013,4.11742,0.0465387
412,0.983333,5.99999427795,38.3913,2.84018,0.0464522
413,0.988889,4.00001049042,38.6245,3.02284,0.0463659
414,0.988889,4.00001049042,38.389,3.0225,0.0462798
415,0.988889,4.00001049042,38.154,3.02217,0.0461938
416,0.988889,4.00001049042,37.9196,3.02184,0.046108
417,0.988889,4.00001049042,37.6857,3.02152,0.0460223
418,0.986111,5.00000238419,37.4593,3.31164,0.0459368
419,0.986111,5.00000238419,37.1405,3.00474,0.0458515
420,0.983333,5.99999427795,36.9947,3.64015,0.0457663
421,0.986111,5.00000238419,37.1913,4.12202,0.0456813
422,0.986111,5.00000238419,36.2956,3.31142,0.0455964
423,0.988889,4.00001049042,35.9646,3.00575,0.0455117
424,0.986111,5.00000238419,35.8175,3.31031,0.0454271
425,0.988889,4.00001049042,35.4843,3.01942,0.0453428
426,0.988889,4.00001049042,35.2549,3.01911,0.0452585
427,0.988889,4.00001049042,35.0261,3.01881,0.0451744
428,0.988889,4.00001049042,34.7978,3.01851,0.0450905
429,0.988889,4.00001049042,34.5701,3.01821,0.0450067
430,0.983333,5.99999427795,34.377,3.63758,0.0449231
431,0.977778,7.99999952316,34.6565,4.37164,0.0448397
432,0.983333,5.99999427795,34.2008,3.42587,0.0447564
433,0.988889,4.00001049042,33.8724,3.01808,0.0446732
434,0.988889,4.00001049042,33.6467,3.01779,0.0445902
435,0.986111,5.00000238419,33.4795,3.47796,0.0445074
436,0.986111,5.00000238419,33.5307,3.31008,0.0444247
437,0.986111,5.00000238419,33.1916,3.00765,0.0443422
438,0.986111,5.00000238419,33.0663,3.30906,0.0442598
439,0.991667,2.99999713898,32.7396,2.76491,0.0441776
440,0.991667,2.99999713898,32.7396,2.76491,0.0440955
0.991667,32.7396,1.5474820137023926,3.57031,0.689908320198,0.137256818761
