11,10,0.1,2,1000, .1 
0,0.538889,166.000006199,922063.0,698.045,0.0993624
1,0.552778,161.000003815,781445.0,640.018,0.097474
2,0.561111,158.000006676,664722.0,595.544,0.0956215
3,0.577778,151.99999094,568674.0,536.378,0.0938042
4,0.597222,145.000004768,490438.0,496.246,0.0920214
5,0.616667,137.999997139,427756.0,448.83,0.0902725
6,0.627778,134.000008106,376150.0,413.697,0.0885569
7,0.627778,134.000008106,331978.0,392.001,0.0868738
8,0.636111,130.99998951,293518.0,363.463,0.0852228
9,0.647222,127.000000477,261564.0,343.39,0.0836031
10,0.65,126.000008583,233776.0,317.476,0.0820142
11,0.666667,119.999992847,211516.0,291.923,0.0804555
12,0.683333,113.999998569,192331.0,267.299,0.0789264
13,0.683333,113.999998569,176055.0,258.424,0.0774264
14,0.694444,110.000009537,161146.0,243.864,0.0759549
15,0.705556,105.999999046,148165.0,227.632,0.0745113
16,0.713889,103.000001907,137047.0,220.728,0.0730952
17,0.713889,103.000001907,126724.0,214.112,0.071706
18,0.716667,102.000010014,117488.0,204.785,0.0703432
19,0.727778,97.9999995232,109122.0,194.713,0.0690063
20,0.730556,97.0000076294,101289.0,192.18,0.0676948
21,0.733333,95.999994278,93930.5,185.685,0.0664083
22,0.741667,92.999997139,87123.4,178.118,0.0651462
23,0.752778,89.0000081062,81008.0,169.214,0.063908
24,0.761111,85.9999895096,75589.8,161.833,0.0626935
25,0.769444,82.9999923706,70666.3,156.756,0.061502
26,0.769444,82.9999923706,66136.2,152.094,0.0603331
27,0.775,81.0000085831,61945.0,144.611,0.0591864
28,0.783333,77.9999899864,58189.9,139.805,0.0580616
29,0.786111,76.9999980927,54744.1,139.611,0.0569581
30,0.786111,76.9999980927,51368.8,140.267,0.0558756
31,0.791667,74.9999928474,48109.4,136.011,0.0548137
32,0.8,71.9999957085,45246.5,127.508,0.0537719
33,0.808333,68.9999985695,42792.6,122.45,0.05275
34,0.811111,68.0000066757,40468.8,120.298,0.0517474
35,0.813889,66.9999933243,38397.0,117.187,0.050764
36,0.813889,66.9999933243,36352.3,113.958,0.0497992
37,0.822222,63.9999961853,34511.0,108.818,0.0488527
38,0.827778,61.9999909401,32838.2,106.437,0.0479243
39,0.830556,60.9999990463,31215.9,107.006,0.0470135
40,0.833333,60.0000071526,29709.7,104.963,0.04612
41,0.833333,60.0000071526,28219.6,105.889,0.0452434
42,0.838889,58.0000019073,26733.4,104.263,0.0443836
43,0.838889,58.0000019073,25315.8,103.963,0.04354
44,0.836111,58.9999938011,23913.1,103.454,0.0427126
45,0.844444,55.9999966621,22659.3,93.916,0.0419008
46,0.85,53.9999914169,21647.8,85.5987,0.0411045
47,0.858333,50.999994278,20748.2,81.6539,0.0403233
48,0.877778,44.0000081062,20198.6,63.6239,0.0395569
49,0.880556,42.9999947548,19785.6,62.7448,0.0388051
50,0.880556,42.9999947548,19374.2,62.7104,0.0380676
51,0.883333,42.000002861,18972.1,62.6546,0.0373441
52,0.886111,40.9999895096,18595.6,61.7783,0.0366344
53,0.886111,40.9999895096,18226.5,61.7091,0.0359381
54,0.888889,39.9999976158,17867.2,60.2371,0.0352551
55,0.886111,40.9999895096,17541.2,58.8354,0.0345851
56,0.886111,40.9999895096,17221.3,58.8149,0.0339278
57,0.886111,40.9999895096,16918.8,58.7927,0.033283
58,0.886111,40.9999895096,16609.7,58.7711,0.0326504
59,0.886111,40.9999895096,16320.1,58.7749,0.0320299
60,0.883333,42.000002861,16034.7,58.443,0.0314212
61,0.883333,42.000002861,15758.3,58.4452,0.030824
62,0.883333,42.000002861,15476.0,58.447,0.0302382
63,0.883333,42.000002861,15209.7,58.4598,0.0296635
64,0.886111,40.9999895096,14958.6,54.6112,0.0290997
65,0.888889,39.9999976158,14728.5,54.4702,0.0285467
66,0.888889,39.9999976158,14503.3,54.4429,0.0280041
67,0.894444,37.9999923706,14283.6,53.903,0.0274719
68,0.894444,37.9999923706,14072.4,53.8671,0.0269498
69,0.894444,37.9999923706,13865.5,53.8347,0.0264376
70,0.897222,37.0000004768,13662.9,53.7739,0.0259352
71,0.897222,37.0000004768,13464.6,53.7497,0.0254423
72,0.897222,37.0000004768,13270.3,53.7282,0.0249587
73,0.897222,37.0000004768,13079.8,53.7096,0.0244844
74,0.897222,37.0000004768,12893.1,53.6937,0.024019
75,0.897222,37.0000004768,12710.0,53.6804,0.0235625
76,0.902778,34.9999952316,12531.2,49.373,0.0231147
77,0.902778,34.9999952316,12369.5,49.348,0.0226754
78,0.902778,34.9999952316,12211.1,49.3256,0.0222445
79,0.902778,34.9999952316,12055.7,49.3057,0.0218217
80,0.9,36.0000085831,11903.4,51.0358,0.021407
81,0.9,36.0000085831,11754.1,51.0262,0.0210001
82,0.9,36.0000085831,11607.7,51.0186,0.020601
83,0.9,36.0000085831,11464.1,51.0129,0.0202095
84,0.9,36.0000085831,11324.3,49.7284,0.0198254
85,0.9,36.0000085831,11187.4,49.7194,0.0194486
86,0.9,36.0000085831,11053.2,49.7122,0.019079
87,0.902778,34.9999952316,10926.3,48.7867,0.0187164
88,0.905556,34.0000033379,10811.8,47.4295,0.0183607
89,0.905556,34.0000033379,10702.3,47.4161,0.0180117
90,0.905556,34.0000033379,10594.9,47.4039,0.0176694
91,0.905556,34.0000033379,10489.6,47.3929,0.0173336
92,0.905556,34.0000033379,10386.3,47.383,0.0170042
93,0.905556,34.0000033379,10285.0,47.3741,0.016681
94,0.905556,34.0000033379,10185.6,47.3663,0.016364
95,0.905556,34.0000033379,10088.1,47.3594,0.016053
96,0.905556,34.0000033379,9992.42,47.3534,0.0157479
97,0.905556,34.0000033379,9898.6,47.3483,0.0154486
98,0.905556,34.0000033379,9806.55,47.3441,0.015155
99,0.908333,32.9999899864,9720.62,43.5037,0.014867
100,0.911111,31.9999980927,9648.9,43.3389,0.0145844
101,0.911111,31.9999980927,9579.82,43.3295,0.0143072
102,0.911111,31.9999980927,9511.88,43.318,0.0140353
103,0.911111,31.9999980927,9445.26,43.3071,0.0137686
104,0.911111,31.9999980927,9382.38,42.1859,0.0135069
105,0.911111,31.9999980927,9323.27,42.1799,0.0132502
106,0.913889,31.0000061989,9265.37,41.7087,0.0129984
107,0.911111,31.9999980927,9209.79,42.1697,0.0127513
108,0.911111,31.9999980927,9154.0,42.1651,0.012509
109,0.913889,31.0000061989,9099.38,41.6949,0.0122713
110,0.911111,31.9999980927,9046.88,42.1574,0.012038
111,0.911111,31.9999980927,8994.67,42.1561,0.0118092
112,0.913889,31.0000061989,8943.13,41.6868,0.0115848
113,0.911111,31.9999980927,8893.53,42.1506,0.0113646
114,0.911111,31.9999980927,8843.8,42.1483,0.0111486
115,0.913889,31.0000061989,8795.19,41.6798,0.0109368
116,0.911111,31.9999980927,8748.3,42.1447,0.0107289
117,0.911111,31.9999980927,8701.35,42.1433,0.010525
118,0.913889,31.0000061989,8655.5,41.6755,0.010325
119,0.913889,31.0000061989,8613.17,41.3912,0.0101287
120,0.916667,29.9999928474,8570.93,40.9158,0.00993624
121,0.913889,31.0000061989,8530.49,41.3916,0.0097474
122,0.916667,29.9999928474,8490.03,40.2269,0.00956215
123,0.916667,29.9999928474,8452.04,40.9169,0.00938042
124,0.916667,29.9999928474,8414.1,40.226,0.00920214
125,0.913889,31.0000061989,8377.37,41.3939,0.00902725
126,0.916667,29.9999928474,8341.75,40.9192,0.00885569
127,0.916667,29.9999928474,8305.59,40.2257,0.00868738
128,0.913889,31.0000061989,8271.15,41.3971,0.00852228
129,0.919444,29.0000009537,8235.84,39.7366,0.00836031
130,0.913889,31.0000061989,8203.29,41.4,0.00820142
131,0.919444,29.0000009537,8169.25,39.7378,0.00804555
132,0.913889,31.0000061989,8137.95,41.4034,0.00789264
133,0.913889,31.0000061989,8106.66,41.405,0.00774264
134,0.919444,29.0000009537,8074.35,39.7403,0.00759549
135,0.913889,31.0000061989,8044.94,41.4089,0.00745113
136,0.916667,29.9999928474,8013.85,40.2324,0.00730952
137,0.916667,29.9999928474,7984.88,40.9373,0.0071706
138,0.916667,29.9999928474,7955.66,40.235,0.00703432
139,0.916667,29.9999928474,7927.56,40.9418,0.00690063
140,0.913889,31.0000061989,7900.87,41.4197,0.00676948
141,0.916667,29.9999928474,7872.51,40.2395,0.00664083
142,0.916667,29.9999928474,7846.19,40.9487,0.00651462
143,0.916667,29.9999928474,7819.6,40.2428,0.00639081
144,0.913889,31.0000061989,7794.09,41.4293,0.00626935
145,0.919444,29.0000009537,7768.12,39.7565,0.0061502
146,0.913889,31.0000061989,7743.98,41.4344,0.00603331
147,0.916667,29.9999928474,7720.0,40.9612,0.00591865
148,0.916667,29.9999928474,7695.81,40.252,0.00580616
149,0.913889,31.0000061989,7672.65,41.4421,0.00569581
150,0.919444,29.0000009537,7648.95,39.766,0.00558756
151,0.913889,31.0000061989,7627.07,41.4474,0.00548137
152,0.913889,31.0000061989,7605.25,41.45,0.00537719
153,0.919444,29.0000009537,7582.79,39.772,0.005275
154,0.913889,31.0000061989,7562.19,41.4553,0.00517474
155,0.919444,29.0000009537,7540.58,39.7762,0.0050764
156,0.913889,31.0000061989,7520.73,41.4607,0.00497992
157,0.916667,29.9999928474,7499.97,40.2704,0.00488527
158,0.919444,29.0000009537,7480.4,39.7826,0.00479243
159,0.913889,31.0000061989,7461.69,41.4687,0.00470135
160,0.919444,29.0000009537,7442.0,39.7869,0.004612
161,0.913889,31.0000061989,7423.97,41.4741,0.00452434
162,0.916667,29.9999928474,7405.08,40.2811,0.00443836
163,0.919444,29.0000009537,7387.27,41.0038,0.004354
164,0.916667,29.9999928474,7370.86,39.5947,0.00427126
165,0.922222,28.0000090599,7355.24,37.2369,0.00419008
166,0.919444,29.0000009537,7341.27,37.8539,0.00411045
167,0.922222,28.0000090599,7327.23,37.242,0.00403232
168,0.919444,29.0000009537,7313.74,37.8586,0.00395569
169,0.922222,28.0000090599,7300.26,37.2469,0.00388051
170,0.922222,28.0000090599,7287.26,37.2494,0.00380676
171,0.919444,29.0000009537,7274.57,37.8655,0.00373441
172,0.922222,28.0000090599,7261.78,37.2543,0.00366344
173,0.919444,29.0000009537,7249.53,37.87,0.00359381
174,0.922222,28.0000090599,7237.25,37.2591,0.00352551
175,0.922222,28.0000090599,7225.42,37.8744,0.00345851
176,0.922222,28.0000090599,7213.63,37.2638,0.00339278
177,0.922222,28.0000090599,7202.24,37.2661,0.0033283
178,0.919444,29.0000009537,7191.12,37.881,0.00326504
179,0.922222,28.0000090599,7179.93,37.2707,0.00320299
180,0.919444,29.0000009537,7169.2,37.8852,0.00314212
181,0.922222,28.0000090599,7158.46,37.2752,0.0030824
182,0.922222,28.0000090599,7148.1,37.2774,0.00302382
183,0.919444,29.0000009537,7138.01,37.8915,0.00296635
184,0.922222,28.0000090599,7127.81,37.2818,0.00290997
185,0.919444,29.0000009537,7118.07,37.8955,0.00285467
186,0.922222,28.0000090599,7108.28,37.286,0.00280041
187,0.919444,29.0000009537,7098.87,37.8994,0.00274719
188,0.922222,28.0000090599,7089.48,37.2901,0.00269498
189,0.922222,28.0000090599,7080.41,37.2922,0.00264376
190,0.919444,29.0000009537,7071.56,37.9052,0.00259352
191,0.922222,28.0000090599,7062.65,37.2962,0.00254423
192,0.919444,29.0000009537,7054.11,37.9089,0.00249587
193,0.922222,28.0000090599,7045.55,37.3001,0.00244844
194,0.922222,28.0000090599,7037.3,37.302,0.0024019
195,0.919444,29.0000009537,7029.28,37.9144,0.00235625
196,0.922222,28.0000090599,7021.16,37.3058,0.00231147
197,0.919444,29.0000009537,7013.41,37.9179,0.00226754
198,0.922222,28.0000090599,7005.61,37.3094,0.00222445
199,0.919444,29.0000009537,6998.12,37.9213,0.00218217
200,0.922222,28.0000090599,6990.65,37.313,0.0021407
201,0.922222,28.0000090599,6983.42,37.3148,0.00210001
202,0.919444,29.0000009537,6976.39,37.9262,0.0020601
203,0.922222,28.0000090599,6969.29,37.3182,0.00202095
204,0.919444,29.0000009537,6962.5,37.9294,0.00198254
205,0.922222,28.0000090599,6955.68,37.3215,0.00194486
206,0.919444,29.0000009537,6949.12,37.9325,0.0019079
207,0.922222,28.0000090599,6942.58,37.3247,0.00187164
208,0.922222,28.0000090599,6936.27,37.3263,0.00183607
209,0.919444,29.0000009537,6930.1,37.937,0.00180117
210,0.922222,28.0000090599,6923.9,37.3294,0.00176694
211,0.919444,29.0000009537,6917.95,37.9398,0.00173336
212,0.922222,28.0000090599,6911.99,37.3324,0.00170042
213,0.922222,28.0000090599,6906.24,37.3338,0.0016681
214,0.919444,29.0000009537,6900.65,37.944,0.0016364
215,0.922222,28.0000090599,6895.0,37.3367,0.0016053
216,0.922222,28.0000090599,6889.73,37.11,0.00157479
217,0.925,26.9999957085,6884.49,36.4895,0.00154486
218,0.922222,28.0000090599,6879.46,37.1138,0.0015155
219,0.925,26.9999957085,6874.43,36.4934,0.0014867
220,0.925,26.9999957085,6869.57,36.4954,0.00145844
221,0.922222,28.0000090599,6864.84,37.1194,0.00143072
222,0.925,26.9999957085,6860.07,36.4991,0.00140353
223,0.922222,28.0000090599,6855.5,37.1229,0.00137686
224,0.925,26.9999957085,6850.91,36.5027,0.00135069
225,0.925,26.9999957085,6846.5,37.1263,0.00132502
226,0.925,26.9999957085,6842.11,36.5062,0.00129984
227,0.925,26.9999957085,6837.86,36.5079,0.00127513
228,0.922222,28.0000090599,6833.72,37.1312,0.0012509
229,0.925,26.9999957085,6829.54,36.5112,0.00122713
230,0.922222,28.0000090599,6825.54,37.1343,0.0012038
231,0.925,26.9999957085,6821.54,36.5145,0.00118092
232,0.925,26.9999957085,6817.68,36.516,0.00115848
233,0.925,26.9999957085,6813.98,36.1715,0.00113646
234,0.927778,26.0000038147,6810.29,35.5348,0.00111486
235,0.925,26.9999957085,6806.77,36.1744,0.00109368
236,0.927778,26.0000038147,6803.23,35.5377,0.00107289
237,0.927778,26.0000038147,6799.83,36.1771,0.0010525
238,0.927778,26.0000038147,6796.44,35.5406,0.0010325
239,0.927778,26.0000038147,6793.16,35.5419,0.00101287
240,0.925,26.9999957085,6789.96,36.1811,0.000993624
241,0.927778,26.0000038147,6786.74,35.5446,0.00097474
242,0.925,26.9999957085,6783.66,36.1836,0.000956215
243,0.927778,26.0000038147,6780.57,35.5472,0.000938042
244,0.927778,26.0000038147,6777.59,35.5485,0.000920214
245,0.925,26.9999957085,6774.69,36.1872,0.000902725
246,0.927778,26.0000038147,6771.76,35.5509,0.000885569
247,0.925,26.9999957085,6768.96,36.1895,0.000868738
248,0.927778,26.0000038147,6766.15,35.5533,0.000852228
249,0.927778,26.0000038147,6763.44,36.1917,0.000836031
250,0.927778,26.0000038147,6760.74,35.5555,0.000820142
251,0.927778,26.0000038147,6758.14,35.5567,0.000804555
252,0.925,26.9999957085,6755.6,36.1949,0.000789264
253,0.927778,26.0000038147,6753.04,35.5588,0.000774264
254,0.925,26.9999957085,6750.58,36.1969,0.000759549
255,0.927778,26.0000038147,6748.12,35.5609,0.000745113
256,0.927778,26.0000038147,6745.75,35.5619,0.000730952
257,0.925,26.9999957085,6743.45,36.1999,0.00071706
258,0.927778,26.0000038147,6741.12,35.5639,0.000703432
259,0.925,26.9999957085,6738.89,36.2017,0.000690063
260,0.927778,26.0000038147,6736.65,35.5658,0.000676948
261,0.925,26.9999957085,6734.51,36.2035,0.000664083
262,0.927778,26.0000038147,6732.36,35.5676,0.000651462
263,0.927778,26.0000038147,6730.29,35.5685,0.000639081
264,0.925,26.9999957085,6728.27,36.2061,0.000626934
265,0.927778,26.0000038147,6726.23,35.5703,0.00061502
266,0.925,26.9999957085,6724.28,36.2077,0.000603331
267,0.927778,26.0000038147,6722.33,35.572,0.000591865
268,0.927778,26.0000038147,6720.45,35.5728,0.000580616
269,0.925,26.9999957085,6718.62,36.2101,0.000569581
270,0.927778,26.0000038147,6716.76,35.5744,0.000558756
271,0.925,26.9999957085,6714.99,36.2116,0.000548137
272,0.927778,26.0000038147,6713.21,35.5759,0.000537719
273,0.925,26.9999957085,6711.51,36.213,0.0005275
274,0.927778,26.0000038147,6709.79,35.5774,0.000517474
275,0.927778,26.0000038147,6708.15,35.5781,0.00050764
276,0.925,26.9999957085,6706.54,36.2151,0.000497992
277,0.927778,26.0000038147,6704.92,35.5795,0.000488527
278,0.925,26.9999957085,6703.38,36.2164,0.000479243
279,0.927778,26.0000038147,6701.82,35.5808,0.000470135
280,0.927778,26.0000038147,6700.32,35.5815,0.0004612
281,0.925,26.9999957085,6698.87,36.2183,0.000452434
282,0.927778,26.0000038147,6697.39,35.5828,0.000443836
283,0.925,26.9999957085,6695.99,36.2195,0.0004354
284,0.927778,26.0000038147,6694.57,35.584,0.000427126
285,0.927778,26.0000038147,6693.22,36.2206,0.000419008
286,0.927778,26.0000038147,6691.86,35.5852,0.000411045
287,0.927778,26.0000038147,6690.55,35.5858,0.000403232
288,0.925,26.9999957085,6689.27,36.2223,0.000395569
289,0.927778,26.0000038147,6687.99,35.5869,0.000388051
290,0.925,26.9999957085,6686.75,36.2233,0.000380676
291,0.927778,26.0000038147,6685.52,35.5879,0.000373441
292,0.927778,26.0000038147,6684.33,36.2243,0.000366344
293,0.927778,26.0000038147,6683.14,35.589,0.000359381
294,0.927778,26.0000038147,6682.0,35.5895,0.000352551
295,0.925,26.9999957085,6680.88,36.2258,0.000345851
296,0.927778,26.0000038147,6679.76,35.5905,0.000339278
297,0.927778,26.0000038147,6678.68,36.2267,0.00033283
298,0.927778,26.0000038147,6677.6,35.5914,0.000326504
299,0.927778,26.0000038147,6676.56,35.5919,0.000320299
300,0.925,26.9999957085,6675.55,36.2281,0.000314212
301,0.927778,26.0000038147,6674.52,35.5928,0.00030824
302,0.925,26.9999957085,6673.55,36.2289,0.000302382
303,0.927778,26.0000038147,6672.56,35.5936,0.000296635
304,0.927778,26.0000038147,6671.62,36.2297,0.000290997
305,0.927778,26.0000038147,6670.68,35.5944,0.000285467
306,0.927778,26.0000038147,6669.77,35.5949,0.000280041
307,0.925,26.9999957085,6668.88,36.2309,0.000274719
308,0.927778,26.0000038147,6667.99,35.5956,0.000269498
309,0.927778,26.0000038147,6667.13,36.2316,0.000264376
310,0.927778,26.0000038147,6666.27,35.5964,0.000259352
311,0.927778,26.0000038147,6665.45,35.5968,0.000254423
312,0.925,26.9999957085,6664.64,36.2327,0.000249587
313,0.927778,26.0000038147,6663.83,35.5975,0.000244844
314,0.925,26.9999957085,6663.05,36.2333,0.00024019
315,0.927778,26.0000038147,6662.27,35.5982,0.000235625
316,0.927778,26.0000038147,6661.52,36.234,0.000231147
317,0.927778,26.0000038147,6660.77,35.5988,0.000226754
318,0.927778,26.0000038147,6660.05,35.5991,0.000222445
319,0.925,26.9999957085,6659.34,36.2349,0.000218217
320,0.927778,26.0000038147,6658.63,35.5998,0.00021407
321,0.927778,26.0000038147,6657.95,36.2355,0.000210001
322,0.927778,26.0000038147,6657.27,35.6004,0.00020601
323,0.927778,26.0000038147,6656.61,35.6007,0.000202095
324,0.925,26.9999957085,6655.98,36.2363,0.000198254
325,0.927778,26.0000038147,6655.33,35.6012,0.000194486
326,0.925,26.9999957085,6654.71,36.2369,0.00019079
327,0.927778,26.0000038147,6654.09,35.6018,0.000187164
328,0.927778,26.0000038147,6653.49,36.2374,0.000183607
329,0.927778,26.0000038147,6652.9,35.6023,0.000180117
330,0.927778,26.0000038147,6652.32,35.6026,0.000176694
331,0.925,26.9999957085,6651.76,36.2381,0.000173336
332,0.927778,26.0000038147,6651.2,35.6031,0.000170042
333,0.927778,26.0000038147,6650.66,36.2386,0.00016681
334,0.927778,26.0000038147,6650.12,35.6035,0.00016364
335,0.927778,26.0000038147,6649.6,35.6038,0.00016053
336,0.925,26.9999957085,6649.09,36.2393,0.000157479
337,0.927778,26.0000038147,6648.57,35.6042,0.000154486
338,0.927778,26.0000038147,6648.08,36.2397,0.00015155
339,0.927778,26.0000038147,6647.59,35.6047,0.00014867
340,0.927778,26.0000038147,6647.12,36.2401,0.000145844
341,0.927778,26.0000038147,6646.65,35.6051,0.000143072
342,0.927778,26.0000038147,6646.19,35.6053,0.000140353
343,0.925,26.9999957085,6645.74,36.2407,0.000137686
344,0.927778,26.0000038147,6645.29,35.6057,0.000135069
345,0.927778,26.0000038147,6644.86,36.2411,0.000132502
346,0.927778,26.0000038147,6644.43,35.6061,0.000129984
347,0.927778,26.0000038147,6644.02,36.2414,0.000127513
348,0.927778,26.0000038147,6643.61,35.6064,0.00012509
349,0.927778,26.0000038147,6643.21,35.6066,0.000122713
350,0.927778,26.0000038147,6642.82,36.2419,0.00012038
351,0.927778,26.0000038147,6642.42,35.607,0.000118092
352,0.927778,26.0000038147,6642.05,36.2423,0.000115848
353,0.927778,26.0000038147,6641.67,35.6073,0.000113646
354,0.927778,26.0000038147,6641.31,35.6075,0.000111486
355,0.925,26.9999957085,6640.96,36.2427,0.000109368
356,0.927778,26.0000038147,6640.6,35.6078,0.000107289
357,0.927778,26.0000038147,6640.26,36.243,0.00010525
358,0.927778,26.0000038147,6639.92,35.6081,0.00010325
359,0.927778,26.0000038147,6639.59,36.2433,0.000101287
360,0.927778,26.0000038147,6639.26,35.6084,9.93624e-05
361,0.927778,26.0000038147,6638.94,35.6085,9.7474e-05
362,0.927778,26.0000038147,6638.64,36.2437,9.56215e-05
363,0.927778,26.0000038147,6638.32,35.6088,9.38042e-05
364,0.927778,26.0000038147,6638.03,36.244,9.20214e-05
365,0.927778,26.0000038147,6637.73,35.6091,9.02725e-05
366,0.927778,26.0000038147,6637.44,35.6092,8.85569e-05
367,0.927778,26.0000038147,6637.16,36.2443,8.68738e-05
368,0.927778,26.0000038147,6636.88,35.6094,8.52228e-05
369,0.927778,26.0000038147,6636.61,36.2446,8.36031e-05
370,0.927778,26.0000038147,6636.33,35.6097,8.20142e-05
371,0.927778,26.0000038147,6636.07,36.2448,8.04555e-05
372,0.927778,26.0000038147,6635.81,35.6099,7.89264e-05
373,0.927778,26.0000038147,6635.56,35.61,7.74264e-05
374,0.927778,26.0000038147,6635.31,36.2451,7.59549e-05
375,0.927778,26.0000038147,6635.07,35.6102,7.45113e-05
376,0.927778,26.0000038147,6634.83,36.2453,7.30952e-05
377,0.927778,26.0000038147,6634.59,35.6105,7.1706e-05
378,0.927778,26.0000038147,6634.36,35.6106,7.03432e-05
379,0.927778,26.0000038147,6634.14,36.2456,6.90063e-05
380,0.927778,26.0000038147,6633.92,35.6108,6.76948e-05
381,0.927778,26.0000038147,6633.7,36.2458,6.64083e-05
382,0.927778,26.0000038147,6633.49,35.6109,6.51462e-05
383,0.927778,26.0000038147,6633.28,36.246,6.39081e-05
384,0.927778,26.0000038147,6633.07,35.6111,6.26934e-05
385,0.927778,26.0000038147,6632.87,35.6112,6.1502e-05
386,0.927778,26.0000038147,6632.68,36.2463,6.03331e-05
387,0.927778,26.0000038147,6632.48,35.6114,5.91865e-05
388,0.927778,26.0000038147,6632.29,36.2464,5.80616e-05
389,0.927778,26.0000038147,6632.1,35.6116,5.69581e-05
390,0.927778,26.0000038147,6631.92,35.6116,5.58756e-05
391,0.927778,26.0000038147,6631.74,36.2467,5.48137e-05
392,0.927778,26.0000038147,6631.56,35.6118,5.37719e-05
393,0.927778,26.0000038147,6631.39,36.2468,5.275e-05
394,0.927778,26.0000038147,6631.22,35.612,5.17474e-05
395,0.927778,26.0000038147,6631.06,36.247,5.0764e-05
396,0.927778,26.0000038147,6630.89,35.6121,4.97992e-05
397,0.927778,26.0000038147,6630.73,35.6122,4.88527e-05
398,0.927778,26.0000038147,6630.58,36.2472,4.79243e-05
399,0.927778,26.0000038147,6630.42,35.6123,4.70135e-05
400,0.927778,26.0000038147,6630.27,36.2473,4.612e-05
401,0.927778,26.0000038147,6630.12,35.6125,4.52434e-05
402,0.927778,26.0000038147,6629.98,36.2474,4.43836e-05
403,0.927778,26.0000038147,6629.83,35.6126,4.354e-05
404,0.927778,26.0000038147,6629.69,35.6126,4.27126e-05
405,0.927778,26.0000038147,6629.56,36.2476,4.19008e-05
406,0.927778,26.0000038147,6629.42,35.6128,4.11045e-05
407,0.927778,26.0000038147,6629.29,36.2477,4.03233e-05
408,0.927778,26.0000038147,6629.16,35.6129,3.95569e-05
409,0.927778,26.0000038147,6629.04,35.6129,3.88051e-05
410,0.927778,26.0000038147,6628.91,36.2479,3.80676e-05
411,0.927778,26.0000038147,6628.79,35.6131,3.73441e-05
412,0.927778,26.0000038147,6628.67,35.6131,3.66344e-05
413,0.927778,26.0000038147,6628.55,36.248,3.59381e-05
414,0.927778,26.0000038147,6628.43,35.6132,3.52551e-05
415,0.927778,26.0000038147,6628.32,36.2481,3.45851e-05
416,0.927778,26.0000038147,6628.21,35.6133,3.39278e-05
417,0.927778,26.0000038147,6628.1,35.6134,3.3283e-05
418,0.927778,26.0000038147,6628.0,36.2483,3.26504e-05
419,0.927778,26.0000038147,6627.89,35.6134,3.20299e-05
420,0.927778,26.0000038147,6627.79,36.2484,3.14212e-05
421,0.927778,26.0000038147,6627.69,35.6135,3.0824e-05
422,0.927778,26.0000038147,6627.59,36.2485,3.02382e-05
423,0.927778,26.0000038147,6627.49,35.6136,2.96635e-05
424,0.927778,26.0000038147,6627.4,35.6137,2.90997e-05
425,0.927778,26.0000038147,6627.31,36.2486,2.85467e-05
426,0.927778,26.0000038147,6627.22,35.6138,2.80041e-05
427,0.927778,26.0000038147,6627.13,36.2487,2.74719e-05
428,0.927778,26.0000038147,6627.04,36.2487,2.69498e-05
429,0.927778,26.0000038147,6626.95,35.6139,2.64376e-05
430,0.927778,26.0000038147,6626.86,35.6139,2.59352e-05
431,0.927778,26.0000038147,6626.78,36.2488,2.54422e-05
432,0.927778,26.0000038147,6626.7,35.614,2.49587e-05
433,0.927778,26.0000038147,6626.62,36.2489,2.44844e-05
434,0.927778,26.0000038147,6626.54,35.6141,2.4019e-05
435,0.927778,26.0000038147,6626.46,36.2489,2.35625e-05
436,0.927778,26.0000038147,6626.38,35.6141,2.31147e-05
437,0.927778,26.0000038147,6626.31,35.6142,2.26754e-05
438,0.927778,26.0000038147,6626.24,36.249,2.22445e-05
439,0.927778,26.0000038147,6626.17,35.6142,2.18217e-05
440,0.927778,26.0000038147,6626.1,36.2491,2.1407e-05
441,0.927778,26.0000038147,6626.03,35.6143,2.10001e-05
442,0.927778,26.0000038147,6625.96,36.2492,2.0601e-05
443,0.927778,26.0000038147,6625.89,35.6143,2.02095e-05
444,0.927778,26.0000038147,6625.83,35.6144,1.98254e-05
445,0.927778,26.0000038147,6625.77,36.2492,1.94486e-05
446,0.927778,26.0000038147,6625.71,35.6144,1.9079e-05
447,0.927778,26.0000038147,6625.64,35.6145,1.87164e-05
448,0.927778,26.0000038147,6625.58,36.2493,1.83607e-05
449,0.927778,26.0000038147,6625.52,35.6145,1.80117e-05
450,0.927778,26.0000038147,6625.47,35.6145,1.76694e-05
451,0.927778,26.0000038147,6625.41,36.2494,1.73336e-05
452,0.927778,26.0000038147,6625.35,35.6146,1.70042e-05
453,0.927778,26.0000038147,6625.3,36.2494,1.6681e-05
454,0.927778,26.0000038147,6625.24,35.6146,1.6364e-05
455,0.927778,26.0000038147,6625.19,35.6147,1.6053e-05
456,0.927778,26.0000038147,6625.14,36.2495,1.57479e-05
457,0.927778,26.0000038147,6625.09,35.6147,1.54486e-05
458,0.927778,26.0000038147,6625.04,36.2495,1.5155e-05
459,0.927778,26.0000038147,6624.99,35.6147,1.4867e-05
460,0.927778,26.0000038147,6624.94,35.6148,1.45844e-05
461,0.927778,26.0000038147,6624.9,36.2496,1.43072e-05
462,0.927778,26.0000038147,6624.85,35.6148,1.40353e-05
463,0.927778,26.0000038147,6624.81,35.6148,1.37686e-05
464,0.927778,26.0000038147,6624.76,35.6149,1.35069e-05
465,0.927778,26.0000038147,6624.72,36.2497,1.32502e-05
466,0.927778,26.0000038147,6624.68,35.6149,1.29984e-05
467,0.927778,26.0000038147,6624.64,35.6149,1.27513e-05
468,0.927778,26.0000038147,6624.59,36.2497,1.2509e-05
469,0.927778,26.0000038147,6624.55,35.6149,1.22713e-05
470,0.927778,26.0000038147,6624.52,35.615,1.2038e-05
471,0.927778,26.0000038147,6624.48,35.615,1.18092e-05
472,0.927778,26.0000038147,6624.44,36.2498,1.15848e-05
473,0.927778,26.0000038147,6624.4,35.615,1.13646e-05
474,0.927778,26.0000038147,6624.37,35.615,1.11486e-05
475,0.927778,26.0000038147,6624.33,36.2499,1.09368e-05
476,0.927778,26.0000038147,6624.3,35.6151,1.07289e-05
477,0.927778,26.0000038147,6624.26,35.6151,1.0525e-05
478,0.927778,26.0000038147,6624.23,36.2499,1.0325e-05
479,0.927778,26.0000038147,6624.19,35.6151,1.01287e-05
480,0.927778,26.0000038147,6624.16,36.2499,9.93625e-06
481,0.927778,26.0000038147,6624.13,36.2499,9.7474e-06
482,0.927778,26.0000038147,6624.1,36.25,9.56215e-06
483,0.927778,26.0000038147,6624.07,36.25,9.38042e-06
484,0.927778,26.0000038147,6624.04,35.6152,9.20215e-06
485,0.927778,26.0000038147,6624.01,36.25,9.02725e-06
486,0.927778,26.0000038147,6623.98,36.25,8.85569e-06
487,0.927778,26.0000038147,6623.96,36.25,8.68738e-06
488,0.927778,26.0000038147,6623.93,35.6152,8.52227e-06
489,0.927778,26.0000038147,6623.9,36.25,8.36031e-06
490,0.927778,26.0000038147,6623.87,36.2501,8.20142e-06
491,0.927778,26.0000038147,6623.85,36.2501,8.04555e-06
492,0.927778,26.0000038147,6623.82,36.2501,7.89264e-06
493,0.927778,26.0000038147,6623.8,36.2501,7.74264e-06
494,0.927778,26.0000038147,6623.77,35.6153,7.59549e-06
495,0.927778,26.0000038147,6623.75,35.6153,7.45113e-06
496,0.927778,26.0000038147,6623.73,36.2501,7.30952e-06
497,0.927778,26.0000038147,6623.7,36.2501,7.1706e-06
498,0.927778,26.0000038147,6623.68,36.2501,7.03432e-06
499,0.927778,26.0000038147,6623.66,35.6154,6.90064e-06
500,0.927778,26.0000038147,6623.63,36.2502,6.76948e-06
501,0.927778,26.0000038147,6623.61,35.6154,6.64083e-06
502,0.927778,26.0000038147,6623.59,36.2502,6.51462e-06
503,0.927778,26.0000038147,6623.57,36.2502,6.3908e-06
504,0.927778,26.0000038147,6623.55,35.6154,6.26934e-06
505,0.927778,26.0000038147,6623.53,35.6154,6.1502e-06
506,0.927778,26.0000038147,6623.51,35.6154,6.03331e-06
507,0.927778,26.0000038147,6623.49,36.2502,5.91864e-06
508,0.927778,26.0000038147,6623.47,36.2502,5.80616e-06
509,0.927778,26.0000038147,6623.45,36.2503,5.69581e-06
510,0.927778,26.0000038147,6623.43,35.6155,5.58756e-06
511,0.927778,26.0000038147,6623.42,35.6155,5.48137e-06
512,0.927778,26.0000038147,6623.4,36.2503,5.37719e-06
513,0.927778,26.0000038147,6623.38,35.6155,5.275e-06
514,0.927778,26.0000038147,6623.37,36.2503,5.17475e-06
515,0.927778,26.0000038147,6623.35,36.2503,5.0764e-06
516,0.927778,26.0000038147,6623.33,36.2503,4.97992e-06
517,0.927778,26.0000038147,6623.31,35.6155,4.88528e-06
518,0.927778,26.0000038147,6623.3,35.6155,4.79243e-06
519,0.927778,26.0000038147,6623.28,35.6155,4.70135e-06
520,0.927778,26.0000038147,6623.27,35.6155,4.612e-06
521,0.927778,26.0000038147,6623.25,36.2503,4.52435e-06
522,0.927778,26.0000038147,6623.24,36.2503,4.43836e-06
523,0.927778,26.0000038147,6623.22,36.2503,4.354e-06
524,0.927778,26.0000038147,6623.21,36.2504,4.27126e-06
525,0.927778,26.0000038147,6623.19,36.2504,4.19008e-06
526,0.927778,26.0000038147,6623.17,35.6156,4.11044e-06
527,0.927778,26.0000038147,6623.16,35.6156,4.03233e-06
528,0.927778,26.0000038147,6623.15,36.2504,3.95569e-06
529,0.927778,26.0000038147,6623.14,35.6156,3.88051e-06
530,0.927778,26.0000038147,6623.13,35.6156,3.80676e-06
531,0.927778,26.0000038147,6623.11,35.6156,3.73441e-06
532,0.927778,26.0000038147,6623.1,35.6156,3.66344e-06
533,0.927778,26.0000038147,6623.09,36.2504,3.59381e-06
534,0.927778,26.0000038147,6623.08,36.2504,3.52551e-06
535,0.927778,26.0000038147,6623.06,35.6156,3.45851e-06
536,0.927778,26.0000038147,6623.05,35.6156,3.39278e-06
537,0.927778,26.0000038147,6623.04,35.6156,3.3283e-06
538,0.927778,26.0000038147,6623.03,35.6156,3.26504e-06
539,0.927778,26.0000038147,6623.02,36.2504,3.20299e-06
540,0.927778,26.0000038147,6623.01,36.2504,3.14212e-06
541,0.927778,26.0000038147,6623.0,36.2504,3.0824e-06
542,0.927778,26.0000038147,6622.99,36.2504,3.02382e-06
543,0.927778,26.0000038147,6622.98,36.2504,2.96635e-06
544,0.927778,26.0000038147,6622.97,36.2505,2.90997e-06
545,0.927778,26.0000038147,6622.96,36.2505,2.85467e-06
546,0.927778,26.0000038147,6622.95,36.2505,2.80041e-06
547,0.927778,26.0000038147,6622.94,36.2505,2.74719e-06
548,0.927778,26.0000038147,6622.94,36.2505,2.69498e-06
549,0.927778,26.0000038147,6622.93,36.2505,2.64376e-06
550,0.927778,26.0000038147,6622.92,36.2505,2.59352e-06
551,0.927778,26.0000038147,6622.91,36.2505,2.54423e-06
552,0.927778,26.0000038147,6622.91,36.2505,2.49587e-06
553,0.927778,26.0000038147,6622.9,36.2505,2.44844e-06
554,0.927778,26.0000038147,6622.89,36.2505,2.4019e-06
555,0.927778,26.0000038147,6622.88,36.2505,2.35626e-06
556,0.927778,26.0000038147,6622.88,36.2505,2.31147e-06
557,0.927778,26.0000038147,6622.87,36.2505,2.26754e-06
558,0.927778,26.0000038147,6622.86,36.2505,2.22445e-06
559,0.927778,26.0000038147,6622.85,36.2505,2.18217e-06
560,0.927778,26.0000038147,6622.85,36.2505,2.1407e-06
561,0.927778,26.0000038147,6622.84,36.2505,2.10001e-06
562,0.927778,26.0000038147,6622.83,36.2505,2.0601e-06
563,0.927778,26.0000038147,6622.83,36.2505,2.02095e-06
564,0.927778,26.0000038147,6622.82,36.2505,1.98254e-06
565,0.927778,26.0000038147,6622.81,36.2505,1.94486e-06
566,0.927778,26.0000038147,6622.81,36.2505,1.9079e-06
567,0.927778,26.0000038147,6622.8,36.2505,1.87164e-06
568,0.927778,26.0000038147,6622.79,36.2505,1.83607e-06
569,0.927778,26.0000038147,6622.79,36.2505,1.80117e-06
570,0.927778,26.0000038147,6622.78,36.2505,1.76694e-06
571,0.927778,26.0000038147,6622.77,36.2505,1.73336e-06
572,0.927778,26.0000038147,6622.77,36.2505,1.70042e-06
573,0.927778,26.0000038147,6622.77,36.2505,1.6681e-06
574,0.927778,26.0000038147,6622.76,36.2505,1.6364e-06
575,0.927778,26.0000038147,6622.75,36.2505,1.6053e-06
576,0.927778,26.0000038147,6622.75,36.2506,1.57479e-06
577,0.927778,26.0000038147,6622.75,36.2506,1.54486e-06
578,0.927778,26.0000038147,6622.74,36.2506,1.5155e-06
579,0.927778,26.0000038147,6622.74,36.2506,1.4867e-06
580,0.927778,26.0000038147,6622.73,36.2506,1.45844e-06
581,0.927778,26.0000038147,6622.73,36.2506,1.43072e-06
582,0.925,26.9999957085,6622.73,36.2506,1.40353e-06
583,0.925,26.9999957085,6622.72,36.2506,1.37686e-06
584,0.925,26.9999957085,6622.72,36.2506,1.35069e-06
585,0.925,26.9999957085,6622.71,36.2506,1.32502e-06
586,0.925,26.9999957085,6622.71,36.2506,1.29984e-06
587,0.925,26.9999957085,6622.7,36.2506,1.27513e-06
588,0.925,26.9999957085,6622.7,36.2506,1.2509e-06
589,0.925,26.9999957085,6622.7,36.2506,1.22713e-06
590,0.925,26.9999957085,6622.69,36.2506,1.2038e-06
591,0.925,26.9999957085,6622.69,36.2506,1.18092e-06
592,0.925,26.9999957085,6622.68,36.2506,1.15848e-06
593,0.925,26.9999957085,6622.68,36.2506,1.13646e-06
594,0.925,26.9999957085,6622.68,36.2506,1.11486e-06
595,0.925,26.9999957085,6622.67,36.2506,1.09368e-06
596,0.925,26.9999957085,6622.67,36.2506,1.07289e-06
597,0.925,26.9999957085,6622.66,36.2506,1.0525e-06
598,0.925,26.9999957085,6622.66,36.2506,1.0325e-06
599,0.925,26.9999957085,6622.66,36.2506,1.01287e-06
600,0.925,26.9999957085,6622.65,36.2506,9.93625e-07
601,0.925,26.9999957085,6622.65,36.2506,9.7474e-07
602,0.925,26.9999957085,6622.64,36.2506,9.56215e-07
603,0.925,26.9999957085,6622.64,36.2506,9.38042e-07
604,0.925,26.9999957085,6622.64,36.2506,9.20215e-07
605,0.925,26.9999957085,6622.63,36.2506,9.02725e-07
606,0.925,26.9999957085,6622.63,36.2506,8.85569e-07
607,0.925,26.9999957085,6622.63,36.2506,8.68739e-07
608,0.925,26.9999957085,6622.63,36.2506,8.52227e-07
609,0.925,26.9999957085,6622.62,36.2506,8.36031e-07
610,0.925,26.9999957085,6622.62,36.2506,8.20142e-07
611,0.925,26.9999957085,6622.62,36.2506,8.04555e-07
612,0.925,26.9999957085,6622.62,36.2506,7.89264e-07
613,0.925,26.9999957085,6622.61,36.2506,7.74264e-07
614,0.925,26.9999957085,6622.61,36.2506,7.59549e-07
615,0.925,26.9999957085,6622.61,36.2506,7.45114e-07
616,0.925,26.9999957085,6622.61,36.2506,7.30952e-07
617,0.925,26.9999957085,6622.61,36.2506,7.1706e-07
618,0.925,26.9999957085,6622.6,36.2506,7.03432e-07
619,0.925,26.9999957085,6622.6,36.2506,6.90064e-07
620,0.925,26.9999957085,6622.6,36.2506,6.76948e-07
621,0.925,26.9999957085,6622.59,36.2506,6.64083e-07
622,0.925,26.9999957085,6622.59,36.2506,6.51462e-07
623,0.925,26.9999957085,6622.59,36.2506,6.3908e-07
624,0.925,26.9999957085,6622.59,36.2506,6.26935e-07
625,0.925,26.9999957085,6622.58,36.2506,6.1502e-07
626,0.925,26.9999957085,6622.58,36.2506,6.03331e-07
627,0.925,26.9999957085,6622.58,36.2506,5.91864e-07
628,0.925,26.9999957085,6622.58,36.2506,5.80616e-07
629,0.925,26.9999957085,6622.58,36.2506,5.69581e-07
0.925,6622.58,2.2850828170776367,0.8125,0.997290452118,0.30108411846
